# scripts/gen/eco/build-eco-links.py 가 만든다. 손으로 고치지 말 것.
# link 맵 x y 갈맵 갈x 갈y 최소레벨 최대레벨(0=없음) · gate 맵 x y(월드맵이 열리는 칸) · field 갈맵 갈x 갈y 최소레벨 최대레벨(월드맵에서 고르는 곳) · block 맵 x y(NPC 스크립트 워프 — 밟지 않는다)
link 1 29 14 2 20 15 1 0
link 2 17 15 1 24 13 1 0
link 20015 0 34 20028 37 19 1 0
link 20015 0 35 20028 37 19 1 0
link 20015 0 36 20028 37 20 1 0
link 20016 0 9 20028 37 15 1 0
link 20016 0 10 20028 37 15 1 0
link 20016 0 11 20028 37 16 1 0
link 20017 0 9 20028 37 11 1 0
link 20017 0 10 20028 37 11 1 0
link 20017 0 11 20028 37 12 1 0
link 20018 37 0 20019 25 47 1 0
link 20018 38 0 20019 25 47 1 0
link 20018 39 0 20019 25 47 1 0
link 20018 40 0 20019 25 47 1 0
link 20019 24 49 20018 39 2 1 0
link 20019 25 49 20018 39 2 1 0
link 20020 37 49 20028 33 3 1 0
link 20020 38 49 20028 33 3 1 0
link 20020 39 49 20028 33 3 1 0
link 20020 40 49 20028 33 3 1 0
link 20022 99 44 20028 2 11 1 0
link 20022 99 45 20028 2 11 1 0
link 20022 99 46 20028 2 11 1 0
link 20022 99 47 20028 2 11 1 0
link 20023 37 99 20028 8 3 1 0
link 20023 38 99 20028 8 3 1 0
link 20023 39 99 20028 8 3 1 0
link 20023 40 99 20028 8 3 1 0
link 20024 37 99 20028 13 3 1 0
link 20024 38 99 20028 13 3 1 0
link 20024 39 99 20028 13 3 1 0
link 20024 40 99 20028 13 3 1 0
link 20025 37 99 20028 18 3 1 0
link 20025 38 99 20028 18 3 1 0
link 20025 39 99 20028 18 3 1 0
link 20025 40 99 20028 18 3 1 0
link 20026 37 49 20028 27 3 1 0
link 20026 38 49 20028 27 3 1 0
link 20026 39 49 20028 27 3 1 0
link 20026 40 49 20028 27 3 1 0
link 20028 0 10 20022 97 45 1 0
link 20028 0 11 20022 97 46 1 0
link 20028 0 12 20022 97 46 1 0
link 20028 6 1 20023 38 97 1 0
link 20028 7 1 20023 38 97 1 0
link 20028 8 1 20023 39 97 1 0
link 20028 9 1 20023 39 97 1 0
link 20028 12 1 20024 38 97 1 0
link 20028 13 1 20024 38 97 1 0
link 20028 14 1 20024 39 97 1 0
link 20028 15 1 20024 39 97 1 0
link 20028 17 1 20025 38 97 1 0
link 20028 18 1 20025 38 97 1 0
link 20028 19 1 20025 39 97 1 0
link 20028 20 1 20025 39 97 1 0
link 20028 26 1 20026 38 97 1 0
link 20028 27 1 20026 38 97 1 0
link 20028 28 1 20026 39 97 1 0
link 20028 31 1 20020 38 97 1 0
link 20028 32 1 20020 38 97 1 0
link 20028 33 1 20020 39 97 1 0
link 20028 34 1 20020 39 97 1 0
link 20028 39 11 20017 2 10 1 0
link 20028 39 12 20017 2 10 1 0
link 20028 39 15 20016 2 10 1 0
link 20028 39 16 20016 2 10 1 0
link 20028 39 19 20015 2 35 1 0
link 20028 39 20 20015 2 35 1 0
link 20029 6 14 20030 44 51 1 0
link 20029 7 14 20030 44 51 1 0
link 20030 7 51 20040 8 13 1 0
link 20030 12 45 20041 13 4 1 0
link 20030 14 8 20039 8 15 1 0
link 20030 24 8 20043 6 13 1 0
link 20030 44 11 20042 7 12 1 0
link 20030 44 50 20029 7 12 1 0
link 20030 44 67 20595 38 41 51 80
link 20030 45 67 20595 38 41 51 80
link 20030 55 18 20031 6 13 1 0
link 20030 59 39 20038 8 16 1 0
link 20030 59 39 20038 9 16 1 0
link 20030 60 11 20032 10 8 1 0
link 20030 60 12 20032 10 8 1 0
link 20031 6 14 20030 55 19 1 0
link 20031 12 0 20032 1 10 1 0
link 20032 0 9 20031 13 1 1 0
link 20032 11 8 20030 62 12 1 0
link 20033 25 7 20034 5 11 1 0
link 20034 5 15 20033 25 11 1 0
link 20034 14 6 20035 3 28 1 0
link 20034 15 6 20035 3 28 1 0
link 20035 2 0 20036 6 6 1 0
link 20035 2 32 20034 14 9 1 0
link 20036 6 9 20035 3 3 1 0
link 20036 8 0 20037 8 11 1 0
link 20036 9 1 20037 4 9 1 0
link 20036 9 2 20037 13 8 1 0
link 20037 8 15 20036 6 3 1 0
link 20038 6 19 20030 60 39 1 0
link 20038 7 19 20030 60 39 1 0
link 20038 8 19 20030 60 39 1 0
link 20038 9 19 20030 60 39 1 0
link 20039 6 19 20030 14 9 1 0
link 20039 7 19 20030 14 9 1 0
link 20039 8 19 20030 14 9 1 0
link 20039 9 19 20030 14 9 1 0
link 20039 10 19 20030 14 9 1 0
link 20039 11 19 20030 14 9 1 0
link 20039 12 19 20030 14 9 1 0
link 20039 19 7 20030 14 9 1 0
link 20040 8 14 20030 7 52 1 0
link 20040 9 14 20030 7 52 1 0
link 20040 12 0 20041 10 12 1 0
link 20041 10 14 20040 12 2 1 0
link 20041 11 14 20040 12 2 1 0
link 20041 14 4 20030 13 45 1 0
link 20041 14 5 20030 13 45 1 0
link 20042 6 14 20030 44 12 1 0
link 20042 7 14 20030 44 12 1 0
link 20043 6 14 20030 25 9 1 0
link 20043 7 14 20030 25 9 1 0
link 20263 25 0 20264 22 47 21 51
link 20263 26 0 20264 22 47 21 51
link 20263 27 0 20264 22 47 21 51
link 20263 28 0 20264 22 47 21 51
link 20263 32 49 20355 97 24 1 0
link 20263 33 49 20355 97 25 1 0
link 20263 34 49 20355 97 27 1 0
link 20264 8 0 20265 35 68 21 51
link 20264 9 0 20265 36 68 21 51
link 20264 10 0 20265 37 68 21 51
link 20264 21 49 20263 26 0 21 51
link 20264 22 0 20265 37 67 21 51
link 20264 22 49 20263 27 2 21 51
link 20264 23 0 20265 37 67 21 51
link 20264 23 49 20263 28 2 21 51
link 20264 24 0 20265 37 67 21 51
link 20265 35 69 20264 8 1 21 51
link 20265 36 49 20264 24 2 21 51
link 20265 36 69 20264 9 1 21 51
link 20265 37 69 20264 10 1 21 51
link 20265 37 69 20264 24 2 21 51
link 20265 69 13 20266 1 13 21 51
link 20265 69 14 20266 1 13 21 51
link 20265 69 15 20266 1 13 21 51
link 20266 0 13 20265 67 15 21 51
link 20266 19 0 20268 24 28 21 51
link 20266 20 0 20268 24 28 21 51
link 20266 40 9 20267 1 15 21 51
link 20266 40 10 20267 1 15 21 51
link 20266 40 11 20267 1 15 21 51
link 20267 0 15 20266 38 10 21 51
link 20268 24 30 20266 20 1 21 51
link 20268 25 30 20266 19 1 21 51
link 20284 12 6 20301 25 10 1 0
link 20285 8 24 20287 40 77 1 0
link 20286 6 14 20287 42 59 1 0
link 20286 7 14 20287 43 59 1 0
link 20287 12 69 20288 6 13 1 0
link 20287 13 69 20288 7 13 1 0
link 20287 18 61 20289 10 8 1 0
link 20287 18 62 20289 10 9 1 0
link 20287 18 84 20298 10 5 1 0
link 20287 20 22 20297 13 8 1 0
link 20287 25 15 20290 6 13 1 0
link 20287 26 15 20290 7 13 1 0
link 20287 27 43 20292 8 16 1 0
link 20287 28 43 20292 9 16 1 0
link 20287 30 82 20293 6 13 1 0
link 20287 31 82 20293 7 13 1 0
link 20287 33 37 20292 16 7 1 0
link 20287 33 38 20292 16 8 1 0
link 20287 40 75 20285 8 22 1 0
link 20287 42 58 20286 6 13 1 0
link 20287 43 58 20286 7 13 1 0
link 20287 54 70 20294 8 15 1 0
link 20287 55 70 20294 9 15 1 0
link 20287 62 61 20295 8 13 1 0
link 20287 63 61 20295 9 13 1 0
link 20287 70 54 20296 13 4 1 0
link 20287 70 55 20296 13 5 1 0
link 20287 92 11 20291 9 6 1 0
link 20287 92 12 20291 9 6 1 0
link 20287 92 13 20291 9 6 1 0
link 20288 6 14 20287 12 69 1 0
link 20288 7 14 20287 13 69 1 0
link 20288 12 0 20289 1 9 1 0
link 20289 0 9 20288 12 1 1 0
link 20289 11 8 20287 19 61 1 0
link 20289 11 9 20287 19 62 1 0
link 20290 6 14 20287 25 16 1 0
link 20290 7 14 20287 26 16 1 0
link 20291 11 5 20287 94 12 1 0
link 20291 11 6 20287 94 12 1 0
link 20292 6 19 20287 28 45 1 0
link 20292 7 19 20287 28 45 1 0
link 20292 8 19 20287 28 45 1 0
link 20292 9 19 20287 28 45 1 0
link 20292 10 19 20287 28 45 1 0
link 20292 11 19 20287 28 45 1 0
link 20292 12 19 20287 28 45 1 0
link 20292 13 19 20287 28 45 1 0
link 20292 19 5 20287 34 38 1 0
link 20292 19 6 20287 34 38 1 0
link 20292 19 7 20287 34 38 1 0
link 20292 19 8 20287 34 38 1 0
link 20292 19 9 20287 34 38 1 0
link 20292 19 10 20287 34 38 1 0
link 20292 19 11 20287 34 38 1 0
link 20293 6 14 20287 30 83 1 0
link 20293 7 14 20287 31 83 1 0
link 20294 19 7 20287 51 61 1 0
link 20294 19 8 20287 51 61 1 0
link 20294 19 9 20287 51 61 1 0
link 20294 19 10 20287 51 61 1 0
link 20294 19 11 20287 51 61 1 0
link 20294 19 12 20287 51 61 1 0
link 20294 19 13 20287 51 61 1 0
link 20295 8 14 20287 63 63 1 0
link 20295 9 14 20287 63 63 1 0
link 20295 12 0 20296 10 12 1 0
link 20296 10 14 20295 12 2 1 0
link 20296 11 14 20295 12 2 1 0
link 20296 14 4 20287 71 54 1 0
link 20296 14 5 20287 71 55 1 0
link 20297 14 7 20287 21 22 1 0
link 20297 14 8 20287 20 23 1 0
link 20298 11 5 20287 20 84 1 0
link 20298 11 6 20287 20 84 1 0
link 20299 12 6 20301 23 24 1 0
link 20300 12 6 20301 11 6 1 0
link 20301 10 5 20300 10 5 1 0
link 20301 10 6 20300 10 6 1 0
link 20301 10 7 20300 10 7 1 0
link 20301 12 18 20302 10 5 1 0
link 20301 12 19 20302 10 6 1 0
link 20301 12 20 20302 10 7 1 0
link 20301 22 24 20299 10 5 1 0
link 20301 22 25 20299 10 6 1 0
link 20301 22 26 20299 10 7 1 0
link 20301 24 9 20284 10 5 1 0
link 20301 24 10 20284 10 6 1 0
link 20301 24 11 20284 10 7 1 0
link 20302 12 6 20301 13 19 1 0
link 20304 0 49 20832 18 47 99 0
link 20304 0 50 20832 18 47 99 0
link 20304 0 51 20832 18 47 99 0
link 20304 0 52 20832 18 47 99 0
link 20304 0 53 20832 18 47 99 0
link 20304 0 54 20832 18 47 99 0
link 20304 15 33 20305 6 13 1 0
link 20304 43 0 20683 11 17 99 0
link 20304 44 0 20683 11 17 99 0
link 20304 45 0 20683 11 17 99 0
link 20304 46 0 20683 11 17 99 0
link 20304 46 21 20308 7 12 1 0
link 20304 47 0 20683 11 17 99 0
link 20304 48 0 20683 11 17 99 0
link 20304 49 50 20307 8 15 1 0
link 20304 84 52 20306 8 16 1 0
link 20305 6 14 20304 15 34 1 0
link 20305 7 14 20304 15 34 1 0
link 20306 6 19 20304 84 53 1 0
link 20306 7 19 20304 84 53 1 0
link 20306 8 19 20304 84 53 1 0
link 20306 9 19 20304 84 53 1 0
link 20307 6 19 20304 49 51 1 0
link 20307 7 19 20304 49 51 1 0
link 20307 8 19 20304 49 51 1 0
link 20307 9 19 20304 49 51 1 0
link 20307 10 19 20304 49 51 1 0
link 20307 11 19 20304 49 51 1 0
link 20307 12 19 20304 49 51 1 0
link 20308 6 14 20304 46 22 1 0
link 20308 7 14 20304 46 22 1 0
link 20308 8 14 20304 46 22 1 0
link 20333 5 15 20341 25 11 1 0
link 20333 14 6 20334 3 28 1 0
link 20333 15 6 20334 3 28 1 0
link 20334 2 0 20335 6 6 1 0
link 20334 2 32 20333 14 9 1 0
link 20335 6 9 20334 3 3 1 0
link 20335 8 0 20336 8 11 1 0
link 20335 9 1 20336 4 9 1 0
link 20335 9 2 20336 13 8 1 0
link 20336 8 15 20335 6 3 1 0
link 20341 25 7 20333 5 11 1 0
link 20353 6 14 20355 71 83 1 0
link 20353 7 14 20355 71 83 1 0
link 20353 8 14 20355 71 83 1 0
link 20353 9 14 20355 71 83 1 0
link 20353 11 0 20354 2 11 1 0
link 20354 0 11 20353 11 2 1 0
link 20354 13 12 20355 81 74 1 0
link 20355 11 55 20356 6 13 1 0
link 20355 11 55 20356 7 13 1 0
link 20355 12 18 20361 6 13 1 0
link 20355 13 18 20361 7 13 1 0
link 20355 19 48 20357 10 8 1 0
link 20355 62 41 20358 16 7 1 0
link 20355 62 42 20358 16 8 1 0
link 20355 71 81 20353 8 12 1 0
link 20355 74 22 20359 8 13 1 0
link 20355 75 22 20359 9 13 1 0
link 20355 79 74 20354 11 12 1 0
link 20355 82 15 20360 13 4 1 0
link 20355 82 16 20360 13 5 1 0
link 20355 99 24 20263 33 47 21 51
link 20355 99 25 20263 33 47 21 51
link 20355 99 26 20263 33 47 21 51
link 20355 99 27 20263 33 47 21 51
link 20356 6 14 20355 11 57 1 0
link 20356 7 14 20355 11 57 1 0
link 20356 12 0 20357 1 9 1 0
link 20357 0 9 20356 12 1 1 0
link 20357 11 8 20355 20 48 1 0
link 20357 11 9 20355 20 48 1 0
link 20358 19 6 20355 64 42 1 0
link 20358 19 7 20355 64 42 1 0
link 20358 19 8 20355 64 42 1 0
link 20358 19 9 20355 64 42 1 0
link 20358 19 10 20355 64 42 1 0
link 20358 19 11 20355 64 42 1 0
link 20358 19 12 20355 64 42 1 0
link 20358 19 13 20355 64 42 1 0
link 20359 8 14 20355 74 23 1 0
link 20359 9 14 20355 75 23 1 0
link 20359 12 0 20360 10 12 1 0
link 20360 10 14 20359 12 2 1 0
link 20360 11 14 20359 12 2 1 0
link 20360 14 4 20355 82 15 1 0
link 20360 14 5 20355 82 16 1 0
link 20361 6 14 20355 12 19 1 0
link 20361 7 14 20355 13 19 1 0
link 20366 25 7 20367 5 11 1 0
link 20367 5 15 20366 25 11 1 0
link 20367 14 6 20368 3 28 1 0
link 20367 15 6 20368 3 28 1 0
link 20368 2 0 20369 6 6 1 0
link 20368 2 32 20367 14 9 1 0
link 20369 6 9 20368 3 3 1 0
link 20369 8 0 20371 8 11 1 0
link 20369 9 1 20371 4 9 1 0
link 20369 9 2 20371 13 8 1 0
link 20371 8 15 20369 6 3 1 0
link 20373 28 26 20376 13 13 1 0
link 20373 29 49 20374 18 4 1 0
link 20373 29 69 20394 24 1 1 22
link 20373 30 69 20394 25 1 1 22
link 20373 31 25 20376 28 10 1 0
link 20373 31 69 20394 26 1 1 22
link 20373 32 42 20379 18 9 1 0
link 20373 32 69 20394 27 1 1 22
link 20373 33 69 20394 28 1 1 22
link 20373 44 25 20378 9 18 1 0
link 20373 48 51 20377 11 6 1 0
link 20373 50 25 20375 9 18 1 0
link 20373 69 26 20393 1 9 1 22
link 20373 69 27 20393 1 10 1 22
link 20373 69 28 20393 1 11 1 22
link 20373 69 29 20393 1 12 1 22
link 20373 69 30 20393 1 13 1 22
link 20374 19 4 20373 30 49 1 0
link 20374 19 5 20373 30 49 1 0
link 20375 9 19 20373 50 26 1 0
link 20375 10 19 20373 50 26 1 0
link 20376 13 14 20373 28 27 1 0
link 20376 14 14 20373 28 27 1 0
link 20376 29 10 20373 32 25 1 0
link 20376 29 11 20373 32 25 1 0
link 20377 12 5 20373 49 51 1 0
link 20377 12 6 20373 49 51 1 0
link 20378 9 19 20373 44 26 1 0
link 20378 10 19 20373 44 26 1 0
link 20379 19 9 20373 33 42 1 0
link 20379 19 10 20373 33 42 1 0
link 20380 6 32 20393 34 7 1 0
link 20380 6 33 20393 34 11 1 0
link 20380 7 32 20393 38 7 1 0
link 20380 7 33 20393 38 11 1 0
link 20380 12 0 20381 13 38 10 22
link 20380 13 0 20381 14 38 10 22
link 20380 39 23 20383 1 17 10 22
link 20380 39 24 20383 1 18 10 22
link 20381 12 0 20382 13 38 10 22
link 20381 13 0 20382 14 38 10 22
link 20381 13 39 20380 12 1 10 22
link 20381 14 39 20380 13 1 10 22
link 20381 39 23 20384 1 17 10 22
link 20381 39 24 20384 1 18 10 22
link 20382 13 39 20381 12 1 10 22
link 20382 14 39 20381 13 1 10 22
link 20382 39 23 20385 1 17 10 22
link 20382 39 24 20385 1 18 10 22
link 20383 0 17 20380 38 23 10 22
link 20383 0 18 20380 38 24 10 22
link 20383 12 0 20384 13 38 10 22
link 20383 13 0 20384 14 38 10 22
link 20383 39 23 20386 1 17 10 22
link 20383 39 24 20386 1 18 10 22
link 20384 0 17 20381 38 23 10 22
link 20384 0 18 20381 38 24 10 22
link 20384 12 0 20385 13 38 10 22
link 20384 13 0 20385 14 38 10 22
link 20384 13 39 20383 12 1 10 22
link 20384 14 39 20383 13 1 10 22
link 20384 39 23 20387 1 17 10 22
link 20384 39 24 20387 1 18 10 22
link 20385 0 17 20382 38 23 10 22
link 20385 0 18 20382 38 24 10 22
link 20385 13 39 20384 12 1 10 22
link 20385 14 39 20384 13 1 10 22
link 20385 39 23 20388 1 17 10 22
link 20385 39 24 20388 1 18 10 22
link 20386 0 17 20383 38 23 10 22
link 20386 0 18 20383 38 24 10 22
link 20386 12 0 20387 13 38 10 22
link 20386 13 0 20387 14 38 10 22
link 20387 0 17 20384 38 23 10 22
link 20387 0 18 20384 38 24 10 22
link 20387 12 0 20388 13 38 10 22
link 20387 13 0 20388 14 38 10 22
link 20387 13 39 20386 12 1 10 22
link 20387 14 39 20386 13 1 10 22
link 20388 0 17 20385 38 23 10 22
link 20388 0 18 20385 38 24 10 22
link 20388 13 39 20387 12 1 10 22
link 20388 14 39 20387 13 1 10 22
link 20388 30 5 20394 43 29 1 0
link 20388 30 6 20394 45 32 1 0
link 20388 31 5 20394 46 28 1 0
link 20388 31 6 20394 47 31 1 0
link 20393 0 0 20373 68 28 1 0
link 20393 0 1 20373 68 28 1 0
link 20393 0 2 20373 68 28 1 0
link 20393 0 3 20373 68 28 1 0
link 20393 0 4 20373 68 28 1 0
link 20393 0 5 20373 68 28 1 0
link 20393 0 6 20373 68 28 1 0
link 20393 0 7 20373 68 28 1 0
link 20393 0 8 20373 68 28 1 0
link 20393 0 9 20373 68 28 1 0
link 20393 0 10 20373 68 28 1 0
link 20393 0 11 20373 68 28 1 0
link 20393 0 12 20373 68 28 1 0
link 20393 0 13 20373 68 28 1 0
link 20393 0 14 20373 68 28 1 0
link 20393 0 15 20373 68 28 1 0
link 20393 0 16 20373 68 28 1 0
link 20393 0 17 20373 68 28 1 0
link 20393 0 18 20373 68 28 1 0
link 20393 0 19 20373 68 28 1 0
link 20393 0 20 20373 68 28 1 0
link 20393 0 21 20373 68 28 1 0
link 20393 0 22 20373 68 28 1 0
link 20393 0 23 20373 68 28 1 0
link 20393 0 24 20373 68 28 1 0
link 20393 0 25 20373 68 28 1 0
link 20393 0 26 20373 68 28 1 0
link 20393 36 9 20380 9 32 5 22
link 20394 21 0 20373 31 68 1 0
link 20394 22 0 20373 31 68 1 0
link 20394 23 0 20373 31 68 1 0
link 20394 24 0 20373 31 68 1 0
link 20394 25 0 20373 31 68 1 0
link 20394 26 0 20373 31 68 1 0
link 20394 27 0 20373 31 68 1 0
link 20394 28 0 20373 31 68 1 0
link 20394 29 0 20373 31 68 1 0
link 20394 30 0 20373 31 68 1 0
link 20394 31 0 20373 31 68 1 0
link 20394 32 0 20373 31 68 1 0
link 20394 33 0 20373 31 68 1 0
link 20394 34 0 20373 31 68 1 0
link 20394 35 0 20373 31 68 1 0
link 20394 36 0 20373 31 68 1 0
link 20394 37 0 20373 31 68 1 0
link 20394 38 0 20373 31 68 1 0
link 20394 39 0 20373 31 68 1 0
link 20394 40 0 20373 31 68 1 0
link 20394 41 0 20373 31 68 1 0
link 20394 42 0 20373 31 68 1 0
link 20394 43 0 20373 31 68 1 0
link 20394 44 0 20373 31 68 1 0
link 20394 45 30 20388 30 8 5 22
link 20455 12 0 20457 26 47 1 0
link 20455 13 0 20457 27 47 1 0
link 20455 14 0 20457 28 47 1 0
link 20455 15 0 20457 29 47 1 0
link 20455 49 12 20456 2 9 1 0
link 20455 49 13 20456 2 10 1 0
link 20455 49 14 20456 2 11 1 0
link 20455 49 15 20456 2 12 1 0
link 20456 0 9 20455 47 12 1 0
link 20456 0 10 20455 47 13 1 0
link 20456 0 11 20455 47 14 1 0
link 20456 0 12 20455 47 15 1 0
link 20456 22 0 20458 36 47 1 0
link 20456 23 0 20458 37 47 1 0
link 20456 24 0 20458 38 47 1 0
link 20456 25 0 20458 39 47 1 0
link 20456 49 17 20466 2 31 71 0
link 20456 49 18 20466 2 32 71 0
link 20456 49 19 20466 2 33 71 0
link 20456 49 20 20466 2 34 71 0
link 20457 26 49 20455 12 2 1 0
link 20457 27 49 20455 13 2 1 0
link 20457 28 49 20455 14 2 1 0
link 20457 29 0 20460 29 47 1 0
link 20457 29 49 20455 15 2 1 0
link 20457 30 0 20460 30 47 1 0
link 20457 31 0 20460 31 47 1 0
link 20457 32 0 20460 32 47 1 0
link 20457 49 22 20458 2 22 1 0
link 20457 49 23 20458 2 23 1 0
link 20457 49 24 20458 2 24 1 0
link 20457 49 25 20458 2 25 1 0
link 20458 0 22 20457 47 22 1 0
link 20458 0 23 20457 47 23 1 0
link 20458 0 24 20457 47 24 1 0
link 20458 0 25 20457 47 25 1 0
link 20458 13 0 20461 26 47 1 0
link 20458 14 0 20461 27 47 1 0
link 20458 15 0 20461 28 47 1 0
link 20458 16 0 20461 29 47 1 0
link 20458 36 49 20456 22 2 1 0
link 20458 37 49 20456 23 2 1 0
link 20458 38 49 20456 24 2 1 0
link 20458 39 49 20456 25 2 1 0
link 20458 49 14 20459 2 7 1 0
link 20458 49 15 20459 2 8 1 0
link 20458 49 16 20459 2 9 1 0
link 20458 49 17 20459 2 10 1 0
link 20459 0 7 20458 47 14 1 0
link 20459 0 8 20458 47 15 1 0
link 20459 0 9 20458 47 16 1 0
link 20459 0 10 20458 47 17 1 0
link 20459 9 49 20466 14 2 71 0
link 20459 10 49 20466 15 2 71 0
link 20459 11 49 20466 16 2 71 0
link 20459 12 49 20466 17 2 71 0
link 20459 17 0 20462 21 47 1 0
link 20459 18 0 20462 22 47 1 0
link 20459 19 0 20462 23 47 1 0
link 20459 20 0 20462 24 47 1 0
link 20460 13 0 20463 37 47 1 0
link 20460 14 0 20463 38 47 1 0
link 20460 15 0 20463 39 47 1 0
link 20460 16 0 20463 40 47 1 0
link 20460 29 49 20457 29 2 1 0
link 20460 30 49 20457 30 2 1 0
link 20460 31 49 20457 31 2 1 0
link 20460 32 49 20457 32 2 1 0
link 20460 49 35 20461 2 11 1 0
link 20460 49 36 20461 2 12 1 0
link 20460 49 37 20461 2 13 1 0
link 20461 0 11 20460 47 35 1 0
link 20461 0 12 20460 47 36 1 0
link 20461 0 13 20460 47 37 1 0
link 20461 22 0 20464 36 47 1 0
link 20461 23 0 20464 37 47 1 0
link 20461 24 0 20464 38 47 1 0
link 20461 26 49 20458 13 2 1 0
link 20461 27 49 20458 14 2 1 0
link 20461 28 49 20458 15 2 1 0
link 20461 29 49 20458 16 2 1 0
link 20461 49 20 20462 2 18 1 0
link 20461 49 21 20462 2 19 1 0
link 20461 49 22 20462 2 20 1 0
link 20461 49 23 20462 2 21 1 0
link 20462 0 18 20461 47 20 1 0
link 20462 0 19 20461 47 21 1 0
link 20462 0 20 20461 47 22 1 0
link 20462 0 21 20461 47 23 1 0
link 20462 19 0 20465 9 47 1 0
link 20462 20 0 20465 10 47 1 0
link 20462 21 0 20465 11 47 1 0
link 20462 21 49 20459 17 2 1 0
link 20462 22 49 20459 18 2 1 0
link 20462 23 49 20459 19 2 1 0
link 20462 24 49 20459 20 2 1 0
link 20463 37 49 20460 13 2 1 0
link 20463 38 49 20460 14 2 1 0
link 20463 39 49 20460 15 2 1 0
link 20463 40 49 20460 16 2 1 0
link 20463 49 23 20464 2 10 1 0
link 20463 49 24 20464 2 11 1 0
link 20463 49 25 20464 2 12 1 0
link 20463 49 26 20464 2 13 1 0
link 20464 0 10 20463 47 23 1 0
link 20464 0 11 20463 47 24 1 0
link 20464 0 12 20463 47 25 1 0
link 20464 0 13 20463 47 26 1 0
link 20464 36 49 20461 22 2 1 0
link 20464 37 49 20461 23 2 1 0
link 20464 38 49 20461 24 2 1 0
link 20464 49 29 20465 2 30 1 0
link 20464 49 30 20465 2 31 1 0
link 20464 49 31 20465 2 32 1 0
link 20465 0 30 20464 47 29 1 0
link 20465 0 31 20464 47 30 1 0
link 20465 0 32 20464 47 31 1 0
link 20465 9 49 20462 19 2 1 0
link 20465 10 49 20462 20 2 1 0
link 20465 11 49 20462 21 2 1 0
link 20466 0 31 20456 47 17 1 0
link 20466 0 32 20456 47 18 1 0
link 20466 0 33 20456 47 19 1 0
link 20466 0 34 20456 47 20 1 0
link 20466 14 0 20459 9 47 1 0
link 20466 15 0 20459 10 47 1 0
link 20466 16 0 20459 11 47 1 0
link 20466 17 0 20459 12 47 1 0
link 20582 8 7 20583 17 10 1 0
link 20583 19 8 20582 11 7 1 0
link 20583 19 9 20582 11 7 1 0
link 20583 19 10 20582 11 7 1 0
link 20583 19 11 20582 11 7 1 0
link 20584 12 0 20586 26 47 1 0
link 20584 13 0 20586 27 47 1 0
link 20584 14 0 20586 28 47 1 0
link 20584 15 0 20586 29 47 1 0
link 20584 49 12 20585 2 9 1 0
link 20584 49 13 20585 2 10 1 0
link 20584 49 14 20585 2 11 1 0
link 20584 49 15 20585 2 12 1 0
link 20585 0 9 20584 47 12 1 0
link 20585 0 10 20584 47 13 1 0
link 20585 0 11 20584 47 14 1 0
link 20585 0 12 20584 47 15 1 0
link 20585 22 0 20587 36 47 1 0
link 20585 23 0 20587 37 47 1 0
link 20585 24 0 20587 38 47 1 0
link 20585 25 0 20587 39 47 1 0
link 20585 49 17 20595 2 31 1 0
link 20585 49 18 20595 2 32 1 0
link 20585 49 19 20595 2 33 1 0
link 20585 49 20 20595 2 34 1 0
link 20586 26 49 20584 12 2 1 0
link 20586 27 49 20584 13 2 1 0
link 20586 28 49 20584 14 2 1 0
link 20586 29 0 20589 29 47 1 0
link 20586 29 49 20584 15 2 1 0
link 20586 30 0 20589 30 47 1 0
link 20586 31 0 20589 31 47 1 0
link 20586 32 0 20589 32 47 1 0
link 20586 49 22 20587 2 22 1 0
link 20586 49 23 20587 2 23 1 0
link 20586 49 24 20587 2 24 1 0
link 20586 49 25 20587 2 25 1 0
link 20587 0 22 20586 47 22 1 0
link 20587 0 23 20586 47 23 1 0
link 20587 0 24 20586 47 24 1 0
link 20587 0 25 20586 47 25 1 0
link 20587 13 0 20590 26 47 1 0
link 20587 14 0 20590 27 47 1 0
link 20587 15 0 20590 28 47 1 0
link 20587 16 0 20590 29 47 1 0
link 20587 36 49 20585 22 2 1 0
link 20587 37 49 20585 23 2 1 0
link 20587 38 49 20585 24 2 1 0
link 20587 39 49 20585 25 2 1 0
link 20587 49 14 20588 2 7 1 0
link 20587 49 15 20588 2 8 1 0
link 20587 49 16 20588 2 9 1 0
link 20587 49 17 20588 2 10 1 0
link 20588 0 7 20587 47 14 1 0
link 20588 0 8 20587 47 15 1 0
link 20588 0 9 20587 47 16 1 0
link 20588 0 10 20587 47 17 1 0
link 20588 9 49 20595 14 2 1 0
link 20588 10 49 20595 15 2 1 0
link 20588 11 49 20595 16 2 1 0
link 20588 12 49 20595 17 2 1 0
link 20588 17 0 20591 21 47 1 0
link 20588 18 0 20591 22 47 1 0
link 20588 19 0 20591 23 47 1 0
link 20588 20 0 20591 24 47 1 0
link 20589 13 0 20592 37 47 1 0
link 20589 14 0 20592 38 47 1 0
link 20589 15 0 20592 39 47 1 0
link 20589 16 0 20592 40 47 1 0
link 20589 29 49 20586 29 2 1 0
link 20589 30 49 20586 30 2 1 0
link 20589 31 49 20586 31 2 1 0
link 20589 32 49 20586 32 2 1 0
link 20589 49 35 20590 2 11 1 0
link 20589 49 36 20590 2 12 1 0
link 20589 49 37 20590 2 13 1 0
link 20590 0 11 20589 47 35 1 0
link 20590 0 12 20589 47 36 1 0
link 20590 0 13 20589 47 37 1 0
link 20590 22 0 20593 36 47 1 0
link 20590 23 0 20593 37 47 1 0
link 20590 24 0 20593 38 47 1 0
link 20590 26 49 20587 13 2 1 0
link 20590 27 49 20587 14 2 1 0
link 20590 28 49 20587 15 2 1 0
link 20590 29 49 20587 16 2 1 0
link 20590 49 20 20591 2 18 1 0
link 20590 49 21 20591 2 19 1 0
link 20590 49 22 20591 2 20 1 0
link 20590 49 23 20591 2 21 1 0
link 20591 0 18 20590 47 20 1 0
link 20591 0 19 20590 47 21 1 0
link 20591 0 20 20590 47 22 1 0
link 20591 0 21 20590 47 23 1 0
link 20591 19 0 20594 9 47 1 0
link 20591 20 0 20594 10 47 1 0
link 20591 21 0 20594 11 47 1 0
link 20591 21 49 20588 17 2 1 0
link 20591 22 49 20588 18 2 1 0
link 20591 23 49 20588 19 2 1 0
link 20591 24 49 20588 20 2 1 0
link 20592 37 49 20589 13 2 1 0
link 20592 38 49 20589 14 2 1 0
link 20592 39 49 20589 15 2 1 0
link 20592 40 49 20589 16 2 1 0
link 20592 49 23 20593 2 10 1 0
link 20592 49 24 20593 2 11 1 0
link 20592 49 25 20593 2 12 1 0
link 20592 49 26 20593 2 13 1 0
link 20593 0 10 20592 47 23 1 0
link 20593 0 11 20592 47 24 1 0
link 20593 0 12 20592 47 25 1 0
link 20593 0 13 20592 47 26 1 0
link 20593 36 49 20590 22 2 1 0
link 20593 37 49 20590 23 2 1 0
link 20593 38 49 20590 24 2 1 0
link 20593 49 29 20594 2 30 1 0
link 20593 49 30 20594 2 31 1 0
link 20593 49 31 20594 2 32 1 0
link 20594 0 30 20593 47 29 1 0
link 20594 0 31 20593 47 30 1 0
link 20594 0 32 20593 47 31 1 0
link 20594 9 49 20591 19 2 1 0
link 20594 10 49 20591 20 2 1 0
link 20594 11 49 20591 21 2 1 0
link 20595 0 31 20585 47 17 1 0
link 20595 0 32 20585 47 18 1 0
link 20595 0 33 20585 47 19 1 0
link 20595 0 34 20585 47 20 1 0
link 20595 14 0 20588 9 47 1 0
link 20595 15 0 20588 10 47 1 0
link 20595 16 0 20588 11 47 1 0
link 20595 17 0 20588 12 47 1 0
link 20595 41 42 20030 44 63 1 0
link 20595 41 43 20030 45 63 1 0
link 20606 24 12 20610 4 24 1 0
link 20606 24 13 20610 4 24 1 0
link 20606 24 14 20610 4 24 1 0
link 20606 24 15 20610 4 24 1 0
link 20606 24 16 20610 4 24 1 0
link 20606 24 17 20610 4 24 1 0
link 20645 12 0 20655 12 3 1 0
link 20645 13 0 20655 13 3 1 0
link 20645 29 1 20650 1 1 1 0
link 20645 29 3 20650 1 3 1 0
link 20645 29 4 20650 1 4 1 0
link 20645 29 6 20650 1 6 1 0
link 20645 29 7 20650 1 7 1 0
link 20645 29 9 20650 1 9 1 0
link 20645 29 10 20650 1 10 1 0
link 20645 29 12 20650 1 12 1 0
link 20645 29 13 20650 1 13 1 0
link 20645 29 15 20650 1 15 1 0
link 20645 29 16 20650 1 16 1 0
link 20645 29 18 20650 1 18 1 0
link 20645 29 19 20650 1 19 1 0
link 20645 29 21 20650 1 21 1 0
link 20645 29 22 20650 1 22 1 0
link 20645 29 24 20650 1 24 1 0
link 20645 29 25 20650 1 25 1 0
link 20646 0 1 20650 28 1 1 0
link 20646 0 3 20650 28 3 1 0
link 20646 0 4 20650 28 4 1 0
link 20646 0 6 20650 28 6 1 0
link 20646 0 7 20650 28 7 1 0
link 20646 0 9 20650 28 9 1 0
link 20646 0 10 20650 28 10 1 0
link 20646 0 12 20650 28 12 1 0
link 20646 0 13 20650 28 13 1 0
link 20646 0 15 20650 28 15 1 0
link 20646 0 16 20650 28 16 1 0
link 20646 0 18 20650 28 18 1 0
link 20646 0 19 20650 28 19 1 0
link 20646 0 21 20650 28 21 1 0
link 20646 0 22 20650 28 22 1 0
link 20646 0 24 20650 28 24 1 0
link 20646 0 25 20650 28 25 1 0
link 20646 24 0 20647 3 2 1 0
link 20646 25 0 20647 4 2 1 0
link 20647 0 1 20649 28 1 1 0
link 20647 0 3 20649 28 3 1 0
link 20647 0 4 20649 28 4 1 0
link 20647 0 6 20649 28 6 1 0
link 20647 0 7 20649 28 7 1 0
link 20647 0 9 20649 28 9 1 0
link 20647 0 10 20649 28 10 1 0
link 20647 0 12 20649 28 12 1 0
link 20647 0 13 20649 28 13 1 0
link 20647 0 15 20649 28 15 1 0
link 20647 0 16 20649 28 16 1 0
link 20647 0 18 20649 28 18 1 0
link 20647 0 19 20649 28 19 1 0
link 20647 0 21 20649 28 21 1 0
link 20647 0 22 20649 28 22 1 0
link 20647 0 24 20649 28 24 1 0
link 20647 0 25 20649 28 25 1 0
link 20647 3 0 20646 24 1 1 0
link 20647 4 0 20646 25 1 1 0
link 20647 24 0 20654 12 2 1 0
link 20647 25 0 20654 13 2 1 0
link 20648 0 1 20652 28 1 1 0
link 20648 0 3 20652 28 3 1 0
link 20648 0 4 20652 28 4 1 0
link 20648 0 6 20652 28 6 1 0
link 20648 0 7 20652 28 7 1 0
link 20648 0 9 20652 28 9 1 0
link 20648 0 10 20652 28 10 1 0
link 20648 0 12 20652 28 12 1 0
link 20648 0 13 20652 28 13 1 0
link 20648 0 15 20652 28 15 1 0
link 20648 0 16 20652 28 16 1 0
link 20648 0 18 20652 28 18 1 0
link 20648 0 19 20652 28 19 1 0
link 20648 0 21 20652 28 21 1 0
link 20648 0 22 20652 28 22 1 0
link 20648 0 24 20652 28 24 1 0
link 20648 0 25 20652 28 25 1 0
link 20648 14 14 20649 9 15 1 0
link 20648 14 26 20653 47 50 1 0
link 20648 15 14 20649 9 15 1 0
link 20648 15 26 20653 48 50 1 0
link 20648 29 1 20654 1 1 1 0
link 20648 29 3 20654 1 3 1 0
link 20648 29 4 20654 1 4 1 0
link 20648 29 6 20654 1 6 1 0
link 20648 29 7 20654 1 7 1 0
link 20648 29 9 20654 1 9 1 0
link 20648 29 10 20654 1 10 1 0
link 20648 29 12 20654 1 12 1 0
link 20648 29 13 20654 1 13 1 0
link 20648 29 15 20654 1 15 1 0
link 20648 29 16 20654 1 16 1 0
link 20648 29 18 20654 1 18 1 0
link 20648 29 19 20654 1 19 1 0
link 20648 29 21 20654 1 21 1 0
link 20648 29 22 20654 1 22 1 0
link 20648 29 24 20654 1 24 1 0
link 20648 29 25 20654 1 25 1 0
link 20649 0 1 20655 28 1 1 0
link 20649 0 3 20655 28 3 1 0
link 20649 0 4 20655 28 4 1 0
link 20649 0 6 20655 28 6 1 0
link 20649 0 7 20655 28 7 1 0
link 20649 0 9 20655 28 9 1 0
link 20649 0 10 20655 28 10 1 0
link 20649 0 12 20655 28 12 1 0
link 20649 0 13 20655 28 13 1 0
link 20649 0 15 20655 28 15 1 0
link 20649 0 16 20655 28 16 1 0
link 20649 0 18 20655 28 18 1 0
link 20649 0 19 20655 28 19 1 0
link 20649 0 21 20655 28 21 1 0
link 20649 0 22 20655 28 22 1 0
link 20649 0 24 20655 28 24 1 0
link 20649 0 25 20655 28 25 1 0
link 20649 9 14 20648 14 16 1 0
link 20649 10 14 20648 14 16 1 0
link 20649 14 14 20650 9 15 1 0
link 20649 15 14 20650 9 15 1 0
link 20649 29 1 20647 1 1 1 0
link 20649 29 3 20647 1 3 1 0
link 20649 29 4 20647 1 4 1 0
link 20649 29 6 20647 1 6 1 0
link 20649 29 7 20647 1 7 1 0
link 20649 29 9 20647 1 9 1 0
link 20649 29 10 20647 1 10 1 0
link 20649 29 12 20647 1 12 1 0
link 20649 29 13 20647 1 13 1 0
link 20649 29 15 20647 1 15 1 0
link 20649 29 16 20647 1 16 1 0
link 20649 29 18 20647 1 18 1 0
link 20649 29 19 20647 1 19 1 0
link 20649 29 21 20647 1 21 1 0
link 20649 29 22 20647 1 22 1 0
link 20649 29 24 20647 1 24 1 0
link 20649 29 25 20647 1 25 1 0
link 20650 0 1 20645 28 1 1 0
link 20650 0 3 20645 28 3 1 0
link 20650 0 4 20645 28 4 1 0
link 20650 0 6 20645 28 6 1 0
link 20650 0 7 20645 28 7 1 0
link 20650 0 9 20645 28 9 1 0
link 20650 0 10 20645 28 10 1 0
link 20650 0 12 20645 28 12 1 0
link 20650 0 13 20645 28 13 1 0
link 20650 0 15 20645 28 15 1 0
link 20650 0 16 20645 28 16 1 0
link 20650 0 18 20645 28 18 1 0
link 20650 0 19 20645 28 19 1 0
link 20650 0 21 20645 28 21 1 0
link 20650 0 22 20645 28 22 1 0
link 20650 0 24 20645 28 24 1 0
link 20650 0 25 20645 28 25 1 0
link 20650 9 14 20649 14 16 1 0
link 20650 10 14 20649 14 16 1 0
link 20650 29 1 20646 1 1 1 0
link 20650 29 3 20646 1 3 1 0
link 20650 29 4 20646 1 4 1 0
link 20650 29 6 20646 1 6 1 0
link 20650 29 7 20646 1 7 1 0
link 20650 29 9 20646 1 9 1 0
link 20650 29 10 20646 1 10 1 0
link 20650 29 12 20646 1 12 1 0
link 20650 29 13 20646 1 13 1 0
link 20650 29 15 20646 1 15 1 0
link 20650 29 16 20646 1 16 1 0
link 20650 29 18 20646 1 18 1 0
link 20650 29 19 20646 1 19 1 0
link 20650 29 21 20646 1 21 1 0
link 20650 29 22 20646 1 22 1 0
link 20650 29 24 20646 1 24 1 0
link 20650 29 25 20646 1 25 1 0
link 20651 13 19 20650 15 16 1 0
link 20652 12 0 20655 3 2 1 0
link 20652 13 0 20655 4 2 1 0
link 20652 29 1 20648 1 1 1 0
link 20652 29 3 20648 1 3 1 0
link 20652 29 4 20648 1 4 1 0
link 20652 29 6 20648 1 6 1 0
link 20652 29 7 20648 1 7 1 0
link 20652 29 9 20648 1 9 1 0
link 20652 29 10 20648 1 10 1 0
link 20652 29 12 20648 1 12 1 0
link 20652 29 13 20648 1 13 1 0
link 20652 29 15 20648 1 15 1 0
link 20652 29 16 20648 1 16 1 0
link 20652 29 18 20648 1 18 1 0
link 20652 29 19 20648 1 19 1 0
link 20652 29 21 20648 1 21 1 0
link 20652 29 22 20648 1 22 1 0
link 20652 29 24 20648 1 24 1 0
link 20652 29 25 20648 1 25 1 0
link 20653 47 47 20648 14 23 1 0
link 20653 48 47 20648 15 23 1 0
link 20653 49 47 20648 15 23 1 0
link 20654 0 1 20648 28 1 1 0
link 20654 0 3 20648 28 3 1 0
link 20654 0 4 20648 28 4 1 0
link 20654 0 6 20648 28 6 1 0
link 20654 0 7 20648 28 7 1 0
link 20654 0 9 20648 28 9 1 0
link 20654 0 10 20648 28 10 1 0
link 20654 0 12 20648 28 12 1 0
link 20654 0 13 20648 28 13 1 0
link 20654 0 15 20648 28 15 1 0
link 20654 0 16 20648 28 16 1 0
link 20654 0 18 20648 28 18 1 0
link 20654 0 19 20648 28 19 1 0
link 20654 0 21 20648 28 21 1 0
link 20654 0 22 20648 28 22 1 0
link 20654 0 24 20648 28 24 1 0
link 20654 0 25 20648 28 25 1 0
link 20654 12 0 20647 24 1 1 0
link 20654 13 0 20647 25 1 1 0
link 20655 3 0 20652 12 1 1 0
link 20655 4 0 20652 13 1 1 0
link 20655 12 0 20645 12 2 1 0
link 20655 13 0 20645 13 2 1 0
link 20655 29 1 20649 1 1 1 0
link 20655 29 3 20649 1 3 1 0
link 20655 29 4 20649 1 4 1 0
link 20655 29 6 20649 1 6 1 0
link 20655 29 7 20649 1 7 1 0
link 20655 29 9 20649 1 9 1 0
link 20655 29 10 20649 1 10 1 0
link 20655 29 12 20649 1 12 1 0
link 20655 29 13 20649 1 13 1 0
link 20655 29 15 20649 1 15 1 0
link 20655 29 16 20649 1 16 1 0
link 20655 29 18 20649 1 18 1 0
link 20655 29 19 20649 1 19 1 0
link 20655 29 21 20649 1 21 1 0
link 20655 29 22 20649 1 22 1 0
link 20655 29 24 20649 1 24 1 0
link 20655 29 25 20649 1 25 1 0
link 20657 9 19 20679 64 18 1 0
link 20657 10 19 20679 65 18 1 0
link 20657 16 5 20658 14 2 1 0
link 20657 17 1 20660 10 12 1 0
link 20657 17 2 20660 10 12 1 0
link 20657 17 5 20658 14 2 1 0
link 20658 16 5 20659 16 4 1 0
link 20658 17 1 20657 18 4 1 0
link 20658 17 2 20657 18 4 1 0
link 20658 17 5 20659 17 4 1 0
link 20659 16 2 20658 15 6 1 0
link 20659 17 2 20658 15 6 1 0
link 20660 6 19 20674 5 2 1 0
link 20660 11 0 20675 43 17 1 0
link 20660 12 14 20657 14 2 1 0
link 20660 14 3 20679 72 9 1 0
link 20661 9 19 20679 86 92 1 0
link 20661 10 19 20679 89 92 1 0
link 20661 16 5 20662 14 2 1 0
link 20661 17 1 20664 11 12 1 0
link 20661 17 2 20664 11 12 1 0
link 20661 17 5 20662 14 2 1 0
link 20662 16 5 20663 16 4 1 0
link 20662 17 1 20661 18 4 1 0
link 20662 17 2 20661 18 4 1 0
link 20662 17 5 20663 17 4 1 0
link 20663 16 2 20662 15 6 1 0
link 20663 17 2 20662 15 6 1 0
link 20664 11 0 20673 9 37 1 0
link 20664 12 14 20661 14 2 1 0
link 20664 14 3 20679 94 84 1 0
link 20665 4 3 20668 3 5 1 0
link 20665 4 4 20668 3 5 1 0
link 20665 5 1 20666 7 6 1 0
link 20665 19 16 20679 14 16 1 0
link 20665 19 17 20679 14 17 1 0
link 20666 5 4 20665 7 5 1 0
link 20666 5 5 20665 7 5 1 0
link 20666 5 16 20667 2 14 1 0
link 20666 5 17 20667 2 14 1 0
link 20667 1 17 20666 7 16 1 0
link 20667 2 17 20666 7 17 1 0
link 20668 0 8 20664 9 13 1 0
link 20668 3 4 20665 7 5 1 0
link 20668 6 19 20676 5 2 1 0
link 20669 1 1 20672 4 7 1 0
link 20669 1 2 20672 4 7 1 0
link 20669 1 5 20670 1 6 1 0
link 20669 2 5 20670 2 6 1 0
link 20669 19 16 20679 10 68 1 0
link 20669 19 17 20679 10 68 1 0
link 20670 1 1 20669 3 6 1 0
link 20670 1 2 20669 3 6 1 0
link 20670 1 5 20671 10 68 1 0
link 20670 2 5 20671 10 68 1 0
link 20670 19 4 20679 10 68 1 0
link 20670 19 5 20679 10 68 1 0
link 20671 1 1 20670 3 6 1 0
link 20671 1 2 20670 3 6 1 0
link 20672 3 8 20669 4 6 1 0
link 20672 20 14 20677 2 9 1 0
link 20673 5 0 20674 9 37 1 0
link 20673 9 39 20664 11 2 1 0
link 20674 5 0 20660 6 17 1 0
link 20674 9 39 20673 5 2 1 0
link 20675 6 19 20676 39 2 1 0
link 20675 43 19 20660 11 2 1 0
link 20676 5 0 20668 6 17 1 0
link 20676 39 0 20675 6 17 1 0
link 20677 0 9 20672 17 14 1 0
link 20677 43 19 20678 17 14 1 0
link 20678 11 0 20677 43 17 1 0
link 20679 40 0 20680 23 95 1 0
link 20679 41 0 20680 23 95 1 0
link 20679 41 99 20683 10 4 1 0
link 20679 42 0 20680 23 95 1 0
link 20679 42 99 20683 10 4 1 0
link 20679 43 0 20680 23 95 1 0
link 20679 43 99 20683 10 4 1 0
link 20679 44 99 20683 10 4 1 0
link 20679 45 99 20683 10 4 1 0
link 20679 46 99 20683 10 4 1 0
link 20680 22 99 20679 42 2 1 0
link 20680 23 99 20679 42 2 1 0
link 20680 24 99 20679 42 2 1 0
link 20680 25 99 20679 42 2 1 0
link 20680 26 99 20679 42 2 1 0
link 20680 57 0 20681 66 95 1 0
link 20680 58 0 20681 66 95 1 0
link 20680 59 0 20681 66 95 1 0
link 20680 60 0 20681 66 95 1 0
link 20680 61 0 20681 66 95 1 0
link 20680 62 0 20681 66 95 1 0
link 20681 52 0 20682 53 95 1 0
link 20681 53 0 20682 53 95 1 0
link 20681 54 0 20682 53 95 1 0
link 20681 64 99 20680 60 3 1 0
link 20681 65 99 20680 60 3 1 0
link 20681 66 99 20680 60 3 1 0
link 20681 67 99 20680 60 3 1 0
link 20681 68 99 20680 60 3 1 0
link 20681 69 99 20680 60 3 1 0
link 20682 50 99 20681 52 4 1 0
link 20682 51 99 20681 52 4 1 0
link 20682 52 99 20681 52 4 1 0
link 20682 53 99 20681 52 4 1 0
link 20682 54 99 20681 52 4 1 0
link 20682 55 99 20681 52 4 1 0
link 20682 56 99 20681 52 4 1 0
link 20683 7 0 20679 44 94 99 0
link 20683 8 0 20679 44 94 99 0
link 20683 9 0 20679 44 94 99 0
link 20683 9 19 20304 45 3 1 0
link 20683 10 0 20679 44 94 99 0
link 20683 10 19 20304 45 3 1 0
link 20683 11 0 20679 44 94 99 0
link 20683 11 19 20304 45 3 1 0
link 20683 12 19 20304 45 3 1 0
link 20719 22 19 20683 9 4 1 0
link 20719 23 19 20683 9 4 1 0
link 20719 24 19 20683 9 4 1 0
link 20719 25 19 20683 9 4 1 0
link 20719 26 19 20683 9 4 1 0
link 20797 2 80 20832 47 10 1 0
link 20797 24 92 20809 16 6 1 0
link 20797 88 1 20808 3 55 1 0
link 20798 27 2 20831 26 92 1 0
link 20798 92 44 20799 47 98 1 0
link 20799 39 0 20800 47 98 1 0
link 20799 40 0 20800 47 98 1 0
link 20799 46 99 20798 92 46 1 0
link 20799 47 99 20798 92 46 1 0
link 20800 46 99 20799 39 1 1 0
link 20800 47 99 20799 40 1 1 0
link 20800 64 14 20801 3 52 1 0
link 20800 65 14 20801 3 52 1 0
link 20801 1 52 20800 65 16 1 0
link 20801 58 2 20802 52 56 1 0
link 20802 1 55 20803 91 3 1 0
link 20802 50 56 20801 58 4 1 0
link 20803 1 55 20804 93 59 1 0
link 20803 91 1 20802 3 55 1 0
link 20804 58 2 20805 69 87 1 0
link 20804 93 57 20803 3 55 1 0
link 20805 67 87 20804 58 4 1 0
link 20805 91 1 20806 3 52 1 0
link 20806 1 52 20805 91 3 1 0
link 20806 91 1 20807 4 80 1 0
link 20807 2 80 20806 91 3 1 0
link 20807 91 1 20810 11 41 1 0
link 20808 1 55 20797 88 3 1 0
link 20808 67 87 20822 58 4 1 0
link 20809 16 4 20797 26 92 1 0
link 20809 50 56 20823 14 35 1 0
link 20809 91 1 20822 15 32 1 0
link 20810 9 41 20807 91 3 1 0
link 20810 50 56 20811 58 4 1 0
link 20811 24 93 20812 15 34 1 0
link 20811 58 2 20810 52 56 1 0
link 20812 13 34 20811 26 93 1 0
link 20812 13 35 20811 26 93 1 0
link 20812 39 0 20813 46 98 1 0
link 20812 40 0 20813 47 98 1 0
link 20813 13 52 20814 69 87 1 0
link 20813 13 53 20814 69 87 1 0
link 20813 46 99 20812 39 1 1 0
link 20813 47 99 20812 40 1 1 0
link 20814 67 87 20813 14 53 1 0
link 20814 91 1 20815 26 92 1 0
link 20815 24 92 20814 91 3 1 0
link 20815 92 44 20816 3 52 1 0
link 20816 1 52 20815 92 46 1 0
link 20816 56 92 20818 27 4 1 0
link 20816 88 1 20817 4 80 1 0
link 20817 2 80 20816 88 3 1 0
link 20817 67 87 20819 91 3 1 0
link 20818 26 85 20820 27 4 1 0
link 20818 27 2 20816 58 92 1 0
link 20818 91 1 20819 4 80 1 0
link 20819 2 80 20818 91 3 1 0
link 20819 91 1 20817 69 87 1 0
link 20820 27 2 20818 28 85 1 0
link 20820 92 44 20821 3 52 1 0
link 20821 1 52 20820 92 46 1 0
link 20822 13 32 20809 91 3 1 0
link 20822 58 2 20808 69 87 1 0
link 20822 59 83 20824 14 53 1 0
link 20823 13 34 20809 52 56 1 0
link 20823 13 35 20809 52 56 1 0
link 20823 39 0 20824 46 98 1 0
link 20823 40 0 20824 47 98 1 0
link 20824 13 52 20822 60 83 1 0
link 20824 13 53 20822 61 83 1 0
link 20824 46 99 20823 39 2 1 0
link 20824 47 99 20823 40 2 1 0
link 20824 67 14 20825 3 52 1 0
link 20824 68 14 20825 3 52 1 0
link 20825 1 52 20824 68 15 1 0
link 20825 56 92 20827 4 80 1 0
link 20825 58 2 20826 52 56 1 0
link 20826 50 56 20825 58 4 1 0
link 20826 58 2 20828 26 90 1 0
link 20827 2 80 20825 58 92 1 0
link 20827 58 2 20829 26 92 1 0
link 20828 24 90 20826 58 4 1 0
link 20829 24 92 20827 58 4 1 0
link 20829 92 44 20830 12 9 1 0
link 20830 10 9 20829 92 46 1 0
link 20830 50 56 20831 88 3 1 0
link 20831 24 92 20798 27 4 1 0
link 20831 88 1 20830 52 56 1 0
link 20832 18 49 20304 2 51 1 0
link 20832 49 10 20797 4 80 1 0
link 20833 0 7 20835 98 49 1 0
link 20833 0 8 20835 98 50 1 0
link 20833 3 0 20836 25 98 1 0
link 20833 4 0 20836 26 98 1 0
link 20833 8 0 20837 25 98 1 0
link 20833 9 0 20837 26 98 1 0
link 20833 13 0 20838 25 98 1 0
link 20833 14 0 20838 26 98 1 0
link 20833 17 0 20839 25 48 1 0
link 20833 18 0 20839 26 48 1 0
link 20833 21 0 20844 25 48 1 0
link 20833 22 0 20844 26 48 1 0
link 20833 24 15 20834 2 48 1 0
link 20833 24 16 20834 2 49 1 0
link 20834 0 48 20833 23 15 1 0
link 20834 0 49 20833 23 16 1 0
link 20835 99 49 20833 1 7 1 0
link 20835 99 50 20833 1 8 1 0
link 20836 25 99 20833 3 1 1 0
link 20836 26 99 20833 4 1 1 0
link 20837 25 99 20833 8 1 1 0
link 20837 26 99 20833 9 1 1 0
link 20838 25 99 20833 13 1 1 0
link 20838 26 99 20833 14 1 1 0
link 20839 23 0 20840 25 48 1 0
link 20839 24 0 20840 26 48 1 0
link 20839 25 49 20833 17 1 1 0
link 20839 26 49 20833 18 1 1 0
link 20840 0 23 20841 48 25 1 0
link 20840 0 24 20841 48 26 1 0
link 20840 25 49 20839 23 1 1 0
link 20840 26 49 20839 24 1 1 0
link 20841 23 0 20843 25 48 1 0
link 20841 24 0 20843 26 48 1 0
link 20841 25 49 20842 23 1 1 0
link 20841 26 49 20842 24 1 1 0
link 20841 49 25 20840 1 23 1 0
link 20841 49 26 20840 1 24 1 0
link 20842 23 0 20841 25 48 1 0
link 20842 24 0 20841 26 48 1 0
link 20842 28 0 20856 25 48 1 0
link 20842 29 0 20856 26 48 1 0
link 20843 25 49 20841 23 1 1 0
link 20843 26 49 20841 24 1 1 0
link 20844 25 0 20860 25 48 1 0
link 20844 25 49 20833 21 1 1 0
link 20844 26 0 20860 26 48 1 0
link 20844 26 49 20833 22 1 1 0
link 20845 0 7 20847 98 49 1 0
link 20845 0 8 20847 98 50 1 0
link 20845 3 0 20848 25 98 1 0
link 20845 4 0 20848 26 98 1 0
link 20845 8 0 20849 25 98 1 0
link 20845 9 0 20849 26 98 1 0
link 20845 13 0 20850 25 98 1 0
link 20845 14 0 20850 26 98 1 0
link 20845 17 0 20851 25 48 1 0
link 20845 18 0 20851 26 48 1 0
link 20845 22 0 20872 25 48 1 0
link 20845 23 0 20872 26 48 1 0
link 20845 24 15 20846 2 48 1 0
link 20845 24 16 20846 2 49 1 0
link 20846 0 48 20845 23 15 1 0
link 20846 0 49 20845 23 16 1 0
link 20847 99 49 20845 1 7 1 0
link 20847 99 50 20845 1 8 1 0
link 20848 25 99 20845 3 1 1 0
link 20848 26 99 20845 4 1 1 0
link 20849 25 99 20845 8 1 1 0
link 20849 26 99 20845 9 1 1 0
link 20850 25 99 20845 13 1 1 0
link 20850 26 99 20845 14 1 1 0
link 20851 23 0 20852 25 48 1 0
link 20851 24 0 20852 26 48 1 0
link 20851 25 49 20845 17 1 1 0
link 20851 26 49 20845 18 1 1 0
link 20852 0 23 20853 48 25 1 0
link 20852 0 24 20853 48 26 1 0
link 20852 25 49 20851 23 1 1 0
link 20852 26 49 20851 24 1 1 0
link 20853 23 0 20855 25 48 1 0
link 20853 24 0 20855 26 48 1 0
link 20853 25 49 20854 23 1 1 0
link 20853 26 49 20854 24 1 1 0
link 20853 49 25 20852 1 23 1 0
link 20853 49 26 20852 1 24 1 0
link 20854 23 0 20853 25 48 1 0
link 20854 24 0 20853 26 48 1 0
link 20854 28 0 20868 25 48 1 0
link 20854 29 0 20868 26 48 1 0
link 20855 25 49 20853 23 1 1 0
link 20855 26 49 20853 24 1 1 0
link 20856 25 0 20857 25 48 1 0
link 20856 25 49 20842 28 1 1 0
link 20856 26 0 20857 26 48 1 0
link 20856 26 49 20842 29 1 1 0
link 20857 25 0 20858 25 48 1 0
link 20857 25 49 20856 25 1 1 0
link 20857 26 0 20858 26 48 1 0
link 20857 26 49 20856 26 1 1 0
link 20858 25 0 20859 25 48 1 0
link 20858 25 49 20857 25 1 1 0
link 20858 26 0 20859 26 48 1 0
link 20858 26 49 20857 26 1 1 0
link 20859 25 49 20858 25 1 1 0
link 20859 26 49 20858 26 1 1 0
link 20860 25 0 20861 25 48 1 0
link 20860 25 49 20844 25 1 1 0
link 20860 26 0 20861 26 48 1 0
link 20860 26 49 20844 26 1 1 0
link 20861 25 0 20862 25 48 1 0
link 20861 25 49 20860 25 1 1 0
link 20861 26 0 20862 26 48 1 0
link 20861 26 49 20860 26 1 1 0
link 20862 20 0 20863 25 48 1 0
link 20862 21 0 20863 26 48 1 0
link 20862 25 0 20864 25 48 1 0
link 20862 25 49 20861 25 1 1 0
link 20862 26 0 20864 26 48 1 0
link 20862 26 49 20861 26 1 1 0
link 20863 25 49 20862 20 1 1 0
link 20863 26 49 20862 21 1 1 0
link 20864 25 0 20865 25 48 1 0
link 20864 25 49 20862 25 1 1 0
link 20864 26 0 20865 26 48 1 0
link 20864 26 49 20862 26 1 1 0
link 20865 20 0 20866 25 48 1 0
link 20865 21 0 20866 26 48 1 0
link 20865 25 0 20867 25 48 1 0
link 20865 25 49 20864 25 1 1 0
link 20865 26 0 20867 26 48 1 0
link 20865 26 49 20864 26 1 1 0
link 20866 25 49 20865 20 1 1 0
link 20866 26 49 20865 21 1 1 0
link 20867 25 49 20865 25 1 1 0
link 20867 26 49 20865 26 1 1 0
link 20868 25 0 20869 25 48 1 0
link 20868 25 49 20854 28 1 1 0
link 20868 26 0 20869 26 48 1 0
link 20868 26 49 20854 29 1 1 0
link 20869 25 0 20870 25 48 1 0
link 20869 25 49 20868 25 1 1 0
link 20869 26 0 20870 26 48 1 0
link 20869 26 49 20868 26 1 1 0
link 20870 25 0 20871 25 48 1 0
link 20870 25 49 20869 25 1 1 0
link 20870 26 0 20871 26 48 1 0
link 20870 26 49 20869 26 1 1 0
link 20871 25 49 20870 25 1 1 0
link 20871 26 49 20870 26 1 1 0
link 20872 25 0 20873 25 48 1 0
link 20872 25 49 20845 22 1 1 0
link 20872 26 0 20873 26 48 1 0
link 20872 26 49 20845 23 1 1 0
link 20873 25 0 20874 25 48 1 0
link 20873 25 49 20872 25 1 1 0
link 20873 26 0 20874 26 48 1 0
link 20873 26 49 20872 26 1 1 0
link 20874 25 0 20875 25 48 1 0
link 20874 25 49 20873 25 1 1 0
link 20874 26 0 20875 26 48 1 0
link 20874 26 49 20873 26 1 1 0
link 20875 20 0 20876 25 48 1 0
link 20875 21 0 20876 26 48 1 0
link 20875 25 0 20877 25 48 1 0
link 20875 25 49 20874 25 1 1 0
link 20875 26 0 20877 26 48 1 0
link 20875 26 49 20874 26 1 1 0
link 20876 25 49 20875 20 1 1 0
link 20876 26 49 20875 21 1 1 0
link 20877 25 0 20878 25 48 1 0
link 20877 25 49 20875 25 1 1 0
link 20877 26 0 20878 26 48 1 0
link 20877 26 49 20875 26 1 1 0
link 20878 20 0 20879 25 48 1 0
link 20878 21 0 20879 26 48 1 0
link 20878 25 0 20880 25 48 1 0
link 20878 25 49 20877 25 1 1 0
link 20878 26 0 20880 26 48 1 0
link 20878 26 49 20877 26 1 1 0
link 20879 25 49 20878 20 1 1 0
link 20879 26 49 20878 21 1 1 0
link 20880 25 49 20878 25 1 1 0
link 20880 26 49 20878 26 1 1 0
gate 2 69 30
gate 2 69 31
gate 2 69 32
gate 2 69 33
gate 2 69 34
gate 2 69 35
gate 2 69 36
gate 2 69 37
gate 2 69 38
gate 3 14 137
gate 3 15 137
gate 20028 9 23
gate 20028 10 23
gate 20028 11 23
gate 20030 69 22
gate 20030 69 23
gate 20030 69 24
gate 20030 69 25
gate 20033 39 15
gate 20033 39 16
gate 20033 39 17
gate 20033 39 18
gate 20046 3 4
gate 20046 4 3
gate 20046 4 5
gate 20046 5 4
gate 20116 0 4
gate 20116 4 0
gate 20116 4 8
gate 20116 8 4
gate 20287 99 26
gate 20287 99 27
gate 20287 99 28
gate 20287 99 29
gate 20304 99 29
gate 20304 99 30
gate 20304 99 31
gate 20304 99 32
gate 20304 99 33
gate 20304 99 34
gate 20304 99 35
gate 20304 99 36
gate 20304 99 37
gate 20311 0 8
gate 20311 0 9
gate 20311 0 10
gate 20311 0 11
gate 20311 0 12
gate 20311 0 13
gate 20319 99 64
gate 20319 99 65
gate 20319 99 66
gate 20319 99 67
gate 20319 99 68
gate 20319 99 69
gate 20329 53 88
gate 20329 54 88
gate 20329 55 88
gate 20338 28 0
gate 20338 29 0
gate 20338 30 0
gate 20355 39 0
gate 20355 40 0
gate 20355 41 0
gate 20363 21 99
gate 20363 22 99
gate 20363 23 99
gate 20372 99 49
gate 20372 99 50
gate 20372 99 51
gate 20373 63 49
gate 20398 21 29
gate 20398 22 29
gate 20398 23 29
gate 20398 24 29
gate 20466 41 42
gate 20466 41 43
gate 20489 32 57
gate 20489 33 57
gate 20489 34 57
gate 20489 35 57
gate 20489 36 57
gate 20489 37 57
gate 20489 38 57
gate 20489 39 57
gate 20489 40 57
gate 20489 41 57
gate 20489 42 57
gate 20489 43 57
gate 20489 44 57
gate 20489 45 57
gate 20489 46 57
gate 20489 47 57
gate 20582 13 0
gate 20582 14 0
gate 20582 15 0
gate 20582 16 0
gate 20653 47 99
gate 20653 48 99
gate 20653 49 99
gate 20653 50 99
gate 20833 11 24
gate 20833 12 24
gate 20845 11 24
gate 20845 12 24
field 20015 2 35 1 0
field 20016 2 10 1 0
field 20017 2 10 1 0
field 20020 38 97 1 0
field 20022 97 46 1 0
field 20023 38 97 1 0
field 20024 38 97 1 0
field 20025 38 97 1 0
field 20026 38 97 1 0
field 20028 10 21 1 0
field 20030 58 22 1 0
field 20263 33 47 21 51
field 20264 22 47 21 51
field 20265 37 67 21 51
field 20266 1 13 21 51
field 20267 1 15 21 51
field 20268 24 28 21 51
field 20287 50 50 1 0
field 20304 89 32 1 0
field 20355 40 11 1 0
field 20373 34 34 1 0
field 20455 47 13 71 0
field 20456 2 9 71 0
field 20457 26 47 71 0
field 20458 36 47 71 0
field 20459 2 7 71 0
field 20460 29 47 71 0
field 20461 26 47 71 0
field 20462 21 47 71 0
field 20463 37 47 71 0
field 20464 36 47 71 0
field 20465 9 47 71 0
field 20466 28 25 71 0
field 20584 47 13 51 80
field 20585 47 18 51 80
field 20586 27 47 51 80
field 20587 37 47 51 80
field 20588 10 47 51 80
field 20589 30 47 51 80
field 20590 27 47 51 80
field 20591 22 47 51 80
field 20592 38 47 51 80
field 20593 37 47 51 80
field 20594 10 47 51 80
field 20595 38 41 51 80
field 20679 42 2 99 0
field 20680 23 95 99 0
field 20681 66 95 99 0
field 20682 53 95 99 0
field 20683 11 17 99 0
field 20797 88 3 99 0
field 20798 92 46 99 0
field 20799 47 98 99 0
field 20800 47 98 99 0
field 20801 3 52 99 0
field 20802 52 56 99 0
field 20803 91 3 99 0
field 20804 93 59 99 0
field 20805 69 87 99 0
field 20806 3 52 99 0
field 20807 4 80 99 0
field 20808 3 55 99 0
field 20809 16 6 99 0
field 20810 11 41 99 0
field 20811 58 4 99 0
field 20812 15 34 99 0
field 20813 46 98 99 0
field 20814 69 87 99 0
field 20815 26 92 99 0
field 20816 3 52 99 0
field 20817 4 80 99 0
field 20818 27 4 99 0
field 20819 91 3 99 0
field 20820 27 4 99 0
field 20821 3 52 99 0
field 20822 58 4 99 0
field 20823 14 35 99 0
field 20824 14 53 99 0
field 20825 3 52 99 0
field 20826 52 56 99 0
field 20827 4 80 99 0
field 20828 26 90 99 0
field 20829 26 92 99 0
field 20830 12 9 99 0
field 20831 26 92 99 0
field 20832 18 47 99 0
field 20833 10 16 1 0
field 20834 2 48 1 0
field 20835 98 49 1 0
field 20836 25 98 1 0
field 20837 25 98 1 0
field 20838 25 98 1 0
field 20839 23 1 1 0
field 20840 25 48 1 0
field 20841 48 25 1 0
field 20842 28 1 1 0
field 20843 25 48 1 0
field 20844 25 1 1 0
field 20845 10 16 1 0
field 20846 2 48 1 0
field 20847 98 49 1 0
field 20848 25 98 1 0
field 20849 25 98 1 0
field 20850 25 98 1 0
field 20851 23 1 1 0
field 20852 25 48 1 0
field 20853 48 25 1 0
field 20854 28 1 1 0
field 20855 25 48 1 0
field 20856 25 1 1 0
field 20857 25 48 1 0
field 20858 25 48 1 0
field 20859 25 48 1 0
field 20860 25 48 1 0
field 20861 25 48 1 0
field 20862 25 48 1 0
field 20863 25 48 1 0
field 20864 25 48 1 0
field 20865 25 48 1 0
field 20866 25 48 1 0
field 20867 25 48 1 0
field 20868 25 1 1 0
field 20869 25 48 1 0
field 20870 25 48 1 0
field 20871 25 48 1 0
field 20872 25 1 1 0
field 20873 25 48 1 0
field 20874 25 48 1 0
field 20875 25 48 1 0
field 20876 25 48 1 0
field 20877 25 48 1 0
field 20878 25 48 1 0
field 20879 25 48 1 0
field 20880 25 48 1 0
block 20267 26 0
block 20267 27 0
block 20719 22 10
block 20719 23 10
block 20719 24 10
block 20719 25 10
block 20719 26 10
