# lod20585 — tools/dat-extract layout 이 만든다. 손으로 고치지 말 것.
size 50 50
blocked
..................####....##..........############
##................####....##..........############
#.................####....##..........#.###..#####
.................###......##..##............######
......................#....#..#####.#...#...######
..............................#######.......#.#.##
..............................##..###.............
####.................#.............##.........####
###........#........##..............#.........###.
....................##..............#.#.......##..
....#..................#...........####...........
...............................................#..
...............................................###
..............................................####
###...........................................####
###.............####...........................###
###...........#####...........................##.#
#............#######..............................
#............######...............................
#............#######..............................
.............######.....................##........
............##..####...................###..##....
######..........##......................#...#####.
########........####.......###................####
########....................######.............###
#########....................####..............###
##########...................##.................#.
##########........................................
##########........................................
##########....#..###.....#........................
##########.......#.#....##........................
##########........................................
###########.....................................#.
########################......####..............#.
#########################..########.............#.
####################################..............
#####################################.............
#####################################.............
#####################################.............
#####################################.............
#####################################.............
#####################################.....#.......
#####################################.............
######################################............
##########################################......##
############################################..####
##################################################
##################################################
##################################################
##################################################
floor
10769 10770 10315 10323 10331 10339 10347 10355 10301 10309 10317 10325 10333 10341 10349 10357 10422 9788 9790 9792 9776 9779 10985 10989 10993 10997 10452 9785 10468 10341 10757 10759 10762 10307 10315 10323 10331 10298 10433 10441 10449 9879 9852 9879 9880 9880 9879 10357 10422 10430
10810 10306 10314 10322 10330 10338 10346 10354 10300 10308 10316 9888 9897 9903 10348 10356 10421 10429 9789 9791 10453 10461 10984 10988 10992 10996 10451 10459 10467 10756 10348 10758 10761 10765 10314 10322 10330 10449 10457 10440 9879 9879 9879 9879 9879 9879 10323 9879 10339 10347
10809 10811 10313 10321 10329 10337 10345 10353 10299 10307 10315 9887 9896 9902 9906 10355 10420 10428 10436 10444 10452 10460 10983 10987 10991 10995 10450 10458 10466 10347 10355 10355 10760 10764 10444 10452 10460 10448 10456 10439 10447 9879 9879 9853 9880 9879 9879 9879 10338 10346
10808 10304 10312 10320 10328 10299 10738 10315 10323 10331 10339 9886 9895 9901 9905 10315 10323 10331 10339 10347 10355 9845 10982 10986 10990 10994 10449 10457 10465 10346 10354 10354 10296 10763 10767 10451 10459 10447 10455 10311 10319 10449 10457 10465 9879 9879 10321 10329 10337 10345
9775 9778 9781 10319 10327 10298 10306 10314 10322 10330 10338 9885 9894 9900 9904 10314 10322 10330 10352 10417 10774 10433 10441 10449 10457 10440 10448 10456 10464 10345 10353 10353 10295 10434 10766 10753 10458 10466 10343 10432 10465 10448 10456 10464 10304 9879 9879 9879 9879 10344
9774 9777 10853 10856 10858 10297 10305 10313 10321 10329 10337 10345 9893 9899 10305 10313 10321 10329 10351 10416 10773 10776 10440 10448 10456 10439 10447 10455 10463 10344 9879 10805 10294 10433 10441 10752 10805 10465 10342 10431 10439 10447 10455 10463 9879 10311 9879 10327 9879 9879
10422 9776 9779 10855 10857 10296 10304 10312 10320 10328 10336 10344 9892 9898 10304 10312 10320 10328 10350 10415 10772 10775 10439 10447 10455 10311 10319 10327 10335 10343 10351 10357 10422 10432 10805 10448 10456 10464 9845 10478 10301 10737 10317 10294 10317 10310 10318 10326 10334 10342
10421 10429 10437 10854 10453 10295 10303 10311 10319 10327 10335 9884 9891 10295 10303 10311 10319 10327 10478 10301 10752 10754 10325 10333 10341 10310 10318 10732 10334 10342 10350 10356 10421 10431 9788 9790 9792 9841 9844 10477 10300 10308 10316 10324 10332 10340 0 9879 10421 9879
10420 10428 10436 10444 10452 10294 10302 10310 10341 10349 10357 9883 9890 10294 10302 10310 10318 10326 10477 10300 10308 10316 10853 10856 10858 10307 10315 10323 10331 10339 10347 10355 10420 10428 10436 9789 9791 9840 9843 9846 10299 10307 10315 10323 10331 10339 10347 10355 10458 10428
11002 11006 11010 11014 10451 10459 10467 10475 10340 10348 10356 9854 9889 10338 10346 10354 10419 10427 10476 10299 10307 10315 10323 10855 10857 10306 10314 10322 10330 10338 10346 10354 10419 10427 10435 10443 10451 9839 9842 10475 10298 10306 10314 10322 10330 10338 10346 10354 10419 10427
11001 11005 11009 11013 10450 10458 10466 10474 10450 10347 10355 9853 10329 10337 10345 10353 10418 10426 10475 10298 10306 10314 10322 10854 10338 10305 10313 10321 10329 10337 10345 10353 10418 10426 10434 10442 10450 10806 10799 10474 10297 10305 10313 10321 10329 9788 9790 9792 10797 10801
11000 11004 11008 11012 10449 10457 10465 10473 10450 10347 10343 10351 10328 10336 10344 10352 10417 10735 10433 10441 10449 10457 10465 10473 10296 10304 10312 10320 10328 10336 10344 10352 10417 10425 10433 10441 10449 10294 10295 10473 10296 10304 10312 10320 10328 10774 9789 10747 10776 10800
10999 11003 11007 11011 10448 10456 10464 10472 10295 10303 10311 10319 10327 10335 10343 10351 10416 10424 10432 10440 10448 10456 10464 10472 10295 10303 10311 10319 10327 10335 10343 10351 10416 10424 10432 10440 10448 10456 10464 10472 10295 10303 10311 10319 10327 10773 10776 10351 9785 10799
9783 9786 10444 10452 10447 10455 10463 10471 10294 10302 10310 10318 10326 10742 10744 10746 10748 10423 10431 10439 10447 10455 10463 10471 10294 10302 10310 10318 10326 10334 10342 10350 10415 10423 10431 10439 10447 10455 10463 10356 10294 10302 10310 10318 10326 10772 10775 10350 10415 10798
10427 9785 10443 10451 10333 10341 10349 10357 10422 10430 10733 10446 10739 10741 10743 10745 10747 10749 10750 10325 10333 10341 10349 10357 10422 10430 10438 10446 10454 10462 10470 10478 10301 10309 10317 10308 10316 10324 10332 10340 10348 10356 10421 10446 10454 10462 10470 10478 10301 10309
10426 10434 10442 10450 10332 10340 10348 10356 10421 10429 10437 10445 10453 10740 10469 10477 10300 10308 10316 10324 10332 10340 10348 10356 10421 10429 10437 10445 10453 10461 10469 10477 10300 10308 10316 10307 10315 10323 10779 10784 10790 10355 10420 10445 10453 10461 10769 10770 10805 10308
10418 10426 10799 10340 10450 10450 10347 10355 10420 10428 10436 10444 10452 10460 10468 10476 10299 10307 10315 10803 10331 10339 10347 10355 10420 10428 10436 10444 10452 10737 10468 10476 10299 10307 10315 10306 10314 10322 10778 10783 10789 10793 10419 10444 10452 10460 10468 10476 10299 10458
10417 10425 10796 10340 10449 10731 10346 10354 10419 10427 10435 10443 10451 10459 10467 10475 10298 10306 10805 10802 10330 10338 10346 10354 10419 10427 10435 10443 10451 10459 10467 10475 10298 10306 10314 10305 10313 10321 10777 10782 10788 10353 10418 10443 10451 10459 11036 11040 11044 11048
10805 10305 10313 10340 10329 10730 10345 10353 10418 10426 10434 10442 9845 10458 10466 10474 10297 10305 10313 10810 10329 10337 10345 10353 10418 10426 10434 10442 10450 10458 10466 10474 10297 10456 10464 10304 10312 10320 10328 10781 10787 10792 10794 10442 10450 10458 11035 11039 11043 11047
10809 10811 10312 10798 10328 10336 10344 10352 10417 10425 10433 9841 9844 10457 10465 10473 10296 10304 10312 10809 10811 10336 10344 10352 10417 10774 10433 10441 10449 10457 10465 10473 10296 10455 10463 10303 10311 10319 10327 10780 10786 10791 10416 10441 10449 10457 11034 11038 11042 11046
10808 10303 10311 10319 10327 10335 10343 10351 10416 10424 10432 9840 9843 9846 10464 10472 10295 10303 10311 10808 10327 10335 10343 10351 10319 10327 10335 10343 10757 10759 10762 10472 10295 10434 10442 10302 10354 10419 10347 10810 9849 9851 9854 10440 10736 10456 11033 11037 11041 11045
9930 9935 9940 9945 10191 10196 10204 10212 10220 10228 10236 9839 9842 10805 10463 10471 10294 10302 10310 10318 10326 10334 10342 10350 10318 10326 10853 10856 10858 10758 10761 10765 10294 10433 10441 10456 10464 10418 10346 10809 10809 9850 9853 10439 10447 10455 11033 10763 10767 11045
9929 9934 9939 9944 10190 10195 10203 10211 10219 10227 10235 10474 10734 10348 10349 10357 10422 10430 10769 10770 10454 10462 10470 10478 10315 10323 10331 10855 10857 10355 10760 10764 10422 10432 10440 10455 10463 10417 10425 10808 10809 10354 10300 10325 10333 10341 10349 10357 10766 10430
9920 9933 9938 9943 10189 10194 10202 10210 10218 10226 10234 10324 10332 10340 10348 10356 10421 10429 10437 10445 10453 10461 10469 10477 10314 10322 10330 10854 10346 10354 10348 10763 10767 10429 10352 10417 10425 10418 10346 10354 10300 10308 10316 10324 10332 10340 10348 10356 10421 9785
9928 9932 9937 9942 10188 10193 10201 10209 10217 10225 10233 10323 10331 10339 10347 10355 10420 10428 10436 10444 10452 10738 10468 10476 10313 10321 10329 10337 10345 10353 10347 10355 10766 10806 10436 10353 10352 10417 10418 10298 10299 10307 10315 10323 10331 10339 10347 10355 10420 10428
9927 9931 9936 9941 10187 10192 10200 10208 10216 10224 10232 10322 10330 10338 10346 10354 10419 10312 10435 10443 10451 10459 10467 10475 10312 10320 10328 10336 10344 10352 10346 10354 10419 10427 10435 10443 10353 10418 10426 10475 10298 10306 10314 10322 10330 10338 10346 10354 10419 10427
7961 7945 7950 7955 7960 7965 10199 10207 10215 10223 10231 10321 10329 10337 10345 10353 10418 10304 10434 10442 10450 10458 10466 10474 10297 10305 10313 10321 10329 10337 10809 10353 10418 10426 10434 10442 10450 10458 10466 10474 10297 10305 10313 10321 10329 10337 10345 10353 10418 10426
7965 7945 7950 7955 7960 7965 10198 10206 10214 10222 10230 10320 10328 9830 9835 10352 10417 10425 10433 10441 10449 10457 10465 10473 10296 10304 10312 10320 10328 10336 10808 10352 10417 10425 10433 10441 10449 10457 10465 10473 10296 10304 10312 10320 10328 10336 10824 10831 10417 10425
7964 7944 7949 7954 7959 7964 10197 10205 10213 10221 10229 10319 9825 9829 9834 10351 10416 10424 10432 10440 10448 10456 10464 10472 10295 9852 10311 10319 10327 10335 10343 10351 10416 10424 10432 10440 10448 10456 10734 10472 10295 10303 10311 10319 10327 10817 10823 10830 10837 10842
7963 7943 7948 7953 7958 7963 10245 10253 10261 10269 10277 9821 9824 9828 9833 9837 10415 10805 10431 10439 10447 10455 10463 10471 9849 9851 9854 10318 10735 10334 10423 10350 10415 10423 10431 10439 10447 10455 10463 10471 10294 10302 10310 10318 10326 10816 10822 10829 10836 10841
7962 8179 7947 7952 7957 7962 10244 10252 10260 10268 10276 10446 9823 9827 9832 9836 10301 10809 10317 10325 10333 10733 10349 10357 9848 9850 9853 10446 10454 10462 10297 10305 10313 10321 10329 10337 10345 10353 10418 10426 10434 10442 10450 10458 10466 10815 10821 10828 10835 10840
7961 8178 7946 7951 7956 7961 10243 10251 10259 10267 10275 10738 9822 9826 9831 10477 10300 10308 10316 10734 10332 10340 10348 10356 10731 10429 10437 10737 10453 10461 10296 10304 10312 10320 10328 10336 10344 10352 10417 10425 10433 10441 10449 10457 10465 10814 10820 10827 10834 10839
7965 7945 7950 7955 7960 7965 10242 10250 10258 10266 10274 10282 10287 10292 9911 9916 9921 9926 9930 9935 9940 9945 9951 9956 10730 9966 9971 9976 9981 9986 10186 10191 10196 10204 10212 10220 10228 10236 10416 10424 10432 10440 10448 10456 10464 10813 10819 10826 10833 10838
7964 7944 7949 7954 7959 7964 10241 10249 10257 10265 10273 10281 10286 10291 9910 9915 9920 9925 9929 9934 9939 9944 9950 9955 9960 9965 9970 9975 9980 9985 10185 10190 10195 10203 10211 10219 10227 10235 10415 10423 10431 10439 10447 10455 10463 10471 10818 10825 10832 10736
7963 7943 7948 7953 7958 7963 10240 10248 10256 10264 10272 10280 10285 10290 9909 9914 9919 9924 9920 9933 9938 9943 9949 9954 9959 9964 9969 9974 9979 9984 10184 10189 10194 10202 10210 10218 10226 10234 10301 10309 10317 10325 10333 10341 10349 10357 10422 10430 10438 10446
7962 8179 7947 7952 7957 7962 10239 10247 10255 10263 10271 10279 10284 10289 9908 9913 9918 9923 9928 9932 9937 9942 9948 9953 9958 9963 9968 9973 9978 9983 10183 10188 10193 10201 10209 10217 10225 10233 10300 10308 9860 9864 9871 10340 10348 10356 10421 10429 10437 10445
7961 8178 7946 7951 7956 7961 10238 10246 10254 10262 10270 10278 10283 10288 9907 9912 9917 9922 9927 9931 9936 9941 9947 9952 9957 9962 9967 9972 9977 9982 10182 10187 10192 10200 10208 10216 10224 10232 10299 9856 9859 9863 9870 9877 10347 10355 10420 10428 10436 10444
7965 7945 7950 7955 7960 7965 7945 7950 7955 7960 7965 7945 7950 7955 7945 7950 7955 7960 7965 7945 7950 7955 7945 7950 7955 7960 7965 7965 7945 7950 7955 7960 7965 10199 10207 10215 10223 10231 10298 10306 9858 9862 9869 9876 10346 10434 10442 10427 10435 10443
7964 7944 7949 7954 7959 7964 7944 7949 7954 7959 7964 7944 7949 7954 7944 7949 7954 7959 7964 7944 7949 7954 7944 7949 7954 7959 7964 7964 7944 7949 7954 7959 7964 10198 10206 10214 10222 10230 10297 10305 9857 9861 9868 9875 10345 10433 10441 10811 10434 10442
7963 7943 7948 7953 7958 7963 7943 7948 7953 7958 7963 7943 7948 7953 7943 7948 7953 7958 7963 7943 7948 7953 7943 7948 7953 7958 7963 7963 7943 7948 7953 7958 7963 10197 10205 10213 10221 10229 10296 10304 10312 10320 9867 9874 10344 10352 10349 10349 10433 10441
7962 8179 7947 7952 7957 7962 8179 7947 7952 7957 7962 8179 7947 7952 8179 7947 7952 7957 7962 8179 7947 7952 8179 7947 7952 7957 7962 7962 8179 7947 7952 7957 7962 10245 10253 10261 10269 10730 10295 10303 10311 10319 9866 9873 10343 10351 10416 10424 10735 10440
7961 8178 7946 7951 7956 7961 8178 7946 7951 7956 7961 8178 7946 7951 8178 7946 7951 7956 7961 8178 7946 7951 8178 7946 7951 7956 7961 7961 8178 7946 7951 7956 7961 10244 10252 10260 10268 10276 10294 10732 10310 10318 9865 9872 10342 10737 10415 10423 10431 10439
7965 7945 7950 7955 7960 7965 7945 7950 7955 7960 7965 7945 7950 7955 7945 7950 7955 7960 7965 7945 7950 7955 7960 7945 7950 7955 7960 7965 7945 7950 7955 7960 7965 10243 10251 10259 10267 10275 10422 10430 10438 10446 10441 10462 10470 10478 10301 10309 10317 10325
7964 7944 7949 7954 7959 7964 7944 7949 7954 7959 7964 7944 7949 7954 7944 7949 7954 7959 7964 7944 7949 7954 7959 7944 7949 7954 7959 7964 7944 7949 7954 7959 7964 10242 10250 10258 10266 10274 10282 10287 10292 9951 9956 9961 10731 9971 9976 9981 9986 10622
7963 7943 7948 7953 7958 7963 7943 7948 7953 7958 7963 7943 7948 7953 7943 7948 7953 7958 7963 7943 7948 7953 7958 7943 7948 7953 7958 7963 7943 7948 7953 7958 7963 10241 10249 10257 10265 10273 10281 10286 10291 9950 9955 9960 10730 9970 9975 9980 9985 10621
7962 8179 7947 7952 7957 7962 8179 7947 7952 7957 7962 8179 7947 7952 8179 7947 7952 7957 7962 8179 7947 7952 7957 8179 7947 7952 7957 7962 8179 7947 7952 7957 7962 10240 10248 10256 10264 10272 10280 10285 10290 9949 9954 9959 9964 9969 9974 9979 9984 10620
7961 8178 7946 7951 7956 7961 8178 7946 7951 7956 7961 8178 7946 7951 8178 7946 7951 7956 7961 8178 7946 7951 7956 8178 7946 7951 7956 7961 8178 7946 7951 7956 7961 10239 10247 10255 10263 10271 10279 10284 10289 9948 9953 9958 9963 9968 9973 9978 9983 10619
7965 7945 7950 7955 7960 7965 7945 7950 7955 7960 7965 7960 7965 7945 7963 7950 7955 7960 7965 7945 7950 7955 7960 7965 7950 7955 7960 7965 7945 7950 7955 7960 7965 10238 10246 10254 10262 10270 10278 10283 10288 9947 9952 9957 9962 9967 9972 9977 9982 10618
7964 7944 7949 7954 7959 7964 7944 7949 7954 7959 7964 7959 7964 7944 7944 7949 7954 7959 7964 7944 7949 7954 7959 7964 7949 7954 7959 7964 7944 7949 7954 7959 7964 7945 7950 7955 7960 7965 7945 7950 7955 7945 7950 7955 7960 7965 7945 7950 7955 7960
7963 7943 7948 7953 7958 7963 7943 7948 7953 7958 7963 7958 7963 7943 7943 7948 7953 7958 7963 7943 7948 7953 7958 7963 7948 7953 7958 7963 7943 7948 7953 7958 7963 7944 7949 7954 7959 7964 7944 7949 7954 7944 7949 7954 7959 7964 7944 7949 7954 7959
tile 7943 0 0
tile 7944 56 0
tile 7945 112 0
tile 7946 168 0
tile 7947 224 0
tile 7948 280 0
tile 7949 336 0
tile 7950 392 0
tile 7951 448 0
tile 7952 504 0
tile 7953 560 0
tile 7954 616 0
tile 7955 672 0
tile 7956 728 0
tile 7957 784 0
tile 7958 840 0
tile 7959 896 0
tile 7960 952 0
tile 7961 1008 0
tile 7962 1064 0
tile 7963 1120 0
tile 7964 1176 0
tile 7965 1232 0
tile 8178 1288 0
tile 8179 1344 0
tile 9774 0 27
tile 9775 56 27
tile 9776 112 27
tile 9777 168 27
tile 9778 224 27
tile 9779 280 27
tile 9781 336 27
tile 9783 392 27
tile 9785 448 27
tile 9786 504 27
tile 9788 560 27
tile 9789 616 27
tile 9790 672 27
tile 9791 728 27
tile 9792 784 27
tile 9821 840 27
tile 9822 896 27
tile 9823 952 27
tile 9824 1008 27
tile 9825 1064 27
tile 9826 1120 27
tile 9827 1176 27
tile 9828 1232 27
tile 9829 1288 27
tile 9830 1344 27
tile 9831 0 54
tile 9832 56 54
tile 9833 112 54
tile 9834 168 54
tile 9835 224 54
tile 9836 280 54
tile 9837 336 54
tile 9839 392 54
tile 9840 448 54
tile 9841 504 54
tile 9842 560 54
tile 9843 616 54
tile 9844 672 54
tile 9845 728 54
tile 9846 784 54
tile 9848 840 54
tile 9849 896 54
tile 9850 952 54
tile 9851 1008 54
tile 9852 1064 54
tile 9853 1120 54
tile 9854 1176 54
tile 9856 1232 54
tile 9857 1288 54
tile 9858 1344 54
tile 9859 0 81
tile 9860 56 81
tile 9861 112 81
tile 9862 168 81
tile 9863 224 81
tile 9864 280 81
tile 9865 336 81
tile 9866 392 81
tile 9867 448 81
tile 9868 504 81
tile 9869 560 81
tile 9870 616 81
tile 9871 672 81
tile 9872 728 81
tile 9873 784 81
tile 9874 840 81
tile 9875 896 81
tile 9876 952 81
tile 9877 1008 81
tile 9879 1064 81
tile 9880 1120 81
tile 9883 1176 81
tile 9884 1232 81
tile 9885 1288 81
tile 9886 1344 81
tile 9887 0 108
tile 9888 56 108
tile 9889 112 108
tile 9890 168 108
tile 9891 224 108
tile 9892 280 108
tile 9893 336 108
tile 9894 392 108
tile 9895 448 108
tile 9896 504 108
tile 9897 560 108
tile 9898 616 108
tile 9899 672 108
tile 9900 728 108
tile 9901 784 108
tile 9902 840 108
tile 9903 896 108
tile 9904 952 108
tile 9905 1008 108
tile 9906 1064 108
tile 9907 1120 108
tile 9908 1176 108
tile 9909 1232 108
tile 9910 1288 108
tile 9911 1344 108
tile 9912 0 135
tile 9913 56 135
tile 9914 112 135
tile 9915 168 135
tile 9916 224 135
tile 9917 280 135
tile 9918 336 135
tile 9919 392 135
tile 9920 448 135
tile 9921 504 135
tile 9922 560 135
tile 9923 616 135
tile 9924 672 135
tile 9925 728 135
tile 9926 784 135
tile 9927 840 135
tile 9928 896 135
tile 9929 952 135
tile 9930 1008 135
tile 9931 1064 135
tile 9932 1120 135
tile 9933 1176 135
tile 9934 1232 135
tile 9935 1288 135
tile 9936 1344 135
tile 9937 0 162
tile 9938 56 162
tile 9939 112 162
tile 9940 168 162
tile 9941 224 162
tile 9942 280 162
tile 9943 336 162
tile 9944 392 162
tile 9945 448 162
tile 9947 504 162
tile 9948 560 162
tile 9949 616 162
tile 9950 672 162
tile 9951 728 162
tile 9952 784 162
tile 9953 840 162
tile 9954 896 162
tile 9955 952 162
tile 9956 1008 162
tile 9957 1064 162
tile 9958 1120 162
tile 9959 1176 162
tile 9960 1232 162
tile 9961 1288 162
tile 9962 1344 162
tile 9963 0 189
tile 9964 56 189
tile 9965 112 189
tile 9966 168 189
tile 9967 224 189
tile 9968 280 189
tile 9969 336 189
tile 9970 392 189
tile 9971 448 189
tile 9972 504 189
tile 9973 560 189
tile 9974 616 189
tile 9975 672 189
tile 9976 728 189
tile 9977 784 189
tile 9978 840 189
tile 9979 896 189
tile 9980 952 189
tile 9981 1008 189
tile 9982 1064 189
tile 9983 1120 189
tile 9984 1176 189
tile 9985 1232 189
tile 9986 1288 189
tile 10182 1344 189
tile 10183 0 216
tile 10184 56 216
tile 10185 112 216
tile 10186 168 216
tile 10187 224 216
tile 10188 280 216
tile 10189 336 216
tile 10190 392 216
tile 10191 448 216
tile 10192 504 216
tile 10193 560 216
tile 10194 616 216
tile 10195 672 216
tile 10196 728 216
tile 10197 784 216
tile 10198 840 216
tile 10199 896 216
tile 10200 952 216
tile 10201 1008 216
tile 10202 1064 216
tile 10203 1120 216
tile 10204 1176 216
tile 10205 1232 216
tile 10206 1288 216
tile 10207 1344 216
tile 10208 0 243
tile 10209 56 243
tile 10210 112 243
tile 10211 168 243
tile 10212 224 243
tile 10213 280 243
tile 10214 336 243
tile 10215 392 243
tile 10216 448 243
tile 10217 504 243
tile 10218 560 243
tile 10219 616 243
tile 10220 672 243
tile 10221 728 243
tile 10222 784 243
tile 10223 840 243
tile 10224 896 243
tile 10225 952 243
tile 10226 1008 243
tile 10227 1064 243
tile 10228 1120 243
tile 10229 1176 243
tile 10230 1232 243
tile 10231 1288 243
tile 10232 1344 243
tile 10233 0 270
tile 10234 56 270
tile 10235 112 270
tile 10236 168 270
tile 10238 224 270
tile 10239 280 270
tile 10240 336 270
tile 10241 392 270
tile 10242 448 270
tile 10243 504 270
tile 10244 560 270
tile 10245 616 270
tile 10246 672 270
tile 10247 728 270
tile 10248 784 270
tile 10249 840 270
tile 10250 896 270
tile 10251 952 270
tile 10252 1008 270
tile 10253 1064 270
tile 10254 1120 270
tile 10255 1176 270
tile 10256 1232 270
tile 10257 1288 270
tile 10258 1344 270
tile 10259 0 297
tile 10260 56 297
tile 10261 112 297
tile 10262 168 297
tile 10263 224 297
tile 10264 280 297
tile 10265 336 297
tile 10266 392 297
tile 10267 448 297
tile 10268 504 297
tile 10269 560 297
tile 10270 616 297
tile 10271 672 297
tile 10272 728 297
tile 10273 784 297
tile 10274 840 297
tile 10275 896 297
tile 10276 952 297
tile 10277 1008 297
tile 10278 1064 297
tile 10279 1120 297
tile 10280 1176 297
tile 10281 1232 297
tile 10282 1288 297
tile 10283 1344 297
tile 10284 0 324
tile 10285 56 324
tile 10286 112 324
tile 10287 168 324
tile 10288 224 324
tile 10289 280 324
tile 10290 336 324
tile 10291 392 324
tile 10292 448 324
tile 10294 504 324
tile 10295 560 324
tile 10296 616 324
tile 10297 672 324
tile 10298 728 324
tile 10299 784 324
tile 10300 840 324
tile 10301 896 324
tile 10302 952 324
tile 10303 1008 324
tile 10304 1064 324
tile 10305 1120 324
tile 10306 1176 324
tile 10307 1232 324
tile 10308 1288 324
tile 10309 1344 324
tile 10310 0 351
tile 10311 56 351
tile 10312 112 351
tile 10313 168 351
tile 10314 224 351
tile 10315 280 351
tile 10316 336 351
tile 10317 392 351
tile 10318 448 351
tile 10319 504 351
tile 10320 560 351
tile 10321 616 351
tile 10322 672 351
tile 10323 728 351
tile 10324 784 351
tile 10325 840 351
tile 10326 896 351
tile 10327 952 351
tile 10328 1008 351
tile 10329 1064 351
tile 10330 1120 351
tile 10331 1176 351
tile 10332 1232 351
tile 10333 1288 351
tile 10334 1344 351
tile 10335 0 378
tile 10336 56 378
tile 10337 112 378
tile 10338 168 378
tile 10339 224 378
tile 10340 280 378
tile 10341 336 378
tile 10342 392 378
tile 10343 448 378
tile 10344 504 378
tile 10345 560 378
tile 10346 616 378
tile 10347 672 378
tile 10348 728 378
tile 10349 784 378
tile 10350 840 378
tile 10351 896 378
tile 10352 952 378
tile 10353 1008 378
tile 10354 1064 378
tile 10355 1120 378
tile 10356 1176 378
tile 10357 1232 378
tile 10415 1288 378
tile 10416 1344 378
tile 10417 0 405
tile 10418 56 405
tile 10419 112 405
tile 10420 168 405
tile 10421 224 405
tile 10422 280 405
tile 10423 336 405
tile 10424 392 405
tile 10425 448 405
tile 10426 504 405
tile 10427 560 405
tile 10428 616 405
tile 10429 672 405
tile 10430 728 405
tile 10431 784 405
tile 10432 840 405
tile 10433 896 405
tile 10434 952 405
tile 10435 1008 405
tile 10436 1064 405
tile 10437 1120 405
tile 10438 1176 405
tile 10439 1232 405
tile 10440 1288 405
tile 10441 1344 405
tile 10442 0 432
tile 10443 56 432
tile 10444 112 432
tile 10445 168 432
tile 10446 224 432
tile 10447 280 432
tile 10448 336 432
tile 10449 392 432
tile 10450 448 432
tile 10451 504 432
tile 10452 560 432
tile 10453 616 432
tile 10454 672 432
tile 10455 728 432
tile 10456 784 432
tile 10457 840 432
tile 10458 896 432
tile 10459 952 432
tile 10460 1008 432
tile 10461 1064 432
tile 10462 1120 432
tile 10463 1176 432
tile 10464 1232 432
tile 10465 1288 432
tile 10466 1344 432
tile 10467 0 459
tile 10468 56 459
tile 10469 112 459
tile 10470 168 459
tile 10471 224 459
tile 10472 280 459
tile 10473 336 459
tile 10474 392 459
tile 10475 448 459
tile 10476 504 459
tile 10477 560 459
tile 10478 616 459
tile 10618 672 459
tile 10619 728 459
tile 10620 784 459
tile 10621 840 459
tile 10622 896 459
tile 10730 952 459
tile 10731 1008 459
tile 10732 1064 459
tile 10733 1120 459
tile 10734 1176 459
tile 10735 1232 459
tile 10736 1288 459
tile 10737 1344 459
tile 10738 0 486
tile 10739 56 486
tile 10740 112 486
tile 10741 168 486
tile 10742 224 486
tile 10743 280 486
tile 10744 336 486
tile 10745 392 486
tile 10746 448 486
tile 10747 504 486
tile 10748 560 486
tile 10749 616 486
tile 10750 672 486
tile 10752 728 486
tile 10753 784 486
tile 10754 840 486
tile 10756 896 486
tile 10757 952 486
tile 10758 1008 486
tile 10759 1064 486
tile 10760 1120 486
tile 10761 1176 486
tile 10762 1232 486
tile 10763 1288 486
tile 10764 1344 486
tile 10765 0 513
tile 10766 56 513
tile 10767 112 513
tile 10769 168 513
tile 10770 224 513
tile 10772 280 513
tile 10773 336 513
tile 10774 392 513
tile 10775 448 513
tile 10776 504 513
tile 10777 560 513
tile 10778 616 513
tile 10779 672 513
tile 10780 728 513
tile 10781 784 513
tile 10782 840 513
tile 10783 896 513
tile 10784 952 513
tile 10786 1008 513
tile 10787 1064 513
tile 10788 1120 513
tile 10789 1176 513
tile 10790 1232 513
tile 10791 1288 513
tile 10792 1344 513
tile 10793 0 540
tile 10794 56 540
tile 10796 112 540
tile 10797 168 540
tile 10798 224 540
tile 10799 280 540
tile 10800 336 540
tile 10801 392 540
tile 10802 448 540
tile 10803 504 540
tile 10805 560 540
tile 10806 616 540
tile 10808 672 540
tile 10809 728 540
tile 10810 784 540
tile 10811 840 540
tile 10813 896 540
tile 10814 952 540
tile 10815 1008 540
tile 10816 1064 540
tile 10817 1120 540
tile 10818 1176 540
tile 10819 1232 540
tile 10820 1288 540
tile 10821 1344 540
tile 10822 0 567
tile 10823 56 567
tile 10824 112 567
tile 10825 168 567
tile 10826 224 567
tile 10827 280 567
tile 10828 336 567
tile 10829 392 567
tile 10830 448 567
tile 10831 504 567
tile 10832 560 567
tile 10833 616 567
tile 10834 672 567
tile 10835 728 567
tile 10836 784 567
tile 10837 840 567
tile 10838 896 567
tile 10839 952 567
tile 10840 1008 567
tile 10841 1064 567
tile 10842 1120 567
tile 10853 1176 567
tile 10854 1232 567
tile 10855 1288 567
tile 10856 1344 567
tile 10857 0 594
tile 10858 56 594
tile 10982 112 594
tile 10983 168 594
tile 10984 224 594
tile 10985 280 594
tile 10986 336 594
tile 10987 392 594
tile 10988 448 594
tile 10989 504 594
tile 10990 560 594
tile 10991 616 594
tile 10992 672 594
tile 10993 728 594
tile 10994 784 594
tile 10995 840 594
tile 10996 896 594
tile 10997 952 594
tile 10999 1008 594
tile 11000 1064 594
tile 11001 1120 594
tile 11002 1176 594
tile 11003 1232 594
tile 11004 1288 594
tile 11005 1344 594
tile 11006 0 621
tile 11007 56 621
tile 11008 112 621
tile 11009 168 621
tile 11010 224 621
tile 11011 280 621
tile 11012 336 621
tile 11013 392 621
tile 11014 448 621
tile 11033 504 621
tile 11034 560 621
tile 11035 616 621
tile 11036 672 621
tile 11037 728 621
tile 11038 784 621
tile 11039 840 621
tile 11040 896 621
tile 11041 952 621
tile 11042 1008 621
tile 11043 1064 621
tile 11044 1120 621
tile 11045 1176 621
tile 11046 1232 621
tile 11047 1288 621
tile 11048 1344 621
picture 10013 420 226 44 0
picture 10014 420 399 41 0
picture 10017 392 873 47 0
picture 10018 392 729 48 0
picture 10168 420 740 34 0
picture 10169 420 962 28 0
picture 10255 392 108 53 0
picture 10256 392 161 53 0
picture 10257 392 531 50 0
picture 10258 392 920 47 0
picture 10280 420 314 43 0
picture 10281 420 871 31 0
picture 10282 392 214 53 0
picture 10283 392 267 53 0
picture 10370 420 807 32 0
picture 10371 420 839 32 0
picture 10372 392 320 53 0
picture 10373 392 373 53 0
picture 10376 420 46 45 0
picture 10377 420 91 45 0
picture 10429 364 733 54 0
picture 10430 364 787 54 0
picture 10431 364 841 54 0
picture 10432 364 895 54 0
picture 10443 420 440 41 0
picture 10444 392 631 49 0
picture 10445 420 522 37 0
picture 10446 392 777 48 0
picture 10447 420 481 41 0
picture 10448 392 825 48 0
picture 10489 140 0 200 0
picture 10490 84 448 214 0
picture 10491 28 272 271 0
picture 10492 0 333 303 0
picture 10493 0 0 333 0
picture 10494 56 270 261 0
picture 10495 140 200 200 0
picture 10496 84 0 224 0
picture 10497 28 543 271 0
picture 10498 0 636 285 0
picture 10499 28 0 272 0
picture 10500 56 0 270 0
picture 10501 56 531 256 0
picture 10503 252 881 140 0
picture 10504 224 662 156 0
picture 10505 168 192 190 0
picture 10506 168 382 187 0
picture 10507 140 400 200 0
picture 10508 112 422 204 0
picture 10509 280 0 138 0
picture 10510 336 97 94 0
picture 10511 420 633 36 0
picture 10512 364 621 56 0
picture 10513 364 677 56 0
picture 10514 112 626 204 0
picture 10515 56 787 229 0
picture 10516 84 662 214 0
picture 10517 196 370 177 0
picture 10518 196 547 175 0
picture 10519 224 499 163 0
picture 10520 280 268 127 0
picture 10522 308 867 102 0
picture 10523 252 0 153 0
picture 10524 196 0 185 0
picture 10525 140 600 200 0
picture 10526 196 185 185 0
picture 10527 224 0 167 0
picture 10528 252 451 146 0
picture 10529 308 660 104 0
picture 10540 308 764 103 0
picture 10541 280 889 118 0
picture 10542 280 395 126 0
picture 10543 280 770 119 0
picture 10544 308 115 113 0
picture 10545 420 559 37 0
picture 10546 364 500 63 0
picture 10547 364 370 65 0
picture 10548 420 136 45 0
picture 10553 336 564 89 0
picture 10554 336 191 94 0
picture 10555 420 933 29 0
picture 10556 280 521 126 0
picture 10557 280 138 130 0
picture 10558 308 228 113 0
picture 10559 420 181 45 0
picture 10560 364 301 69 0
picture 10561 336 822 80 0
picture 10562 364 949 54 0
picture 10563 364 159 72 0
picture 10564 308 341 107 0
picture 10565 308 448 107 0
picture 10566 336 902 80 0
picture 10567 420 705 35 0
picture 10568 420 990 28 0
picture 10569 420 270 44 0
picture 10570 420 596 37 0
picture 10571 448 0 28 0
picture 10572 392 581 50 0
picture 10573 448 28 28 0
picture 10575 224 334 165 0
picture 10576 140 800 192 0
picture 10577 168 0 192 0
picture 10578 252 597 142 0
picture 10580 392 0 54 0
picture 10581 364 435 65 0
picture 10582 336 379 93 0
picture 10583 308 555 105 0
picture 10584 336 285 94 0
picture 10585 392 680 49 0
picture 10586 336 738 84 0
picture 10587 252 739 142 0
picture 10588 224 818 156 0
picture 10589 168 569 187 0
picture 10590 168 756 187 0
picture 10591 280 647 123 0
picture 10592 392 54 54 0
picture 10593 364 80 79 0
picture 10594 252 153 149 0
picture 10595 196 722 175 0
picture 10596 112 212 210 0
picture 10597 84 224 224 0
picture 10598 112 0 212 0
picture 10602 364 231 70 0
picture 10603 392 479 52 0
picture 10604 448 56 26 0
picture 10605 364 0 80 0
picture 10606 336 653 85 0
picture 10607 364 563 58 0
picture 10608 392 426 53 0
picture 10609 420 902 31 0
picture 10610 420 774 33 0
picture 10611 420 669 36 0
picture 10612 420 357 42 0
picture 10613 392 967 46 0
picture 10614 420 0 46 0
picture 10615 336 0 97 0
picture 10616 336 472 92 0
picture 10629 224 167 167 0
picture 10630 252 302 149 0
picture 10631 308 0 115 0
object 11 0 right 10520
object 27 0 right 10585
object 38 0 left 10447
object 38 0 right 10448
object 39 0 left 10282
object 39 0 right 10283
object 41 0 left 10613
object 41 0 right 10614
object 43 0 left 10613
object 43 0 right 10614
object 46 0 left 10613
object 46 0 right 10614
object 0 1 left 10568
object 1 1 left 10569
object 1 1 right 10570
object 11 1 right 10519
object 18 1 right 10584
object 19 1 right 10567
object 21 1 right 10578
object 27 1 right 10584
object 38 1 left 10445
object 38 1 right 10446
object 39 1 left 10257
object 39 1 right 10258
object 40 1 left 10613
object 40 1 right 10614
object 41 1 left 10613
object 41 1 right 10614
object 42 1 left 10613
object 42 1 right 10614
object 43 1 left 10613
object 43 1 right 10614
object 44 1 left 10613
object 44 1 right 10614
object 45 1 left 10613
object 45 1 right 10614
object 47 1 left 10613
object 47 1 right 10614
object 0 2 left 10611
object 0 2 right 10612
object 11 2 right 10518
object 18 2 left 10582
object 18 2 right 10583
object 19 2 right 10566
object 20 2 left 10575
object 21 2 left 10576
object 21 2 right 10577
object 27 2 left 10582
object 27 2 right 10583
object 38 2 left 10443
object 38 2 right 10444
object 40 2 left 10280
object 40 2 right 10281
object 41 2 left 10613
object 41 2 right 10614
object 42 2 left 10613
object 42 2 right 10614
object 45 2 left 10613
object 45 2 right 10614
object 46 2 left 10613
object 46 2 right 10614
object 47 2 left 10613
object 47 2 right 10614
object 11 3 right 10517
object 17 3 left 10580
object 17 3 right 10581
object 18 3 left 10563
object 19 3 left 10564
object 19 3 right 10565
object 26 3 left 10580
object 26 3 right 10581
object 27 3 right 10573
object 44 3 left 10613
object 44 3 right 10614
object 45 3 left 10613
object 45 3 right 10614
object 11 4 right 10516
object 22 4 left 10429
object 22 4 right 10430
object 27 4 left 10571
object 27 4 right 10572
object 30 4 left 10586
object 34 4 right 10591
object 36 4 left 10611
object 36 4 right 10612
object 40 4 left 10013
object 40 4 right 10014
object 45 4 left 10613
object 45 4 right 10614
object 46 4 left 10613
object 46 4 right 10614
object 47 4 left 10613
object 47 4 right 10614
object 48 4 left 10613
object 48 4 right 10614
object 11 5 right 10515
object 30 5 left 10613
object 30 5 right 10614
object 31 5 left 10609
object 31 5 right 10610
object 32 5 left 10587
object 33 5 left 10588
object 34 5 left 10589
object 34 5 right 10590
object 35 5 left 10017
object 35 5 right 10018
object 36 5 left 10609
object 36 5 right 10610
object 44 5 left 10613
object 44 5 right 10614
object 46 5 left 10613
object 46 5 right 10614
object 48 5 left 10613
object 48 5 right 10614
object 49 5 left 10613
object 49 5 right 10614
object 3 6 right 10558
object 11 6 right 10514
object 30 6 left 10568
object 31 6 left 10569
object 31 6 right 10570
object 34 6 left 10609
object 34 6 right 10610
object 36 6 right 10562
object 2 7 right 10578
object 3 7 left 10556
object 3 7 right 10557
object 11 7 right 10513
object 21 7 left 10615
object 21 7 right 10616
object 35 7 left 10559
object 36 7 left 10560
object 36 7 right 10561
object 46 7 left 10255
object 46 7 right 10256
object 47 7 left 10613
object 47 7 right 10614
object 49 7 left 10613
object 49 7 right 10614
object 1 8 left 10575
object 2 8 left 10576
object 2 8 right 10577
object 11 8 left 10511
object 11 8 right 10512
object 21 8 right 10562
object 36 8 right 10567
object 38 8 right 10544
object 46 8 left 10372
object 46 8 right 10373
object 48 8 left 10611
object 48 8 right 10612
object 20 9 left 10559
object 21 9 left 10560
object 21 9 right 10561
object 23 9 right 10558
object 36 9 left 10540
object 36 9 right 10566
object 37 9 left 10541
object 38 9 left 10542
object 38 9 right 10543
object 46 9 left 10370
object 46 9 right 10371
object 47 9 left 10376
object 47 9 right 10377
object 4 10 left 10431
object 4 10 right 10432
object 23 10 left 10556
object 23 10 right 10557
object 35 10 left 10563
object 36 10 left 10564
object 36 10 right 10565
object 37 10 left 10607
object 37 10 right 10608
object 38 10 left 10553
object 38 10 right 10554
object 47 11 right 10567
object 49 11 right 10555
object 47 12 right 10566
object 48 12 right 10585
object 49 12 left 10553
object 49 12 right 10554
object 46 13 left 10563
object 47 13 left 10564
object 47 13 right 10565
object 48 13 right 10584
object 1 14 right 10585
object 2 14 right 10573
object 46 14 left 10615
object 46 14 right 10616
object 48 14 left 10582
object 48 14 right 10583
object 1 15 right 10584
object 2 15 left 10571
object 2 15 right 10572
object 19 15 left 10603
object 19 15 right 10604
object 47 15 left 10580
object 47 15 right 10581
object 48 15 left 10609
object 48 15 right 10610
object 1 16 left 10582
object 1 16 right 10583
object 2 16 left 10553
object 2 16 right 10554
object 18 16 left 10631
object 18 16 right 10602
object 46 16 left 10568
object 47 16 left 10569
object 47 16 right 10570
object 48 16 left 10168
object 48 16 right 10169
object 49 16 left 10611
object 49 16 right 10612
object 0 17 left 10580
object 0 17 right 10581
object 18 17 left 10609
object 18 17 right 10610
object 19 17 left 10605
object 19 17 right 10606
object 0 18 left 10609
object 0 18 right 10610
object 18 18 right 10630
object 40 18 right 10495
object 0 19 left 10611
object 0 19 right 10612
object 18 19 right 10629
object 19 19 left 10611
object 19 19 right 10612
object 40 19 right 10494
object 12 20 right 10544
object 13 20 left 10592
object 14 20 left 10593
object 37 20 left 10489
object 38 20 left 10490
object 39 20 left 10491
object 40 20 left 10492
object 40 20 right 10493
object 41 20 right 10548
object 10 21 left 10540
object 11 21 left 10541
object 12 21 left 10542
object 12 21 right 10543
object 13 21 left 10609
object 13 21 right 10610
object 16 21 left 10594
object 17 21 left 10595
object 18 21 left 10596
object 19 21 left 10597
object 19 21 right 10598
object 39 21 left 10611
object 39 21 right 10612
object 40 21 left 10611
object 40 21 right 10612
object 41 21 left 10546
object 41 21 right 10547
object 17 22 right 10562
object 18 22 left 10168
object 18 22 right 10169
object 27 22 right 10558
object 40 22 left 10611
object 40 22 right 10612
object 44 22 left 10586
object 48 22 right 10591
object 16 23 left 10559
object 17 23 left 10560
object 17 23 right 10561
object 18 23 left 10568
object 19 23 left 10569
object 19 23 right 10570
object 27 23 left 10556
object 27 23 right 10557
object 46 23 left 10587
object 47 23 left 10588
object 48 23 left 10589
object 48 23 right 10590
object 49 23 right 10585
object 28 24 left 10586
object 32 24 right 10591
object 33 24 left 10607
object 33 24 right 10608
object 48 24 right 10562
object 49 24 right 10584
object 29 25 right 10573
object 30 25 left 10587
object 31 25 left 10588
object 32 25 left 10589
object 32 25 right 10590
object 47 25 left 10559
object 48 25 left 10560
object 48 25 right 10561
object 49 25 left 10582
object 49 25 right 10583
object 29 26 left 10571
object 29 26 right 10572
object 30 26 left 10611
object 30 26 right 10612
object 48 26 left 10580
object 48 26 right 10581
object 8 29 left 10503
object 9 29 left 10504
object 10 29 left 10505
object 11 29 left 10506
object 12 29 left 10507
object 13 29 left 10508
object 14 29 left 10509
object 14 29 right 10510
object 17 29 left 10609
object 17 29 right 10610
object 18 29 left 10607
object 18 29 right 10608
object 19 29 right 10573
object 25 29 right 10548
object 48 29 right 10529
object 17 30 left 10611
object 17 30 right 10612
object 19 30 left 10571
object 19 30 right 10572
object 24 30 left 10545
object 24 30 right 10612
object 25 30 left 10546
object 25 30 right 10547
object 48 30 right 10528
object 48 31 right 10527
object 45 32 left 10522
object 46 32 left 10523
object 47 32 left 10524
object 48 32 left 10525
object 48 32 right 10526
object 48 33 right 10573
object 48 34 left 10571
object 48 34 right 10572
object 42 39 right 10501
object 42 40 right 10500
object 40 41 left 10496
object 41 41 left 10497
object 42 41 left 10498
object 42 41 right 10499
