# lod20017 — tools/dat-extract layout 이 만든다. 손으로 고치지 말 것.
size 50 35
blocked
##################################################
#.................................................
#.................................................
#.................................................
#.................................................
#.................................................
#........................#........................
#........................##.......................
#........................#........................
.........................#........................
..................................................
.......................................#..........
#.....................................###....#.#..
#......................................##....###..
#.............................................##..
#.................................................
#.................................................
#.................................................
#.................................................
#...#..................##.........................
#...##................###........##...............
#...##................##........###...............
#................................#................
#.................................................
#.................................................
#.................................................
#.................................................
#.................................................
#.................................................
#.................................................
#.................................................
#.................................................
#.................................................
#.................................................
#.................................................
floor
0 0 0 0 0 0 0 0 0 0 0 0 0 0 0 0 0 0 0 0 0 0 0 0 0 0 0 0 0 0 0 0 0 0 0 0 0 0 0 0 0 0 0 0 0 0 0 0 0 0
0 14469 14479 14489 14493 14496 14499 14502 14505 14508 14511 14514 14517 14520 14523 14526 14530 14533 14536 14539 14542 14545 14548 14551 14554 14469 14469 14479 14489 14493 14496 14499 14502 14505 14508 14511 14514 14517 14520 14523 14526 14530 14533 14536 14539 14542 14545 14548 14551 14554
0 14468 14478 14488 14492 14495 14498 14501 14504 14507 14510 14513 14516 14519 14522 14525 14529 14532 14535 14538 14541 14544 14547 14550 14492 14495 14468 14478 14488 14492 14495 14498 14501 14504 14507 14510 14513 14516 14519 14522 14525 14529 14532 14535 14538 14541 14544 14547 14550 14492
0 14467 14477 14487 14491 14494 14497 14500 14503 14506 14509 14512 14515 14518 14521 14524 14528 14531 14534 14537 14540 14543 14546 14549 14491 14491 14494 14497 14487 14491 14494 14497 14500 14503 14506 14509 14512 14515 14518 14521 14524 14528 14531 14534 14537 14540 14543 14546 14549 14491
0 14466 14476 14486 14486 14403 14407 14411 14415 14403 14407 14411 14415 14403 14407 14411 14415 14403 14407 14411 14415 14403 14407 14411 14415 14403 14407 14411 14415 14403 14407 14411 14415 14403 14407 14411 14415 14403 14407 14411 14415 14403 14407 14411 14415 14403 14407 14411 14415 14403
0 14465 14475 14485 14405 14409 14413 14401 14405 14409 14413 14401 14405 14409 14413 14401 14405 14409 14413 14401 14414 14402 14406 14410 14401 14405 14409 14413 14401 14405 14409 14413 14797 14801 14406 14410 14414 14402 14406 14410 14414 14402 14406 14410 14414 14402 14406 14410 14414 14402
0 14464 14474 14484 14760 14764 14768 14772 14840 14844 14848 14852 14840 14844 14848 14852 14792 14796 14800 14804 14413 14401 14405 14409 14400 14404 14408 14412 14400 14404 14408 14412 14800 14804 14405 14409 14413 14401 14405 14409 14413 14401 14405 14409 14413 14401 14405 14409 14413 14401
0 14463 14473 14483 14759 14763 14767 14771 14839 14843 14847 14851 14839 14843 14847 14851 14791 14795 14799 14803 14412 14400 14404 14408 14412 14400 14759 14763 14767 14771 14791 14795 14799 14803 14404 14408 14412 14400 14404 14408 14412 14400 14404 14408 14412 14400 14404 14408 14412 14400
0 14462 14472 14482 14758 14762 14766 14770 14838 14842 14846 14850 14838 14842 14846 14850 14790 14794 14798 14802 14415 14403 14407 14411 14415 14403 14758 14762 14766 14770 14790 14794 14798 14802 14407 14411 14415 14403 14407 14411 14415 14403 14407 14411 14415 14403 14407 14411 14415 14403
0 14461 14471 14481 14757 14761 14765 14769 14837 14841 14845 14849 14837 14841 14845 14849 14789 14793 14797 14801 14414 14402 14406 14410 14414 14402 14757 14761 14765 14769 14789 14793 14797 14801 14406 14410 14414 14402 14406 14410 14414 14402 14406 14410 14414 14402 14406 14410 14414 14402
0 14460 14470 14480 14744 14748 14752 14756 14856 14860 14864 14868 14712 14716 14720 14724 14968 14972 14976 14980 14413 14401 14405 14409 14413 14401 14936 14940 14944 14948 14984 14988 14992 14996 14405 14409 14413 14401 14405 14409 14413 14401 14405 14409 14413 14401 14405 14409 14413 14401
0 14430 14444 14458 14743 14747 14751 14755 14855 14859 14863 14867 14711 14715 14719 14723 14967 14971 14975 14979 14412 14400 14404 14408 14412 14400 14935 14939 14943 14947 14983 14987 14991 14995 14404 14408 14412 14400 14404 14408 14412 14400 14404 14408 14406 14410 14414 14402 14406 14400
0 14429 14443 14457 14742 14746 14750 14754 14854 14858 14862 14866 14710 14714 14718 14722 14966 14970 14974 14978 14415 14403 14407 14411 14415 14403 14934 14938 14942 14946 14982 14986 14990 14994 14407 14411 14415 14403 14407 14411 14415 14403 14407 14411 14405 2897 2898 2899 14405 14403
0 14428 14442 14456 14741 14745 14749 14753 14853 14857 14861 14865 14709 14713 14717 14721 14965 14969 14973 14977 14414 14402 14406 14410 14414 14402 14933 14937 14941 14945 14981 14985 14989 14993 14406 14410 14414 14402 14406 14410 14414 14402 14406 14410 14404 2900 2901 2902 14404 14402
0 14427 14441 14455 14403 14407 14411 14415 14403 14407 14411 14415 14920 14924 14928 14932 14968 14972 14976 14980 14413 14401 14405 14409 14413 14401 14935 14939 14943 14947 14983 14987 14991 14995 14405 14409 14413 14401 14405 14409 14413 14401 14405 14409 14407 2903 2904 2905 14407 14401
0 14426 14440 14454 14402 14406 14410 14414 14402 14406 14410 14414 14919 14923 14927 14931 14967 14971 14975 14979 14412 14400 14404 14408 14412 14400 14934 14938 14942 14946 14982 14986 14990 14994 14404 14408 14412 14400 14404 14408 14412 14400 14404 14408 14406 14410 14414 14402 14406 14400
0 14425 14439 14453 14401 14405 14409 14413 14401 14405 14409 14413 14918 14922 14926 14930 14966 14970 14974 14978 14415 14621 14627 14633 14639 14645 14933 14937 14941 14945 14981 14985 14989 14993 14407 14411 14415 14403 14407 14411 14415 14403 14407 14411 14415 14403 14407 14411 14415 14403
0 14424 14438 14452 14400 14404 14408 14412 14400 14404 14408 14412 14917 14921 14925 14929 14965 14969 14973 14977 14414 14620 14626 14632 14638 14644 14952 14956 14960 14964 14888 14892 14896 14900 14406 14410 14414 14402 14406 14410 14414 14402 14406 14410 14414 14402 14406 14410 14414 14402
0 14423 14437 14451 14403 14407 14411 14415 14403 14407 14411 14415 14936 14940 14944 14948 14984 14988 14992 14996 14413 14619 14625 14631 14637 14643 14904 14908 14912 14916 14887 14891 14895 14899 14405 14409 14413 14401 14405 14409 14413 14401 14405 14409 14413 14401 14405 14409 14413 14401
0 14422 14436 14450 14402 14406 14410 14414 14402 14406 14410 14414 14935 14939 14943 14947 14983 14987 14991 14995 14412 14618 14624 14630 14636 14642 14903 14907 14911 14915 14886 14890 14894 14898 14404 14408 14412 14400 14404 14408 14412 14400 14404 14408 14412 14400 14404 14408 14412 14400
0 14421 14435 14449 14401 14405 14409 14413 14401 14405 14409 14413 14934 14938 14942 14946 14982 14986 14990 14994 14415 14617 14623 14629 14635 14641 14902 14906 14910 14914 14885 14889 14893 14897 14407 14411 14415 14403 14407 14411 14415 14403 14407 14411 14415 14403 14407 14411 14415 14403
0 14420 14434 14448 14400 14404 14408 14412 14400 14404 14408 14412 14933 14937 14941 14945 14981 14985 14989 14993 14414 14616 14622 14628 14634 14640 14901 14905 14909 14913 14872 14876 14880 14884 14406 14410 14414 14402 14406 14410 14414 14402 14406 14410 14414 14402 14406 14410 14414 14402
0 14419 14433 14447 14403 14407 14411 14415 14403 14407 14411 14415 14920 14924 14928 14932 14680 14684 14688 14692 14840 14844 14848 14852 14840 14844 14728 14732 14736 14740 14871 14875 14879 14883 14405 14409 14413 14401 14405 14409 14413 14401 14405 14409 14413 14401 14405 14409 14413 14401
0 14418 14432 14446 14402 14406 14410 14414 14402 14406 14410 14414 14919 14923 14927 14931 14679 14683 14687 14691 14839 14843 14847 14851 14839 14843 14727 14731 14735 14739 14870 14874 14878 14882 14404 14408 14412 14400 14404 14408 14412 14400 14404 14408 14412 14400 14404 14408 14412 14400
0 14417 14431 14445 14401 14405 14409 14413 14401 14405 14409 14413 14918 14922 14926 14930 14678 14682 14686 14690 14838 14842 14846 14850 14838 14842 14726 14730 14734 14738 14869 14873 14877 14881 14403 14407 14411 14415 14403 14407 14411 14415 14403 14407 14411 14415 14407 14411 14415 14403
0 14422 14436 14450 14400 14404 14408 14412 14400 14404 14408 14412 14917 14921 14925 14929 14677 14681 14685 14689 14837 14841 14845 14849 14837 14387 14391 14395 14399 14737 14968 14972 14976 14980 14402 14406 14410 14414 14402 14406 14410 14414 14402 14406 14410 14414 14406 14410 14414 14402
0 14469 14479 14486 14403 14407 14411 14415 14403 14407 14411 14415 14744 14748 14752 14756 14856 14860 14864 14868 14856 14860 14712 14716 14720 14386 14390 14394 14398 14739 14967 14971 14975 14979 14401 14405 14409 14413 14401 14405 14409 14413 14401 14405 14409 14413 14405 14409 14413 14401
0 14468 14478 14488 14402 14406 14410 14414 14402 14406 14410 14414 14743 14747 14751 14755 14855 14859 14863 14867 14855 14859 14711 14715 14719 14385 14389 14393 14397 14738 14966 14970 14974 14978 14400 14404 14408 14412 14400 14404 14408 14412 14400 14404 14408 14412 14404 14408 14412 14400
0 14467 14477 14487 14401 14405 14409 14413 14401 14405 14409 14413 14742 14746 14750 14754 14854 14858 14862 14866 14854 14858 14710 14714 14718 14384 14388 14392 14396 14737 14965 14969 14973 14977 14403 14407 14411 14415 14403 14407 14411 14415 14403 14407 14411 14415 14407 14411 14415 14403
0 14466 14476 14486 14400 14404 14408 14412 14400 14404 14408 14412 14741 14745 14749 14753 14853 14857 14861 14865 14853 14857 14744 14748 14752 14856 14860 14864 14868 14708 14776 14780 14784 14788 14402 14406 14410 14414 14402 14406 14410 14414 14402 14406 14410 14414 14406 14410 14414 14402
0 14465 14475 14485 14403 14407 14411 14415 14403 14407 14411 14415 14403 14407 14411 14415 14403 14407 14411 14415 14413 14401 14743 14747 14751 14855 14859 14863 14867 14707 14775 14779 14783 14787 14401 14405 14409 14413 14401 14405 14409 14413 14401 14405 14409 14413 14405 14409 14413 14401
0 14464 14474 14484 14484 14400 14404 14408 14412 14400 14404 14408 14412 14400 14404 14408 14412 14400 14404 14408 14412 14400 14742 14746 14750 14854 14858 14862 14866 14706 14774 14778 14782 14786 14403 14407 14411 14415 14400 14404 14408 14412 14400 14404 14408 14412 14404 14408 14412 14400
0 14463 14473 14483 14483 14403 14407 14411 14415 14403 14407 14411 14415 14403 14407 14411 14415 14403 14407 14411 14415 14403 14741 14745 14749 14853 14857 14861 14865 14705 14773 14777 14781 14785 14402 14406 14410 14414 14401 14405 14409 14403 14407 14411 14415 14403 14407 14411 14415 14403
0 14462 14472 14482 14482 14402 14406 14760 14764 14768 14772 14792 14796 14800 14804 14410 14414 14402 14406 14410 14414 14402 14920 14924 14403 14407 14411 14415 14976 14760 14764 14768 14772 14792 14401 14405 14409 14413 14400 14404 14408 14402 14406 14410 14414 14402 14406 14410 14414 14402
0 14461 14471 14481 14481 14401 14405 14759 14763 14767 14771 14791 14795 14799 14803 14409 14413 14401 14405 14409 14413 14401 14919 14923 14402 14406 14410 14414 14975 14759 14763 14767 14771 14791 14400 14404 14408 14412 14405 14409 14413 14401 14405 14409 14413 14401 14405 14409 14413 14401
tile 2897 0 0
tile 2898 56 0
tile 2899 112 0
tile 2900 168 0
tile 2901 224 0
tile 2902 280 0
tile 2903 336 0
tile 2904 392 0
tile 2905 448 0
tile 14384 504 0
tile 14385 560 0
tile 14386 616 0
tile 14387 672 0
tile 14388 728 0
tile 14389 784 0
tile 14390 840 0
tile 14391 896 0
tile 14392 952 0
tile 14393 1008 0
tile 14394 1064 0
tile 14395 1120 0
tile 14396 1176 0
tile 14397 0 27
tile 14398 56 27
tile 14399 112 27
tile 14400 168 27
tile 14401 224 27
tile 14402 280 27
tile 14403 336 27
tile 14404 392 27
tile 14405 448 27
tile 14406 504 27
tile 14407 560 27
tile 14408 616 27
tile 14409 672 27
tile 14410 728 27
tile 14411 784 27
tile 14412 840 27
tile 14413 896 27
tile 14414 952 27
tile 14415 1008 27
tile 14417 1064 27
tile 14418 1120 27
tile 14419 1176 27
tile 14420 0 54
tile 14421 56 54
tile 14422 112 54
tile 14423 168 54
tile 14424 224 54
tile 14425 280 54
tile 14426 336 54
tile 14427 392 54
tile 14428 448 54
tile 14429 504 54
tile 14430 560 54
tile 14431 616 54
tile 14432 672 54
tile 14433 728 54
tile 14434 784 54
tile 14435 840 54
tile 14436 896 54
tile 14437 952 54
tile 14438 1008 54
tile 14439 1064 54
tile 14440 1120 54
tile 14441 1176 54
tile 14442 0 81
tile 14443 56 81
tile 14444 112 81
tile 14445 168 81
tile 14446 224 81
tile 14447 280 81
tile 14448 336 81
tile 14449 392 81
tile 14450 448 81
tile 14451 504 81
tile 14452 560 81
tile 14453 616 81
tile 14454 672 81
tile 14455 728 81
tile 14456 784 81
tile 14457 840 81
tile 14458 896 81
tile 14460 952 81
tile 14461 1008 81
tile 14462 1064 81
tile 14463 1120 81
tile 14464 1176 81
tile 14465 0 108
tile 14466 56 108
tile 14467 112 108
tile 14468 168 108
tile 14469 224 108
tile 14470 280 108
tile 14471 336 108
tile 14472 392 108
tile 14473 448 108
tile 14474 504 108
tile 14475 560 108
tile 14476 616 108
tile 14477 672 108
tile 14478 728 108
tile 14479 784 108
tile 14480 840 108
tile 14481 896 108
tile 14482 952 108
tile 14483 1008 108
tile 14484 1064 108
tile 14485 1120 108
tile 14486 1176 108
tile 14487 0 135
tile 14488 56 135
tile 14489 112 135
tile 14491 168 135
tile 14492 224 135
tile 14493 280 135
tile 14494 336 135
tile 14495 392 135
tile 14496 448 135
tile 14497 504 135
tile 14498 560 135
tile 14499 616 135
tile 14500 672 135
tile 14501 728 135
tile 14502 784 135
tile 14503 840 135
tile 14504 896 135
tile 14505 952 135
tile 14506 1008 135
tile 14507 1064 135
tile 14508 1120 135
tile 14509 1176 135
tile 14510 0 162
tile 14511 56 162
tile 14512 112 162
tile 14513 168 162
tile 14514 224 162
tile 14515 280 162
tile 14516 336 162
tile 14517 392 162
tile 14518 448 162
tile 14519 504 162
tile 14520 560 162
tile 14521 616 162
tile 14522 672 162
tile 14523 728 162
tile 14524 784 162
tile 14525 840 162
tile 14526 896 162
tile 14528 952 162
tile 14529 1008 162
tile 14530 1064 162
tile 14531 1120 162
tile 14532 1176 162
tile 14533 0 189
tile 14534 56 189
tile 14535 112 189
tile 14536 168 189
tile 14537 224 189
tile 14538 280 189
tile 14539 336 189
tile 14540 392 189
tile 14541 448 189
tile 14542 504 189
tile 14543 560 189
tile 14544 616 189
tile 14545 672 189
tile 14546 728 189
tile 14547 784 189
tile 14548 840 189
tile 14549 896 189
tile 14550 952 189
tile 14551 1008 189
tile 14554 1064 189
tile 14616 1120 189
tile 14617 1176 189
tile 14618 0 216
tile 14619 56 216
tile 14620 112 216
tile 14621 168 216
tile 14622 224 216
tile 14623 280 216
tile 14624 336 216
tile 14625 392 216
tile 14626 448 216
tile 14627 504 216
tile 14628 560 216
tile 14629 616 216
tile 14630 672 216
tile 14631 728 216
tile 14632 784 216
tile 14633 840 216
tile 14634 896 216
tile 14635 952 216
tile 14636 1008 216
tile 14637 1064 216
tile 14638 1120 216
tile 14639 1176 216
tile 14640 0 243
tile 14641 56 243
tile 14642 112 243
tile 14643 168 243
tile 14644 224 243
tile 14645 280 243
tile 14677 336 243
tile 14678 392 243
tile 14679 448 243
tile 14680 504 243
tile 14681 560 243
tile 14682 616 243
tile 14683 672 243
tile 14684 728 243
tile 14685 784 243
tile 14686 840 243
tile 14687 896 243
tile 14688 952 243
tile 14689 1008 243
tile 14690 1064 243
tile 14691 1120 243
tile 14692 1176 243
tile 14705 0 270
tile 14706 56 270
tile 14707 112 270
tile 14708 168 270
tile 14709 224 270
tile 14710 280 270
tile 14711 336 270
tile 14712 392 270
tile 14713 448 270
tile 14714 504 270
tile 14715 560 270
tile 14716 616 270
tile 14717 672 270
tile 14718 728 270
tile 14719 784 270
tile 14720 840 270
tile 14721 896 270
tile 14722 952 270
tile 14723 1008 270
tile 14724 1064 270
tile 14726 1120 270
tile 14727 1176 270
tile 14728 0 297
tile 14730 56 297
tile 14731 112 297
tile 14732 168 297
tile 14734 224 297
tile 14735 280 297
tile 14736 336 297
tile 14737 392 297
tile 14738 448 297
tile 14739 504 297
tile 14740 560 297
tile 14741 616 297
tile 14742 672 297
tile 14743 728 297
tile 14744 784 297
tile 14745 840 297
tile 14746 896 297
tile 14747 952 297
tile 14748 1008 297
tile 14749 1064 297
tile 14750 1120 297
tile 14751 1176 297
tile 14752 0 324
tile 14753 56 324
tile 14754 112 324
tile 14755 168 324
tile 14756 224 324
tile 14757 280 324
tile 14758 336 324
tile 14759 392 324
tile 14760 448 324
tile 14761 504 324
tile 14762 560 324
tile 14763 616 324
tile 14764 672 324
tile 14765 728 324
tile 14766 784 324
tile 14767 840 324
tile 14768 896 324
tile 14769 952 324
tile 14770 1008 324
tile 14771 1064 324
tile 14772 1120 324
tile 14773 1176 324
tile 14774 0 351
tile 14775 56 351
tile 14776 112 351
tile 14777 168 351
tile 14778 224 351
tile 14779 280 351
tile 14780 336 351
tile 14781 392 351
tile 14782 448 351
tile 14783 504 351
tile 14784 560 351
tile 14785 616 351
tile 14786 672 351
tile 14787 728 351
tile 14788 784 351
tile 14789 840 351
tile 14790 896 351
tile 14791 952 351
tile 14792 1008 351
tile 14793 1064 351
tile 14794 1120 351
tile 14795 1176 351
tile 14796 0 378
tile 14797 56 378
tile 14798 112 378
tile 14799 168 378
tile 14800 224 378
tile 14801 280 378
tile 14802 336 378
tile 14803 392 378
tile 14804 448 378
tile 14837 504 378
tile 14838 560 378
tile 14839 616 378
tile 14840 672 378
tile 14841 728 378
tile 14842 784 378
tile 14843 840 378
tile 14844 896 378
tile 14845 952 378
tile 14846 1008 378
tile 14847 1064 378
tile 14848 1120 378
tile 14849 1176 378
tile 14850 0 405
tile 14851 56 405
tile 14852 112 405
tile 14853 168 405
tile 14854 224 405
tile 14855 280 405
tile 14856 336 405
tile 14857 392 405
tile 14858 448 405
tile 14859 504 405
tile 14860 560 405
tile 14861 616 405
tile 14862 672 405
tile 14863 728 405
tile 14864 784 405
tile 14865 840 405
tile 14866 896 405
tile 14867 952 405
tile 14868 1008 405
tile 14869 1064 405
tile 14870 1120 405
tile 14871 1176 405
tile 14872 0 432
tile 14873 56 432
tile 14874 112 432
tile 14875 168 432
tile 14876 224 432
tile 14877 280 432
tile 14878 336 432
tile 14879 392 432
tile 14880 448 432
tile 14881 504 432
tile 14882 560 432
tile 14883 616 432
tile 14884 672 432
tile 14885 728 432
tile 14886 784 432
tile 14887 840 432
tile 14888 896 432
tile 14889 952 432
tile 14890 1008 432
tile 14891 1064 432
tile 14892 1120 432
tile 14893 1176 432
tile 14894 0 459
tile 14895 56 459
tile 14896 112 459
tile 14897 168 459
tile 14898 224 459
tile 14899 280 459
tile 14900 336 459
tile 14901 392 459
tile 14902 448 459
tile 14903 504 459
tile 14904 560 459
tile 14905 616 459
tile 14906 672 459
tile 14907 728 459
tile 14908 784 459
tile 14909 840 459
tile 14910 896 459
tile 14911 952 459
tile 14912 1008 459
tile 14913 1064 459
tile 14914 1120 459
tile 14915 1176 459
tile 14916 0 486
tile 14917 56 486
tile 14918 112 486
tile 14919 168 486
tile 14920 224 486
tile 14921 280 486
tile 14922 336 486
tile 14923 392 486
tile 14924 448 486
tile 14925 504 486
tile 14926 560 486
tile 14927 616 486
tile 14928 672 486
tile 14929 728 486
tile 14930 784 486
tile 14931 840 486
tile 14932 896 486
tile 14933 952 486
tile 14934 1008 486
tile 14935 1064 486
tile 14936 1120 486
tile 14937 1176 486
tile 14938 0 513
tile 14939 56 513
tile 14940 112 513
tile 14941 168 513
tile 14942 224 513
tile 14943 280 513
tile 14944 336 513
tile 14945 392 513
tile 14946 448 513
tile 14947 504 513
tile 14948 560 513
tile 14952 616 513
tile 14956 672 513
tile 14960 728 513
tile 14964 784 513
tile 14965 840 513
tile 14966 896 513
tile 14967 952 513
tile 14968 1008 513
tile 14969 1064 513
tile 14970 1120 513
tile 14971 1176 513
tile 14972 0 540
tile 14973 56 540
tile 14974 112 540
tile 14975 168 540
tile 14976 224 540
tile 14977 280 540
tile 14978 336 540
tile 14979 392 540
tile 14980 448 540
tile 14981 504 540
tile 14982 560 540
tile 14983 616 540
tile 14984 672 540
tile 14985 728 540
tile 14986 784 540
tile 14987 840 540
tile 14988 896 540
tile 14989 952 540
tile 14990 1008 540
tile 14991 1064 540
tile 14992 1120 540
tile 14993 1176 540
tile 14994 0 567
tile 14995 56 567
tile 14996 112 567
picture 755 868 168 49 0
picture 756 868 217 49 0
picture 13983 0 0 378 0
picture 13984 0 378 378 0
picture 13985 28 0 378 0
picture 13986 28 378 378 0
picture 13987 56 0 378 0
picture 13988 56 378 378 0
picture 13989 84 0 378 0
picture 13990 84 378 378 0
picture 14009 812 0 205 0
picture 14010 784 542 239 0
picture 14011 784 0 277 0
picture 14012 756 297 296 0
picture 14013 756 0 297 0
picture 14014 756 593 286 0
picture 14015 784 277 265 0
picture 14016 784 781 219 0
picture 14025 840 136 135 0
picture 14026 812 491 139 0
picture 14027 812 630 139 0
picture 14028 840 271 115 0
picture 14029 812 769 136 0
picture 14030 812 205 144 0
picture 14031 812 349 142 0
picture 14032 840 0 136 0
picture 14033 868 389 38 0
picture 14034 868 427 37 0
picture 14035 868 569 33 0
picture 14036 868 501 34 0
picture 14039 840 929 59 0
picture 14040 868 0 58 0
picture 14041 868 535 34 0
picture 14042 868 602 33 0
picture 14045 868 464 37 0
picture 14046 868 349 40 0
picture 14052 840 572 82 0
picture 14053 840 480 92 0
picture 14054 840 386 94 0
picture 14055 840 654 73 0
picture 14056 868 58 58 0
picture 14057 840 867 62 0
picture 14058 840 727 70 0
picture 14059 840 797 70 0
picture 14060 868 116 52 0
picture 14066 868 308 41 0
picture 14067 868 266 42 0
picture 14068 112 0 378 0
picture 14069 112 378 378 0
picture 14070 140 0 378 0
picture 14071 140 378 378 0
picture 14072 168 0 378 0
picture 14074 168 378 378 0
picture 14075 196 0 378 0
picture 14076 196 378 378 0
picture 14077 224 0 378 0
picture 14078 224 378 378 0
picture 14079 252 0 378 0
picture 14083 252 378 378 0
picture 14084 280 0 378 0
picture 14085 280 378 378 0
picture 14086 308 0 378 0
picture 14087 308 378 378 0
picture 14088 336 0 378 0
picture 14089 336 378 378 0
picture 14090 364 0 378 0
picture 14091 364 378 378 0
picture 14092 392 0 378 0
picture 14093 392 378 378 0
picture 14094 420 0 378 0
picture 14095 420 378 378 0
picture 14096 448 0 378 0
picture 14097 448 378 378 0
picture 14098 476 0 378 0
picture 14099 476 378 378 0
picture 14100 504 0 378 0
picture 14101 504 378 378 0
picture 14102 532 0 378 0
picture 14103 532 378 378 0
picture 14104 560 0 378 0
picture 14105 560 378 378 0
picture 14106 588 0 378 0
picture 14107 588 378 378 0
picture 14108 616 0 378 0
picture 14109 616 378 378 0
picture 14110 644 0 378 0
picture 14111 644 378 378 0
picture 14112 672 0 378 0
picture 14113 672 378 378 0
picture 14114 700 0 378 0
picture 14115 700 378 378 0
picture 14116 728 0 378 0
picture 14117 728 378 378 0
object 1 0 left 14093
object 2 0 left 14094
object 3 0 left 14095
object 4 0 left 14096
object 5 0 left 14097
object 6 0 left 14098
object 7 0 left 14099
object 8 0 left 14100
object 9 0 left 14101
object 10 0 left 14102
object 11 0 left 14103
object 12 0 left 14104
object 13 0 left 14105
object 14 0 left 14106
object 15 0 left 14107
object 16 0 left 14088
object 17 0 left 14089
object 18 0 left 14090
object 19 0 left 14091
object 20 0 left 14092
object 21 0 left 14083
object 22 0 left 14084
object 23 0 left 14085
object 24 0 left 14086
object 25 0 left 14087
object 26 0 left 14093
object 27 0 left 14094
object 28 0 left 14095
object 29 0 left 14096
object 30 0 left 14097
object 31 0 left 14098
object 32 0 left 14099
object 33 0 left 14100
object 34 0 left 14101
object 35 0 left 14102
object 36 0 left 14103
object 37 0 left 14104
object 38 0 left 14105
object 39 0 left 14106
object 40 0 left 14107
object 41 0 left 14088
object 42 0 left 14089
object 43 0 left 14090
object 44 0 left 14091
object 45 0 left 14092
object 46 0 left 14083
object 47 0 left 14084
object 48 0 left 14085
object 49 0 left 14086
object 0 1 right 14072
object 3 1 left 755
object 3 1 right 756
object 6 1 left 755
object 6 1 right 756
object 7 1 left 755
object 7 1 right 756
object 31 1 left 755
object 31 1 right 756
object 32 1 left 755
object 32 1 right 756
object 40 1 left 755
object 40 1 right 756
object 42 1 left 755
object 42 1 right 756
object 43 1 left 755
object 43 1 right 756
object 45 1 left 755
object 45 1 right 756
object 0 2 right 14071
object 25 2 left 755
object 25 2 right 756
object 26 2 left 755
object 26 2 right 756
object 0 3 right 14070
object 0 4 right 14069
object 0 5 right 14068
object 0 6 right 13990
object 23 6 left 14066
object 23 6 right 14067
object 24 6 left 14066
object 24 6 right 14067
object 25 6 right 14056
object 27 6 left 14066
object 27 6 right 14067
object 0 7 right 13989
object 22 7 left 14066
object 22 7 right 14067
object 24 7 left 14066
object 24 7 right 14067
object 25 7 right 14055
object 26 7 left 14039
object 26 7 right 14040
object 0 8 right 13988
object 22 8 left 14066
object 22 8 right 14067
object 23 8 left 14066
object 23 8 right 14067
object 25 8 right 14054
object 26 8 left 14066
object 26 8 right 14067
object 0 9 right 13987
object 23 9 left 14033
object 23 9 right 14034
object 25 9 left 14052
object 25 9 right 14053
object 26 9 left 14066
object 26 9 right 14067
object 0 10 right 13986
object 23 10 left 14033
object 23 10 right 14034
object 24 10 left 14066
object 24 10 right 14067
object 0 11 right 13985
object 40 11 left 14041
object 40 11 right 14042
object 45 11 left 14041
object 45 11 right 14042
object 47 11 left 14041
object 47 11 right 14042
object 0 12 right 13984
object 10 12 left 14066
object 10 12 right 14067
object 40 12 left 14059
object 40 12 right 14060
object 41 12 left 14041
object 41 12 right 14042
object 42 12 left 14041
object 42 12 right 14042
object 44 12 left 14041
object 44 12 right 14042
object 48 12 left 14066
object 48 12 right 14067
object 0 13 right 13983
object 39 13 left 14057
object 39 13 right 14058
object 40 13 left 14045
object 40 13 right 14046
object 41 13 left 14041
object 41 13 right 14042
object 42 13 left 14033
object 42 13 right 14034
object 44 13 left 14066
object 44 13 right 14067
object 48 13 left 14066
object 48 13 right 14067
object 0 14 right 14079
object 4 14 left 14066
object 4 14 right 14067
object 5 14 left 14066
object 5 14 right 14067
object 39 14 left 14041
object 39 14 right 14042
object 40 14 left 14041
object 40 14 right 14042
object 41 14 left 14033
object 41 14 right 14034
object 45 14 left 14041
object 45 14 right 14042
object 48 14 left 14066
object 48 14 right 14067
object 0 15 right 14078
object 1 15 left 755
object 1 15 right 756
object 9 15 left 14066
object 9 15 right 14067
object 43 15 left 14041
object 43 15 right 14042
object 45 15 left 14041
object 45 15 right 14042
object 46 15 left 14066
object 46 15 right 14067
object 47 15 left 14066
object 47 15 right 14067
object 0 16 right 14112
object 41 16 left 14041
object 41 16 right 14042
object 0 17 right 14111
object 0 18 right 14110
object 24 18 right 14016
object 0 19 right 14109
object 5 19 left 14041
object 5 19 right 14042
object 7 19 left 14066
object 7 19 right 14067
object 24 19 right 14015
object 0 20 right 14108
object 5 20 left 14027
object 5 20 right 14028
object 6 20 left 14033
object 6 20 right 14034
object 24 20 left 14013
object 24 20 right 14014
object 35 20 left 14041
object 35 20 right 14042
object 0 21 right 14117
object 4 21 left 14025
object 4 21 right 14026
object 5 21 left 14045
object 5 21 right 14046
object 6 21 left 14041
object 6 21 right 14042
object 21 21 left 14009
object 22 21 left 14010
object 23 21 left 14011
object 23 21 right 14012
object 34 21 left 14031
object 34 21 right 14032
object 35 21 left 14041
object 35 21 right 14042
object 0 22 right 14116
object 4 22 left 14041
object 4 22 right 14042
object 5 22 left 14033
object 5 22 right 14034
object 11 22 left 14041
object 11 22 right 14042
object 28 22 left 14041
object 28 22 right 14042
object 32 22 left 14035
object 32 22 right 14036
object 33 22 left 14029
object 33 22 right 14030
object 34 22 left 14035
object 34 22 right 14036
object 35 22 left 14041
object 35 22 right 14042
object 36 22 left 14041
object 36 22 right 14042
object 0 23 right 14115
object 4 23 left 14041
object 4 23 right 14042
object 6 23 left 14041
object 6 23 right 14042
object 7 23 left 14033
object 7 23 right 14034
object 9 23 left 14041
object 9 23 right 14042
object 33 23 left 14041
object 33 23 right 14042
object 34 23 left 14035
object 34 23 right 14036
object 35 23 left 14033
object 35 23 right 14034
object 36 23 left 14041
object 36 23 right 14042
object 0 24 right 14114
object 6 24 left 14033
object 6 24 right 14034
object 7 24 left 14041
object 7 24 right 14042
object 10 24 left 14033
object 10 24 right 14034
object 36 24 left 14041
object 36 24 right 14042
object 39 24 left 14041
object 39 24 right 14042
object 0 25 right 14113
object 6 25 left 14041
object 6 25 right 14042
object 11 25 left 14041
object 11 25 right 14042
object 34 25 left 14041
object 34 25 right 14042
object 0 26 right 14072
object 0 27 right 14071
object 0 28 right 14070
object 0 29 right 14069
object 0 30 right 14068
object 0 31 right 14077
object 0 32 right 14076
object 0 33 right 14075
object 0 34 right 14074
