# lod20195 — tools/dat-extract layout 이 만든다. 손으로 고치지 말 것.
size 10 10
blocked
..........
.......#..
..#.......
..........
..........
..........
......#...
..........
..#.......
..........
floor
9572 9575 9579 9643 9664 9669 9608 9637 9642 9601
9571 9574 9578 9582 9663 9668 9607 9636 9641 9600
9570 9573 9577 9581 9662 9667 9606 9635 9640 9599
9625 9630 9576 9580 9661 9666 9605 9634 9639 9619
9624 9629 9634 9639 9660 9665 9604 9630 9635 9640
9618 9623 9553 9641 9664 9669 9639 9613 9618 9608
9606 9548 9552 9632 9663 9668 9609 9633 9638 9646
9545 9547 9551 9555 9662 9667 9638 9632 9637 9637
9544 9546 9550 9554 9661 9666 9605 9631 9636 9641
9599 9604 9549 9614 9660 9665 9604 9630 9635 9640
tile 9544 0 0
tile 9545 56 0
tile 9546 112 0
tile 9547 168 0
tile 9548 224 0
tile 9549 280 0
tile 9550 336 0
tile 9551 392 0
tile 9552 448 0
tile 9553 0 27
tile 9554 56 27
tile 9555 112 27
tile 9570 168 27
tile 9571 224 27
tile 9572 280 27
tile 9573 336 27
tile 9574 392 27
tile 9575 448 27
tile 9576 0 54
tile 9577 56 54
tile 9578 112 54
tile 9579 168 54
tile 9580 224 54
tile 9581 280 54
tile 9582 336 54
tile 9599 392 54
tile 9600 448 54
tile 9601 0 81
tile 9604 56 81
tile 9605 112 81
tile 9606 168 81
tile 9607 224 81
tile 9608 280 81
tile 9609 336 81
tile 9613 392 81
tile 9614 448 81
tile 9618 0 108
tile 9619 56 108
tile 9623 112 108
tile 9624 168 108
tile 9625 224 108
tile 9629 280 108
tile 9630 336 108
tile 9631 392 108
tile 9632 448 108
tile 9633 0 135
tile 9634 56 135
tile 9635 112 135
tile 9636 168 135
tile 9637 224 135
tile 9638 280 135
tile 9639 336 135
tile 9640 392 135
tile 9641 448 135
tile 9642 0 162
tile 9643 56 162
tile 9646 112 162
tile 9660 168 162
tile 9661 224 162
tile 9662 280 162
tile 9663 336 162
tile 9664 392 162
tile 9665 448 162
tile 9666 0 189
tile 9667 56 189
tile 9668 112 189
tile 9669 168 189
picture 10143 56 183 45 0
picture 10144 56 137 46 0
picture 10148 56 270 41 0
picture 10149 56 311 41 0
picture 10152 56 736 23 0
picture 10153 56 759 23 0
picture 10168 56 541 34 0
picture 10169 56 708 28 0
picture 10170 56 677 31 0
picture 10171 56 352 40 0
picture 10174 56 430 37 0
picture 10175 56 575 34 0
picture 10178 56 467 37 0
picture 10179 56 392 38 0
picture 10180 56 609 34 0
picture 10181 56 643 34 0
picture 10182 56 228 42 0
picture 10183 56 504 37 0
picture 10231 28 828 145 0
picture 10232 28 181 167 0
picture 10233 0 207 203 0
picture 10234 0 0 207 0
picture 10235 0 603 185 0
picture 10236 28 674 154 0
picture 10483 56 0 137 0
picture 10484 28 512 162 0
picture 10485 0 788 185 0
picture 10486 0 410 193 0
picture 10487 28 0 181 0
picture 10488 28 348 164 0
object 2 0 right 10488
object 8 0 left 10152
object 8 0 right 10153
object 2 1 right 10487
object 7 1 left 10143
object 7 1 right 10144
object 8 1 left 10178
object 8 1 right 10179
object 0 2 left 10483
object 1 2 left 10484
object 2 2 left 10485
object 2 2 right 10486
object 7 2 left 10174
object 7 2 right 10175
object 8 2 left 10180
object 8 2 right 10181
object 9 2 left 10168
object 9 2 right 10169
object 7 3 left 10170
object 7 3 right 10171
object 8 3 left 10182
object 8 3 right 10183
object 6 5 left 10182
object 6 5 right 10183
object 9 5 left 10174
object 9 5 right 10175
object 2 6 right 10236
object 6 6 left 10148
object 6 6 right 10149
object 9 6 left 10170
object 9 6 right 10171
object 2 7 right 10235
object 6 7 left 10178
object 6 7 right 10179
object 9 7 left 10152
object 9 7 right 10153
object 0 8 left 10231
object 1 8 left 10232
object 2 8 left 10233
object 2 8 right 10234
