# lod20194 — tools/dat-extract layout 이 만든다. 손으로 고치지 말 것.
size 20 40
blocked
......#.....#.......
....................
..#.................
.................#..
....................
....................
..........#.........
....................
..#.................
.................#..
..........#.........
..............##....
....................
....................
....................
....................
....................
.......#............
....#...............
................#...
....................
....................
....................
....................
.................#..
.............#......
....#........##.....
.................#..
..........#.........
......#.............
....................
...#................
....................
....................
..#..#............#.
....................
....................
...#.............#..
.....##.............
.#.........#........
floor
9572 9575 9579 9613 9618 9633 9638 9643 9664 9676 9669 9613 9618 9623 9648 9603 9608 9553 9618 9648
9571 9574 9578 9582 9625 9632 9637 9642 9663 9674 9668 9620 9625 9630 9647 9602 9588 9592 9596 9647
9570 9573 9577 9581 9624 9631 9636 9641 9662 9673 9667 9619 9624 9629 9646 9584 9587 9591 9595 9598
9645 9600 9576 9580 9603 9630 9635 9640 9661 9672 9666 9648 9603 9608 9645 9583 9586 9590 9594 9597
9644 9599 9642 9647 9602 9629 9634 9698 9687 9690 9699 9647 9602 9607 9644 9599 9585 9589 9593 9644
9623 8419 8425 8431 9601 9608 9613 9663 9677 9669 9641 9646 9601 9606 9623 9628 9641 9646 9601 9623
9603 8418 8424 8430 8435 9646 9601 9662 9676 9668 9632 9637 9642 9647 9603 9627 9632 9637 9642 9603
9602 8417 8423 8429 8434 9637 9642 9661 9675 9667 9631 9636 9641 9646 9602 8439 8444 8449 8454 9602
9601 8416 8422 8428 8433 9636 9641 9660 9679 9666 9630 9635 9640 9645 9601 8438 8443 8448 8453 8458
9619 8415 8421 8427 8432 9604 9609 9663 9678 9665 9629 9634 9639 9644 9619 8437 8442 8447 8452 8457
9648 9603 8420 8426 9618 9633 9638 9662 9677 9668 9608 9613 9618 9623 9648 9645 8441 8446 8451 8456
9647 9602 9607 9633 9638 9632 9637 9661 9680 9689 9657 9700 9638 9643 9647 9602 8440 8445 8450 8455
9646 9601 9606 9632 9637 9631 9636 9697 9688 9678 9683 9668 9637 9642 9646 9601 9606 9632 9637 9646
9645 9600 9605 9631 9636 9630 9635 9640 9664 9677 9682 9667 9636 9641 9645 9600 9605 9631 9636 9645
9644 9599 9604 9630 9635 9629 9634 9639 9663 9676 9681 9666 9635 9640 9644 9599 9604 9630 9635 9644
9646 9628 9633 9638 9566 9623 9628 9641 9662 9675 9680 9665 9643 9648 9646 9628 9633 9638 9643 9646
9637 9627 9632 9561 9565 9569 9627 9632 9661 9679 9684 9669 9642 9647 9637 9627 9632 9637 9642 9637
9636 9626 9557 9560 9564 9568 9626 9631 9660 9678 9683 9668 9641 9646 9572 9575 9579 9636 9641 9636
9635 9625 9556 9559 9563 9567 9625 9630 9662 9677 9682 9667 9640 9645 9571 9574 9578 9582 9640 9635
9619 9624 9629 9558 9562 9604 9609 9614 9661 9676 9681 9666 9639 9644 9570 9573 9577 9581 9639 9619
9648 9603 9608 9613 9618 9633 9638 9643 9660 9675 9690 9699 9618 9623 9648 9603 9576 9580 9618 9648
9647 9602 9607 9612 9617 9632 9637 9698 9691 9684 9669 9612 9617 9622 9647 9602 9607 9553 9617 9647
9646 9601 9634 9642 9647 9631 9636 9663 9678 9683 9668 9642 9647 9621 9646 9601 9548 9552 9647 9646
9645 9600 9605 8419 8425 8431 9635 9662 9677 9682 9667 9641 9646 9630 9635 9545 9547 9551 9555 9645
9644 9599 9604 8418 8424 8430 8435 9661 9676 9681 9666 9602 9645 9629 9634 9544 9546 9550 9554 9644
9602 9628 9633 8417 8423 8429 8434 9660 9675 9680 9669 9625 9607 9608 9613 8458 9633 9549 9643 9602
9601 9627 9632 8416 8422 8428 8433 9663 9679 9684 9668 8437 9606 9647 9602 8457 9632 9637 9642 9601
9600 9626 9631 8415 8421 8427 8432 9662 9678 9683 9667 8436 9647 9646 9601 8456 9631 9636 9641 9600
9599 9625 9630 9635 8420 8426 9639 9661 9677 9682 9666 9635 9619 9613 9648 8455 9630 9635 9640 9599
9619 9624 8462 8467 8472 8476 9609 9660 9676 9681 9665 9634 9639 9644 9619 9624 9629 9634 9639 9619
9648 9603 8461 8466 8471 8475 9638 9664 9674 9679 9689 9700 9618 9623 9648 9603 9608 9613 9618 9648
9647 9602 8460 8465 8470 8474 9637 9663 9673 9678 9683 9668 9625 9630 9647 9602 9615 9620 9625 9647
9646 9601 8459 8464 8469 8473 9636 9662 9672 9677 9682 9667 9624 9608 9646 9601 9614 9619 9624 9646
9645 9600 9643 8463 8468 9630 9635 9661 9671 9676 9681 9666 9603 9615 9645 9600 9643 9648 9603 9645
9648 9603 9608 9553 9618 9629 9634 9660 9670 9675 9680 9665 9619 9614 9629 8476 9608 9613 9618 9648
9647 9602 9548 9552 9625 9608 9613 9664 9674 9679 9684 9669 9648 9603 9608 9572 9575 9579 9625 9647
9646 9545 9547 9551 9555 9646 9601 9663 9673 9678 9683 9668 9647 9602 9615 9571 9574 9578 9582 9646
9645 9544 9546 9550 9554 9637 9642 9662 9672 9677 9682 9667 9646 9601 9614 9570 9573 9577 9581 9645
9644 9599 9642 9549 9602 9636 9641 9661 9671 9676 9681 9666 9640 9641 9603 9599 9642 9576 9580 9644
9623 9628 9641 9646 9601 9604 9609 9660 9670 9675 9680 9665 9639 9644 9623 9628 9641 9646 9601 9623
tile 8415 0 0
tile 8416 56 0
tile 8417 112 0
tile 8418 168 0
tile 8419 224 0
tile 8420 280 0
tile 8421 336 0
tile 8422 392 0
tile 8423 448 0
tile 8424 504 0
tile 8425 560 0
tile 8426 616 0
tile 8427 672 0
tile 8428 728 0
tile 8429 784 0
tile 8430 0 27
tile 8431 56 27
tile 8432 112 27
tile 8433 168 27
tile 8434 224 27
tile 8435 280 27
tile 8436 336 27
tile 8437 392 27
tile 8438 448 27
tile 8439 504 27
tile 8440 560 27
tile 8441 616 27
tile 8442 672 27
tile 8443 728 27
tile 8444 784 27
tile 8445 0 54
tile 8446 56 54
tile 8447 112 54
tile 8448 168 54
tile 8449 224 54
tile 8450 280 54
tile 8451 336 54
tile 8452 392 54
tile 8453 448 54
tile 8454 504 54
tile 8455 560 54
tile 8456 616 54
tile 8457 672 54
tile 8458 728 54
tile 8459 784 54
tile 8460 0 81
tile 8461 56 81
tile 8462 112 81
tile 8463 168 81
tile 8464 224 81
tile 8465 280 81
tile 8466 336 81
tile 8467 392 81
tile 8468 448 81
tile 8469 504 81
tile 8470 560 81
tile 8471 616 81
tile 8472 672 81
tile 8473 728 81
tile 8474 784 81
tile 8475 0 108
tile 8476 56 108
tile 9544 112 108
tile 9545 168 108
tile 9546 224 108
tile 9547 280 108
tile 9548 336 108
tile 9549 392 108
tile 9550 448 108
tile 9551 504 108
tile 9552 560 108
tile 9553 616 108
tile 9554 672 108
tile 9555 728 108
tile 9556 784 108
tile 9557 0 135
tile 9558 56 135
tile 9559 112 135
tile 9560 168 135
tile 9561 224 135
tile 9562 280 135
tile 9563 336 135
tile 9564 392 135
tile 9565 448 135
tile 9566 504 135
tile 9567 560 135
tile 9568 616 135
tile 9569 672 135
tile 9570 728 135
tile 9571 784 135
tile 9572 0 162
tile 9573 56 162
tile 9574 112 162
tile 9575 168 162
tile 9576 224 162
tile 9577 280 162
tile 9578 336 162
tile 9579 392 162
tile 9580 448 162
tile 9581 504 162
tile 9582 560 162
tile 9583 616 162
tile 9584 672 162
tile 9585 728 162
tile 9586 784 162
tile 9587 0 189
tile 9588 56 189
tile 9589 112 189
tile 9590 168 189
tile 9591 224 189
tile 9592 280 189
tile 9593 336 189
tile 9594 392 189
tile 9595 448 189
tile 9596 504 189
tile 9597 560 189
tile 9598 616 189
tile 9599 672 189
tile 9600 728 189
tile 9601 784 189
tile 9602 0 216
tile 9603 56 216
tile 9604 112 216
tile 9605 168 216
tile 9606 224 216
tile 9607 280 216
tile 9608 336 216
tile 9609 392 216
tile 9612 448 216
tile 9613 504 216
tile 9614 560 216
tile 9615 616 216
tile 9617 672 216
tile 9618 728 216
tile 9619 784 216
tile 9620 0 243
tile 9621 56 243
tile 9622 112 243
tile 9623 168 243
tile 9624 224 243
tile 9625 280 243
tile 9626 336 243
tile 9627 392 243
tile 9628 448 243
tile 9629 504 243
tile 9630 560 243
tile 9631 616 243
tile 9632 672 243
tile 9633 728 243
tile 9634 784 243
tile 9635 0 270
tile 9636 56 270
tile 9637 112 270
tile 9638 168 270
tile 9639 224 270
tile 9640 280 270
tile 9641 336 270
tile 9642 392 270
tile 9643 448 270
tile 9644 504 270
tile 9645 560 270
tile 9646 616 270
tile 9647 672 270
tile 9648 728 270
tile 9657 784 270
tile 9660 0 297
tile 9661 56 297
tile 9662 112 297
tile 9663 168 297
tile 9664 224 297
tile 9665 280 297
tile 9666 336 297
tile 9667 392 297
tile 9668 448 297
tile 9669 504 297
tile 9670 560 297
tile 9671 616 297
tile 9672 672 297
tile 9673 728 297
tile 9674 784 297
tile 9675 0 324
tile 9676 56 324
tile 9677 112 324
tile 9678 168 324
tile 9679 224 324
tile 9680 280 324
tile 9681 336 324
tile 9682 392 324
tile 9683 448 324
tile 9684 504 324
tile 9687 560 324
tile 9688 616 324
tile 9689 672 324
tile 9690 728 324
tile 9691 784 324
tile 9697 0 351
tile 9698 56 351
tile 9699 112 351
tile 9700 168 351
picture 10059 224 420 136 0
picture 10060 196 151 150 0
picture 10061 112 191 189 0
picture 10062 28 447 220 0
picture 10063 56 414 205 0
picture 10064 140 181 176 0
picture 10065 196 740 143 0
picture 10066 252 214 89 0
picture 10067 252 0 116 0
picture 10068 168 0 165 0
picture 10069 84 605 193 0
picture 10070 28 667 209 0
picture 10071 28 225 222 0
picture 10072 84 203 202 0
picture 10073 140 357 170 0
picture 10074 224 808 117 0
picture 10075 252 303 89 0
picture 10076 252 479 84 0
picture 10077 224 0 143 0
picture 10078 112 0 191 0
picture 10079 56 619 205 0
picture 10080 84 405 200 0
picture 10081 112 380 186 0
picture 10082 168 645 153 0
picture 10083 252 563 73 0
picture 10084 252 982 38 0
picture 10141 252 636 46 0
picture 10142 252 728 45 0
picture 10143 252 773 45 0
picture 10144 252 682 46 0
picture 10148 252 860 41 0
picture 10149 252 901 41 0
picture 10150 280 485 23 0
picture 10151 280 508 23 0
picture 10152 280 531 23 0
picture 10153 280 554 23 0
picture 10168 280 222 34 0
picture 10169 280 457 28 0
picture 10170 280 426 31 0
picture 10171 252 942 40 0
picture 10172 280 186 36 0
picture 10173 280 256 34 0
picture 10174 280 38 37 0
picture 10175 280 290 34 0
picture 10176 280 75 37 0
picture 10177 280 324 34 0
picture 10178 280 112 37 0
picture 10179 280 0 38 0
picture 10180 280 358 34 0
picture 10181 280 392 34 0
picture 10182 252 818 42 0
picture 10183 280 149 37 0
picture 10231 196 595 145 0
picture 10232 140 527 167 0
picture 10233 84 0 203 0
picture 10234 56 0 207 0
picture 10235 112 566 185 0
picture 10236 168 491 154 0
picture 10237 252 392 87 0
picture 10238 224 690 118 0
picture 10239 224 556 134 0
picture 10240 196 0 151 0
picture 10241 196 301 148 0
picture 10242 168 798 152 0
picture 10243 224 143 140 0
picture 10244 252 116 98 0
picture 10245 196 449 146 0
picture 10246 140 694 167 0
picture 10247 0 260 246 0
picture 10248 0 0 260 0
picture 10249 0 506 246 0
picture 10250 0 752 226 0
picture 10251 28 0 225 0
picture 10252 56 207 207 0
picture 10483 224 283 137 0
picture 10484 168 329 162 0
picture 10485 112 751 185 0
picture 10486 84 798 193 0
picture 10487 140 0 181 0
picture 10488 168 165 164 0
object 2 0 right 10488
object 5 0 left 10170
object 5 0 right 10171
object 6 0 left 10143
object 6 0 right 10144
object 7 0 left 10178
object 7 0 right 10179
object 9 0 left 10178
object 9 0 right 10179
object 10 0 left 10170
object 10 0 right 10171
object 11 0 left 10168
object 11 0 right 10169
object 12 0 left 10141
object 12 0 right 10142
object 17 0 right 10252
object 2 1 right 10487
object 4 1 left 10182
object 4 1 right 10183
object 6 1 left 10174
object 6 1 right 10175
object 7 1 left 10180
object 7 1 right 10181
object 9 1 left 10176
object 9 1 right 10177
object 10 1 left 10172
object 10 1 right 10173
object 11 1 left 10172
object 11 1 right 10173
object 12 1 left 10174
object 12 1 right 10175
object 17 1 right 10251
object 0 2 left 10483
object 1 2 left 10484
object 2 2 left 10485
object 2 2 right 10486
object 4 2 left 10152
object 4 2 right 10153
object 5 2 left 10180
object 5 2 right 10181
object 6 2 left 10170
object 6 2 right 10171
object 7 2 left 10182
object 7 2 right 10183
object 9 2 left 10178
object 9 2 right 10179
object 11 2 left 10180
object 11 2 right 10181
object 12 2 left 10180
object 12 2 right 10181
object 17 2 right 10250
object 4 3 left 10178
object 4 3 right 10179
object 6 3 left 10178
object 6 3 right 10179
object 14 3 left 10245
object 15 3 left 10246
object 16 3 left 10247
object 17 3 left 10248
object 17 3 right 10249
object 2 4 right 10066
object 2 5 right 10065
object 10 5 left 10152
object 10 5 right 10153
object 2 6 right 10064
object 10 6 left 10148
object 10 6 right 10149
object 17 6 right 10075
object 2 7 right 10063
object 9 7 left 10182
object 9 7 right 10183
object 17 7 right 10074
object 0 8 left 10059
object 1 8 left 10060
object 2 8 left 10061
object 2 8 right 10062
object 9 8 left 10168
object 9 8 right 10169
object 10 8 left 10152
object 10 8 right 10153
object 17 8 right 10073
object 10 9 left 10152
object 10 9 right 10153
object 13 9 left 10067
object 14 9 left 10068
object 15 9 left 10069
object 16 9 left 10070
object 17 9 left 10071
object 17 9 right 10072
object 10 10 left 10141
object 10 10 right 10142
object 11 10 left 10168
object 11 10 right 10169
object 14 10 left 10152
object 14 10 right 10153
object 15 10 left 10245
object 4 11 left 10170
object 4 11 right 10171
object 5 11 left 10182
object 5 11 right 10183
object 10 11 left 10174
object 10 11 right 10175
object 13 11 left 10168
object 13 11 right 10169
object 14 11 left 10141
object 14 11 right 10142
object 15 11 left 10148
object 15 11 right 10149
object 16 11 left 10170
object 16 11 right 10171
object 5 12 left 10168
object 5 12 right 10169
object 7 12 left 10152
object 7 12 right 10153
object 13 12 left 10172
object 13 12 right 10173
object 14 12 left 10174
object 14 12 right 10175
object 15 12 left 10176
object 15 12 right 10177
object 16 12 left 10172
object 16 12 right 10173
object 4 13 left 10170
object 4 13 right 10171
object 7 13 left 10178
object 7 13 right 10179
object 13 13 left 10176
object 13 13 right 10177
object 14 13 left 10180
object 14 13 right 10181
object 15 13 left 10178
object 15 13 right 10179
object 17 13 left 10180
object 17 13 right 10181
object 7 14 left 10180
object 7 14 right 10181
object 8 14 left 10168
object 8 14 right 10169
object 13 14 left 10170
object 13 14 right 10171
object 16 14 left 10150
object 16 14 right 10151
object 4 15 right 10244
object 7 15 left 10182
object 7 15 right 10183
object 4 16 right 10243
object 4 17 right 10242
object 7 17 left 10148
object 7 17 right 10149
object 8 17 left 10170
object 8 17 right 10171
object 16 17 right 10488
object 1 18 left 10237
object 2 18 left 10238
object 3 18 left 10239
object 4 18 left 10240
object 4 18 right 10241
object 7 18 left 10176
object 7 18 right 10177
object 8 18 left 10172
object 8 18 right 10173
object 16 18 right 10487
object 7 19 left 10178
object 7 19 right 10179
object 14 19 left 10483
object 15 19 left 10484
object 16 19 left 10485
object 16 19 right 10486
object 2 20 left 10152
object 2 20 right 10153
object 2 22 left 10178
object 2 22 right 10179
object 4 22 right 10066
object 17 22 right 10236
object 4 23 right 10065
object 13 23 left 10152
object 13 23 right 10153
object 17 23 right 10235
object 4 24 right 10064
object 13 24 left 10152
object 13 24 right 10153
object 15 24 left 10231
object 16 24 left 10232
object 17 24 left 10233
object 17 24 right 10234
object 4 25 right 10063
object 13 25 left 10141
object 13 25 right 10142
object 14 25 left 10168
object 14 25 right 10169
object 2 26 left 10059
object 3 26 left 10060
object 4 26 left 10061
object 4 26 right 10062
object 6 26 left 10176
object 6 26 right 10177
object 13 26 left 10141
object 13 26 right 10142
object 14 26 left 10148
object 14 26 right 10149
object 18 26 left 10152
object 18 26 right 10153
object 3 27 right 10084
object 10 27 left 10152
object 10 27 right 10153
object 13 27 left 10174
object 13 27 right 10175
object 14 27 left 10176
object 14 27 right 10177
object 16 27 left 10176
object 16 27 right 10177
object 17 27 left 10143
object 17 27 right 10144
object 18 27 left 10178
object 18 27 right 10179
object 3 28 right 10083
object 6 28 left 10182
object 6 28 right 10183
object 10 28 left 10143
object 10 28 right 10144
object 17 28 left 10174
object 17 28 right 10175
object 18 28 left 10180
object 18 28 right 10181
object 19 28 left 10168
object 19 28 right 10169
object 3 29 right 10082
object 6 29 left 10148
object 6 29 right 10149
object 10 29 left 10174
object 10 29 right 10175
object 11 29 left 10168
object 11 29 right 10169
object 17 29 left 10170
object 17 29 right 10171
object 18 29 left 10182
object 18 29 right 10183
object 3 30 right 10081
object 6 30 left 10178
object 6 30 right 10179
object 10 30 left 10182
object 10 30 right 10183
object 0 31 left 10076
object 1 31 left 10077
object 2 31 left 10078
object 3 31 left 10079
object 3 31 right 10080
object 11 32 left 10170
object 11 32 right 10171
object 1 33 left 10168
object 1 33 right 10169
object 2 33 left 10182
object 2 33 right 10183
object 6 33 left 10152
object 6 33 right 10153
object 11 33 left 10172
object 11 33 right 10173
object 18 33 left 10152
object 18 33 right 10153
object 1 34 left 10176
object 1 34 right 10177
object 2 34 left 10148
object 2 34 right 10149
object 5 34 left 10143
object 5 34 right 10144
object 6 34 left 10178
object 6 34 right 10179
object 18 34 left 10148
object 18 34 right 10149
object 19 34 left 10170
object 19 34 right 10171
object 3 35 right 10236
object 5 35 left 10174
object 5 35 right 10175
object 6 35 left 10180
object 6 35 right 10181
object 17 35 right 10488
object 3 36 right 10235
object 5 36 left 10170
object 5 36 right 10171
object 6 36 left 10182
object 6 36 right 10183
object 17 36 right 10487
object 1 37 left 10231
object 2 37 left 10232
object 3 37 left 10233
object 3 37 right 10234
object 5 37 left 10152
object 5 37 right 10153
object 11 37 left 10168
object 11 37 right 10169
object 15 37 left 10483
object 16 37 left 10484
object 17 37 left 10485
object 17 37 right 10486
object 1 38 left 10152
object 1 38 right 10153
object 5 38 left 10141
object 5 38 right 10142
object 6 38 left 10148
object 6 38 right 10149
object 11 38 left 10176
object 11 38 right 10177
object 1 39 left 10148
object 1 39 right 10149
object 2 39 left 10170
object 2 39 right 10171
object 5 39 left 10174
object 5 39 right 10175
object 6 39 left 10176
object 6 39 right 10177
object 11 39 left 10143
object 11 39 right 10144
