# lod20591 — tools/dat-extract layout 이 만든다. 손으로 고치지 말 것.
size 50 50
blocked
..................#.................##############
....................................##############
....###.............................##############
#.####.......###....................##############
#.#.....#.#...####...##..##.........##############
#...##..###...####....#..##.........##############
##.##..####...####....#.............##############
##....####.....##...................##############
##...####......##..................###############
##......#.#.#........................#############
##......#............................#############
##....................................############
#####.................................############
.#####.......................##.......############
...###........................#......#############
.......#.............................#############
...#................................##############
#...................................##############
....................................##############
...........................##.......##############
.........................#########################
.........................#########################
.........................#########################
.........................#########################
.....................#...#########################
........................##########################
.........................#########################
.........................#########################
.......#.................#########################
.........................#########################
....#......#.............#########################
..........................########################
..............#............#######################
..............................##...###############
.......#.......................#....##############
.....................................#############
....#................................#############
.....................................#############
.....................................#############
...........#.........................#############
................#....................#############
...................#..................############
.......#.........#...#................############
.....................................#############
..............#......................#############
.......#...#.........#....#..........#############
........................###.......#..#############
........................###..........#############
............#.#....#.................#############
...................##................#############
floor
10436 10444 10311 10319 10773 10776 10343 10351 10416 10424 10432 10339 10428 10436 10428 10357 10422 10430 10985 10989 10993 10997 10470 10478 10301 10309 10317 10325 10333 10341 10349 10357 10422 10430 10438 10584 10592 10600 10608 10616 7945 7950 7955 7960 7965 7945 7950 7955 7960 7965
10776 10443 10310 10318 10772 10775 9880 10350 10415 10423 10431 10338 10853 10856 10858 10356 10421 10429 10984 10988 10992 10996 10469 10477 10300 10308 10316 10324 10332 10733 10348 10356 10421 10429 10437 10583 10591 10599 10607 10615 7944 7949 7954 7959 7964 7944 7949 7954 7959 7964
10775 10442 10807 9880 10799 10810 9879 10478 10301 10309 10317 10337 10331 10855 10857 9786 10420 10428 10983 10987 10991 10995 10468 10476 10317 10307 10315 10323 10331 10339 10347 10735 10420 10428 10436 10582 10590 10598 10606 10614 7943 7948 7953 7958 7963 7943 7948 7953 7958 7963
10433 10441 10806 9879 9879 10809 10811 10477 9880 10308 9880 10336 10330 10854 9775 9778 9781 10427 10982 10986 10990 10994 10770 10475 10316 10803 10807 10322 10330 10338 10346 10354 10419 10427 10738 10581 10589 10597 10605 10613 8179 7947 7952 7957 7962 8179 7947 7952 7957 7962
10432 10440 9879 10444 9880 10808 10477 10476 10810 10307 9879 10335 10329 10337 9774 9777 9780 9781 10434 10442 10450 10458 10466 10474 10297 10802 10806 10321 10329 10337 10345 10353 10418 10426 10434 10580 10588 10596 10604 10612 8178 7946 7951 7956 7961 8178 7946 7951 7956 7961
9790 9792 10435 9880 9879 9879 10467 9880 10809 10805 10805 10805 10328 10336 10344 9776 9779 10440 10433 10441 10449 10457 10465 10473 10296 10805 10809 10811 10328 10336 10344 10352 10417 10425 10433 10579 10587 10595 10603 10611 7945 7950 7955 7960 7965 7945 7950 7955 7960 7965
9789 9791 10434 9879 10805 10458 9880 9879 9879 9879 9879 10462 10327 9893 10343 10351 9776 10799 10432 10440 10448 10456 10464 10472 10295 10303 10808 10319 10327 10335 10343 10734 10416 10424 9830 9835 10586 10594 10602 10610 7944 7949 7954 7959 7964 7944 7949 7954 7959 7964
10316 10324 10433 10441 10449 9880 9879 9879 9879 9879 10312 10461 10326 9892 10342 10350 10415 10798 10431 10439 10447 10455 10463 10471 10294 10302 10310 10318 10326 10334 10342 10350 10415 9825 9829 9834 10585 10593 10601 10609 7943 7948 7953 7958 7963 7943 7948 7953 7958 7963
10315 10323 10432 10440 10448 9879 9879 10472 9852 10303 9880 10460 9884 9891 10470 10806 10805 10309 10317 10325 10333 10341 10349 10357 10422 10430 10438 10446 10454 10462 10470 10478 9821 9824 9828 9833 10551 10559 10567 10575 8179 7947 7952 7957 7962 8179 7947 7952 7957 7962
10314 9785 10431 10332 10424 10455 10463 10437 9851 9854 9879 10459 9883 9890 10469 10477 10300 10308 10316 10324 10332 10340 10348 10356 10421 10429 10437 10736 10737 10461 10469 10477 10300 9823 9827 9832 10550 10558 10566 10574 8178 7946 7951 7956 7961 8178 7946 7951 7956 7961
10313 9860 9864 9871 10423 10341 10349 9848 9850 9853 10438 10458 9882 9889 10468 10476 10299 10307 10315 10323 10331 10339 10347 10355 10420 10428 10436 10431 10738 10460 10468 10476 10299 9822 9826 9831 10549 10557 10565 10573 7945 7950 7955 7960 7965 7945 7950 7955 7960 7965
9856 9859 9863 9870 9877 10338 10346 10354 10419 10427 10435 10443 10451 10459 10467 10475 10298 10306 10314 10322 10330 10338 10346 10354 10419 10427 10435 10316 10451 10459 10467 10475 10298 10306 10314 10540 10548 10556 10564 10572 7944 7949 7954 7959 7964 7944 7949 7954 7959 7964
10297 9858 9862 9869 9876 10767 10345 10353 10418 10426 10434 10442 10450 10458 10466 10474 10297 10305 10313 10321 10329 10337 10345 10353 10418 10426 10434 10303 10450 10810 10810 10474 10297 10305 10733 10539 10547 10555 10563 10571 7943 7948 7953 7958 7963 7943 7948 7953 7958 7963
10296 9857 9861 9868 9875 10766 10853 10856 10858 10425 10433 10441 10449 10457 10465 10473 10296 10304 10312 10320 10328 10336 10344 10352 10417 10425 10433 10441 10449 10809 10809 10811 10296 10304 10312 10538 10546 10554 10562 10570 8179 7947 7952 7957 7962 8179 7947 7952 7957 7962
10295 10303 10311 9867 9874 10335 10343 10855 10857 10424 10432 10440 10448 10456 10464 10472 10295 10303 10311 10319 10327 10335 10343 10351 10416 10424 10432 10440 10448 10808 10805 10472 10295 10303 10732 10537 10545 10553 10561 10569 8178 7946 7951 7956 7961 8178 7946 7951 7956 7961
10294 10302 10310 9866 9873 10334 10342 10854 10415 10423 10431 10439 10447 10455 10463 10471 10294 10302 10310 10318 10326 10334 10342 10350 10415 10423 10431 10439 10447 10455 10463 10471 10294 10302 10310 10536 10544 10552 10560 10568 7945 7950 7955 7960 7965 7945 7950 7955 7960 7965
10422 10430 10438 9865 9872 10462 10470 10478 10301 10309 10317 10325 10333 10341 10349 10357 10422 10430 10438 10446 10454 10462 10470 10478 10301 10309 10317 10325 10333 10341 10349 10357 10422 10430 10438 10640 10648 10656 10664 10672 7944 7949 7954 7959 7964 7944 7949 7954 7959 7964
11002 11006 11010 11014 10453 10461 10469 10477 10300 10308 10316 10324 10332 10340 10348 10356 10421 10429 10437 10445 10453 10461 10469 10477 10300 10308 10316 10324 10332 10340 10348 10356 10421 10731 10437 10639 10647 10655 10663 10671 7943 7948 7953 7958 7963 7943 7948 7953 7958 7963
11001 11005 11009 11013 10452 10460 10468 10476 10299 10307 10315 10323 10331 10339 10347 10355 10420 10428 10436 9860 9864 9871 10468 10476 10299 10307 10315 10323 10331 10339 10347 10355 10420 10730 10735 10638 10646 10654 10662 10670 8179 7947 7952 7957 7962 8179 7947 7952 7957 7962
11000 11004 11008 11012 10451 10459 10467 10475 10298 10306 10314 10322 10330 10338 10346 10354 10419 10427 9856 9859 9863 9870 9877 10475 10366 10374 10382 10390 10398 10403 10408 10413 10622 10627 10632 10637 10645 10653 10661 10669 8178 7946 7951 7956 7961 8178 7946 7951 7956 7961
10990 11003 11007 11011 10450 10458 10466 10474 10297 10305 10313 10321 10329 10337 10345 10353 10418 10426 10434 9858 9862 9869 9876 10474 10365 10373 10381 10389 10397 10402 10407 10412 10621 10626 10631 10636 10644 10652 10660 10668 7945 7950 7955 7960 7965 7945 7950 7955 7960 7965
10417 10425 10433 10441 10449 10457 10465 10473 10296 10304 10312 10320 10328 10336 10344 10352 10417 10425 10433 9857 9861 9868 9875 10473 10364 10372 10380 10388 10396 10401 10406 10411 10620 10625 10630 10635 10643 10651 10659 10667 7944 7949 7954 7959 7964 7944 7949 7954 7959 7964
10416 10424 10432 10440 10448 10456 10464 10472 10295 10303 10311 10319 10327 10335 10343 10351 10416 10424 10432 10440 10448 9867 9874 10472 10363 10371 10379 10387 10395 10400 10405 10410 10619 10624 10629 10634 10642 10650 10658 10666 7943 7948 7953 7958 7963 7943 7948 7953 7958 7963
10415 10423 10431 10439 10447 10455 10463 10471 10294 10302 10310 10318 10326 10334 10342 10350 10415 10423 10431 10439 10447 9866 9873 9830 9835 10370 10378 10386 10394 10399 10404 10409 10618 10623 10628 10633 10641 10649 10657 10665 8179 7947 7952 7957 7962 8179 7947 7952 7957 7962
10301 10309 10317 10325 10333 10341 10349 10357 10422 10430 10438 10446 10454 10462 10470 10478 10301 10309 10317 10325 10333 9865 9872 9829 9834 10369 10377 10385 10393 7955 7960 7965 7945 7950 7955 7960 7965 7945 7950 7955 7960 7965 7951 7956 7961 8178 7946 7951 7956 7961
10300 10308 10824 10831 10332 10340 10348 10356 10421 10824 10831 10445 10453 10461 10469 10477 10300 10308 10316 10324 10332 9821 9824 9828 9833 10368 10376 10384 10392 7954 7959 7964 7944 7949 7954 7959 7964 7944 7949 7954 7959 7964 7955 7960 7965 7945 7950 7955 7960 7965
10299 10817 10823 10830 10837 10842 10853 10856 10858 10823 10830 10837 10842 10460 10468 10476 10299 10307 10315 10323 10331 10339 9823 9827 9832 10367 10375 10383 10391 7953 7958 7963 7943 7948 7953 7958 7963 7943 7948 7953 7958 7963 7954 7959 7964 7944 7949 7954 7959 7964
10298 10816 10822 10829 10836 10841 10346 10855 10857 10822 10829 10836 10841 10459 10467 10475 10298 10306 10314 10322 10330 10338 9822 9826 9831 10141 10149 10157 10165 7952 7957 7962 8179 7947 7952 7957 7962 8179 7947 7952 7957 7962 7953 7958 7963 7943 7948 7953 7958 7963
10297 10815 10821 10828 10835 10840 10345 10854 10815 10821 10828 10835 10840 10458 10466 10474 10297 10305 10313 10321 10329 10337 10345 10353 10132 10140 10148 10156 10164 7951 7956 7961 8178 7946 7951 7956 7961 8178 7946 7951 7956 7961 7952 7957 7962 8179 7947 7952 7957 7962
10296 10814 10820 10827 10834 10839 10344 10352 10814 10820 10827 10834 10839 10457 9845 10473 10296 10304 10312 10320 10328 10336 10344 10352 10131 10139 10147 10155 10163 7955 7960 7965 7945 7950 7955 7960 7965 7945 7950 7955 8178 7946 7951 7956 7961 8178 7946 7951 7956 7961
10295 10813 10819 10826 10833 10838 10343 10351 10813 10819 10826 10833 10838 9841 9844 10472 10295 10303 10311 10319 10327 10335 10343 10351 10130 10138 10146 10154 10162 10170 10175 10180 10074 10079 10084 10092 10100 10108 10116 10124 7945 7950 7955 7960 7965 7945 7950 7955 7960 7965
10294 10302 10818 10825 10832 10334 10342 10350 10415 10818 10825 10832 10447 9840 9843 9846 10294 10302 10310 10318 10326 10334 10342 10350 10129 10137 10145 10153 10161 10169 10174 10179 10073 10078 10083 10091 10099 10107 10115 10123 7944 7949 7954 7959 7964 7944 7949 7954 7959 7964
10422 10430 10438 10446 10454 10462 10853 10856 10858 10309 10317 10325 10333 9839 9842 10357 10422 10430 10438 10446 10454 10462 10470 10478 10128 10136 10144 10152 10160 10168 10173 10178 10072 10077 10082 10090 10098 10106 10114 10122 7943 7948 7953 7958 7963 7943 7948 7953 7958 7963
10421 10429 10437 10445 9845 10461 10469 10855 10857 10308 10316 10324 10332 10340 10348 10356 10421 10429 10437 10445 10453 10461 10469 10477 10127 10135 10143 10151 10159 10167 10172 10177 10071 10076 10081 10089 10097 10105 10113 10121 8179 7947 7952 7957 7962 8179 7947 7952 7957 7962
10420 10428 10436 9841 9844 10460 10468 10854 10299 10824 10831 10323 10331 10339 10347 10355 10420 10428 10436 10444 10452 10460 10468 10476 10126 10134 10142 10150 10158 10166 10171 9883 10070 10075 10080 10088 10096 10104 10112 10120 8178 7946 7951 7956 7961 8178 7946 7951 7956 7961
10419 10427 10435 9840 9843 9846 10467 10475 10817 10823 10830 10837 10842 10338 10824 10831 10419 10427 10435 10443 10451 10459 10467 10475 10298 10306 10314 10322 10330 10338 10346 10354 10419 10427 10435 10087 10095 10103 10111 10119 7945 7950 7955 7960 7965 7945 7950 7955 7960 7965
10418 10426 10434 9839 9842 10458 10466 10474 10816 10822 10829 10836 10841 10817 10823 10830 10837 10842 10434 10442 10450 10458 10466 10474 10297 10305 10313 10321 10329 10337 10345 10353 10418 10426 10434 10086 10094 10102 10110 10118 7944 7949 7954 7959 7964 7944 7949 7954 7959 7964
10417 10425 10433 10441 10449 10824 10831 10473 10815 10821 10828 10835 10840 10816 10822 10829 10836 10841 10433 10441 10449 10457 10465 10473 10296 10304 10312 10320 10328 10336 10344 10352 10417 10425 10433 10085 10093 10101 10109 10117 7943 7948 7953 7958 7963 7943 7948 7953 7958 7963
10416 10424 10432 10440 10817 10823 10830 10837 10814 10820 10827 10834 10839 10815 10821 10828 10835 10840 10432 10440 10448 10456 10464 10472 10295 10303 10311 10319 10327 10335 10343 10351 10416 10424 10432 10543 10551 10559 10567 10575 8179 7947 7952 7957 7962 8179 7947 7952 7957 7962
10415 10423 10431 10439 10816 10822 10829 10836 10813 10819 10826 10833 10838 10814 10820 10827 10834 10839 10853 10856 10858 9845 10463 10471 10294 10302 10310 10318 10326 10334 10342 10350 10415 10423 10431 10542 10550 10558 10566 10574 8178 7946 7951 7956 7961 8178 7946 7951 7956 7961
10301 10309 10317 10325 10815 10821 10828 10835 10840 10818 10825 10832 10454 10813 10819 10826 10833 10838 10317 10855 10857 9844 10349 10357 10422 10430 10438 10446 10454 10462 10470 10478 10301 10309 10317 10541 10549 10557 10565 10573 7945 7950 7955 7960 7965 7945 7950 7955 7960 7965
10300 10308 10316 10324 10814 10820 10827 10834 10839 10823 10830 10837 10842 10461 9845 10825 10832 9880 10316 10854 9840 9843 9846 10356 10421 10429 10437 10445 10453 10461 10469 10477 10300 10308 10316 10540 10548 10556 10564 10572 7944 7949 7954 7959 7964 7944 7949 7954 7959 7964
10299 10307 10315 10323 10813 10819 10826 9845 10838 10822 10829 10836 10841 9841 9844 10476 10299 9879 10315 10323 9839 9842 10347 10355 10420 10428 10436 10444 10452 10460 10468 10476 10299 10307 10315 10539 10547 10555 10563 10571 7943 7948 7953 7958 7963 7943 7948 7953 7958 7963
10298 10306 10314 10322 10330 10818 9841 9844 10815 10821 10828 10835 10840 9840 9843 9846 10298 9879 10831 10322 10853 10856 10858 10354 10419 10427 10435 10443 10451 10459 10467 10475 10298 10306 10314 10538 10546 10554 10562 10570 8179 7947 7952 7957 7962 8179 7947 7952 7957 7962
10297 10305 10313 10321 10329 10337 9840 9843 9846 10820 10827 10834 10839 9839 9842 10474 10817 10823 10830 10837 10842 10855 10857 10353 10418 10426 10434 10442 10450 10458 10466 10474 10297 9830 9835 10537 10545 10553 10561 10569 8178 7946 7951 7956 7961 8178 7946 7951 7956 7961
10296 10304 10312 10320 10328 10336 9839 9842 10813 10819 10826 10833 9845 10457 10465 10473 10816 10822 10829 10836 10841 10854 10344 10352 10803 10810 10433 10441 10449 10457 10465 10473 9825 9829 9834 10536 10544 10552 10560 10568 7945 7950 7955 7960 7965 7945 7950 7955 7960 7965
10295 10303 10311 10319 10327 10335 10343 10351 10416 10818 10825 9841 9844 10853 10856 10858 10815 10821 10828 10835 11007 11023 11027 11031 10802 10809 10810 10440 10448 10456 10464 9821 9824 9828 9833 10543 10551 10559 10567 10575 7944 7949 7954 7959 7964 7944 7949 7954 7959 7964
10294 10302 10310 10318 10326 10334 10342 10350 10415 10423 10431 9840 9843 9846 10855 10857 10814 10820 10827 10834 10839 11022 11026 11030 10805 10808 10809 10811 10447 10455 10463 10471 9823 9827 9832 10542 10550 10558 10566 10574 7943 7948 7953 7958 7963 7943 7948 7953 7958 7963
10422 10430 10438 10446 10454 10462 10470 10478 10301 10309 10317 9839 9842 10341 10854 10357 10813 10819 10826 10833 11017 11021 11025 11029 10301 10808 10808 10325 10333 10341 10349 10357 9822 9826 9831 10541 10549 10557 10565 10573 8179 7947 7952 7957 7962 8179 7947 7952 7957 7962
10421 10429 10437 10445 10453 10461 10469 10477 10300 10308 10316 10324 10332 10340 10348 10356 10421 10818 10825 10805 11007 11020 11024 11028 10300 10308 10316 10324 10332 10340 10348 10356 10421 10429 10437 10540 10548 9883 10564 10572 8178 7946 7951 7956 7961 8178 7946 7951 7956 7961
tile 7943 0 0
tile 7944 56 0
tile 7945 112 0
tile 7946 168 0
tile 7947 224 0
tile 7948 280 0
tile 7949 336 0
tile 7950 392 0
tile 7951 448 0
tile 7952 504 0
tile 7953 560 0
tile 7954 616 0
tile 7955 672 0
tile 7956 728 0
tile 7957 784 0
tile 7958 840 0
tile 7959 896 0
tile 7960 952 0
tile 7961 1008 0
tile 7962 1064 0
tile 7963 1120 0
tile 7964 1176 0
tile 7965 1232 0
tile 8178 1288 0
tile 8179 1344 0
tile 9774 1400 0
tile 9775 0 27
tile 9776 56 27
tile 9777 112 27
tile 9778 168 27
tile 9779 224 27
tile 9780 280 27
tile 9781 336 27
tile 9785 392 27
tile 9786 448 27
tile 9789 504 27
tile 9790 560 27
tile 9791 616 27
tile 9792 672 27
tile 9821 728 27
tile 9822 784 27
tile 9823 840 27
tile 9824 896 27
tile 9825 952 27
tile 9826 1008 27
tile 9827 1064 27
tile 9828 1120 27
tile 9829 1176 27
tile 9830 1232 27
tile 9831 1288 27
tile 9832 1344 27
tile 9833 1400 27
tile 9834 0 54
tile 9835 56 54
tile 9839 112 54
tile 9840 168 54
tile 9841 224 54
tile 9842 280 54
tile 9843 336 54
tile 9844 392 54
tile 9845 448 54
tile 9846 504 54
tile 9848 560 54
tile 9850 616 54
tile 9851 672 54
tile 9852 728 54
tile 9853 784 54
tile 9854 840 54
tile 9856 896 54
tile 9857 952 54
tile 9858 1008 54
tile 9859 1064 54
tile 9860 1120 54
tile 9861 1176 54
tile 9862 1232 54
tile 9863 1288 54
tile 9864 1344 54
tile 9865 1400 54
tile 9866 0 81
tile 9867 56 81
tile 9868 112 81
tile 9869 168 81
tile 9870 224 81
tile 9871 280 81
tile 9872 336 81
tile 9873 392 81
tile 9874 448 81
tile 9875 504 81
tile 9876 560 81
tile 9877 616 81
tile 9879 672 81
tile 9880 728 81
tile 9882 784 81
tile 9883 840 81
tile 9884 896 81
tile 9889 952 81
tile 9890 1008 81
tile 9891 1064 81
tile 9892 1120 81
tile 9893 1176 81
tile 10070 1232 81
tile 10071 1288 81
tile 10072 1344 81
tile 10073 1400 81
tile 10074 0 108
tile 10075 56 108
tile 10076 112 108
tile 10077 168 108
tile 10078 224 108
tile 10079 280 108
tile 10080 336 108
tile 10081 392 108
tile 10082 448 108
tile 10083 504 108
tile 10084 560 108
tile 10085 616 108
tile 10086 672 108
tile 10087 728 108
tile 10088 784 108
tile 10089 840 108
tile 10090 896 108
tile 10091 952 108
tile 10092 1008 108
tile 10093 1064 108
tile 10094 1120 108
tile 10095 1176 108
tile 10096 1232 108
tile 10097 1288 108
tile 10098 1344 108
tile 10099 1400 108
tile 10100 0 135
tile 10101 56 135
tile 10102 112 135
tile 10103 168 135
tile 10104 224 135
tile 10105 280 135
tile 10106 336 135
tile 10107 392 135
tile 10108 448 135
tile 10109 504 135
tile 10110 560 135
tile 10111 616 135
tile 10112 672 135
tile 10113 728 135
tile 10114 784 135
tile 10115 840 135
tile 10116 896 135
tile 10117 952 135
tile 10118 1008 135
tile 10119 1064 135
tile 10120 1120 135
tile 10121 1176 135
tile 10122 1232 135
tile 10123 1288 135
tile 10124 1344 135
tile 10126 1400 135
tile 10127 0 162
tile 10128 56 162
tile 10129 112 162
tile 10130 168 162
tile 10131 224 162
tile 10132 280 162
tile 10134 336 162
tile 10135 392 162
tile 10136 448 162
tile 10137 504 162
tile 10138 560 162
tile 10139 616 162
tile 10140 672 162
tile 10141 728 162
tile 10142 784 162
tile 10143 840 162
tile 10144 896 162
tile 10145 952 162
tile 10146 1008 162
tile 10147 1064 162
tile 10148 1120 162
tile 10149 1176 162
tile 10150 1232 162
tile 10151 1288 162
tile 10152 1344 162
tile 10153 1400 162
tile 10154 0 189
tile 10155 56 189
tile 10156 112 189
tile 10157 168 189
tile 10158 224 189
tile 10159 280 189
tile 10160 336 189
tile 10161 392 189
tile 10162 448 189
tile 10163 504 189
tile 10164 560 189
tile 10165 616 189
tile 10166 672 189
tile 10167 728 189
tile 10168 784 189
tile 10169 840 189
tile 10170 896 189
tile 10171 952 189
tile 10172 1008 189
tile 10173 1064 189
tile 10174 1120 189
tile 10175 1176 189
tile 10177 1232 189
tile 10178 1288 189
tile 10179 1344 189
tile 10180 1400 189
tile 10294 0 216
tile 10295 56 216
tile 10296 112 216
tile 10297 168 216
tile 10298 224 216
tile 10299 280 216
tile 10300 336 216
tile 10301 392 216
tile 10302 448 216
tile 10303 504 216
tile 10304 560 216
tile 10305 616 216
tile 10306 672 216
tile 10307 728 216
tile 10308 784 216
tile 10309 840 216
tile 10310 896 216
tile 10311 952 216
tile 10312 1008 216
tile 10313 1064 216
tile 10314 1120 216
tile 10315 1176 216
tile 10316 1232 216
tile 10317 1288 216
tile 10318 1344 216
tile 10319 1400 216
tile 10320 0 243
tile 10321 56 243
tile 10322 112 243
tile 10323 168 243
tile 10324 224 243
tile 10325 280 243
tile 10326 336 243
tile 10327 392 243
tile 10328 448 243
tile 10329 504 243
tile 10330 560 243
tile 10331 616 243
tile 10332 672 243
tile 10333 728 243
tile 10334 784 243
tile 10335 840 243
tile 10336 896 243
tile 10337 952 243
tile 10338 1008 243
tile 10339 1064 243
tile 10340 1120 243
tile 10341 1176 243
tile 10342 1232 243
tile 10343 1288 243
tile 10344 1344 243
tile 10345 1400 243
tile 10346 0 270
tile 10347 56 270
tile 10348 112 270
tile 10349 168 270
tile 10350 224 270
tile 10351 280 270
tile 10352 336 270
tile 10353 392 270
tile 10354 448 270
tile 10355 504 270
tile 10356 560 270
tile 10357 616 270
tile 10363 672 270
tile 10364 728 270
tile 10365 784 270
tile 10366 840 270
tile 10367 896 270
tile 10368 952 270
tile 10369 1008 270
tile 10370 1064 270
tile 10371 1120 270
tile 10372 1176 270
tile 10373 1232 270
tile 10374 1288 270
tile 10375 1344 270
tile 10376 1400 270
tile 10377 0 297
tile 10378 56 297
tile 10379 112 297
tile 10380 168 297
tile 10381 224 297
tile 10382 280 297
tile 10383 336 297
tile 10384 392 297
tile 10385 448 297
tile 10386 504 297
tile 10387 560 297
tile 10388 616 297
tile 10389 672 297
tile 10390 728 297
tile 10391 784 297
tile 10392 840 297
tile 10393 896 297
tile 10394 952 297
tile 10395 1008 297
tile 10396 1064 297
tile 10397 1120 297
tile 10398 1176 297
tile 10399 1232 297
tile 10400 1288 297
tile 10401 1344 297
tile 10402 1400 297
tile 10403 0 324
tile 10404 56 324
tile 10405 112 324
tile 10406 168 324
tile 10407 224 324
tile 10408 280 324
tile 10409 336 324
tile 10410 392 324
tile 10411 448 324
tile 10412 504 324
tile 10413 560 324
tile 10415 616 324
tile 10416 672 324
tile 10417 728 324
tile 10418 784 324
tile 10419 840 324
tile 10420 896 324
tile 10421 952 324
tile 10422 1008 324
tile 10423 1064 324
tile 10424 1120 324
tile 10425 1176 324
tile 10426 1232 324
tile 10427 1288 324
tile 10428 1344 324
tile 10429 1400 324
tile 10430 0 351
tile 10431 56 351
tile 10432 112 351
tile 10433 168 351
tile 10434 224 351
tile 10435 280 351
tile 10436 336 351
tile 10437 392 351
tile 10438 448 351
tile 10439 504 351
tile 10440 560 351
tile 10441 616 351
tile 10442 672 351
tile 10443 728 351
tile 10444 784 351
tile 10445 840 351
tile 10446 896 351
tile 10447 952 351
tile 10448 1008 351
tile 10449 1064 351
tile 10450 1120 351
tile 10451 1176 351
tile 10452 1232 351
tile 10453 1288 351
tile 10454 1344 351
tile 10455 1400 351
tile 10456 0 378
tile 10457 56 378
tile 10458 112 378
tile 10459 168 378
tile 10460 224 378
tile 10461 280 378
tile 10462 336 378
tile 10463 392 378
tile 10464 448 378
tile 10465 504 378
tile 10466 560 378
tile 10467 616 378
tile 10468 672 378
tile 10469 728 378
tile 10470 784 378
tile 10471 840 378
tile 10472 896 378
tile 10473 952 378
tile 10474 1008 378
tile 10475 1064 378
tile 10476 1120 378
tile 10477 1176 378
tile 10478 1232 378
tile 10536 1288 378
tile 10537 1344 378
tile 10538 1400 378
tile 10539 0 405
tile 10540 56 405
tile 10541 112 405
tile 10542 168 405
tile 10543 224 405
tile 10544 280 405
tile 10545 336 405
tile 10546 392 405
tile 10547 448 405
tile 10548 504 405
tile 10549 560 405
tile 10550 616 405
tile 10551 672 405
tile 10552 728 405
tile 10553 784 405
tile 10554 840 405
tile 10555 896 405
tile 10556 952 405
tile 10557 1008 405
tile 10558 1064 405
tile 10559 1120 405
tile 10560 1176 405
tile 10561 1232 405
tile 10562 1288 405
tile 10563 1344 405
tile 10564 1400 405
tile 10565 0 432
tile 10566 56 432
tile 10567 112 432
tile 10568 168 432
tile 10569 224 432
tile 10570 280 432
tile 10571 336 432
tile 10572 392 432
tile 10573 448 432
tile 10574 504 432
tile 10575 560 432
tile 10579 616 432
tile 10580 672 432
tile 10581 728 432
tile 10582 784 432
tile 10583 840 432
tile 10584 896 432
tile 10585 952 432
tile 10586 1008 432
tile 10587 1064 432
tile 10588 1120 432
tile 10589 1176 432
tile 10590 1232 432
tile 10591 1288 432
tile 10592 1344 432
tile 10593 1400 432
tile 10594 0 459
tile 10595 56 459
tile 10596 112 459
tile 10597 168 459
tile 10598 224 459
tile 10599 280 459
tile 10600 336 459
tile 10601 392 459
tile 10602 448 459
tile 10603 504 459
tile 10604 560 459
tile 10605 616 459
tile 10606 672 459
tile 10607 728 459
tile 10608 784 459
tile 10609 840 459
tile 10610 896 459
tile 10611 952 459
tile 10612 1008 459
tile 10613 1064 459
tile 10614 1120 459
tile 10615 1176 459
tile 10616 1232 459
tile 10618 1288 459
tile 10619 1344 459
tile 10620 1400 459
tile 10621 0 486
tile 10622 56 486
tile 10623 112 486
tile 10624 168 486
tile 10625 224 486
tile 10626 280 486
tile 10627 336 486
tile 10628 392 486
tile 10629 448 486
tile 10630 504 486
tile 10631 560 486
tile 10632 616 486
tile 10633 672 486
tile 10634 728 486
tile 10635 784 486
tile 10636 840 486
tile 10637 896 486
tile 10638 952 486
tile 10639 1008 486
tile 10640 1064 486
tile 10641 1120 486
tile 10642 1176 486
tile 10643 1232 486
tile 10644 1288 486
tile 10645 1344 486
tile 10646 1400 486
tile 10647 0 513
tile 10648 56 513
tile 10649 112 513
tile 10650 168 513
tile 10651 224 513
tile 10652 280 513
tile 10653 336 513
tile 10654 392 513
tile 10655 448 513
tile 10656 504 513
tile 10657 560 513
tile 10658 616 513
tile 10659 672 513
tile 10660 728 513
tile 10661 784 513
tile 10662 840 513
tile 10663 896 513
tile 10664 952 513
tile 10665 1008 513
tile 10666 1064 513
tile 10667 1120 513
tile 10668 1176 513
tile 10669 1232 513
tile 10670 1288 513
tile 10671 1344 513
tile 10672 1400 513
tile 10730 0 540
tile 10731 56 540
tile 10732 112 540
tile 10733 168 540
tile 10734 224 540
tile 10735 280 540
tile 10736 336 540
tile 10737 392 540
tile 10738 448 540
tile 10766 504 540
tile 10767 560 540
tile 10770 616 540
tile 10772 672 540
tile 10773 728 540
tile 10775 784 540
tile 10776 840 540
tile 10798 896 540
tile 10799 952 540
tile 10802 1008 540
tile 10803 1064 540
tile 10805 1120 540
tile 10806 1176 540
tile 10807 1232 540
tile 10808 1288 540
tile 10809 1344 540
tile 10810 1400 540
tile 10811 0 567
tile 10813 56 567
tile 10814 112 567
tile 10815 168 567
tile 10816 224 567
tile 10817 280 567
tile 10818 336 567
tile 10819 392 567
tile 10820 448 567
tile 10821 504 567
tile 10822 560 567
tile 10823 616 567
tile 10824 672 567
tile 10825 728 567
tile 10826 784 567
tile 10827 840 567
tile 10828 896 567
tile 10829 952 567
tile 10830 1008 567
tile 10831 1064 567
tile 10832 1120 567
tile 10833 1176 567
tile 10834 1232 567
tile 10835 1288 567
tile 10836 1344 567
tile 10837 1400 567
tile 10838 0 594
tile 10839 56 594
tile 10840 112 594
tile 10841 168 594
tile 10842 224 594
tile 10853 280 594
tile 10854 336 594
tile 10855 392 594
tile 10856 448 594
tile 10857 504 594
tile 10858 560 594
tile 10982 616 594
tile 10983 672 594
tile 10984 728 594
tile 10985 784 594
tile 10986 840 594
tile 10987 896 594
tile 10988 952 594
tile 10989 1008 594
tile 10990 1064 594
tile 10991 1120 594
tile 10992 1176 594
tile 10993 1232 594
tile 10994 1288 594
tile 10995 1344 594
tile 10996 1400 594
tile 10997 0 621
tile 11000 56 621
tile 11001 112 621
tile 11002 168 621
tile 11003 224 621
tile 11004 280 621
tile 11005 336 621
tile 11006 392 621
tile 11007 448 621
tile 11008 504 621
tile 11009 560 621
tile 11010 616 621
tile 11011 672 621
tile 11012 728 621
tile 11013 784 621
tile 11014 840 621
tile 11017 896 621
tile 11020 952 621
tile 11021 1008 621
tile 11022 1064 621
tile 11023 1120 621
tile 11024 1176 621
tile 11025 1232 621
tile 11026 1288 621
tile 11027 1344 621
tile 11028 1400 621
tile 11029 0 648
tile 11030 56 648
tile 11031 112 648
picture 10013 280 936 44 0
picture 10014 308 42 41 0
picture 10168 308 264 34 0
picture 10169 308 391 28 0
picture 10429 280 170 54 0
picture 10430 280 224 54 0
picture 10431 280 278 54 0
picture 10432 280 332 54 0
picture 10437 280 386 54 0
picture 10438 280 440 54 0
picture 10496 28 755 224 0
picture 10497 0 557 271 0
picture 10498 0 0 285 0
picture 10499 0 285 272 0
picture 10500 28 0 270 0
picture 10501 28 270 256 0
picture 10503 168 430 140 0
picture 10504 140 495 156 0
picture 10505 84 384 190 0
picture 10506 84 574 187 0
picture 10507 56 622 200 0
picture 10508 56 214 204 0
picture 10509 168 570 138 0
picture 10510 224 618 94 0
picture 10511 308 157 36 0
picture 10512 280 58 56 0
picture 10513 280 114 56 0
picture 10514 56 418 204 0
picture 10515 28 526 229 0
picture 10516 56 0 214 0
picture 10517 112 557 177 0
picture 10518 112 734 175 0
picture 10519 140 332 163 0
picture 10520 168 838 127 0
picture 10521 252 350 81 0
picture 10522 224 419 102 0
picture 10523 140 807 153 0
picture 10524 112 187 185 0
picture 10525 56 822 200 0
picture 10526 112 372 185 0
picture 10527 140 0 167 0
picture 10528 168 0 146 0
picture 10529 224 212 104 0
picture 10540 224 316 103 0
picture 10541 196 494 118 0
picture 10542 196 0 126 0
picture 10543 196 375 119 0
picture 10544 196 612 113 0
picture 10545 308 83 37 0
picture 10546 252 942 63 0
picture 10547 252 812 65 0
picture 10548 280 846 45 0
picture 10553 252 92 89 0
picture 10554 224 712 94 0
picture 10555 308 362 29 0
picture 10556 196 126 126 0
picture 10557 168 708 130 0
picture 10558 196 725 113 0
picture 10559 280 891 45 0
picture 10560 252 743 69 0
picture 10561 252 431 80 0
picture 10562 280 494 54 0
picture 10563 252 671 72 0
picture 10564 196 838 107 0
picture 10565 224 0 107 0
picture 10566 252 511 80 0
picture 10567 308 229 35 0
picture 10568 308 419 28 0
picture 10569 280 980 44 0
picture 10570 308 120 37 0
picture 10571 308 447 28 0
picture 10572 280 655 50 0
picture 10573 308 475 28 0
picture 10575 140 167 165 0
picture 10576 84 0 192 0
picture 10577 84 192 192 0
picture 10578 168 146 142 0
picture 10580 280 548 54 0
picture 10581 252 877 65 0
picture 10582 224 900 93 0
picture 10583 224 107 105 0
picture 10584 224 806 94 0
picture 10585 280 705 49 0
picture 10586 252 266 84 0
picture 10587 168 288 142 0
picture 10588 140 651 156 0
picture 10589 84 761 187 0
picture 10590 112 0 187 0
picture 10591 196 252 123 0
picture 10605 252 591 80 0
picture 10606 252 181 85 0
picture 10607 280 0 58 0
picture 10608 280 602 53 0
picture 10609 308 331 31 0
picture 10610 308 298 33 0
picture 10611 308 193 36 0
picture 10612 308 0 42 0
picture 10613 280 754 46 0
picture 10614 280 800 46 0
picture 10615 224 521 97 0
picture 10616 252 0 92 0
object 18 0 left 10429
object 18 0 right 10430
object 4 1 right 10555
object 12 1 right 10520
object 4 2 left 10553
object 4 2 right 10554
object 5 2 left 10615
object 5 2 right 10616
object 6 2 left 10613
object 6 2 right 10614
object 12 2 right 10519
object 13 2 left 10556
object 13 2 right 10558
object 0 3 left 10615
object 0 3 right 10616
object 2 3 left 10607
object 2 3 right 10608
object 3 3 left 10613
object 3 3 right 10614
object 4 3 left 10613
object 4 3 right 10614
object 5 3 left 10611
object 5 3 right 10612
object 6 3 left 10168
object 6 3 right 10169
object 12 3 right 10518
object 13 3 left 10556
object 13 3 right 10557
object 15 3 right 10585
object 0 4 right 10573
object 2 4 left 10613
object 2 4 right 10614
object 8 4 left 10613
object 8 4 right 10614
object 10 4 left 10613
object 10 4 right 10614
object 12 4 right 10517
object 15 4 right 10584
object 17 4 right 10562
object 21 4 left 10568
object 22 4 left 10569
object 22 4 right 10570
object 25 4 left 10605
object 25 4 right 10606
object 26 4 left 10607
object 26 4 right 10608
object 0 5 left 10571
object 0 5 right 10572
object 4 5 left 10613
object 4 5 right 10614
object 5 5 left 10613
object 5 5 right 10614
object 8 5 left 10611
object 8 5 right 10612
object 9 5 left 10609
object 9 5 right 10610
object 10 5 left 10609
object 10 5 right 10610
object 11 5 left 10168
object 11 5 right 10169
object 12 5 right 10516
object 15 5 left 10582
object 15 5 right 10583
object 16 5 left 10559
object 17 5 left 10560
object 17 5 right 10561
object 22 5 right 10573
object 25 5 left 10609
object 25 5 right 10610
object 26 5 left 10611
object 26 5 right 10612
object 1 6 right 10567
object 3 6 left 10613
object 3 6 right 10614
object 4 6 left 10609
object 4 6 right 10610
object 7 6 left 10613
object 7 6 right 10614
object 8 6 left 10613
object 8 6 right 10614
object 9 6 left 10613
object 9 6 right 10614
object 10 6 left 10613
object 10 6 right 10614
object 12 6 right 10515
object 14 6 left 10580
object 14 6 right 10581
object 16 6 right 10578
object 17 6 left 10553
object 17 6 right 10554
object 22 6 left 10571
object 22 6 right 10572
object 1 7 right 10566
object 6 7 left 10613
object 6 7 right 10614
object 7 7 left 10613
object 7 7 right 10614
object 8 7 left 10613
object 8 7 right 10614
object 9 7 left 10613
object 9 7 right 10614
object 12 7 right 10514
object 15 7 left 10575
object 16 7 left 10576
object 16 7 right 10577
object 0 8 left 10563
object 1 8 left 10564
object 1 8 right 10565
object 5 8 left 10613
object 5 8 right 10614
object 6 8 left 10613
object 6 8 right 10614
object 7 8 left 10013
object 7 8 right 10014
object 8 8 left 10613
object 8 8 right 10614
object 12 8 right 10513
object 15 8 left 10607
object 15 8 right 10608
object 16 8 left 10609
object 16 8 right 10610
object 29 8 left 10503
object 30 8 left 10504
object 31 8 left 10505
object 32 8 left 10506
object 33 8 left 10507
object 34 8 left 10508
object 35 8 left 10509
object 35 8 right 10510
object 1 9 right 10585
object 8 9 right 10548
object 10 9 left 10613
object 10 9 right 10614
object 12 9 left 10511
object 12 9 right 10512
object 1 10 right 10584
object 7 10 left 10545
object 8 10 left 10546
object 8 10 right 10547
object 1 11 left 10582
object 1 11 right 10583
object 0 12 left 10580
object 0 12 right 10581
object 1 13 left 10586
object 5 13 right 10591
object 29 13 left 10611
object 29 13 right 10612
object 30 13 left 10611
object 30 13 right 10612
object 3 14 left 10587
object 3 14 right 10501
object 4 14 left 10588
object 5 14 left 10589
object 5 14 right 10590
object 7 14 right 10558
object 30 14 left 10609
object 30 14 right 10610
object 3 15 right 10500
object 7 15 left 10556
object 7 15 right 10557
object 1 16 left 10496
object 2 16 left 10497
object 3 16 left 10498
object 3 16 right 10499
object 0 17 left 10431
object 0 17 right 10432
object 21 22 right 10501
object 21 23 right 10500
object 19 24 left 10496
object 20 24 left 10497
object 21 24 left 10498
object 21 24 right 10499
object 18 25 left 10503
object 19 25 left 10504
object 20 25 left 10505
object 21 25 left 10506
object 22 25 left 10507
object 23 25 left 10508
object 24 25 left 10509
object 24 25 right 10510
object 31 26 right 10520
object 4 27 right 10529
object 7 27 right 10558
object 11 27 right 10529
object 31 27 right 10519
object 4 28 right 10528
object 7 28 left 10556
object 7 28 right 10557
object 11 28 right 10528
object 31 28 right 10518
object 4 29 right 10527
object 11 29 right 10527
object 31 29 right 10517
object 0 30 left 10521
object 1 30 left 10522
object 2 30 left 10523
object 3 30 left 10524
object 4 30 left 10525
object 4 30 right 10526
object 7 30 left 10521
object 8 30 left 10522
object 9 30 left 10523
object 10 30 left 10524
object 11 30 left 10525
object 11 30 right 10526
object 31 30 right 10516
object 14 31 right 10544
object 31 31 right 10515
object 12 32 left 10540
object 13 32 left 10541
object 14 32 left 10542
object 14 32 right 10543
object 31 32 right 10514
object 7 33 right 10558
object 31 33 right 10513
object 7 34 left 10556
object 7 34 right 10557
object 31 34 left 10511
object 31 34 right 10512
object 4 35 right 10544
object 2 36 left 10540
object 3 36 left 10541
object 4 36 left 10542
object 4 36 right 10543
object 11 36 right 10529
object 11 37 right 10528
object 16 37 right 10529
object 11 38 right 10527
object 16 38 right 10528
object 7 39 left 10521
object 7 39 right 10529
object 8 39 left 10522
object 9 39 left 10523
object 10 39 left 10524
object 11 39 left 10525
object 11 39 right 10526
object 16 39 right 10527
object 7 40 right 10528
object 12 40 left 10521
object 13 40 left 10522
object 14 40 left 10523
object 15 40 left 10524
object 16 40 left 10525
object 16 40 right 10526
object 19 40 right 10558
object 7 41 right 10527
object 19 41 left 10556
object 19 41 right 10557
object 21 41 right 10544
object 37 41 right 10520
object 3 42 left 10521
object 4 42 left 10522
object 5 42 left 10523
object 6 42 left 10524
object 7 42 left 10525
object 7 42 right 10526
object 11 42 right 10529
object 17 42 left 10613
object 17 42 right 10614
object 19 42 left 10540
object 20 42 left 10541
object 21 42 left 10542
object 21 42 right 10543
object 37 42 right 10519
object 11 43 right 10528
object 14 43 right 10544
object 37 43 right 10518
object 7 44 right 10544
object 11 44 right 10527
object 12 44 left 10540
object 13 44 left 10541
object 14 44 left 10542
object 14 44 right 10543
object 21 44 right 10558
object 37 44 right 10517
object 5 45 left 10540
object 6 45 left 10541
object 7 45 left 10542
object 7 45 right 10543
object 8 45 left 10522
object 9 45 left 10523
object 10 45 left 10524
object 11 45 left 10525
object 11 45 right 10526
object 19 45 right 10529
object 21 45 left 10556
object 21 45 right 10557
object 26 45 right 10573
object 37 45 right 10516
object 19 46 right 10528
object 24 46 left 10605
object 24 46 right 10606
object 25 46 left 10611
object 25 46 right 10612
object 26 46 left 10571
object 26 46 right 10572
object 28 46 left 10503
object 29 46 left 10504
object 30 46 left 10505
object 31 46 left 10506
object 32 46 left 10507
object 33 46 left 10508
object 34 46 left 10509
object 34 46 right 10510
object 37 46 right 10515
object 12 47 right 10544
object 14 47 right 10558
object 19 47 right 10527
object 24 47 left 10609
object 24 47 right 10610
object 25 47 left 10611
object 25 47 right 10612
object 26 47 left 10611
object 26 47 right 10612
object 37 47 right 10514
object 10 48 left 10540
object 11 48 left 10541
object 12 48 left 10542
object 12 48 right 10543
object 14 48 left 10556
object 14 48 right 10557
object 15 48 left 10521
object 16 48 left 10522
object 17 48 left 10523
object 18 48 left 10524
object 19 48 left 10525
object 19 48 right 10526
object 37 48 right 10513
object 19 49 left 10609
object 19 49 right 10610
object 20 49 left 10437
object 20 49 right 10438
object 37 49 left 10511
object 37 49 right 10512
