# lod20586 — tools/dat-extract layout 이 만든다. 손으로 고치지 말 것.
size 50 50
blocked
##......................####......##..............
###.....................#####.....##..............
####......................###.....##..............
####..............................................
####................#.............................
####..........................#.........#.........
####...#.......................................#..
#####................#............................
###########.......................................
#############.....................................
##############....................................
##############....................................
###############...................................
###############...................................
###############...................................
###############......................#............
##############.................................#..
##############.................#..................
##############....#...............................
##############....................................
##############............................#.....##
##############..................................##
###############...................................
###############..............#....................
###############...................................
###############...................................
###############...................................
###############...................................
###############.......................######....##
##########...........................#######....##
####..................#..............#####......##
###.................#.#..............######.....#.
###..................................######.......
####.................................######.......
####...............#..#....#............#####.....
####.........###...##.............................
####........####...#..............................
####........###...................................
####..#.....#####.................................
####..........##..................................
####..........###.................................
####...........#..................................
####...........##............#....................
###...............................................
###.......#.......................................
##................................................
###...............................................
###.....................#.........................
####...#................##.....##..............#..
####....................##.....##.................
floor
10903 10911 10919 10927 10935 9860 9864 9871 10301 10309 10317 10325 10333 10341 10349 10357 10422 10817 10823 10830 10837 10842 10470 10478 10301 10309 10317 10763 10767 10985 10989 10993 10997 10430 10438 10446 10454 10462 10779 10784 10790 10309 10317 10325 10333 10341 10349 10357 10422 10430
10902 10910 10918 10926 9856 9859 9863 9870 9877 10308 10316 10324 10332 10340 10348 10356 10421 10816 10822 10829 10836 10841 10469 10477 10300 10308 10316 10324 10766 10984 10988 10992 10996 10429 10437 10445 10453 10461 10778 10783 10789 10793 10316 10324 10332 10779 10784 10790 10421 10429
10901 10909 10917 10925 10933 9858 9862 9869 9876 10307 10315 10323 10331 10339 10347 10355 10420 10815 10821 10828 10835 10840 10468 10476 10299 10307 10315 10323 10331 10983 10987 10991 10995 10428 10436 10444 10452 10460 10777 10782 10788 10307 10315 10323 10331 10778 10783 10789 10793 10428
10900 10908 10916 10924 10932 9857 9861 9868 9875 10306 10314 10322 10330 10338 10346 10354 10419 10814 10820 10827 10834 10839 10467 10475 10298 10306 10314 10322 10330 10982 10986 10990 10994 10427 10435 10443 10451 10459 10467 10781 10787 10792 10794 10322 10330 10777 10782 10788 10419 10427
10245 10253 10261 10269 10277 10458 10466 9867 9874 10305 10313 10321 10329 10337 10345 10353 10418 10813 10819 10826 10833 9845 10466 10474 10297 10305 10313 10321 10329 10337 10345 10353 10418 10426 10434 10442 10450 10458 10466 10780 10786 10791 10313 10321 10329 10337 10781 10787 10792 10794
10244 10252 10260 10268 10276 10457 10465 9866 9873 10734 10312 10320 10328 10336 10344 10352 10417 10425 10818 10825 9841 9844 10465 10473 10296 10304 10312 10320 10328 10336 10344 10352 10417 10425 10433 10441 10449 10457 10465 10473 10785 10304 10312 10320 10328 10336 10780 10786 10791 10425
10243 10251 10259 10267 10275 10456 10464 9865 9872 10303 10311 10319 10327 10335 10343 10351 10416 10424 10432 10440 9840 9843 9846 10472 10295 10303 10311 10319 10327 10335 10343 10351 10416 10424 10432 10440 10448 10456 10464 10472 10295 10303 10311 10319 10327 10335 10737 10785 10416 10424
10242 10250 10258 10266 10274 10282 10287 10292 10186 10191 10196 10204 10212 10220 10228 10236 10415 10423 10431 10439 9839 9842 10463 10471 10294 10302 10310 10318 10326 10732 10342 10350 10415 10423 10431 10439 10447 10455 10463 10471 10294 10302 10310 10318 10326 10334 10342 10350 10415 10423
10241 10249 10257 10265 10273 10281 10286 10291 10185 10190 10195 10203 10211 10219 10227 10235 10301 10309 10317 10325 10333 10341 10349 10357 10422 10430 10438 10446 10454 10462 10470 10478 10301 10309 10317 10325 10333 9888 9897 9903 10422 10430 10438 10446 10454 10462 10470 10478 10301 10309
10240 10248 10256 10264 10272 10280 10285 10290 10184 10189 10194 10202 10210 10218 10226 10234 10300 10732 10316 10324 10332 10340 10348 10356 10421 10429 10437 10445 10453 10461 10469 10477 10300 10308 10316 10324 10332 9887 9896 9902 9906 10429 10437 10445 10453 10461 10469 10477 10300 10308
10239 10247 10255 10263 10271 10279 10284 10289 10183 10188 10193 10201 10209 10217 10225 10233 10299 10307 10315 10323 10331 10339 10347 10355 10420 10428 10436 10444 10452 10460 10468 10476 10299 10307 10315 10323 10331 9886 9895 9901 9905 10428 10436 10444 10452 10460 10468 10476 10299 10307
10238 10246 10254 10262 10270 10278 10283 10288 10182 10187 10192 10200 10208 10216 10224 10232 10298 10306 10314 10322 10330 10338 10346 10354 10419 10427 10435 10443 10451 10459 10467 10475 10298 10306 10314 10322 10330 9885 9894 9900 9904 10427 10435 10443 10451 10779 10784 10790 10298 10306
7945 7950 7955 7960 7965 7945 7950 7955 7960 7965 7945 10199 10207 10215 10223 10231 10297 10305 10313 10321 10329 10337 10345 10353 10418 10426 10434 10442 10450 10458 10466 10474 10297 10305 10313 10321 10329 10337 9893 9899 10418 10426 10434 10442 10450 10778 10783 10789 10793 10305
7944 7949 7954 7959 7964 7944 7949 7954 7959 7964 7944 10198 10206 10214 10222 10230 10296 10304 10312 10320 10328 10336 10344 10352 10417 10425 10433 10441 10817 10823 10830 10837 10842 10304 10312 10320 10328 10336 9892 9898 10417 10425 10433 10441 10449 10777 10782 10788 10296 10304
7943 7948 7953 7958 7963 7943 7948 7953 7958 7963 7943 10197 10205 10213 10221 10229 10295 10303 10736 10319 10327 10335 10343 10351 10416 10424 10432 10440 10816 10822 10829 10836 10841 10303 10311 10319 10327 9884 9891 10351 10416 10424 10432 10440 10448 10456 10781 10787 10792 10794
8179 7947 7952 7957 7962 8179 7947 7952 7957 7962 8179 10907 10915 10923 10931 10939 10294 10302 10310 10318 10326 10334 10342 10350 10415 10423 10431 10439 10815 10821 10828 10835 10840 10302 10310 10318 10326 9883 9890 10350 10415 10423 10431 10439 10447 10455 10780 10786 10791 10302
8178 7946 7951 7956 7961 8178 7946 7951 7956 7961 8178 10906 10914 10922 10930 10938 10422 9830 9835 10446 10454 10462 10470 10478 10301 10309 10317 10325 10814 10820 10827 10834 10839 10430 10438 10446 10454 9882 9889 10478 10301 10309 10317 10325 10333 10341 10349 10785 10422 10430
7944 7949 7954 7959 7964 7945 7950 7955 7960 7965 7945 10905 10913 10921 10929 10937 9825 9829 9834 10445 10453 10461 10469 10477 10300 10308 10316 10324 10813 10819 10826 10833 10838 10429 10437 10445 10453 10461 10469 10477 10300 10308 10316 10324 10332 10340 10348 9775 9778 9781
7943 7948 7953 7958 7963 7944 7949 7954 7959 7964 7944 10904 10912 10920 10928 9821 9824 9828 9833 9837 10452 10460 10468 10476 10299 10307 10315 10323 10331 10818 10825 10832 10420 10428 10436 10444 10452 10460 10468 10476 10299 10307 10315 10323 10331 10339 10347 9774 9777 9780
8179 7947 7952 7957 7962 7943 7948 7953 7958 7963 7943 10903 10911 10919 10927 10935 9823 9827 9832 9836 10451 10459 10467 10475 10298 10306 10314 10322 10330 10338 10346 10354 10419 10427 10435 10443 10451 10459 10467 10475 10298 10306 10314 10322 10330 10338 10346 10354 9776 9779
8178 7946 7951 7956 7961 8179 7947 7952 7957 7962 8179 10902 10910 10918 10926 10934 9822 9826 9831 10442 10450 10458 10466 10474 10297 10305 10313 10321 10329 10337 10345 10353 10418 10426 10434 10442 10450 10458 10466 10474 10297 10305 10313 10321 10329 10337 10345 10353 10418 10426
7945 7950 7955 7960 7965 7945 7950 7955 7960 7965 7945 10901 10909 10917 10925 10933 10417 10425 10433 10441 10449 10457 10465 10473 10296 10304 10312 10320 10328 10336 10344 10352 10417 10425 10433 10441 10449 10457 10465 10473 10296 10304 10312 10320 10328 10336 10344 10352 10417 10425
7944 7949 7954 7959 7964 7944 7949 7954 7959 7964 7944 10900 10908 10916 10924 10932 10416 10424 10432 10440 10448 10456 10464 10472 10295 10303 10311 10319 10327 10810 10343 10351 10416 10424 10737 10440 10448 10456 10464 10732 10295 10303 10311 10319 10327 10335 11036 11040 11044 11048
7943 7948 7953 7958 7963 7943 7948 7953 7958 7963 7943 10696 10704 10712 10720 10728 10415 10423 10733 10439 10447 10455 10734 10471 10294 10302 10310 10318 10326 10809 10811 10350 10415 10423 10431 10439 10447 10455 10463 10471 10294 10302 10310 10318 10326 10334 11035 11039 11043 11047
8179 7947 7952 7957 7962 8179 7947 7952 7957 7962 8179 10695 10703 10711 10719 10727 10301 10309 10317 10325 10333 10341 10349 10357 10422 10430 10438 10446 10454 10808 10470 10478 10301 10309 10317 10325 10333 10341 10349 10357 10422 10430 10438 10446 10454 10462 11034 11038 11042 11046
8178 7946 7951 7956 7961 8178 7946 7951 7956 7961 7946 10694 10702 10710 10718 10726 10300 10737 10316 10324 10332 10340 10348 10356 10421 10429 10437 10445 10453 10461 10469 10477 10300 10308 10316 10324 10332 10340 10348 10356 10421 10429 10437 10445 10453 10461 11033 11037 11041 11045
10487 10495 10503 10511 10519 10524 10529 10534 10678 10683 10688 10693 10701 10709 10717 10725 10299 10307 10315 10323 10331 10339 10347 10355 10420 10428 10436 10444 10452 10460 10468 10476 10299 10307 10315 10323 10331 10742 10744 10746 10748 10428 10436 10444 10452 10460 10468 10476 9784 10307
10486 10494 10502 10510 10518 10523 10528 10533 10677 10682 10687 10692 10700 10708 10716 10724 10298 10306 10314 10322 10330 10338 10346 10354 10419 10427 10435 10443 10451 10459 10733 10737 10298 10306 10314 10322 10739 10741 10743 10745 10747 10749 10797 10801 10451 10459 10467 10475 9783 9786
10485 10493 10501 10509 10517 10522 10527 10532 10676 10681 10686 10691 10699 10707 10715 10723 10297 10305 10313 10321 10329 10337 10345 10353 10418 10426 10434 10442 10450 10458 10466 10474 10297 10305 10313 10321 10329 10740 10345 10353 10418 10426 10796 10800 10450 10458 10466 10474 10297 9785
10484 10492 10500 10508 10516 10521 10526 10531 10675 10680 10685 10690 10698 10706 10714 10722 10296 10304 10312 10320 9802 9808 9814 9819 10417 10425 10433 10441 10449 10457 10465 10473 10296 10304 10312 10320 10328 10322 10330 10352 10417 10425 10433 10799 10449 10457 10465 10473 10296 10304
10483 10491 10499 10507 10515 10520 10525 10530 10674 10679 10684 10689 10697 10705 10713 10721 10295 10303 10311 10319 9801 9807 9813 9818 10817 10823 10830 10837 10842 10456 10464 10732 10295 10303 10311 10319 10327 10321 10329 10351 10416 10424 10432 10798 10448 10456 10464 10472 10295 10303
10482 10490 10498 10506 10514 10334 9888 9897 9903 10423 10431 10731 10447 10455 10463 10471 10294 10302 10310 10318 9800 9806 9812 9817 10816 10822 10829 10836 10841 10455 10463 10471 10294 10302 10310 10318 10326 10334 10342 10350 10415 10423 10431 10439 10447 10455 10463 10471 10294 10302
10481 10489 10497 10505 10513 10462 9887 9896 9902 9906 10317 10730 10333 10341 10349 10357 10422 10430 10438 9796 9799 9805 9811 9816 10815 10821 10828 10835 10840 10341 10349 10357 10422 10430 10438 10446 10454 10462 10470 10478 10301 10309 10317 10325 10333 10341 10349 10357 10422 10430
10480 10488 10496 10504 10512 10461 9886 9895 9901 9905 10316 10324 10332 10340 10348 10356 10421 10429 10437 9795 9798 9804 9810 9815 10814 10820 10827 10834 10839 10340 10348 10356 10421 10429 10437 10445 10453 10461 10469 10477 10300 10308 10316 10324 10803 10340 10348 10356 10421 10429
10948 10956 10964 10972 10979 10460 9885 9894 9900 9904 10315 10323 10331 10339 10347 10355 10420 10428 10436 9794 9797 9803 9809 10476 10813 10819 10826 10833 10838 10339 10347 10355 10420 10428 10436 10444 10452 10460 10468 10476 10299 10307 10315 10323 10802 10339 10347 10355 10420 10428
10947 10955 10963 10971 10979 10459 10467 9893 9899 10306 10314 10322 10330 9880 9880 9880 10419 10427 10435 10443 10451 10459 10467 10475 10298 10818 10825 10832 10330 10338 10346 10354 10419 10427 10435 10443 10737 10459 10467 10475 10298 10306 10314 10322 10330 10338 10346 10354 10419 10427
10946 10954 10962 10970 10978 10458 10466 9892 9898 10305 10313 10321 9880 9879 9879 9879 10418 10426 10434 10442 10450 10458 10466 10474 10297 10305 10313 10321 10329 10337 10345 10353 10418 10426 10434 10442 10450 10458 10466 10474 10297 10305 10313 10321 10329 10337 10345 10353 10418 10426
10945 10953 10961 10969 10977 10457 9884 9891 10296 10304 10312 10320 9879 9879 9879 9880 9880 10425 10433 10441 10449 10457 10465 10473 10296 10304 10312 10320 10328 10336 10344 10352 10417 10425 10433 10441 10449 10457 10465 10473 10296 10304 10312 10320 10328 10336 10344 10352 10417 10425
10944 10952 10960 10968 10976 10456 9883 9890 9860 9864 9871 10319 10327 9879 9879 9879 9879 10424 10432 10440 10448 10456 10464 10472 10295 10303 10311 10319 10327 10335 10343 10351 10416 10424 10432 10440 10448 10456 10464 10472 10295 10303 10311 10319 10327 10335 10343 10736 10416 10424
10943 10951 10959 10967 10975 10455 9882 9856 9859 9863 9870 9877 10320 10334 9880 9879 9880 10423 10431 10439 10447 10455 10463 10471 10294 10302 10310 10318 10326 10334 10342 10350 10415 10423 10431 10439 10447 10455 10463 10471 10294 10302 10310 10318 10326 10334 10342 10350 10415 10423
10942 10950 10958 10966 10974 10341 10349 10357 9858 9862 9869 9876 10304 10312 9879 9879 9879 10309 10317 10325 10333 10341 10349 10357 10422 10430 10438 10446 10454 10462 10470 10478 10301 10309 10317 10325 10333 10341 10349 10357 10422 10430 10438 10446 10454 10462 10470 10478 10301 10309
10941 10949 10957 10965 10973 10340 10348 10356 9857 9861 9868 9875 10303 10311 9880 9879 10300 10308 10316 10324 10332 10340 10348 10356 10421 10429 10437 10445 10453 10461 10469 10477 10300 10308 10316 10324 10332 10340 10348 10356 10421 10429 10437 10445 10453 10461 10469 10477 10300 10308
10907 10915 10923 10931 10939 10339 10735 10355 10420 10428 9867 9874 10452 10460 10474 10476 10299 10307 10315 10323 10331 10339 10347 10355 10420 10428 10436 10444 10452 10460 10468 10476 10299 10307 10315 10323 10732 10339 10347 10355 10420 10428 10436 10444 10452 10460 10468 10476 10299 10307
10906 10914 10922 10930 10938 10338 10346 10354 10419 10427 9866 9873 10451 10459 10467 10475 10298 10306 10314 10322 10330 10338 10346 10354 10419 10427 10435 10443 10451 10459 10467 10475 10298 10306 10314 10322 10330 10338 10346 10354 10419 10427 10435 10443 10451 10459 10467 10475 10298 10306
10905 10913 10921 10929 10817 10823 10830 10837 10842 10426 9865 9872 10450 10458 10466 10474 10297 10305 10313 10321 10329 10337 10345 10353 10418 10426 10434 10442 10450 10458 10466 10474 10297 10305 10313 10321 10329 10337 10345 10353 10418 10426 10434 10442 10817 10823 10830 10837 10842 10305
10904 10912 10920 10928 10816 10822 10829 10836 10841 10425 10433 10441 10449 10457 10465 10473 10296 10304 10312 10320 10328 10336 10457 9775 9778 9781 10433 10441 10449 10457 9775 9778 9781 10304 10312 10737 10328 10336 10344 10352 10417 10425 10433 10441 10816 10822 10829 10836 10841 10304
10903 10911 10919 10927 10815 10821 10828 10835 10840 10424 10432 10440 10448 10456 10464 10472 10295 10303 10311 10319 10327 10335 10456 9774 9777 9780 11019 11023 11027 11031 9774 9777 9780 10303 10311 10319 10327 10335 10343 10351 10416 10424 10432 10440 10815 10821 10828 10835 10840 10303
10902 10910 10918 10926 10814 10820 10827 10834 10839 10423 10431 10439 10447 10455 10463 10471 10294 10732 10310 10318 10326 10334 10455 10463 9776 9779 11018 11022 11026 11030 10463 9776 9779 10302 10310 10318 10326 10334 10342 10350 10415 10423 10431 10439 10814 10820 10827 10834 10839 10302
10901 10909 10917 10925 10813 10819 10826 10833 10838 10309 10317 10325 10333 10341 10349 10357 10422 10430 10438 10446 10454 10462 10341 10349 10357 10422 11017 11021 11025 11029 10349 10357 10422 10430 10438 10446 10454 10462 10470 10478 10301 10309 10317 10325 10813 10819 10826 10833 10838 10430
10900 10908 10916 10924 10932 10818 10825 10832 10300 10308 10316 10324 10332 10340 10348 10356 10421 10429 10437 10445 10453 10461 10340 10348 10356 10421 11016 11020 11024 11028 10348 10356 10421 10429 10437 10445 10453 10461 10469 10477 10300 10308 10316 10324 10332 10818 10825 10832 10421 10429
tile 7943 0 0
tile 7944 56 0
tile 7945 112 0
tile 7946 168 0
tile 7947 224 0
tile 7948 280 0
tile 7949 336 0
tile 7950 392 0
tile 7951 448 0
tile 7952 504 0
tile 7953 560 0
tile 7954 616 0
tile 7955 672 0
tile 7956 728 0
tile 7957 784 0
tile 7958 840 0
tile 7959 896 0
tile 7960 952 0
tile 7961 1008 0
tile 7962 1064 0
tile 7963 1120 0
tile 7964 1176 0
tile 7965 1232 0
tile 8178 1288 0
tile 8179 1344 0
tile 9774 1400 0
tile 9775 1456 0
tile 9776 0 27
tile 9777 56 27
tile 9778 112 27
tile 9779 168 27
tile 9780 224 27
tile 9781 280 27
tile 9783 336 27
tile 9784 392 27
tile 9785 448 27
tile 9786 504 27
tile 9794 560 27
tile 9795 616 27
tile 9796 672 27
tile 9797 728 27
tile 9798 784 27
tile 9799 840 27
tile 9800 896 27
tile 9801 952 27
tile 9802 1008 27
tile 9803 1064 27
tile 9804 1120 27
tile 9805 1176 27
tile 9806 1232 27
tile 9807 1288 27
tile 9808 1344 27
tile 9809 1400 27
tile 9810 1456 27
tile 9811 0 54
tile 9812 56 54
tile 9813 112 54
tile 9814 168 54
tile 9815 224 54
tile 9816 280 54
tile 9817 336 54
tile 9818 392 54
tile 9819 448 54
tile 9821 504 54
tile 9822 560 54
tile 9823 616 54
tile 9824 672 54
tile 9825 728 54
tile 9826 784 54
tile 9827 840 54
tile 9828 896 54
tile 9829 952 54
tile 9830 1008 54
tile 9831 1064 54
tile 9832 1120 54
tile 9833 1176 54
tile 9834 1232 54
tile 9835 1288 54
tile 9836 1344 54
tile 9837 1400 54
tile 9839 1456 54
tile 9840 0 81
tile 9841 56 81
tile 9842 112 81
tile 9843 168 81
tile 9844 224 81
tile 9845 280 81
tile 9846 336 81
tile 9856 392 81
tile 9857 448 81
tile 9858 504 81
tile 9859 560 81
tile 9860 616 81
tile 9861 672 81
tile 9862 728 81
tile 9863 784 81
tile 9864 840 81
tile 9865 896 81
tile 9866 952 81
tile 9867 1008 81
tile 9868 1064 81
tile 9869 1120 81
tile 9870 1176 81
tile 9871 1232 81
tile 9872 1288 81
tile 9873 1344 81
tile 9874 1400 81
tile 9875 1456 81
tile 9876 0 108
tile 9877 56 108
tile 9879 112 108
tile 9880 168 108
tile 9882 224 108
tile 9883 280 108
tile 9884 336 108
tile 9885 392 108
tile 9886 448 108
tile 9887 504 108
tile 9888 560 108
tile 9889 616 108
tile 9890 672 108
tile 9891 728 108
tile 9892 784 108
tile 9893 840 108
tile 9894 896 108
tile 9895 952 108
tile 9896 1008 108
tile 9897 1064 108
tile 9898 1120 108
tile 9899 1176 108
tile 9900 1232 108
tile 9901 1288 108
tile 9902 1344 108
tile 9903 1400 108
tile 9904 1456 108
tile 9905 0 135
tile 9906 56 135
tile 10182 112 135
tile 10183 168 135
tile 10184 224 135
tile 10185 280 135
tile 10186 336 135
tile 10187 392 135
tile 10188 448 135
tile 10189 504 135
tile 10190 560 135
tile 10191 616 135
tile 10192 672 135
tile 10193 728 135
tile 10194 784 135
tile 10195 840 135
tile 10196 896 135
tile 10197 952 135
tile 10198 1008 135
tile 10199 1064 135
tile 10200 1120 135
tile 10201 1176 135
tile 10202 1232 135
tile 10203 1288 135
tile 10204 1344 135
tile 10205 1400 135
tile 10206 1456 135
tile 10207 0 162
tile 10208 56 162
tile 10209 112 162
tile 10210 168 162
tile 10211 224 162
tile 10212 280 162
tile 10213 336 162
tile 10214 392 162
tile 10215 448 162
tile 10216 504 162
tile 10217 560 162
tile 10218 616 162
tile 10219 672 162
tile 10220 728 162
tile 10221 784 162
tile 10222 840 162
tile 10223 896 162
tile 10224 952 162
tile 10225 1008 162
tile 10226 1064 162
tile 10227 1120 162
tile 10228 1176 162
tile 10229 1232 162
tile 10230 1288 162
tile 10231 1344 162
tile 10232 1400 162
tile 10233 1456 162
tile 10234 0 189
tile 10235 56 189
tile 10236 112 189
tile 10238 168 189
tile 10239 224 189
tile 10240 280 189
tile 10241 336 189
tile 10242 392 189
tile 10243 448 189
tile 10244 504 189
tile 10245 560 189
tile 10246 616 189
tile 10247 672 189
tile 10248 728 189
tile 10249 784 189
tile 10250 840 189
tile 10251 896 189
tile 10252 952 189
tile 10253 1008 189
tile 10254 1064 189
tile 10255 1120 189
tile 10256 1176 189
tile 10257 1232 189
tile 10258 1288 189
tile 10259 1344 189
tile 10260 1400 189
tile 10261 1456 189
tile 10262 0 216
tile 10263 56 216
tile 10264 112 216
tile 10265 168 216
tile 10266 224 216
tile 10267 280 216
tile 10268 336 216
tile 10269 392 216
tile 10270 448 216
tile 10271 504 216
tile 10272 560 216
tile 10273 616 216
tile 10274 672 216
tile 10275 728 216
tile 10276 784 216
tile 10277 840 216
tile 10278 896 216
tile 10279 952 216
tile 10280 1008 216
tile 10281 1064 216
tile 10282 1120 216
tile 10283 1176 216
tile 10284 1232 216
tile 10285 1288 216
tile 10286 1344 216
tile 10287 1400 216
tile 10288 1456 216
tile 10289 0 243
tile 10290 56 243
tile 10291 112 243
tile 10292 168 243
tile 10294 224 243
tile 10295 280 243
tile 10296 336 243
tile 10297 392 243
tile 10298 448 243
tile 10299 504 243
tile 10300 560 243
tile 10301 616 243
tile 10302 672 243
tile 10303 728 243
tile 10304 784 243
tile 10305 840 243
tile 10306 896 243
tile 10307 952 243
tile 10308 1008 243
tile 10309 1064 243
tile 10310 1120 243
tile 10311 1176 243
tile 10312 1232 243
tile 10313 1288 243
tile 10314 1344 243
tile 10315 1400 243
tile 10316 1456 243
tile 10317 0 270
tile 10318 56 270
tile 10319 112 270
tile 10320 168 270
tile 10321 224 270
tile 10322 280 270
tile 10323 336 270
tile 10324 392 270
tile 10325 448 270
tile 10326 504 270
tile 10327 560 270
tile 10328 616 270
tile 10329 672 270
tile 10330 728 270
tile 10331 784 270
tile 10332 840 270
tile 10333 896 270
tile 10334 952 270
tile 10335 1008 270
tile 10336 1064 270
tile 10337 1120 270
tile 10338 1176 270
tile 10339 1232 270
tile 10340 1288 270
tile 10341 1344 270
tile 10342 1400 270
tile 10343 1456 270
tile 10344 0 297
tile 10345 56 297
tile 10346 112 297
tile 10347 168 297
tile 10348 224 297
tile 10349 280 297
tile 10350 336 297
tile 10351 392 297
tile 10352 448 297
tile 10353 504 297
tile 10354 560 297
tile 10355 616 297
tile 10356 672 297
tile 10357 728 297
tile 10415 784 297
tile 10416 840 297
tile 10417 896 297
tile 10418 952 297
tile 10419 1008 297
tile 10420 1064 297
tile 10421 1120 297
tile 10422 1176 297
tile 10423 1232 297
tile 10424 1288 297
tile 10425 1344 297
tile 10426 1400 297
tile 10427 1456 297
tile 10428 0 324
tile 10429 56 324
tile 10430 112 324
tile 10431 168 324
tile 10432 224 324
tile 10433 280 324
tile 10434 336 324
tile 10435 392 324
tile 10436 448 324
tile 10437 504 324
tile 10438 560 324
tile 10439 616 324
tile 10440 672 324
tile 10441 728 324
tile 10442 784 324
tile 10443 840 324
tile 10444 896 324
tile 10445 952 324
tile 10446 1008 324
tile 10447 1064 324
tile 10448 1120 324
tile 10449 1176 324
tile 10450 1232 324
tile 10451 1288 324
tile 10452 1344 324
tile 10453 1400 324
tile 10454 1456 324
tile 10455 0 351
tile 10456 56 351
tile 10457 112 351
tile 10458 168 351
tile 10459 224 351
tile 10460 280 351
tile 10461 336 351
tile 10462 392 351
tile 10463 448 351
tile 10464 504 351
tile 10465 560 351
tile 10466 616 351
tile 10467 672 351
tile 10468 728 351
tile 10469 784 351
tile 10470 840 351
tile 10471 896 351
tile 10472 952 351
tile 10473 1008 351
tile 10474 1064 351
tile 10475 1120 351
tile 10476 1176 351
tile 10477 1232 351
tile 10478 1288 351
tile 10480 1344 351
tile 10481 1400 351
tile 10482 1456 351
tile 10483 0 378
tile 10484 56 378
tile 10485 112 378
tile 10486 168 378
tile 10487 224 378
tile 10488 280 378
tile 10489 336 378
tile 10490 392 378
tile 10491 448 378
tile 10492 504 378
tile 10493 560 378
tile 10494 616 378
tile 10495 672 378
tile 10496 728 378
tile 10497 784 378
tile 10498 840 378
tile 10499 896 378
tile 10500 952 378
tile 10501 1008 378
tile 10502 1064 378
tile 10503 1120 378
tile 10504 1176 378
tile 10505 1232 378
tile 10506 1288 378
tile 10507 1344 378
tile 10508 1400 378
tile 10509 1456 378
tile 10510 0 405
tile 10511 56 405
tile 10512 112 405
tile 10513 168 405
tile 10514 224 405
tile 10515 280 405
tile 10516 336 405
tile 10517 392 405
tile 10518 448 405
tile 10519 504 405
tile 10520 560 405
tile 10521 616 405
tile 10522 672 405
tile 10523 728 405
tile 10524 784 405
tile 10525 840 405
tile 10526 896 405
tile 10527 952 405
tile 10528 1008 405
tile 10529 1064 405
tile 10530 1120 405
tile 10531 1176 405
tile 10532 1232 405
tile 10533 1288 405
tile 10534 1344 405
tile 10674 1400 405
tile 10675 1456 405
tile 10676 0 432
tile 10677 56 432
tile 10678 112 432
tile 10679 168 432
tile 10680 224 432
tile 10681 280 432
tile 10682 336 432
tile 10683 392 432
tile 10684 448 432
tile 10685 504 432
tile 10686 560 432
tile 10687 616 432
tile 10688 672 432
tile 10689 728 432
tile 10690 784 432
tile 10691 840 432
tile 10692 896 432
tile 10693 952 432
tile 10694 1008 432
tile 10695 1064 432
tile 10696 1120 432
tile 10697 1176 432
tile 10698 1232 432
tile 10699 1288 432
tile 10700 1344 432
tile 10701 1400 432
tile 10702 1456 432
tile 10703 0 459
tile 10704 56 459
tile 10705 112 459
tile 10706 168 459
tile 10707 224 459
tile 10708 280 459
tile 10709 336 459
tile 10710 392 459
tile 10711 448 459
tile 10712 504 459
tile 10713 560 459
tile 10714 616 459
tile 10715 672 459
tile 10716 728 459
tile 10717 784 459
tile 10718 840 459
tile 10719 896 459
tile 10720 952 459
tile 10721 1008 459
tile 10722 1064 459
tile 10723 1120 459
tile 10724 1176 459
tile 10725 1232 459
tile 10726 1288 459
tile 10727 1344 459
tile 10728 1400 459
tile 10730 1456 459
tile 10731 0 486
tile 10732 56 486
tile 10733 112 486
tile 10734 168 486
tile 10735 224 486
tile 10736 280 486
tile 10737 336 486
tile 10739 392 486
tile 10740 448 486
tile 10741 504 486
tile 10742 560 486
tile 10743 616 486
tile 10744 672 486
tile 10745 728 486
tile 10746 784 486
tile 10747 840 486
tile 10748 896 486
tile 10749 952 486
tile 10763 1008 486
tile 10766 1064 486
tile 10767 1120 486
tile 10777 1176 486
tile 10778 1232 486
tile 10779 1288 486
tile 10780 1344 486
tile 10781 1400 486
tile 10782 1456 486
tile 10783 0 513
tile 10784 56 513
tile 10785 112 513
tile 10786 168 513
tile 10787 224 513
tile 10788 280 513
tile 10789 336 513
tile 10790 392 513
tile 10791 448 513
tile 10792 504 513
tile 10793 560 513
tile 10794 616 513
tile 10796 672 513
tile 10797 728 513
tile 10798 784 513
tile 10799 840 513
tile 10800 896 513
tile 10801 952 513
tile 10802 1008 513
tile 10803 1064 513
tile 10808 1120 513
tile 10809 1176 513
tile 10810 1232 513
tile 10811 1288 513
tile 10813 1344 513
tile 10814 1400 513
tile 10815 1456 513
tile 10816 0 540
tile 10817 56 540
tile 10818 112 540
tile 10819 168 540
tile 10820 224 540
tile 10821 280 540
tile 10822 336 540
tile 10823 392 540
tile 10825 448 540
tile 10826 504 540
tile 10827 560 540
tile 10828 616 540
tile 10829 672 540
tile 10830 728 540
tile 10832 784 540
tile 10833 840 540
tile 10834 896 540
tile 10835 952 540
tile 10836 1008 540
tile 10837 1064 540
tile 10838 1120 540
tile 10839 1176 540
tile 10840 1232 540
tile 10841 1288 540
tile 10842 1344 540
tile 10900 1400 540
tile 10901 1456 540
tile 10902 0 567
tile 10903 56 567
tile 10904 112 567
tile 10905 168 567
tile 10906 224 567
tile 10907 280 567
tile 10908 336 567
tile 10909 392 567
tile 10910 448 567
tile 10911 504 567
tile 10912 560 567
tile 10913 616 567
tile 10914 672 567
tile 10915 728 567
tile 10916 784 567
tile 10917 840 567
tile 10918 896 567
tile 10919 952 567
tile 10920 1008 567
tile 10921 1064 567
tile 10922 1120 567
tile 10923 1176 567
tile 10924 1232 567
tile 10925 1288 567
tile 10926 1344 567
tile 10927 1400 567
tile 10928 1456 567
tile 10929 0 594
tile 10930 56 594
tile 10931 112 594
tile 10932 168 594
tile 10933 224 594
tile 10934 280 594
tile 10935 336 594
tile 10937 392 594
tile 10938 448 594
tile 10939 504 594
tile 10941 560 594
tile 10942 616 594
tile 10943 672 594
tile 10944 728 594
tile 10945 784 594
tile 10946 840 594
tile 10947 896 594
tile 10948 952 594
tile 10949 1008 594
tile 10950 1064 594
tile 10951 1120 594
tile 10952 1176 594
tile 10953 1232 594
tile 10954 1288 594
tile 10955 1344 594
tile 10956 1400 594
tile 10957 1456 594
tile 10958 0 621
tile 10959 56 621
tile 10960 112 621
tile 10961 168 621
tile 10962 224 621
tile 10963 280 621
tile 10964 336 621
tile 10965 392 621
tile 10966 448 621
tile 10967 504 621
tile 10968 560 621
tile 10969 616 621
tile 10970 672 621
tile 10971 728 621
tile 10972 784 621
tile 10973 840 621
tile 10974 896 621
tile 10975 952 621
tile 10976 1008 621
tile 10977 1064 621
tile 10978 1120 621
tile 10979 1176 621
tile 10982 1232 621
tile 10983 1288 621
tile 10984 1344 621
tile 10985 1400 621
tile 10986 1456 621
tile 10987 0 648
tile 10988 56 648
tile 10989 112 648
tile 10990 168 648
tile 10991 224 648
tile 10992 280 648
tile 10993 336 648
tile 10994 392 648
tile 10995 448 648
tile 10996 504 648
tile 10997 560 648
tile 11016 616 648
tile 11017 672 648
tile 11018 728 648
tile 11019 784 648
tile 11020 840 648
tile 11021 896 648
tile 11022 952 648
tile 11023 1008 648
tile 11024 1064 648
tile 11025 1120 648
tile 11026 1176 648
tile 11027 1232 648
tile 11028 1288 648
tile 11029 1344 648
tile 11030 1400 648
tile 11031 1456 648
tile 11033 0 675
tile 11034 56 675
tile 11035 112 675
tile 11036 168 675
tile 11037 224 675
tile 11038 280 675
tile 11039 336 675
tile 11040 392 675
tile 11041 448 675
tile 11042 504 675
tile 11043 560 675
tile 11044 616 675
tile 11045 672 675
tile 11046 728 675
tile 11047 784 675
tile 11048 840 675
picture 10168 420 578 34 0
picture 10169 420 641 28 0
picture 10286 364 182 85 0
picture 10287 364 267 85 0
picture 10288 364 923 74 0
picture 10289 364 846 77 0
picture 10356 420 225 43 0
picture 10357 420 543 35 0
picture 10429 392 247 54 0
picture 10430 392 301 54 0
picture 10435 392 355 54 0
picture 10436 392 409 54 0
picture 10437 392 463 54 0
picture 10438 392 517 54 0
picture 10443 420 352 41 0
picture 10444 392 731 49 0
picture 10445 420 434 37 0
picture 10446 392 927 48 0
picture 10447 420 393 41 0
picture 10448 392 975 48 0
picture 10449 420 92 45 0
picture 10450 420 268 42 0
picture 10451 392 780 49 0
picture 10452 420 137 44 0
picture 10453 392 829 49 0
picture 10454 420 181 44 0
picture 10489 140 0 200 0
picture 10490 84 448 214 0
picture 10491 28 272 271 0
picture 10492 0 333 303 0
picture 10493 0 0 333 0
picture 10494 56 270 261 0
picture 10495 140 200 200 0
picture 10496 84 0 224 0
picture 10497 28 543 271 0
picture 10498 0 636 285 0
picture 10499 28 0 272 0
picture 10500 56 0 270 0
picture 10501 56 531 256 0
picture 10503 280 877 140 0
picture 10504 252 328 156 0
picture 10505 168 384 190 0
picture 10506 168 574 187 0
picture 10507 140 400 200 0
picture 10508 112 422 204 0
picture 10509 308 0 138 0
picture 10510 336 642 94 0
picture 10511 420 471 36 0
picture 10512 392 135 56 0
picture 10513 392 191 56 0
picture 10514 112 626 204 0
picture 10515 56 787 229 0
picture 10516 84 662 214 0
picture 10517 224 0 177 0
picture 10518 224 177 175 0
picture 10519 252 165 163 0
picture 10520 308 271 127 0
picture 10521 364 606 81 0
picture 10522 336 540 102 0
picture 10523 252 640 153 0
picture 10524 196 187 185 0
picture 10525 140 600 200 0
picture 10526 196 372 185 0
picture 10527 224 527 167 0
picture 10528 280 447 146 0
picture 10529 336 333 104 0
picture 10531 336 736 94 0
picture 10532 308 138 133 0
picture 10533 280 0 149 0
picture 10534 196 557 181 0
picture 10535 140 800 197 0
picture 10536 196 738 181 0
picture 10537 252 793 150 0
picture 10538 308 884 115 0
picture 10539 364 352 85 0
picture 10540 336 437 103 0
picture 10541 308 766 118 0
picture 10542 308 398 126 0
picture 10543 308 647 119 0
picture 10544 336 115 113 0
picture 10553 364 93 89 0
picture 10554 336 830 94 0
picture 10555 420 612 29 0
picture 10575 252 0 165 0
picture 10576 168 0 192 0
picture 10577 168 192 192 0
picture 10578 280 593 142 0
picture 10580 392 571 54 0
picture 10581 392 70 65 0
picture 10582 364 0 93 0
picture 10583 336 228 105 0
picture 10584 336 924 94 0
picture 10585 392 878 49 0
picture 10586 364 522 84 0
picture 10587 280 735 142 0
picture 10588 252 484 156 0
picture 10589 168 761 187 0
picture 10590 196 0 187 0
picture 10591 308 524 123 0
picture 10592 392 625 54 0
picture 10593 364 767 79 0
picture 10594 280 149 149 0
picture 10595 224 352 175 0
picture 10596 112 212 210 0
picture 10597 84 224 224 0
picture 10598 112 0 212 0
picture 10602 392 0 70 0
picture 10603 392 679 52 0
picture 10605 364 687 80 0
picture 10606 364 437 85 0
picture 10611 420 507 36 0
picture 10612 420 310 42 0
picture 10613 420 0 46 0
picture 10614 420 46 46 0
picture 10629 224 694 167 0
picture 10630 280 298 149 0
picture 10631 336 0 115 0
object 10 1 left 10168
object 10 1 right 10169
object 20 1 right 10529
object 24 1 left 10586
object 28 1 right 10591
object 35 1 right 10578
object 20 2 right 10528
object 26 2 left 10587
object 27 2 left 10588
object 28 2 left 10589
object 28 2 right 10590
object 34 2 left 10575
object 35 2 left 10576
object 35 2 right 10577
object 20 3 right 10527
object 40 3 right 10495
object 7 4 right 10501
object 16 4 left 10521
object 17 4 left 10522
object 18 4 left 10523
object 19 4 left 10524
object 20 4 left 10525
object 20 4 right 10526
object 40 4 right 10494
object 47 4 right 10495
object 7 5 right 10500
object 30 5 left 10429
object 30 5 right 10430
object 37 5 left 10489
object 38 5 left 10490
object 39 5 left 10491
object 40 5 left 10492
object 40 5 right 10493
object 47 5 right 10494
object 5 6 left 10496
object 6 6 left 10497
object 7 6 left 10498
object 7 6 right 10499
object 21 6 right 10544
object 44 6 left 10489
object 45 6 left 10490
object 46 6 left 10491
object 47 6 left 10492
object 47 6 right 10493
object 19 7 left 10540
object 20 7 left 10541
object 21 7 left 10542
object 21 7 right 10543
object 37 7 right 10520
object 37 8 right 10519
object 37 9 right 10518
object 37 10 right 10517
object 37 11 right 10516
object 37 12 right 10515
object 37 13 right 10514
object 31 14 right 10529
object 37 14 right 10513
object 47 14 right 10495
object 31 15 right 10528
object 37 15 left 10511
object 37 15 right 10512
object 47 15 right 10494
object 31 16 right 10527
object 44 16 left 10489
object 45 16 left 10490
object 46 16 left 10491
object 47 16 left 10492
object 47 16 right 10493
object 27 17 left 10521
object 28 17 left 10522
object 29 17 left 10523
object 30 17 left 10524
object 31 17 left 10525
object 31 17 right 10526
object 12 18 left 10503
object 13 18 left 10504
object 14 18 left 10505
object 15 18 left 10506
object 16 18 left 10507
object 17 18 left 10508
object 18 18 left 10509
object 18 18 right 10510
object 42 20 left 10435
object 42 20 right 10436
object 49 20 right 10578
object 48 21 left 10575
object 49 21 left 10576
object 49 21 right 10577
object 29 23 left 10611
object 29 23 right 10612
object 49 27 left 10168
object 49 27 right 10169
object 43 28 left 10603
object 43 28 right 10555
object 49 28 right 10585
object 42 29 left 10631
object 42 29 right 10602
object 43 29 left 10553
object 43 29 right 10554
object 49 29 right 10584
object 6 30 right 10520
object 22 30 right 10539
object 42 30 left 10168
object 42 30 right 10169
object 49 30 left 10582
object 49 30 right 10583
object 6 31 right 10519
object 22 31 right 10538
object 27 31 right 10529
object 35 31 left 10168
object 35 31 right 10169
object 42 31 right 10630
object 48 31 left 10580
object 48 31 right 10581
object 6 32 right 10518
object 22 32 right 10537
object 27 32 right 10528
object 42 32 right 10629
object 6 33 right 10517
object 22 33 right 10536
object 27 33 right 10527
object 37 33 left 10592
object 38 33 left 10593
object 6 34 right 10516
object 19 34 left 10531
object 20 34 left 10532
object 21 34 left 10533
object 22 34 left 10534
object 22 34 right 10535
object 23 34 left 10521
object 24 34 left 10522
object 25 34 left 10523
object 26 34 left 10524
object 27 34 left 10525
object 27 34 right 10526
object 40 34 left 10594
object 41 34 left 10595
object 42 34 left 10596
object 43 34 left 10597
object 43 34 right 10598
object 44 34 left 10605
object 44 34 right 10606
object 6 35 right 10515
object 13 35 left 10453
object 13 35 right 10454
object 14 35 left 10449
object 14 35 right 10450
object 15 35 left 10451
object 15 35 right 10452
object 19 35 left 10288
object 19 35 right 10289
object 20 35 left 10286
object 20 35 right 10287
object 6 36 right 10514
object 12 36 left 10447
object 12 36 right 10448
object 13 36 left 10613
object 13 36 right 10614
object 14 36 left 10613
object 14 36 right 10614
object 15 36 left 10613
object 15 36 right 10614
object 19 36 left 10356
object 19 36 right 10357
object 6 37 right 10513
object 12 37 left 10445
object 12 37 right 10446
object 13 37 left 10613
object 13 37 right 10614
object 14 37 left 10613
object 14 37 right 10614
object 6 38 left 10511
object 6 38 right 10512
object 12 38 left 10443
object 12 38 right 10444
object 13 38 left 10613
object 13 38 right 10614
object 14 38 left 10613
object 14 38 right 10614
object 15 38 left 10613
object 15 38 right 10614
object 16 38 left 10613
object 16 38 right 10614
object 14 39 left 10613
object 14 39 right 10614
object 15 39 left 10613
object 15 39 right 10614
object 14 40 left 10613
object 14 40 right 10614
object 15 40 left 10613
object 15 40 right 10614
object 16 40 left 10613
object 16 40 right 10614
object 15 41 left 10613
object 15 41 right 10614
object 10 42 right 10501
object 15 42 left 10451
object 15 42 right 10452
object 16 42 left 10453
object 16 42 right 10454
object 29 42 left 10437
object 29 42 right 10438
object 10 43 right 10500
object 8 44 left 10496
object 9 44 left 10497
object 10 44 left 10498
object 10 44 right 10499
object 7 45 right 10529
object 47 45 right 10529
object 7 46 right 10528
object 47 46 right 10528
object 7 47 right 10527
object 47 47 right 10527
object 4 48 left 10522
object 5 48 left 10523
object 6 48 left 10524
object 7 48 left 10525
object 7 48 right 10526
object 25 48 right 10578
object 32 48 right 10578
object 43 48 left 10521
object 44 48 left 10522
object 45 48 left 10523
object 46 48 left 10524
object 47 48 left 10525
object 47 48 right 10526
object 24 49 left 10575
object 25 49 left 10576
object 25 49 right 10577
object 31 49 left 10575
object 32 49 left 10576
object 32 49 right 10577
