# lod20019 — tools/dat-extract layout 이 만든다. 손으로 고치지 말 것.
size 50 50
blocked
##########################...#####################
#.................................................
#.................................................
#.................................................
#.................................................
#.................................................
#.......................#.........................
#.......................##........................
#.......................#.........................
........................#.........................
..................................................
......................................#...........
#....................................###..........
#.....................................##..........
#.................................................
#.................................................
#.................................................
#.................................................
#.................................................
#..#..................##..........................
#.###................###........##................
#.###................##........###................
#...............................#.................
#.................................................
#.................................................
#.................................................
#.................................................
#.................................................
#.................................................
#.................................................
#.................................................
#.................................................
#.................................................
#.................................................
#.................................................
#.................................................
#.................................................
#.................................................
#.................#...............................
#.................#.......................###.....
#.................#.......................#.......
#.................#...............................
#.................................................
#.................................................
#.................................................
#.................................................
#.................................................
#.................................................
#.................................................
#.................................................
floor
0 0 0 0 0 0 0 0 0 0 0 0 0 0 0 0 0 0 0 0 0 0 0 0 0 0 0 0 0 0 0 0 0 0 0 0 0 0 0 0 0 0 0 0 0 0 0 0 0 0
0 14469 14479 14489 14493 14496 14499 14502 14505 14508 14511 14514 14517 14520 14523 14526 14530 14533 14536 14539 14542 14545 14548 14551 14554 14469 14469 14479 14489 14493 14496 14499 14502 14505 14508 14511 14514 14517 14520 14523 14526 14530 14533 14536 14539 14542 14545 14548 14551 14554
0 14468 14478 14488 14492 14495 14498 14501 14504 14507 14510 14513 14516 14519 14522 14525 14529 14532 14535 14538 14541 14544 14547 14550 14492 14495 14468 14478 14488 14492 14495 14498 14501 14504 14507 14510 14513 14516 14519 14522 14525 14529 14532 14535 14538 14541 14544 14547 14550 14492
0 14467 14477 14407 14411 14415 14403 14407 14411 14415 14403 14407 14411 14415 14403 14407 14411 14415 14403 14537 14540 14543 14546 14549 14491 14759 14763 14767 14771 14791 14795 14799 14803 14503 14506 14509 14512 14515 14518 14521 14524 14528 14531 14534 14537 14540 14543 14546 14549 14491
0 14466 14476 14406 14410 14414 14402 14406 14410 14414 14402 14406 14410 14414 14402 14406 14410 14414 14402 14415 14403 14407 14411 14415 14403 14758 14762 14766 14770 14790 14794 14798 14802 14407 14411 14415 14403 14407 14411 14415 14403 14407 14411 14415 14403 14407 14411 14415 14403 14407
0 14465 14475 14405 14409 14413 14401 14405 14409 14413 14401 14405 14409 14413 14401 14405 14409 14413 14401 14414 14402 14406 14410 14414 14402 14757 14761 14765 14769 14789 14793 14797 14801 14406 14410 14414 14402 14406 14410 14414 14402 14406 14410 14414 14402 14406 14410 14414 14402 14406
0 14464 14474 14760 14764 14768 14772 14840 14844 14848 14852 14840 14844 14848 14852 14792 14796 14800 14804 14413 14401 14405 14409 14413 14401 14920 14924 14928 14932 14968 14972 14976 14980 14405 14409 14413 14401 14405 14409 14413 14401 14405 14409 14413 14401 14405 14409 14413 14401 14405
0 14463 14473 14759 14763 14767 14771 14839 14843 14847 14851 14839 14843 14847 14851 14791 14795 14799 14803 14412 14400 14404 14408 14412 14400 14919 14923 14927 14931 14967 14971 14975 14979 14404 14408 14412 14400 14404 14408 14412 14400 14404 14408 14412 14400 14404 14408 14412 14400 14404
0 14462 14472 14758 14762 14766 14770 14838 14842 14846 14850 14838 14842 14846 14850 14790 14794 14798 14802 14415 14403 14407 14411 14415 14403 14918 14922 14926 14930 14966 14970 14974 14978 14407 14411 14415 14403 14407 14411 14415 14403 14407 14411 14415 14403 14407 14411 14415 14403 14407
0 14461 14471 14757 14761 14765 14769 14837 14841 14845 14849 14837 14841 14845 14849 14789 14793 14797 14801 14414 14402 14406 14410 14414 14402 14917 14921 14925 14929 14965 14969 14973 14977 14406 14410 14414 14402 14406 14410 14414 14402 14406 14410 14414 14402 14406 14410 14414 14402 14406
0 14460 14470 14744 14748 14752 14756 14856 14860 14864 14868 14712 14716 14720 14724 14968 14972 14976 14980 14413 14401 14405 14409 14413 14401 14936 14940 14944 14948 14984 14988 14992 14996 14405 14409 14413 14401 14405 14409 14413 14401 14405 14409 14413 14401 14405 14409 14413 14401 14405
0 14430 14444 14743 14747 14751 14755 14855 14859 14863 14867 14711 14715 14719 14723 14967 14971 14975 14979 14412 14400 14404 14408 14412 14400 14935 14939 14943 14947 14983 14987 14991 14995 14404 14408 14412 14400 14404 14408 14412 14400 14404 14408 14412 14400 14404 14408 14412 14400 14404
0 14429 14443 14742 14746 14750 14754 14854 14858 14862 14866 14710 14714 14718 14722 14966 14970 14974 14978 14415 14403 14407 14411 14415 14403 14934 14938 14942 14946 14982 14986 14990 14994 14407 14411 14415 14403 14407 14411 14415 14403 14407 14411 14415 14403 14407 14411 14415 14403 14407
0 14428 14442 14741 14745 14749 14753 14853 14857 14861 14865 14709 14713 14717 14721 14965 14969 14973 14977 14414 14402 14406 14410 14414 14402 14933 14937 14941 14945 14981 14985 14989 14993 14406 14410 14414 14402 14406 14410 14414 14402 14406 14410 14414 14402 14406 14410 14414 14402 14406
0 14427 14441 14403 14407 14411 14415 14403 14407 14411 14415 14920 14924 14928 14932 14968 14972 14976 14980 14413 14401 14405 14409 14413 14401 14935 14939 14943 14947 14983 14987 14991 14995 14405 14409 14413 14401 14405 14409 14413 14401 14405 14409 14413 14401 14405 14409 14413 14401 14405
0 14426 14440 14402 14406 14410 14414 14402 14406 14410 14414 14919 14923 14927 14931 14967 14971 14975 14979 14412 14400 14404 14408 14412 14400 14934 14938 14942 14946 14982 14986 14990 14994 14404 14408 14412 14400 14404 14408 14412 14400 14404 14408 14412 14400 14404 14408 14412 14400 14404
0 14425 14439 14401 14405 14409 14413 14401 14405 14409 14413 14918 14922 14926 14930 14966 14970 14974 14978 14415 14621 14627 14633 14639 14645 14933 14937 14941 14945 14981 14985 14989 14993 14407 14411 14415 14403 14407 14411 14415 14403 14407 14411 14415 14403 14407 14411 14415 14403 14407
0 14424 14438 14400 14404 14408 14412 14400 14404 14408 14412 14917 14921 14925 14929 14965 14969 14973 14977 14414 14620 14626 14632 14638 14644 14952 14956 14960 14964 14888 14892 14896 14900 14406 14410 14414 14402 14406 14410 14414 14402 14406 14410 14414 14402 14406 14410 14414 14402 14406
0 14423 14437 14403 14407 14411 14415 14403 14407 14411 14415 14936 14940 14944 14948 14984 14988 14992 14996 14413 14619 14625 14631 14637 14643 14904 14908 14912 14916 14887 14891 14895 14899 14405 14409 14413 14401 14405 14409 14413 14401 14405 14409 14413 14401 14405 14409 14413 14401 14405
0 14422 14436 14402 14406 14410 14414 14402 14406 14410 14414 14935 14939 14943 14947 14983 14987 14991 14995 14412 14618 14624 14630 14636 14642 14903 14907 14911 14915 14886 14890 14894 14898 14404 14408 14412 14400 14404 14408 14412 14400 14404 14408 14412 14400 14404 14408 14412 14400 14404
0 14421 14435 14401 14405 14409 14413 14401 14405 14409 14413 14934 14938 14942 14946 14982 14986 14990 14994 14415 14617 14623 14629 14635 14641 14902 14906 14910 14914 14885 14889 14893 14897 14407 14411 14415 14403 14407 14411 14415 14403 14407 14411 14415 14403 14407 14411 14415 14403 14407
0 14420 14434 14400 14404 14408 14412 14400 14404 14408 14412 14933 14937 14941 14945 14981 14985 14989 14993 14414 14616 14622 14628 14634 14640 14901 14905 14909 14913 14872 14876 14880 14884 14406 14410 14414 14402 14406 14410 14414 14402 14406 14410 14414 14402 14406 14410 14414 14402 14406
0 14419 14433 14403 14407 14411 14415 14403 14407 14411 14415 14920 14924 14928 14932 14680 14684 14688 14692 14840 14844 14848 14852 14840 14844 14728 14732 14736 14740 14871 14875 14879 14883 14405 14409 14413 14401 14405 14409 14413 14401 14405 14409 14413 14401 14405 14409 14413 14401 14405
0 14418 14432 14402 14406 14410 14414 14402 14406 14410 14414 14919 14923 14927 14931 14679 14683 14687 14691 14839 14843 14847 14851 14839 14843 14727 14731 14735 14739 14870 14874 14878 14882 14404 14408 14412 14400 14404 14408 14412 14400 14404 14408 14412 14400 14404 14408 14412 14400 14404
0 14417 14431 14401 14405 14409 14413 14401 14405 14409 14413 14918 14922 14926 14930 14678 14682 14686 14690 14838 14842 14846 14850 14838 14842 14726 14730 14734 14738 14869 14873 14877 14881 14403 14407 14411 14415 14403 14407 14411 14415 14403 14407 14411 14415 14407 14411 14415 14403 14407
0 14422 14436 14400 14404 14408 14412 14400 14404 14408 14412 14917 14921 14925 14929 14677 14681 14685 14689 14837 14841 14845 14849 14837 14387 14391 14395 14399 14737 14968 14972 14976 14980 14402 14406 14410 14414 14402 14406 14410 14414 14402 14406 14410 14414 14406 14410 14414 14402 14406
0 14469 14479 14403 14407 14411 14415 14403 14407 14411 14415 14744 14748 14752 14756 14856 14860 14864 14868 14856 14860 14712 14716 14720 14386 14390 14394 14398 14739 14967 14971 14975 14979 14401 14405 14409 14413 14401 14405 14409 14413 14401 14405 14409 14413 14405 14409 14413 14401 14405
0 14468 14478 14402 14406 14410 14414 14402 14406 14410 14414 14743 14747 14751 14755 14855 14859 14863 14867 14855 14859 14711 14715 14719 14385 14389 14393 14397 14738 14966 14970 14974 14978 14400 14404 14408 14412 14400 14404 14408 14412 14400 14404 14408 14412 14404 14408 14412 14400 14404
0 14467 14477 14401 14405 14409 14413 14401 14405 14409 14413 14742 14746 14750 14754 14854 14858 14862 14866 14854 14858 14710 14714 14718 14384 14388 14392 14396 14737 14965 14969 14973 14977 14403 14407 14411 14415 14403 14407 14411 14415 14403 14407 14411 14415 14407 14411 14415 14403 14407
0 14466 14476 14400 14404 14408 14412 14400 14404 14408 14412 14741 14745 14749 14753 14853 14857 14861 14865 14853 14857 14709 14713 14717 14721 14696 14700 14704 14708 14776 14780 14784 14788 14402 14406 14410 14414 14402 14406 14410 14414 14402 14406 14410 14414 14406 14410 14414 14402 14406
0 14465 14475 14403 14407 14411 14415 14403 14407 14411 14415 14403 14407 14411 14415 14403 14407 14411 14415 14413 14401 14919 14923 14927 14931 14695 14699 14703 14707 14775 14779 14783 14787 14401 14405 14409 14413 14401 14405 14409 14413 14401 14405 14409 14413 14405 14409 14413 14401 14405
0 14464 14474 14484 14400 14404 14408 14412 14400 14404 14408 14412 14400 14404 14408 14412 14400 14404 14408 14412 14400 14918 14922 14926 14930 14694 14698 14702 14706 14774 14778 14782 14786 14403 14407 14411 14415 14400 14404 14408 14412 14400 14404 14408 14412 14404 14408 14412 14400 14404
0 14463 14473 14483 14403 14407 14411 14415 14403 14407 14411 14415 14403 14407 14411 14415 14403 14407 14411 14415 14403 14917 14921 14925 14929 14693 14697 14701 14705 14773 14777 14781 14785 14402 14406 14410 14414 14401 14405 14409 14403 14407 14411 14415 14403 14407 14411 14415 14403 14407
0 14462 14472 14482 14402 14406 14760 14764 14768 14772 14792 14796 14800 14804 14410 14414 14402 14406 14410 14414 14402 14920 14924 14928 14932 14968 14972 14976 14760 14764 14768 14772 14792 14401 14405 14409 14413 14400 14404 14408 14402 14406 14410 14414 14402 14406 14410 14414 14402 14406
0 14461 14471 14481 14401 14405 14759 14763 14767 14771 14791 14795 14799 14803 14409 14413 14401 14405 14409 14413 14401 14919 14923 14927 14931 14967 14971 14975 14759 14763 14767 14771 14791 14400 14404 14408 14412 14405 14409 14413 14401 14405 14409 14413 14401 14405 14409 14413 14401 14405
0 14460 14470 14480 14400 14404 14758 14762 14766 14770 14790 14794 14798 14802 14408 14412 14400 14404 14408 14412 14400 14918 14922 14926 14930 14966 14970 14974 14758 14762 14766 14770 14790 14794 14798 14802 14400 14404 14408 14412 14400 14404 14408 14412 14400 14404 14408 14412 14400 14404
0 14430 14444 14458 14403 14407 14757 14761 14765 14769 14789 14793 14797 14801 14411 14415 14403 14407 14411 14415 14403 14917 14921 14925 14929 14965 14969 14973 14757 14761 14765 14769 14789 14793 14797 14801 14403 14407 14411 14415 14403 14407 14411 14415 14403 14407 14411 14415 14403 14407
0 14429 14443 14457 14402 14406 14744 14748 14752 14756 14776 14780 14784 14788 14410 14414 14402 14406 14410 14414 14402 14936 14940 14944 14948 14984 14988 14992 14744 14748 14752 14756 14776 14780 14784 14788 14402 14406 14410 14414 14402 14406 14410 14414 14402 14406 14410 14414 14402 14406
0 14428 14442 14456 14401 14405 14743 14747 14751 14755 14775 14779 14783 14787 14409 14413 14401 14405 14409 14413 14401 14935 14939 14943 14947 14983 14987 14991 14743 14747 14751 14755 14775 14779 14783 14787 14401 14405 14409 14413 14401 14405 14409 14413 14401 14405 14409 14413 14401 14405
0 14427 14441 14455 14400 14404 14742 14746 14750 14754 14774 14778 14782 14786 14408 14412 14400 14404 14408 14412 14400 14934 14938 14942 14946 14982 14986 14990 14742 14746 14750 14754 14774 14778 14782 14786 14400 14404 14408 14412 14400 14404 14408 14412 14400 14404 14408 14412 14400 14404
0 14426 14440 14454 14403 14407 14741 14745 14749 14753 14773 14777 14781 14785 14411 14415 14403 14407 14411 14415 14403 14933 14937 14941 14945 14981 14985 14989 14741 14745 14749 14753 14773 14777 14781 14785 14403 14407 14411 14415 14403 14407 14411 14415 14403 14407 14411 14415 14403 14407
0 14425 14439 14453 14402 14406 14410 14414 14402 14406 14410 14414 14402 14406 14410 14414 14402 14406 14410 14414 14402 14952 14956 14960 14964 14888 14892 14896 14900 14406 14410 14414 14402 14406 14410 14414 14402 14406 14410 14414 14402 14406 14410 14414 14402 14406 14410 14414 14402 14406
0 14424 14438 14452 14401 14405 14409 14413 14401 14405 14409 14413 14401 14405 14409 14413 14401 14405 14409 14413 14401 14951 14955 14959 14963 14887 14891 14895 14899 14405 14409 14413 14401 14405 14409 14413 14401 14405 14409 14413 14401 14405 14409 14413 14401 14405 14409 14413 14401 14405
0 14423 14437 14451 14400 14404 14408 14412 14400 14404 14408 14412 14400 14404 14408 14412 14400 14404 14408 14412 14400 14950 14954 14958 14962 14886 14890 14894 14898 14404 14408 14412 14400 14404 14408 14412 14400 14404 14408 14412 14400 14404 14408 14412 14400 14404 14408 14412 14400 14404
0 14422 14436 14450 14403 14407 14411 14415 14403 14407 14411 14415 14403 14407 14411 14415 14403 14407 14411 14415 14403 14949 14953 14957 14961 14885 14889 14893 14897 14407 14411 14415 14403 14407 14411 14415 14403 14407 14411 14415 14403 14407 14411 14415 14403 14407 14411 14415 14403 14407
0 14421 14435 14449 14402 14406 14410 14414 14402 14406 14410 14414 14402 14406 14410 14414 14402 14406 14410 14414 14402 14920 14924 14928 14932 14968 14972 14976 14980 14406 14410 14414 14402 14406 14410 14414 14402 14406 14410 14414 14402 14406 14410 14414 14402 14406 14410 14414 14402 14406
0 14420 14434 14448 14401 14405 14409 14413 14401 14405 14409 14413 14401 14405 14409 14413 14401 14405 14409 14413 14401 14919 14923 14927 14931 14967 14971 14975 14979 14405 14409 14413 14401 14405 14409 14413 14401 14405 14409 14413 14401 14405 14409 14413 14401 14405 14409 14413 14401 14405
0 14419 14433 14447 14400 14404 14408 14412 14400 14404 14408 14412 14400 14404 14408 14412 14400 14404 14408 14412 14400 14918 14922 14926 14930 14966 14970 14974 14978 14404 14408 14412 14400 14404 14408 14412 14400 14404 14408 14412 14400 14404 14408 14412 14400 14404 14408 14412 14400 14404
0 14418 14432 14446 14403 14407 14411 14415 14403 14407 14411 14415 14403 14407 14411 14415 14403 14407 14411 14415 14403 14917 14921 14925 14929 14965 14969 14973 14977 14407 14411 14415 14403 14407 14411 14415 14403 14407 14411 14415 14403 14407 14411 14415 14403 14407 14411 14415 14403 14407
0 14417 14431 14445 14402 14406 14410 14414 14402 14406 14410 14414 14402 14406 14410 14414 14402 14406 14410 14414 14402 14936 14940 14944 14948 14984 14988 14992 14996 14406 14410 14414 14402 14406 14410 14414 14402 14406 14410 14414 14402 14406 14410 14414 14402 14406 14410 14414 14402 14406
tile 14384 0 0
tile 14385 56 0
tile 14386 112 0
tile 14387 168 0
tile 14388 224 0
tile 14389 280 0
tile 14390 336 0
tile 14391 392 0
tile 14392 448 0
tile 14393 504 0
tile 14394 560 0
tile 14395 616 0
tile 14396 672 0
tile 14397 728 0
tile 14398 784 0
tile 14399 840 0
tile 14400 896 0
tile 14401 952 0
tile 14402 1008 0
tile 14403 1064 0
tile 14404 1120 0
tile 14405 1176 0
tile 14406 0 27
tile 14407 56 27
tile 14408 112 27
tile 14409 168 27
tile 14410 224 27
tile 14411 280 27
tile 14412 336 27
tile 14413 392 27
tile 14414 448 27
tile 14415 504 27
tile 14417 560 27
tile 14418 616 27
tile 14419 672 27
tile 14420 728 27
tile 14421 784 27
tile 14422 840 27
tile 14423 896 27
tile 14424 952 27
tile 14425 1008 27
tile 14426 1064 27
tile 14427 1120 27
tile 14428 1176 27
tile 14429 0 54
tile 14430 56 54
tile 14431 112 54
tile 14432 168 54
tile 14433 224 54
tile 14434 280 54
tile 14435 336 54
tile 14436 392 54
tile 14437 448 54
tile 14438 504 54
tile 14439 560 54
tile 14440 616 54
tile 14441 672 54
tile 14442 728 54
tile 14443 784 54
tile 14444 840 54
tile 14445 896 54
tile 14446 952 54
tile 14447 1008 54
tile 14448 1064 54
tile 14449 1120 54
tile 14450 1176 54
tile 14451 0 81
tile 14452 56 81
tile 14453 112 81
tile 14454 168 81
tile 14455 224 81
tile 14456 280 81
tile 14457 336 81
tile 14458 392 81
tile 14460 448 81
tile 14461 504 81
tile 14462 560 81
tile 14463 616 81
tile 14464 672 81
tile 14465 728 81
tile 14466 784 81
tile 14467 840 81
tile 14468 896 81
tile 14469 952 81
tile 14470 1008 81
tile 14471 1064 81
tile 14472 1120 81
tile 14473 1176 81
tile 14474 0 108
tile 14475 56 108
tile 14476 112 108
tile 14477 168 108
tile 14478 224 108
tile 14479 280 108
tile 14480 336 108
tile 14481 392 108
tile 14482 448 108
tile 14483 504 108
tile 14484 560 108
tile 14488 616 108
tile 14489 672 108
tile 14491 728 108
tile 14492 784 108
tile 14493 840 108
tile 14495 896 108
tile 14496 952 108
tile 14498 1008 108
tile 14499 1064 108
tile 14501 1120 108
tile 14502 1176 108
tile 14503 0 135
tile 14504 56 135
tile 14505 112 135
tile 14506 168 135
tile 14507 224 135
tile 14508 280 135
tile 14509 336 135
tile 14510 392 135
tile 14511 448 135
tile 14512 504 135
tile 14513 560 135
tile 14514 616 135
tile 14515 672 135
tile 14516 728 135
tile 14517 784 135
tile 14518 840 135
tile 14519 896 135
tile 14520 952 135
tile 14521 1008 135
tile 14522 1064 135
tile 14523 1120 135
tile 14524 1176 135
tile 14525 0 162
tile 14526 56 162
tile 14528 112 162
tile 14529 168 162
tile 14530 224 162
tile 14531 280 162
tile 14532 336 162
tile 14533 392 162
tile 14534 448 162
tile 14535 504 162
tile 14536 560 162
tile 14537 616 162
tile 14538 672 162
tile 14539 728 162
tile 14540 784 162
tile 14541 840 162
tile 14542 896 162
tile 14543 952 162
tile 14544 1008 162
tile 14545 1064 162
tile 14546 1120 162
tile 14547 1176 162
tile 14548 0 189
tile 14549 56 189
tile 14550 112 189
tile 14551 168 189
tile 14554 224 189
tile 14616 280 189
tile 14617 336 189
tile 14618 392 189
tile 14619 448 189
tile 14620 504 189
tile 14621 560 189
tile 14622 616 189
tile 14623 672 189
tile 14624 728 189
tile 14625 784 189
tile 14626 840 189
tile 14627 896 189
tile 14628 952 189
tile 14629 1008 189
tile 14630 1064 189
tile 14631 1120 189
tile 14632 1176 189
tile 14633 0 216
tile 14634 56 216
tile 14635 112 216
tile 14636 168 216
tile 14637 224 216
tile 14638 280 216
tile 14639 336 216
tile 14640 392 216
tile 14641 448 216
tile 14642 504 216
tile 14643 560 216
tile 14644 616 216
tile 14645 672 216
tile 14677 728 216
tile 14678 784 216
tile 14679 840 216
tile 14680 896 216
tile 14681 952 216
tile 14682 1008 216
tile 14683 1064 216
tile 14684 1120 216
tile 14685 1176 216
tile 14686 0 243
tile 14687 56 243
tile 14688 112 243
tile 14689 168 243
tile 14690 224 243
tile 14691 280 243
tile 14692 336 243
tile 14693 392 243
tile 14694 448 243
tile 14695 504 243
tile 14696 560 243
tile 14697 616 243
tile 14698 672 243
tile 14699 728 243
tile 14700 784 243
tile 14701 840 243
tile 14702 896 243
tile 14703 952 243
tile 14704 1008 243
tile 14705 1064 243
tile 14706 1120 243
tile 14707 1176 243
tile 14708 0 270
tile 14709 56 270
tile 14710 112 270
tile 14711 168 270
tile 14712 224 270
tile 14713 280 270
tile 14714 336 270
tile 14715 392 270
tile 14716 448 270
tile 14717 504 270
tile 14718 560 270
tile 14719 616 270
tile 14720 672 270
tile 14721 728 270
tile 14722 784 270
tile 14723 840 270
tile 14724 896 270
tile 14726 952 270
tile 14727 1008 270
tile 14728 1064 270
tile 14730 1120 270
tile 14731 1176 270
tile 14732 0 297
tile 14734 56 297
tile 14735 112 297
tile 14736 168 297
tile 14737 224 297
tile 14738 280 297
tile 14739 336 297
tile 14740 392 297
tile 14741 448 297
tile 14742 504 297
tile 14743 560 297
tile 14744 616 297
tile 14745 672 297
tile 14746 728 297
tile 14747 784 297
tile 14748 840 297
tile 14749 896 297
tile 14750 952 297
tile 14751 1008 297
tile 14752 1064 297
tile 14753 1120 297
tile 14754 1176 297
tile 14755 0 324
tile 14756 56 324
tile 14757 112 324
tile 14758 168 324
tile 14759 224 324
tile 14760 280 324
tile 14761 336 324
tile 14762 392 324
tile 14763 448 324
tile 14764 504 324
tile 14765 560 324
tile 14766 616 324
tile 14767 672 324
tile 14768 728 324
tile 14769 784 324
tile 14770 840 324
tile 14771 896 324
tile 14772 952 324
tile 14773 1008 324
tile 14774 1064 324
tile 14775 1120 324
tile 14776 1176 324
tile 14777 0 351
tile 14778 56 351
tile 14779 112 351
tile 14780 168 351
tile 14781 224 351
tile 14782 280 351
tile 14783 336 351
tile 14784 392 351
tile 14785 448 351
tile 14786 504 351
tile 14787 560 351
tile 14788 616 351
tile 14789 672 351
tile 14790 728 351
tile 14791 784 351
tile 14792 840 351
tile 14793 896 351
tile 14794 952 351
tile 14795 1008 351
tile 14796 1064 351
tile 14797 1120 351
tile 14798 1176 351
tile 14799 0 378
tile 14800 56 378
tile 14801 112 378
tile 14802 168 378
tile 14803 224 378
tile 14804 280 378
tile 14837 336 378
tile 14838 392 378
tile 14839 448 378
tile 14840 504 378
tile 14841 560 378
tile 14842 616 378
tile 14843 672 378
tile 14844 728 378
tile 14845 784 378
tile 14846 840 378
tile 14847 896 378
tile 14848 952 378
tile 14849 1008 378
tile 14850 1064 378
tile 14851 1120 378
tile 14852 1176 378
tile 14853 0 405
tile 14854 56 405
tile 14855 112 405
tile 14856 168 405
tile 14857 224 405
tile 14858 280 405
tile 14859 336 405
tile 14860 392 405
tile 14861 448 405
tile 14862 504 405
tile 14863 560 405
tile 14864 616 405
tile 14865 672 405
tile 14866 728 405
tile 14867 784 405
tile 14868 840 405
tile 14869 896 405
tile 14870 952 405
tile 14871 1008 405
tile 14872 1064 405
tile 14873 1120 405
tile 14874 1176 405
tile 14875 0 432
tile 14876 56 432
tile 14877 112 432
tile 14878 168 432
tile 14879 224 432
tile 14880 280 432
tile 14881 336 432
tile 14882 392 432
tile 14883 448 432
tile 14884 504 432
tile 14885 560 432
tile 14886 616 432
tile 14887 672 432
tile 14888 728 432
tile 14889 784 432
tile 14890 840 432
tile 14891 896 432
tile 14892 952 432
tile 14893 1008 432
tile 14894 1064 432
tile 14895 1120 432
tile 14896 1176 432
tile 14897 0 459
tile 14898 56 459
tile 14899 112 459
tile 14900 168 459
tile 14901 224 459
tile 14902 280 459
tile 14903 336 459
tile 14904 392 459
tile 14905 448 459
tile 14906 504 459
tile 14907 560 459
tile 14908 616 459
tile 14909 672 459
tile 14910 728 459
tile 14911 784 459
tile 14912 840 459
tile 14913 896 459
tile 14914 952 459
tile 14915 1008 459
tile 14916 1064 459
tile 14917 1120 459
tile 14918 1176 459
tile 14919 0 486
tile 14920 56 486
tile 14921 112 486
tile 14922 168 486
tile 14923 224 486
tile 14924 280 486
tile 14925 336 486
tile 14926 392 486
tile 14927 448 486
tile 14928 504 486
tile 14929 560 486
tile 14930 616 486
tile 14931 672 486
tile 14932 728 486
tile 14933 784 486
tile 14934 840 486
tile 14935 896 486
tile 14936 952 486
tile 14937 1008 486
tile 14938 1064 486
tile 14939 1120 486
tile 14940 1176 486
tile 14941 0 513
tile 14942 56 513
tile 14943 112 513
tile 14944 168 513
tile 14945 224 513
tile 14946 280 513
tile 14947 336 513
tile 14948 392 513
tile 14949 448 513
tile 14950 504 513
tile 14951 560 513
tile 14952 616 513
tile 14953 672 513
tile 14954 728 513
tile 14955 784 513
tile 14956 840 513
tile 14957 896 513
tile 14958 952 513
tile 14959 1008 513
tile 14960 1064 513
tile 14961 1120 513
tile 14962 1176 513
tile 14963 0 540
tile 14964 56 540
tile 14965 112 540
tile 14966 168 540
tile 14967 224 540
tile 14968 280 540
tile 14969 336 540
tile 14970 392 540
tile 14971 448 540
tile 14972 504 540
tile 14973 560 540
tile 14974 616 540
tile 14975 672 540
tile 14976 728 540
tile 14977 784 540
tile 14978 840 540
tile 14979 896 540
tile 14980 952 540
tile 14981 1008 540
tile 14982 1064 540
tile 14983 1120 540
tile 14984 1176 540
tile 14985 0 567
tile 14986 56 567
tile 14987 112 567
tile 14988 168 567
tile 14989 224 567
tile 14990 280 567
tile 14991 336 567
tile 14992 392 567
tile 14993 448 567
tile 14994 504 567
tile 14995 560 567
tile 14996 616 567
picture 755 980 805 49 0
picture 756 980 854 49 0
picture 13964 0 0 378 0
picture 13965 0 378 378 0
picture 13966 28 0 378 0
picture 13967 28 378 378 0
picture 13968 56 0 378 0
picture 13969 56 378 378 0
picture 13983 84 0 378 0
picture 13984 84 378 378 0
picture 13985 112 0 378 0
picture 13986 112 378 378 0
picture 13987 140 0 378 0
picture 13988 140 378 378 0
picture 13989 168 0 378 0
picture 14009 924 0 205 0
picture 14010 896 542 239 0
picture 14011 896 0 277 0
picture 14012 868 297 296 0
picture 14013 868 0 297 0
picture 14014 868 593 286 0
picture 14015 896 277 265 0
picture 14016 896 781 219 0
picture 14025 952 136 135 0
picture 14026 924 491 139 0
picture 14027 924 630 139 0
picture 14028 952 271 115 0
picture 14029 924 769 136 0
picture 14030 924 205 144 0
picture 14031 924 349 142 0
picture 14032 952 0 136 0
picture 14033 1008 40 38 0
picture 14034 1008 78 37 0
picture 14035 1008 255 33 0
picture 14036 1008 187 34 0
picture 14039 980 408 59 0
picture 14040 980 467 58 0
picture 14041 1008 221 34 0
picture 14042 1008 288 33 0
picture 14045 1008 115 37 0
picture 14046 1008 0 40 0
picture 14047 980 525 58 0
picture 14048 952 903 75 0
picture 14049 952 572 88 0
picture 14050 952 660 85 0
picture 14051 980 280 66 0
picture 14052 952 745 82 0
picture 14053 952 480 92 0
picture 14054 952 386 94 0
picture 14055 980 0 73 0
picture 14056 980 583 58 0
picture 14057 980 346 62 0
picture 14058 980 73 70 0
picture 14059 980 143 70 0
picture 14060 980 753 52 0
picture 14061 980 698 55 0
picture 14062 952 827 76 0
picture 14063 980 213 67 0
picture 14064 980 641 57 0
picture 14065 1008 152 35 0
picture 14066 980 945 41 0
picture 14067 980 903 42 0
picture 14068 168 378 378 0
picture 14069 196 0 378 0
picture 14070 196 378 378 0
picture 14071 224 0 378 0
picture 14072 224 378 378 0
picture 14073 252 0 378 0
picture 14074 252 378 378 0
picture 14075 280 0 378 0
picture 14076 280 378 378 0
picture 14077 308 0 378 0
picture 14078 308 378 378 0
picture 14079 336 0 378 0
picture 14080 336 378 378 0
picture 14081 364 0 378 0
picture 14082 364 378 378 0
picture 14083 392 0 378 0
picture 14084 392 378 378 0
picture 14085 420 0 378 0
picture 14086 420 378 378 0
picture 14088 448 0 378 0
picture 14089 448 378 378 0
picture 14090 476 0 378 0
picture 14091 476 378 378 0
picture 14092 504 0 378 0
picture 14093 504 378 378 0
picture 14094 532 0 378 0
picture 14095 532 378 378 0
picture 14096 560 0 378 0
picture 14097 560 378 378 0
picture 14098 588 0 378 0
picture 14099 588 378 378 0
picture 14100 616 0 378 0
picture 14101 616 378 378 0
picture 14102 644 0 378 0
picture 14103 644 378 378 0
picture 14104 672 0 378 0
picture 14105 672 378 378 0
picture 14106 700 0 378 0
picture 14107 700 378 378 0
picture 14108 728 0 378 0
picture 14109 728 378 378 0
picture 14110 756 0 378 0
picture 14111 756 378 378 0
picture 14112 784 0 378 0
picture 14113 784 378 378 0
picture 14114 812 0 378 0
picture 14115 812 378 378 0
picture 14116 840 0 378 0
picture 14117 840 378 378 0
object 1 0 left 14093
object 2 0 left 14094
object 3 0 left 14095
object 4 0 left 14096
object 5 0 left 14097
object 6 0 left 14098
object 7 0 left 14099
object 8 0 left 14100
object 9 0 left 14101
object 10 0 left 14102
object 11 0 left 14103
object 12 0 left 14104
object 13 0 left 14105
object 14 0 left 14106
object 15 0 left 14107
object 16 0 left 14088
object 17 0 left 14089
object 18 0 left 14090
object 19 0 left 14091
object 20 0 left 14092
object 21 0 left 14083
object 22 0 left 14084
object 23 0 left 14085
object 24 0 left 13964
object 25 0 left 13965
object 26 0 left 13966
object 27 0 left 13967
object 28 0 left 13968
object 29 0 left 13969
object 30 0 left 14097
object 31 0 left 14098
object 32 0 left 14099
object 33 0 left 14100
object 34 0 left 14101
object 35 0 left 14102
object 36 0 left 14103
object 37 0 left 14104
object 38 0 left 14105
object 39 0 left 14106
object 40 0 left 14107
object 41 0 left 14088
object 42 0 left 14089
object 43 0 left 14090
object 44 0 left 14091
object 45 0 left 14092
object 46 0 left 14083
object 47 0 left 14084
object 48 0 left 14085
object 49 0 left 14086
object 0 1 right 14072
object 3 1 left 755
object 3 1 right 756
object 6 1 left 755
object 6 1 right 756
object 7 1 left 755
object 7 1 right 756
object 31 1 left 755
object 31 1 right 756
object 32 1 left 755
object 32 1 right 756
object 45 1 left 755
object 45 1 right 756
object 0 2 right 14071
object 25 2 left 755
object 25 2 right 756
object 26 2 left 755
object 26 2 right 756
object 0 3 right 14070
object 0 4 right 14069
object 0 5 right 14068
object 0 6 right 14077
object 22 6 left 14066
object 22 6 right 14067
object 23 6 left 14066
object 23 6 right 14067
object 24 6 right 14056
object 26 6 left 14066
object 26 6 right 14067
object 0 7 right 13989
object 21 7 left 14066
object 21 7 right 14067
object 23 7 left 14066
object 23 7 right 14067
object 24 7 right 14055
object 25 7 left 14039
object 25 7 right 14040
object 0 8 right 13988
object 21 8 left 14066
object 21 8 right 14067
object 22 8 left 14066
object 22 8 right 14067
object 24 8 right 14054
object 25 8 left 14066
object 25 8 right 14067
object 0 9 right 13987
object 22 9 left 14033
object 22 9 right 14034
object 24 9 left 14052
object 24 9 right 14053
object 25 9 left 14066
object 25 9 right 14067
object 0 10 right 13986
object 22 10 left 14033
object 22 10 right 14034
object 23 10 left 14066
object 23 10 right 14067
object 0 11 right 13985
object 39 11 left 14041
object 39 11 right 14042
object 0 12 right 13984
object 9 12 left 14066
object 9 12 right 14067
object 39 12 left 14059
object 39 12 right 14060
object 40 12 left 14041
object 40 12 right 14042
object 41 12 left 14041
object 41 12 right 14042
object 0 13 right 13983
object 38 13 left 14057
object 38 13 right 14058
object 39 13 left 14045
object 39 13 right 14046
object 40 13 left 14041
object 40 13 right 14042
object 41 13 left 14033
object 41 13 right 14034
object 0 14 right 14079
object 3 14 left 14066
object 3 14 right 14067
object 4 14 left 14066
object 4 14 right 14067
object 38 14 left 14041
object 38 14 right 14042
object 39 14 left 14041
object 39 14 right 14042
object 40 14 left 14033
object 40 14 right 14034
object 0 15 right 14078
object 8 15 left 14066
object 8 15 right 14067
object 42 15 left 14041
object 42 15 right 14042
object 0 16 right 14112
object 40 16 left 14041
object 40 16 right 14042
object 0 17 right 14111
object 0 18 right 14110
object 23 18 right 14016
object 0 19 right 14109
object 4 19 left 14041
object 4 19 right 14042
object 6 19 left 14066
object 6 19 right 14067
object 23 19 right 14015
object 0 20 right 14108
object 4 20 left 14027
object 4 20 right 14028
object 5 20 left 14033
object 5 20 right 14034
object 23 20 left 14013
object 23 20 right 14014
object 34 20 left 14041
object 34 20 right 14042
object 0 21 right 14117
object 3 21 left 14025
object 3 21 right 14026
object 4 21 left 14045
object 4 21 right 14046
object 5 21 left 14041
object 5 21 right 14042
object 20 21 left 14009
object 21 21 left 14010
object 22 21 left 14011
object 22 21 right 14012
object 33 21 left 14031
object 33 21 right 14032
object 34 21 left 14041
object 34 21 right 14042
object 0 22 right 14116
object 3 22 left 14041
object 3 22 right 14042
object 4 22 left 14033
object 4 22 right 14034
object 10 22 left 14041
object 10 22 right 14042
object 27 22 left 14041
object 27 22 right 14042
object 31 22 left 14035
object 31 22 right 14036
object 32 22 left 14029
object 32 22 right 14030
object 33 22 left 14035
object 33 22 right 14036
object 34 22 left 14041
object 34 22 right 14042
object 35 22 left 14041
object 35 22 right 14042
object 0 23 right 14115
object 3 23 left 14041
object 3 23 right 14042
object 5 23 left 14041
object 5 23 right 14042
object 6 23 left 14033
object 6 23 right 14034
object 8 23 left 14041
object 8 23 right 14042
object 32 23 left 14041
object 32 23 right 14042
object 33 23 left 14035
object 33 23 right 14036
object 34 23 left 14033
object 34 23 right 14034
object 35 23 left 14041
object 35 23 right 14042
object 0 24 right 14114
object 5 24 left 14033
object 5 24 right 14034
object 6 24 left 14041
object 6 24 right 14042
object 9 24 left 14033
object 9 24 right 14034
object 35 24 left 14041
object 35 24 right 14042
object 38 24 left 14041
object 38 24 right 14042
object 0 25 right 14113
object 5 25 left 14041
object 5 25 right 14042
object 10 25 left 14041
object 10 25 right 14042
object 33 25 left 14041
object 33 25 right 14042
object 0 26 right 14072
object 0 27 right 14071
object 0 28 right 14070
object 0 29 right 14069
object 0 30 right 14068
object 0 31 right 14077
object 0 32 right 14076
object 0 33 right 14075
object 0 34 right 14074
object 0 35 right 14073
object 0 36 right 14082
object 0 37 right 14081
object 0 38 right 14080
object 18 38 right 14065
object 44 38 right 14051
object 48 38 left 14041
object 48 38 right 14042
object 0 39 right 14079
object 18 39 right 14064
object 20 39 left 14041
object 20 39 right 14042
object 42 39 left 14047
object 43 39 left 14048
object 44 39 left 14049
object 44 39 right 14050
object 48 39 left 14041
object 48 39 right 14042
object 49 39 left 14033
object 49 39 right 14034
object 0 40 right 14078
object 18 40 right 14063
object 19 40 left 14041
object 19 40 right 14042
object 20 40 left 14033
object 20 40 right 14034
object 42 40 left 14045
object 42 40 right 14046
object 43 40 left 14041
object 43 40 right 14042
object 44 40 left 14041
object 44 40 right 14042
object 45 40 left 14041
object 45 40 right 14042
object 0 41 right 14112
object 18 41 left 14061
object 18 41 right 14062
object 19 41 left 14041
object 19 41 right 14042
object 20 41 left 14041
object 20 41 right 14042
object 21 41 left 14041
object 21 41 right 14042
object 43 41 left 14033
object 43 41 right 14034
object 44 41 left 14033
object 44 41 right 14034
object 45 41 left 14041
object 45 41 right 14042
object 48 41 left 14041
object 48 41 right 14042
object 0 42 right 14111
object 1 42 left 755
object 1 42 right 756
object 43 42 left 14041
object 43 42 right 14042
object 0 43 right 14110
object 1 43 left 755
object 1 43 right 756
object 17 43 left 14041
object 17 43 right 14042
object 18 43 left 14033
object 18 43 right 14034
object 46 43 left 14033
object 46 43 right 14034
object 0 44 right 14109
object 19 44 left 14041
object 19 44 right 14042
object 46 44 left 14041
object 46 44 right 14042
object 47 44 left 14041
object 47 44 right 14042
object 0 45 right 14108
object 18 45 left 14033
object 18 45 right 14034
object 20 45 left 14033
object 20 45 right 14034
object 21 45 left 14041
object 21 45 right 14042
object 0 46 right 14117
object 2 46 left 755
object 2 46 right 756
object 20 46 left 14033
object 20 46 right 14034
object 0 47 right 14116
object 19 47 left 14041
object 19 47 right 14042
object 0 48 right 14115
object 0 49 right 14114
object 11 49 left 755
object 11 49 right 756
