# lod20595 — tools/dat-extract layout 이 만든다. 손으로 고치지 말 것.
size 50 50
blocked
............##....###.............################
............##....####............################
..........####....####............################
..#........#......#...............################
..............#...................################
..................................################
...................................###############
........................##..###.....##############
..............####......#####.......##############
............#####.........###......###############
...........#####...........##......###############
...........######.................################
...........######.................################
.#......#..######.................################
.##...........####................################
.#................................################
..................................################
...................................###############
......................................####..######
........#..............................#.....#####
..............................................####
..............................................####
.......................###...................#####
.......................#.#...................#####
.......................###...................#####
....#.........................................####
..........#.#..................................###
..........####..........................#......###
..#.......###.................................####
###.......###.............#...................####
##........#..............###.................#####
....#....................###................######
......................######................######
.....................##########..............#####
.....................###########.............#####
..#..................############............#####
###..................############............#####
##...................############............#####
##...................############.......##########
#....................############.......##########
..................#..############.......##########
.....................############.......##########
....#................############...........######
###........#.........#############.........#######
##########.....###################################
##################################################
##################################################
##################################################
##################################################
##################################################
floor
10422 10430 9845 10446 10454 10462 10470 10478 10301 10853 10856 10858 9776 9779 10985 10989 10993 10997 10331 10300 9791 10803 10470 10478 10301 10309 10317 10325 10333 10333 10317 10325 10333 10580 10588 10596 10604 10612 7950 7955 7952 7957 7962 8179 7947 7952 7957 7947 8178 7946
10421 9841 9844 10445 10453 10461 10469 10477 10300 10308 10855 10857 10332 10340 10984 10988 10992 10996 10330 10299 10133 10802 10430 10438 10446 10454 10731 10470 10478 10478 10316 10324 10738 10579 10587 10595 10603 10611 7949 7954 7951 7956 7961 8178 7946 7951 7956 7946 7951 7950
10420 9840 9843 9846 10452 10460 10468 10476 10299 10307 10854 10810 10331 10339 10983 10987 10991 10995 10329 10298 10432 10805 10448 10437 10445 10453 10730 10469 10477 10333 10737 10323 10331 10578 10586 10594 10602 10610 7948 7953 7955 7960 7965 7945 7950 7955 7960 7964 7944 7949
10419 9839 9842 10443 10451 10459 10467 10475 10298 10306 10314 10809 10811 10338 10982 10986 10990 10994 10328 10297 10299 10439 10447 10436 10444 10452 10460 10468 10476 10476 10314 10322 10330 10577 10585 10593 10601 10609 7947 7952 7954 7959 7964 7944 7949 7954 7959 7963 7943 7948
10418 10426 10434 10442 10450 10458 10466 10736 10297 10305 10313 10808 10329 10337 10295 10303 10311 10319 10327 10296 10317 10325 10333 10435 10757 10759 10762 10467 10475 10475 10732 10450 10458 10543 10551 10559 10567 10575 7946 7951 7953 7958 7963 7943 7948 7953 7958 7962 8179 7947
10417 10425 10433 10441 10449 10457 10465 10473 10296 10304 10312 10320 10328 10336 10294 10302 10310 10318 10326 10295 10316 10324 10332 10756 10442 10758 10761 10765 10474 10474 10441 10449 10457 10542 10550 10558 10566 10574 7950 7955 7951 7956 7961 8179 7947 7952 7957 7961 8178 7946
10416 10424 10432 10440 10448 10456 10464 10472 10295 10303 10311 10742 10744 10746 10748 10351 10416 10424 10432 10440 10315 10323 10331 10433 10441 10449 10760 10764 10473 10769 10770 10448 10456 10735 10549 10557 10565 10573 7949 7954 7955 7960 7965 7945 7950 7955 7960 7965 7945 7950
10415 10423 10431 10439 10447 10455 10463 10471 10294 10302 10739 10741 10743 10745 10747 10749 10750 10423 10431 10439 10737 10322 10330 10432 10440 10448 10456 10763 10809 10472 10295 10303 10541 10540 10548 10556 10564 10572 7948 7953 7954 7959 7964 7944 7949 7954 7959 7964 7944 7949
10301 10309 10317 10325 10333 10341 10779 10784 10790 10430 10438 10740 10454 10462 10470 10478 10301 10309 10317 10325 10313 10321 10329 10431 10439 10447 10455 10463 10766 10471 10294 10302 10540 10539 10547 10555 10563 10571 7947 7952 7953 7958 7963 7943 7948 7953 7958 7963 7943 7948
10300 10308 10316 10324 10332 10340 10778 10783 10789 10793 10437 10445 10453 10461 10469 10477 10300 10308 10316 10324 10332 10301 10309 10317 10325 10333 10341 10349 10357 10357 10422 10430 10539 10538 10546 10554 10562 10570 7946 7951 7952 7957 7962 8179 7947 7952 7957 7962 8179 7947
10774 10307 10315 10323 10331 10339 10777 10782 10788 10428 10436 10444 10452 10460 10468 10476 10299 10307 10738 10323 10331 10300 10308 10316 10324 10332 10340 10809 10805 10356 10421 10429 10733 10537 10545 10553 10561 10569 7950 7955 7951 7956 7961 8178 7946 7951 7956 7961 8178 7946
10773 10776 10314 10322 10330 10338 10346 10781 10787 10792 10794 10443 10451 10459 10467 10475 10298 10306 10314 10322 10330 10299 10307 10315 10323 10331 10339 10347 10355 10355 10420 10428 10537 10536 10544 10552 10560 10568 7949 7954 7955 7960 7965 7945 7950 7955 7960 7965 7945 7950
10772 10775 10313 10321 10329 10337 10345 10780 10786 10791 10434 10442 10450 10458 10466 10474 10297 10305 10313 10321 10329 10298 10306 10314 10322 10330 10338 10346 10354 10354 10419 10734 10536 10133 10141 10149 10157 10165 7948 7953 7954 7959 7964 7944 7949 7954 7959 7964 7945 7950
10296 9852 10810 10320 10328 10336 10344 10352 10785 10425 10433 10441 10449 10457 10465 10473 10296 10304 10312 10320 10328 10297 10305 10313 10321 10329 10299 10307 10315 10323 10418 10337 10345 10132 10140 10148 10156 10164 7947 7952 7953 7958 7963 7943 7948 7953 7958 7963 7944 7949
9849 9851 10809 10811 10327 10335 10343 10351 10416 10424 10432 10440 10448 10456 10464 10472 10295 10303 10311 10319 10327 10296 10304 10312 10320 10328 10298 10306 10314 10322 10417 10344 10352 10131 10139 10147 10155 10163 7946 7951 7952 7957 7962 8179 7947 7952 7957 7962 7943 7948
9848 9850 10808 10318 10326 10334 10342 10350 10415 10423 10431 10439 10447 10455 10463 10471 10294 10302 10310 10318 10326 10295 10303 10311 10319 10327 10297 10305 10313 10321 10323 10313 10321 10130 10138 10146 10154 10162 10170 10175 10180 10074 10079 10084 10092 10100 10108 10116 10124 7947
10422 10430 10438 10446 10454 10462 10470 10478 10301 10309 10317 10325 10333 10341 10349 10357 10422 10430 10438 10446 10454 10294 10302 10299 10307 10315 10296 10304 10312 10320 10322 10312 10320 10129 10137 10145 10153 10161 10169 10174 10179 10073 10078 10083 10091 10099 10107 10115 10123 7946
10421 10429 10437 10445 10453 10461 10469 10477 10300 10737 10316 10324 10332 10340 10348 10356 10421 10429 10437 10445 10453 10461 10299 10307 10315 10323 10297 10297 10305 10313 10321 10311 10319 10128 10136 10144 10152 10160 10168 10173 10178 10072 10077 10082 10090 10098 10106 10114 10122 7950
10420 10428 10436 10444 10452 10460 10468 10476 9880 10307 10315 10323 10331 10339 10347 10355 10328 10299 10307 10315 10323 10460 10298 10306 10314 10322 10296 10296 10304 10312 10320 10447 10128 10127 10135 10143 10151 10159 10167 10172 10177 10071 10076 10081 10089 10097 10105 10113 10121 7949
10419 10427 10435 10443 10451 10459 10467 10475 9879 10306 10314 10322 10330 10338 10346 10354 10299 10307 10315 10323 10322 10459 10297 10305 10313 10321 10320 10322 10330 10299 10307 10315 10323 10126 10737 10142 10150 10158 10166 10171 10176 10070 10075 10080 10088 10096 10104 10112 10120 7948
10418 10426 10824 10831 10450 10458 10466 10474 10297 10305 10313 10321 10329 10337 10345 10353 10298 10306 10314 10322 10321 10458 10296 10304 10312 10320 10313 10321 10329 10298 10299 10307 10315 10323 10335 10343 10351 10416 10424 10176 9888 9897 9903 10732 10087 10095 10103 10111 10119 7947
10417 10817 10823 10830 10837 10842 10465 10733 10296 10304 10312 10320 10328 10336 10344 10299 10297 10305 10313 10321 10320 10457 10465 10473 10296 10304 10312 10320 10328 10297 10298 10306 10314 10322 10334 10342 10350 10415 10423 10452 9887 9896 9902 9906 10086 10094 10102 10110 10118 7946
10416 10816 10822 10829 10836 10841 10464 10472 10295 10303 10311 10319 10327 10753 10446 10298 10296 10304 10312 10320 10322 10335 10464 10472 10295 10303 10311 10319 10327 10296 10297 10299 10307 10315 10323 10470 10478 10301 10309 10451 9886 9895 9901 9905 10085 10093 10101 10109 10117 7950
10415 10815 10821 10828 10835 10840 10463 10471 10294 10774 10310 10318 10453 10322 10330 10297 10305 10313 10321 10313 10321 10327 10335 10343 10738 10416 10424 10432 10326 10326 10296 10298 10306 10314 10322 10417 10305 10478 10321 10327 9885 9894 9900 9904 10424 10551 10559 10567 10575 7949
10301 10814 10820 10827 10834 10839 10349 10732 10422 10773 10776 10442 10452 10321 10329 10296 10356 10421 10429 10437 10445 10326 10334 10342 10350 10415 10423 10431 10454 10462 10350 10297 10305 10313 10321 10425 10731 10478 10449 10326 10334 9893 9899 10733 10423 10550 10558 10566 10574 7948
10300 10813 10819 10826 10833 10838 10348 10356 10421 10772 10775 10344 10853 10856 10476 10416 10355 10328 10299 10307 10315 10454 10462 10470 10478 10301 10309 10317 10453 10461 10327 10296 10304 10312 10320 10424 10730 10440 10448 10454 10462 9892 9898 10301 10309 10549 10557 10565 10573 7947
9778 9781 10334 10342 10832 10339 10347 10355 10420 10327 10753 10467 9785 10855 10356 10421 10429 10437 10445 10315 10323 10453 10461 10299 10307 10315 10323 10316 10452 10460 10326 10297 10305 10313 10321 10423 10431 10439 10319 10344 9884 9891 10305 10313 10321 10548 10556 10564 10572 7946
9777 9780 10803 10470 10330 10338 10346 10354 10454 10462 10470 10733 10301 10810 10355 10328 10299 10307 10315 10314 10322 10452 10460 10298 10306 10314 10322 10315 10451 10459 10454 10296 10304 10312 10320 10350 10317 10325 10318 10343 9883 9890 10304 10312 10320 10547 10555 10563 10571 7950
9776 9779 10802 10469 10329 10337 10345 10319 10453 10461 10469 10477 10300 10356 10421 10429 10437 10445 10323 10313 10321 10457 10465 10297 10305 10313 10321 10320 10328 10336 10344 10352 10417 10305 10313 10321 10329 10449 10457 10465 9882 9889 10304 10312 10319 10546 10554 10562 10570 7949
10454 10462 10809 10811 10301 10336 10344 10318 10452 10460 10468 10476 10299 10355 10328 10299 10307 10315 10322 10313 10321 10456 10464 10296 10304 10312 10320 10319 10738 10335 10343 10351 10416 10304 10312 10320 10328 10448 10456 10464 10472 10295 10303 10311 10537 10545 10553 10561 10569 7948
10470 10444 10808 10460 10468 10476 10343 10446 10451 10459 10467 10475 10298 10354 10299 10307 10315 10323 10321 10314 10322 10455 10732 10471 10294 10302 10735 10318 10326 10334 10342 10350 10299 10307 10315 10323 10315 10323 10327 10335 10343 10351 10736 10424 10536 10544 10552 10560 10568 7947
11002 11006 11010 11014 10467 10475 10342 10445 10450 10458 10466 10474 10297 10353 10298 10306 10314 10322 10305 10313 10321 10341 10349 10357 10422 10430 10454 10462 10470 10478 10301 10302 10298 10306 10314 10322 10323 10322 10326 10299 10307 10315 10323 10423 10584 10592 10600 10608 10616 7950
11001 11005 11009 11013 10466 10474 10470 10444 10452 10460 10468 10476 10299 10299 10297 10305 10313 10321 10424 10432 10366 10374 10382 10390 10398 10403 10186 10191 10196 10204 10212 10220 10297 10305 10313 10321 10322 10321 10454 10298 10306 10314 10322 10309 10583 10591 10599 10607 10615 7950
11000 11004 11008 11012 10465 10473 10469 10443 10451 10459 10467 10475 10298 10306 10312 10424 10350 10415 10423 10431 10365 10373 10381 10389 10397 10402 10185 10190 10195 10203 10211 10219 10296 10304 10312 10320 10321 10320 10453 10297 10305 10313 10321 10308 10582 10590 10598 10606 10614 7949
10999 11003 11007 11011 10326 10334 10468 10442 10450 10458 10466 10474 10297 10736 10313 10470 10478 10301 10309 10317 10364 10372 10380 10388 10396 10401 10184 10189 10194 10202 10210 10218 10226 10296 10304 10312 10320 10460 10468 10296 10304 10312 10320 10541 10581 10589 10597 10605 10613 7948
9783 9786 10435 10443 10451 10459 10737 10441 10449 10457 10465 10473 10296 10304 10312 10424 10432 10300 10308 10734 10363 10371 10379 10387 10395 10400 10183 10188 10193 10201 10209 10217 10225 10233 10451 10451 10451 10459 10467 10475 10298 10298 10306 10735 10580 10588 10596 10604 10612 7947
10418 9785 9860 9864 9871 10458 10466 10474 10297 10318 10326 10334 10342 10350 10415 10423 10431 10299 10307 10315 10362 10586 10594 10386 10394 10399 10182 10187 10192 10200 10208 10216 10224 10232 10450 10450 10450 10458 10466 10474 10297 10297 10305 10539 10579 10587 10595 10603 10611 7946
10417 9856 9859 9863 9870 9877 10465 10473 10296 10446 10454 10462 10470 10478 10301 10309 10317 10298 10306 10314 10361 10585 10593 10385 10393 7955 7945 7950 7955 10199 10207 10215 10223 10231 10449 10449 10449 10457 10737 10473 10296 10296 10304 10538 10578 10586 10594 10602 10610 7950
10416 10424 9858 9862 9869 9876 10464 10472 10295 10445 10453 10461 10469 10477 10300 10308 10316 9830 9835 10313 10360 10648 10656 10384 10392 7954 7944 7949 7954 10198 10206 10214 10222 10230 10448 10448 10448 10456 10464 10472 10415 10417 10305 10889 10888 10898 10593 10601 10609 7954
10415 10423 9857 9861 9868 9875 10463 10471 10294 10444 10452 10460 10468 10476 10299 10307 9825 9829 9834 10312 10359 10647 10655 10383 10391 7953 7943 7948 7953 10197 10205 10213 10221 10229 10447 10447 10447 10455 10463 10471 10301 10416 10304 10318 10887 10897 10656 10664 10672 7953
10301 10309 10317 10325 9867 9874 10349 10357 10731 10443 10451 10459 10467 10475 10298 9821 9824 9828 9833 9837 10640 10646 10654 10664 10672 7952 8179 7947 7952 10245 10253 10261 10269 10277 10333 10333 10333 10341 10349 10357 10313 10415 10303 10457 10886 10896 10655 10663 10671 7952
10300 10735 10316 10324 9866 9873 10348 10356 10730 10442 10450 10458 10466 10474 10297 10305 9823 9827 9832 9836 10639 10645 10653 10663 10671 7951 8178 7946 7951 10244 10252 10260 10268 10276 10332 10332 10332 10734 10348 10356 10312 10301 10302 10456 10885 10895 10654 10662 10670 7951
10299 10307 10315 10323 9865 9872 10347 10355 10420 10441 10449 10732 10465 10733 10296 10304 9822 9826 9831 10436 10638 10646 10654 10662 10670 7955 7945 7950 7955 10243 10251 10259 10267 10275 10331 10331 10331 10339 10347 10355 10864 10869 10874 10879 10884 10894 10653 10661 10669 7955
9911 9916 9921 9926 9930 9935 9940 9945 9951 9956 9961 10805 9971 9976 9981 9986 9945 10622 10627 10632 10637 10645 10653 10661 10669 7954 7944 7949 7954 10242 10250 10258 10266 10274 10282 10282 10282 10287 10292 10622 10863 10868 10873 10878 10883 10893 10652 10660 10668 7954
9910 9915 9920 9925 9929 9934 9939 9944 9950 9955 9960 9965 9970 9975 9980 9985 9944 10621 10626 10631 10636 10644 10652 10660 10668 7953 7943 7948 7953 10241 10249 10257 10265 10273 10281 10281 10281 10286 10291 10621 10862 10867 10872 10877 10882 10892 10651 10659 10667 7955
9909 9914 9919 9924 9920 9933 9938 9943 9949 9954 9959 9964 9969 9974 9979 9984 9943 10620 10625 10630 10635 10643 10651 10659 10667 7952 7957 7962 8179 7947 7952 7945 7950 7955 10264 10272 10280 10285 10290 10620 10861 10866 10871 10876 10881 10891 10650 10658 10666 7954
9908 9913 9918 9923 9928 9932 9937 9942 9948 9953 9958 9963 9968 9973 9978 9983 9942 10619 10624 10629 10634 10642 10650 10658 10666 7951 7956 7961 8178 7946 7951 7944 7949 7954 10263 10271 10279 10284 10289 10619 10860 10865 10870 10875 10880 10890 10649 10657 10665 7953
9907 9912 9917 9922 9927 9931 9936 9941 9947 9952 9957 9962 9967 9972 9977 9982 9941 10618 10623 10628 10633 10641 10649 10657 10665 7955 7960 7965 7945 7950 7955 7943 7945 7950 7955 10270 10278 10283 10288 10618 10623 10628 10633 10641 10649 10657 10665 8179 7947 7952
7945 7950 7955 7960 7965 7945 7950 7955 7945 7950 7955 7960 7965 7945 7950 7955 7960 7965 7950 7955 7960 7965 7945 7950 7955 7954 7959 7964 7944 7949 7954 8179 7944 7949 7954 7965 7945 7950 7955 7945 7950 7955 7960 7965 7960 7965 7945 8178 7946 7951
7944 7949 7954 7959 7964 7944 7949 7954 7944 7949 7954 7959 7964 7944 7949 7954 7959 7964 7949 7954 7959 7964 7944 7949 7954 7953 7958 7963 7943 7948 7953 8178 7943 7948 7953 7964 7944 7949 7954 7944 7949 7954 7959 7964 7959 7964 7944 8179 7947 7952
tile 7943 0 0
tile 7944 56 0
tile 7945 112 0
tile 7946 168 0
tile 7947 224 0
tile 7948 280 0
tile 7949 336 0
tile 7950 392 0
tile 7951 448 0
tile 7952 504 0
tile 7953 560 0
tile 7954 616 0
tile 7955 672 0
tile 7956 728 0
tile 7957 784 0
tile 7958 840 0
tile 7959 896 0
tile 7960 952 0
tile 7961 1008 0
tile 7962 1064 0
tile 7963 1120 0
tile 7964 1176 0
tile 7965 1232 0
tile 8178 1288 0
tile 8179 1344 0
tile 9776 1400 0
tile 9777 1456 0
tile 9778 1512 0
tile 9779 1568 0
tile 9780 1624 0
tile 9781 0 27
tile 9783 56 27
tile 9785 112 27
tile 9786 168 27
tile 9791 224 27
tile 9821 280 27
tile 9822 336 27
tile 9823 392 27
tile 9824 448 27
tile 9825 504 27
tile 9826 560 27
tile 9827 616 27
tile 9828 672 27
tile 9829 728 27
tile 9830 784 27
tile 9831 840 27
tile 9832 896 27
tile 9833 952 27
tile 9834 1008 27
tile 9835 1064 27
tile 9836 1120 27
tile 9837 1176 27
tile 9839 1232 27
tile 9840 1288 27
tile 9841 1344 27
tile 9842 1400 27
tile 9843 1456 27
tile 9844 1512 27
tile 9845 1568 27
tile 9846 1624 27
tile 9848 0 54
tile 9849 56 54
tile 9850 112 54
tile 9851 168 54
tile 9852 224 54
tile 9856 280 54
tile 9857 336 54
tile 9858 392 54
tile 9859 448 54
tile 9860 504 54
tile 9861 560 54
tile 9862 616 54
tile 9863 672 54
tile 9864 728 54
tile 9865 784 54
tile 9866 840 54
tile 9867 896 54
tile 9868 952 54
tile 9869 1008 54
tile 9870 1064 54
tile 9871 1120 54
tile 9872 1176 54
tile 9873 1232 54
tile 9874 1288 54
tile 9875 1344 54
tile 9876 1400 54
tile 9877 1456 54
tile 9879 1512 54
tile 9880 1568 54
tile 9882 1624 54
tile 9883 0 81
tile 9884 56 81
tile 9885 112 81
tile 9886 168 81
tile 9887 224 81
tile 9888 280 81
tile 9889 336 81
tile 9890 392 81
tile 9891 448 81
tile 9892 504 81
tile 9893 560 81
tile 9894 616 81
tile 9895 672 81
tile 9896 728 81
tile 9897 784 81
tile 9898 840 81
tile 9899 896 81
tile 9900 952 81
tile 9901 1008 81
tile 9902 1064 81
tile 9903 1120 81
tile 9904 1176 81
tile 9905 1232 81
tile 9906 1288 81
tile 9907 1344 81
tile 9908 1400 81
tile 9909 1456 81
tile 9910 1512 81
tile 9911 1568 81
tile 9912 1624 81
tile 9913 0 108
tile 9914 56 108
tile 9915 112 108
tile 9916 168 108
tile 9917 224 108
tile 9918 280 108
tile 9919 336 108
tile 9920 392 108
tile 9921 448 108
tile 9922 504 108
tile 9923 560 108
tile 9924 616 108
tile 9925 672 108
tile 9926 728 108
tile 9927 784 108
tile 9928 840 108
tile 9929 896 108
tile 9930 952 108
tile 9931 1008 108
tile 9932 1064 108
tile 9933 1120 108
tile 9934 1176 108
tile 9935 1232 108
tile 9936 1288 108
tile 9937 1344 108
tile 9938 1400 108
tile 9939 1456 108
tile 9940 1512 108
tile 9941 1568 108
tile 9942 1624 108
tile 9943 0 135
tile 9944 56 135
tile 9945 112 135
tile 9947 168 135
tile 9948 224 135
tile 9949 280 135
tile 9950 336 135
tile 9951 392 135
tile 9952 448 135
tile 9953 504 135
tile 9954 560 135
tile 9955 616 135
tile 9956 672 135
tile 9957 728 135
tile 9958 784 135
tile 9959 840 135
tile 9960 896 135
tile 9961 952 135
tile 9962 1008 135
tile 9963 1064 135
tile 9964 1120 135
tile 9965 1176 135
tile 9967 1232 135
tile 9968 1288 135
tile 9969 1344 135
tile 9970 1400 135
tile 9971 1456 135
tile 9972 1512 135
tile 9973 1568 135
tile 9974 1624 135
tile 9975 0 162
tile 9976 56 162
tile 9977 112 162
tile 9978 168 162
tile 9979 224 162
tile 9980 280 162
tile 9981 336 162
tile 9982 392 162
tile 9983 448 162
tile 9984 504 162
tile 9985 560 162
tile 9986 616 162
tile 10070 672 162
tile 10071 728 162
tile 10072 784 162
tile 10073 840 162
tile 10074 896 162
tile 10075 952 162
tile 10076 1008 162
tile 10077 1064 162
tile 10078 1120 162
tile 10079 1176 162
tile 10080 1232 162
tile 10081 1288 162
tile 10082 1344 162
tile 10083 1400 162
tile 10084 1456 162
tile 10085 1512 162
tile 10086 1568 162
tile 10087 1624 162
tile 10088 0 189
tile 10089 56 189
tile 10090 112 189
tile 10091 168 189
tile 10092 224 189
tile 10093 280 189
tile 10094 336 189
tile 10095 392 189
tile 10096 448 189
tile 10097 504 189
tile 10098 560 189
tile 10099 616 189
tile 10100 672 189
tile 10101 728 189
tile 10102 784 189
tile 10103 840 189
tile 10104 896 189
tile 10105 952 189
tile 10106 1008 189
tile 10107 1064 189
tile 10108 1120 189
tile 10109 1176 189
tile 10110 1232 189
tile 10111 1288 189
tile 10112 1344 189
tile 10113 1400 189
tile 10114 1456 189
tile 10115 1512 189
tile 10116 1568 189
tile 10117 1624 189
tile 10118 0 216
tile 10119 56 216
tile 10120 112 216
tile 10121 168 216
tile 10122 224 216
tile 10123 280 216
tile 10124 336 216
tile 10126 392 216
tile 10127 448 216
tile 10128 504 216
tile 10129 560 216
tile 10130 616 216
tile 10131 672 216
tile 10132 728 216
tile 10133 784 216
tile 10135 840 216
tile 10136 896 216
tile 10137 952 216
tile 10138 1008 216
tile 10139 1064 216
tile 10140 1120 216
tile 10141 1176 216
tile 10142 1232 216
tile 10143 1288 216
tile 10144 1344 216
tile 10145 1400 216
tile 10146 1456 216
tile 10147 1512 216
tile 10148 1568 216
tile 10149 1624 216
tile 10150 0 243
tile 10151 56 243
tile 10152 112 243
tile 10153 168 243
tile 10154 224 243
tile 10155 280 243
tile 10156 336 243
tile 10157 392 243
tile 10158 448 243
tile 10159 504 243
tile 10160 560 243
tile 10161 616 243
tile 10162 672 243
tile 10163 728 243
tile 10164 784 243
tile 10165 840 243
tile 10166 896 243
tile 10167 952 243
tile 10168 1008 243
tile 10169 1064 243
tile 10170 1120 243
tile 10171 1176 243
tile 10172 1232 243
tile 10173 1288 243
tile 10174 1344 243
tile 10175 1400 243
tile 10176 1456 243
tile 10177 1512 243
tile 10178 1568 243
tile 10179 1624 243
tile 10180 0 270
tile 10182 56 270
tile 10183 112 270
tile 10184 168 270
tile 10185 224 270
tile 10186 280 270
tile 10187 336 270
tile 10188 392 270
tile 10189 448 270
tile 10190 504 270
tile 10191 560 270
tile 10192 616 270
tile 10193 672 270
tile 10194 728 270
tile 10195 784 270
tile 10196 840 270
tile 10197 896 270
tile 10198 952 270
tile 10199 1008 270
tile 10200 1064 270
tile 10201 1120 270
tile 10202 1176 270
tile 10203 1232 270
tile 10204 1288 270
tile 10205 1344 270
tile 10206 1400 270
tile 10207 1456 270
tile 10208 1512 270
tile 10209 1568 270
tile 10210 1624 270
tile 10211 0 297
tile 10212 56 297
tile 10213 112 297
tile 10214 168 297
tile 10215 224 297
tile 10216 280 297
tile 10217 336 297
tile 10218 392 297
tile 10219 448 297
tile 10220 504 297
tile 10221 560 297
tile 10222 616 297
tile 10223 672 297
tile 10224 728 297
tile 10225 784 297
tile 10226 840 297
tile 10229 896 297
tile 10230 952 297
tile 10231 1008 297
tile 10232 1064 297
tile 10233 1120 297
tile 10241 1176 297
tile 10242 1232 297
tile 10243 1288 297
tile 10244 1344 297
tile 10245 1400 297
tile 10249 1456 297
tile 10250 1512 297
tile 10251 1568 297
tile 10252 1624 297
tile 10253 0 324
tile 10257 56 324
tile 10258 112 324
tile 10259 168 324
tile 10260 224 324
tile 10261 280 324
tile 10263 336 324
tile 10264 392 324
tile 10265 448 324
tile 10266 504 324
tile 10267 560 324
tile 10268 616 324
tile 10269 672 324
tile 10270 728 324
tile 10271 784 324
tile 10272 840 324
tile 10273 896 324
tile 10274 952 324
tile 10275 1008 324
tile 10276 1064 324
tile 10277 1120 324
tile 10278 1176 324
tile 10279 1232 324
tile 10280 1288 324
tile 10281 1344 324
tile 10282 1400 324
tile 10283 1456 324
tile 10284 1512 324
tile 10285 1568 324
tile 10286 1624 324
tile 10287 0 351
tile 10288 56 351
tile 10289 112 351
tile 10290 168 351
tile 10291 224 351
tile 10292 280 351
tile 10294 336 351
tile 10295 392 351
tile 10296 448 351
tile 10297 504 351
tile 10298 560 351
tile 10299 616 351
tile 10300 672 351
tile 10301 728 351
tile 10302 784 351
tile 10303 840 351
tile 10304 896 351
tile 10305 952 351
tile 10306 1008 351
tile 10307 1064 351
tile 10308 1120 351
tile 10309 1176 351
tile 10310 1232 351
tile 10311 1288 351
tile 10312 1344 351
tile 10313 1400 351
tile 10314 1456 351
tile 10315 1512 351
tile 10316 1568 351
tile 10317 1624 351
tile 10318 0 378
tile 10319 56 378
tile 10320 112 378
tile 10321 168 378
tile 10322 224 378
tile 10323 280 378
tile 10324 336 378
tile 10325 392 378
tile 10326 448 378
tile 10327 504 378
tile 10328 560 378
tile 10329 616 378
tile 10330 672 378
tile 10331 728 378
tile 10332 784 378
tile 10333 840 378
tile 10334 896 378
tile 10335 952 378
tile 10336 1008 378
tile 10337 1064 378
tile 10338 1120 378
tile 10339 1176 378
tile 10340 1232 378
tile 10341 1288 378
tile 10342 1344 378
tile 10343 1400 378
tile 10344 1456 378
tile 10345 1512 378
tile 10346 1568 378
tile 10347 1624 378
tile 10348 0 405
tile 10349 56 405
tile 10350 112 405
tile 10351 168 405
tile 10352 224 405
tile 10353 280 405
tile 10354 336 405
tile 10355 392 405
tile 10356 448 405
tile 10357 504 405
tile 10359 560 405
tile 10360 616 405
tile 10361 672 405
tile 10362 728 405
tile 10363 784 405
tile 10364 840 405
tile 10365 896 405
tile 10366 952 405
tile 10371 1008 405
tile 10372 1064 405
tile 10373 1120 405
tile 10374 1176 405
tile 10379 1232 405
tile 10380 1288 405
tile 10381 1344 405
tile 10382 1400 405
tile 10383 1456 405
tile 10384 1512 405
tile 10385 1568 405
tile 10386 1624 405
tile 10387 0 432
tile 10388 56 432
tile 10389 112 432
tile 10390 168 432
tile 10391 224 432
tile 10392 280 432
tile 10393 336 432
tile 10394 392 432
tile 10395 448 432
tile 10396 504 432
tile 10397 560 432
tile 10398 616 432
tile 10399 672 432
tile 10400 728 432
tile 10401 784 432
tile 10402 840 432
tile 10403 896 432
tile 10415 952 432
tile 10416 1008 432
tile 10417 1064 432
tile 10418 1120 432
tile 10419 1176 432
tile 10420 1232 432
tile 10421 1288 432
tile 10422 1344 432
tile 10423 1400 432
tile 10424 1456 432
tile 10425 1512 432
tile 10426 1568 432
tile 10427 1624 432
tile 10428 0 459
tile 10429 56 459
tile 10430 112 459
tile 10431 168 459
tile 10432 224 459
tile 10433 280 459
tile 10434 336 459
tile 10435 392 459
tile 10436 448 459
tile 10437 504 459
tile 10438 560 459
tile 10439 616 459
tile 10440 672 459
tile 10441 728 459
tile 10442 784 459
tile 10443 840 459
tile 10444 896 459
tile 10445 952 459
tile 10446 1008 459
tile 10447 1064 459
tile 10448 1120 459
tile 10449 1176 459
tile 10450 1232 459
tile 10451 1288 459
tile 10452 1344 459
tile 10453 1400 459
tile 10454 1456 459
tile 10455 1512 459
tile 10456 1568 459
tile 10457 1624 459
tile 10458 0 486
tile 10459 56 486
tile 10460 112 486
tile 10461 168 486
tile 10462 224 486
tile 10463 280 486
tile 10464 336 486
tile 10465 392 486
tile 10466 448 486
tile 10467 504 486
tile 10468 560 486
tile 10469 616 486
tile 10470 672 486
tile 10471 728 486
tile 10472 784 486
tile 10473 840 486
tile 10474 896 486
tile 10475 952 486
tile 10476 1008 486
tile 10477 1064 486
tile 10478 1120 486
tile 10536 1176 486
tile 10537 1232 486
tile 10538 1288 486
tile 10539 1344 486
tile 10540 1400 486
tile 10541 1456 486
tile 10542 1512 486
tile 10543 1568 486
tile 10544 1624 486
tile 10545 0 513
tile 10546 56 513
tile 10547 112 513
tile 10548 168 513
tile 10549 224 513
tile 10550 280 513
tile 10551 336 513
tile 10552 392 513
tile 10553 448 513
tile 10554 504 513
tile 10555 560 513
tile 10556 616 513
tile 10557 672 513
tile 10558 728 513
tile 10559 784 513
tile 10560 840 513
tile 10561 896 513
tile 10562 952 513
tile 10563 1008 513
tile 10564 1064 513
tile 10565 1120 513
tile 10566 1176 513
tile 10567 1232 513
tile 10568 1288 513
tile 10569 1344 513
tile 10570 1400 513
tile 10571 1456 513
tile 10572 1512 513
tile 10573 1568 513
tile 10574 1624 513
tile 10575 0 540
tile 10577 56 540
tile 10578 112 540
tile 10579 168 540
tile 10580 224 540
tile 10581 280 540
tile 10582 336 540
tile 10583 392 540
tile 10584 448 540
tile 10585 504 540
tile 10586 560 540
tile 10587 616 540
tile 10588 672 540
tile 10589 728 540
tile 10590 784 540
tile 10591 840 540
tile 10592 896 540
tile 10593 952 540
tile 10594 1008 540
tile 10595 1064 540
tile 10596 1120 540
tile 10597 1176 540
tile 10598 1232 540
tile 10599 1288 540
tile 10600 1344 540
tile 10601 1400 540
tile 10602 1456 540
tile 10603 1512 540
tile 10604 1568 540
tile 10605 1624 540
tile 10606 0 567
tile 10607 56 567
tile 10608 112 567
tile 10609 168 567
tile 10610 224 567
tile 10611 280 567
tile 10612 336 567
tile 10613 392 567
tile 10614 448 567
tile 10615 504 567
tile 10616 560 567
tile 10618 616 567
tile 10619 672 567
tile 10620 728 567
tile 10621 784 567
tile 10622 840 567
tile 10623 896 567
tile 10624 952 567
tile 10625 1008 567
tile 10626 1064 567
tile 10627 1120 567
tile 10628 1176 567
tile 10629 1232 567
tile 10630 1288 567
tile 10631 1344 567
tile 10632 1400 567
tile 10633 1456 567
tile 10634 1512 567
tile 10635 1568 567
tile 10636 1624 567
tile 10637 0 594
tile 10638 56 594
tile 10639 112 594
tile 10640 168 594
tile 10641 224 594
tile 10642 280 594
tile 10643 336 594
tile 10644 392 594
tile 10645 448 594
tile 10646 504 594
tile 10647 560 594
tile 10648 616 594
tile 10649 672 594
tile 10650 728 594
tile 10651 784 594
tile 10652 840 594
tile 10653 896 594
tile 10654 952 594
tile 10655 1008 594
tile 10656 1064 594
tile 10657 1120 594
tile 10658 1176 594
tile 10659 1232 594
tile 10660 1288 594
tile 10661 1344 594
tile 10662 1400 594
tile 10663 1456 594
tile 10664 1512 594
tile 10665 1568 594
tile 10666 1624 594
tile 10667 0 621
tile 10668 56 621
tile 10669 112 621
tile 10670 168 621
tile 10671 224 621
tile 10672 280 621
tile 10730 336 621
tile 10731 392 621
tile 10732 448 621
tile 10733 504 621
tile 10734 560 621
tile 10735 616 621
tile 10736 672 621
tile 10737 728 621
tile 10738 784 621
tile 10739 840 621
tile 10740 896 621
tile 10741 952 621
tile 10742 1008 621
tile 10743 1064 621
tile 10744 1120 621
tile 10745 1176 621
tile 10746 1232 621
tile 10747 1288 621
tile 10748 1344 621
tile 10749 1400 621
tile 10750 1456 621
tile 10753 1512 621
tile 10756 1568 621
tile 10757 1624 621
tile 10758 0 648
tile 10759 56 648
tile 10760 112 648
tile 10761 168 648
tile 10762 224 648
tile 10763 280 648
tile 10764 336 648
tile 10765 392 648
tile 10766 448 648
tile 10769 504 648
tile 10770 560 648
tile 10772 616 648
tile 10773 672 648
tile 10774 728 648
tile 10775 784 648
tile 10776 840 648
tile 10777 896 648
tile 10778 952 648
tile 10779 1008 648
tile 10780 1064 648
tile 10781 1120 648
tile 10782 1176 648
tile 10783 1232 648
tile 10784 1288 648
tile 10785 1344 648
tile 10786 1400 648
tile 10787 1456 648
tile 10788 1512 648
tile 10789 1568 648
tile 10790 1624 648
tile 10791 0 675
tile 10792 56 675
tile 10793 112 675
tile 10794 168 675
tile 10802 224 675
tile 10803 280 675
tile 10805 336 675
tile 10808 392 675
tile 10809 448 675
tile 10810 504 675
tile 10811 560 675
tile 10813 616 675
tile 10814 672 675
tile 10815 728 675
tile 10816 784 675
tile 10817 840 675
tile 10819 896 675
tile 10820 952 675
tile 10821 1008 675
tile 10822 1064 675
tile 10823 1120 675
tile 10824 1176 675
tile 10826 1232 675
tile 10827 1288 675
tile 10828 1344 675
tile 10829 1400 675
tile 10830 1456 675
tile 10831 1512 675
tile 10832 1568 675
tile 10833 1624 675
tile 10834 0 702
tile 10835 56 702
tile 10836 112 702
tile 10837 168 702
tile 10838 224 702
tile 10839 280 702
tile 10840 336 702
tile 10841 392 702
tile 10842 448 702
tile 10853 504 702
tile 10854 560 702
tile 10855 616 702
tile 10856 672 702
tile 10857 728 702
tile 10858 784 702
tile 10860 840 702
tile 10861 896 702
tile 10862 952 702
tile 10863 1008 702
tile 10864 1064 702
tile 10865 1120 702
tile 10866 1176 702
tile 10867 1232 702
tile 10868 1288 702
tile 10869 1344 702
tile 10870 1400 702
tile 10871 1456 702
tile 10872 1512 702
tile 10873 1568 702
tile 10874 1624 702
tile 10875 0 729
tile 10876 56 729
tile 10877 112 729
tile 10878 168 729
tile 10879 224 729
tile 10880 280 729
tile 10881 336 729
tile 10882 392 729
tile 10883 448 729
tile 10884 504 729
tile 10885 560 729
tile 10886 616 729
tile 10887 672 729
tile 10888 728 729
tile 10889 784 729
tile 10890 840 729
tile 10891 896 729
tile 10892 952 729
tile 10893 1008 729
tile 10894 1064 729
tile 10895 1120 729
tile 10896 1176 729
tile 10897 1232 729
tile 10898 1288 729
tile 10982 1344 729
tile 10983 1400 729
tile 10984 1456 729
tile 10985 1512 729
tile 10986 1568 729
tile 10987 1624 729
tile 10988 0 756
tile 10989 56 756
tile 10990 112 756
tile 10991 168 756
tile 10992 224 756
tile 10993 280 756
tile 10994 336 756
tile 10995 392 756
tile 10996 448 756
tile 10997 504 756
tile 10999 560 756
tile 11000 616 756
tile 11001 672 756
tile 11002 728 756
tile 11003 784 756
tile 11004 840 756
tile 11005 896 756
tile 11006 952 756
tile 11007 1008 756
tile 11008 1064 756
tile 11009 1120 756
tile 11010 1176 756
tile 11011 1232 756
tile 11012 1288 756
tile 11013 1344 756
tile 11014 1400 756
picture 4576 420 753 49 0
picture 4577 336 776 105 0
picture 4578 336 0 115 0
picture 4579 280 562 134 0
picture 4580 308 498 122 0
picture 4581 336 670 106 0
picture 4582 392 484 77 0
picture 10015 476 138 32 0
picture 10016 476 202 31 0
picture 10168 476 71 34 0
picture 10169 476 326 28 0
picture 10170 476 233 31 0
picture 10171 448 625 40 0
picture 10182 448 541 42 0
picture 10183 448 862 37 0
picture 10429 420 166 54 0
picture 10430 420 220 54 0
picture 10431 420 274 54 0
picture 10432 420 328 54 0
picture 10455 448 745 39 0
picture 10456 448 0 47 0
picture 10457 448 665 40 0
picture 10458 448 455 43 0
picture 10463 420 802 49 0
picture 10464 448 323 44 0
picture 10465 420 851 49 0
picture 10466 448 367 44 0
picture 10467 476 264 31 0
picture 10468 420 56 55 0
picture 10469 420 949 48 0
picture 10470 448 47 47 0
picture 10471 448 94 47 0
picture 10472 476 170 32 0
picture 10473 448 498 43 0
picture 10474 448 705 40 0
picture 10489 140 0 200 0
picture 10490 84 448 214 0
picture 10491 28 272 271 0
picture 10492 0 333 303 0
picture 10493 0 0 333 0
picture 10494 56 270 261 0
picture 10495 140 200 200 0
picture 10496 84 0 224 0
picture 10497 28 543 271 0
picture 10498 0 636 285 0
picture 10499 28 0 272 0
picture 10500 56 0 270 0
picture 10501 56 531 256 0
picture 10503 280 284 140 0
picture 10504 224 822 156 0
picture 10505 168 192 190 0
picture 10506 168 382 187 0
picture 10507 140 400 200 0
picture 10508 112 422 204 0
picture 10509 280 424 138 0
picture 10510 364 501 94 0
picture 10511 448 973 36 0
picture 10512 392 965 56 0
picture 10513 420 0 56 0
picture 10514 112 626 204 0
picture 10515 56 787 229 0
picture 10516 84 662 214 0
picture 10517 196 370 177 0
picture 10518 196 547 175 0
picture 10519 224 499 163 0
picture 10520 280 826 127 0
picture 10521 392 84 81 0
picture 10522 364 207 102 0
picture 10523 252 156 153 0
picture 10524 196 0 185 0
picture 10525 140 600 200 0
picture 10526 196 185 185 0
picture 10527 224 0 167 0
picture 10528 252 756 146 0
picture 10529 364 0 104 0
picture 10540 364 104 103 0
picture 10541 308 861 118 0
picture 10542 308 0 126 0
picture 10543 308 742 119 0
picture 10544 336 230 113 0
picture 10545 448 899 37 0
picture 10546 392 902 63 0
picture 10547 392 772 65 0
picture 10548 448 233 45 0
picture 10556 308 126 126 0
picture 10557 280 696 130 0
picture 10558 336 343 113 0
picture 10559 448 278 45 0
picture 10560 392 703 69 0
picture 10561 392 165 80 0
picture 10562 420 382 54 0
picture 10563 392 561 72 0
picture 10564 336 456 107 0
picture 10565 336 563 107 0
picture 10566 392 245 80 0
picture 10567 476 36 35 0
picture 10568 476 354 28 0
picture 10569 448 411 44 0
picture 10570 448 936 37 0
picture 10571 476 382 28 0
picture 10572 420 703 50 0
picture 10573 476 410 28 0
picture 10575 224 334 165 0
picture 10576 140 800 192 0
picture 10577 168 0 192 0
picture 10578 280 0 142 0
picture 10580 420 436 54 0
picture 10581 392 837 65 0
picture 10582 364 689 93 0
picture 10583 336 881 105 0
picture 10584 364 595 94 0
picture 10585 420 900 49 0
picture 10586 392 0 84 0
picture 10587 280 142 142 0
picture 10588 252 0 156 0
picture 10589 168 569 187 0
picture 10590 168 756 187 0
picture 10591 308 252 123 0
picture 10592 420 490 54 0
picture 10593 392 405 79 0
picture 10594 252 309 149 0
picture 10595 196 722 175 0
picture 10596 112 212 210 0
picture 10597 84 224 224 0
picture 10598 112 0 212 0
picture 10602 392 633 70 0
picture 10603 420 651 52 0
picture 10604 476 438 26 0
picture 10605 392 325 80 0
picture 10606 364 874 85 0
picture 10609 476 295 31 0
picture 10610 476 105 33 0
picture 10611 476 0 36 0
picture 10612 448 583 42 0
picture 10613 448 141 46 0
picture 10614 448 187 46 0
picture 10615 364 309 97 0
picture 10616 364 782 92 0
picture 10617 448 784 39 0
picture 10618 448 823 39 0
picture 10619 420 111 55 0
picture 10620 476 464 23 0
picture 10621 420 544 54 0
picture 10622 364 406 95 0
picture 10623 308 620 122 0
picture 10624 252 458 149 0
picture 10625 224 662 160 0
picture 10626 308 375 123 0
picture 10627 420 598 53 0
picture 10628 476 487 20 0
picture 10629 224 167 167 0
picture 10630 252 607 149 0
picture 10631 336 115 115 0
object 20 0 right 10567
object 29 0 left 10170
object 29 0 right 10171
object 10 1 right 10558
object 13 1 right 10578
object 18 1 left 10609
object 18 1 right 10610
object 20 1 right 10566
object 21 1 left 10605
object 21 1 right 10606
object 2 2 right 10544
object 10 2 left 10556
object 10 2 right 10557
object 12 2 left 10575
object 13 2 left 10576
object 13 2 right 10577
object 18 2 right 10573
object 19 2 left 10563
object 20 2 left 10564
object 20 2 right 10565
object 21 2 left 10609
object 21 2 right 10610
object 0 3 left 10540
object 1 3 left 10541
object 2 3 left 10542
object 2 3 right 10543
object 11 3 left 10611
object 11 3 right 10612
object 18 3 left 10571
object 18 3 right 10572
object 19 3 left 10168
object 19 3 right 10169
object 14 4 left 10429
object 14 4 right 10430
object 28 7 left 10611
object 28 7 right 10612
object 29 7 left 10568
object 30 7 left 10569
object 30 7 right 10570
object 17 8 left 10603
object 17 8 right 10604
object 24 8 left 10586
object 28 8 right 10591
object 30 8 left 10182
object 30 8 right 10183
object 16 9 left 10631
object 16 9 right 10602
object 17 9 left 10170
object 17 9 right 10171
object 26 9 left 10587
object 27 9 left 10588
object 28 9 left 10589
object 28 9 right 10590
object 27 10 left 10611
object 27 10 right 10612
object 28 10 left 10609
object 28 10 right 10610
object 8 11 right 10495
object 16 11 right 10630
object 8 12 right 10494
object 16 12 right 10629
object 1 13 left 10615
object 1 13 right 10616
object 5 13 left 10489
object 6 13 left 10490
object 7 13 left 10491
object 8 13 left 10492
object 8 13 right 10493
object 11 13 left 10592
object 12 13 left 10593
object 1 14 right 10548
object 2 14 left 10611
object 2 14 right 10612
object 13 14 left 10168
object 13 14 right 10169
object 14 14 left 10594
object 15 14 left 10595
object 16 14 left 10596
object 17 14 left 10597
object 17 14 right 10598
object 0 15 left 10545
object 1 15 left 10546
object 1 15 right 10547
object 8 19 left 10613
object 8 19 right 10614
object 40 19 right 10520
object 40 20 right 10519
object 40 21 right 10518
object 4 22 right 10529
object 23 22 left 10473
object 23 22 right 10474
object 24 22 left 10465
object 24 22 right 10466
object 25 22 left 10471
object 25 22 right 10472
object 40 22 right 10517
object 4 23 right 10528
object 23 23 left 10457
object 23 23 right 10458
object 25 23 left 10455
object 25 23 right 10456
object 40 23 right 10516
object 4 24 right 10527
object 23 24 left 10467
object 23 24 right 10468
object 24 24 left 10463
object 24 24 right 10464
object 25 24 left 10469
object 25 24 right 10470
object 40 24 right 10515
object 0 25 left 10521
object 1 25 left 10522
object 2 25 left 10523
object 3 25 left 10524
object 4 25 left 10525
object 4 25 right 10526
object 40 25 right 10514
object 10 26 left 10615
object 10 26 right 10616
object 12 26 right 10585
object 13 26 right 10558
object 40 26 right 10513
object 11 27 right 10562
object 12 27 right 10584
object 13 27 left 10556
object 13 27 right 10557
object 40 27 left 10511
object 40 27 right 10512
object 42 27 left 10168
object 42 27 right 10169
object 2 28 left 10605
object 2 28 right 10606
object 10 28 left 10559
object 11 28 left 10560
object 11 28 right 10561
object 12 28 left 10582
object 12 28 right 10583
object 1 29 right 10578
object 2 29 left 10611
object 2 29 right 10612
object 10 29 right 10573
object 11 29 left 10580
object 11 29 right 10581
object 12 29 left 10015
object 12 29 right 10016
object 0 30 left 10575
object 1 30 left 10576
object 1 30 right 10577
object 10 30 left 10571
object 10 30 right 10572
object 11 30 left 10168
object 11 30 right 10169
object 12 30 left 10182
object 12 30 right 10183
object 27 30 right 4582
object 4 31 left 10431
object 4 31 right 10432
object 27 31 right 4581
object 27 32 right 4580
object 25 33 left 4576
object 26 33 left 4577
object 27 33 left 4578
object 27 33 right 4579
object 6 34 left 10170
object 6 34 right 10171
object 1 35 left 10168
object 1 35 right 10169
object 2 35 right 10573
object 1 36 right 10585
object 2 36 left 10571
object 2 36 right 10572
object 1 37 right 10584
object 1 38 left 10582
object 1 38 right 10583
object 44 38 right 10628
object 0 39 left 10580
object 0 39 right 10581
object 44 39 right 10627
object 4 40 right 10501
object 12 40 left 10503
object 13 40 left 10504
object 14 40 left 10505
object 15 40 left 10506
object 16 40 left 10507
object 17 40 left 10508
object 18 40 left 10509
object 18 40 right 10510
object 44 40 right 10626
object 4 41 right 10500
object 40 41 left 10620
object 41 41 left 10621
object 42 41 left 10622
object 43 41 left 10623
object 44 41 left 10624
object 44 41 right 10625
object 2 42 left 10496
object 3 42 left 10497
object 4 42 left 10498
object 4 42 right 10499
object 11 43 left 10609
object 11 43 right 10610
object 41 44 left 10617
object 41 44 right 10618
object 43 44 left 10619
