# lod20593 — tools/dat-extract layout 이 만든다. 손으로 고치지 말 것.
size 50 50
blocked
##################################################
##################################################
##...#############################################
...........#######################################
............######################################
.............#####################################
.............#####################################
.............#####################################
............######################################
#...........######################################
............######################################
............######################################
.............#####################################
..............#######...##########################
.................##...........#####...############
.......................................###########
........................................##########
........................................##########
........................................##########
.......................................###########
.......................................###########
#......................................###########
.......................................###########
........................................##########
.........................................#########
..................................................
..................................................
..................................................
.................................................#
........#......................#..................
............................#.....................
..................................#...............
..................................................
..#...............................................
.............................#..................#.
........#.........................................
..................................................
......................#............#.......#.....#
..................................................
..............#..............................#....
..................#......................#........
..............#......................#............
....#.........................#...................
.......................................#..........
........#.................#................#..#...
..................................................
.............#...............................#....
...........#.......#..............................
...#.........#.#............#.....................
......#...............#...........##..............
floor
9992 9997 10002 10007 10012 10017 10022 10027 10074 10079 10084 10092 10100 10108 10116 10124 8178 7946 7951 7956 7961 8178 7946 7951 7956 7961 8178 7946 7951 7956 7961 8178 7946 7951 7956 7961 8178 7946 7951 7956 7961 8178 7946 7951 7956 7961 8178 7946 7951 7956
9991 9996 10001 10006 10011 10016 10021 10026 10073 10078 10083 10091 10099 10107 10115 10123 7945 7950 7955 7960 7965 7945 7950 7955 7960 7965 7945 7950 7955 7960 7965 7945 7950 7955 7960 7965 7945 7950 7955 7960 7965 7945 7950 7955 7960 7965 7945 7950 7955 7960
9990 9995 10000 10005 10010 10015 10020 10025 10072 10077 10082 10090 10098 10106 10114 10122 7944 7949 7954 7959 7964 7944 7949 7954 7959 7964 7944 7949 7954 7959 7964 7944 7949 7954 7959 7964 7944 7949 7954 7959 7964 7944 7949 7954 7959 7964 7944 7949 7954 7959
9989 9994 9999 10004 10009 10014 10019 10024 10071 10076 10081 10089 10097 10105 10113 10121 7943 7948 7953 7958 7963 7943 7948 7953 7958 7963 7943 7948 7953 7958 7963 7943 7948 7953 7958 7963 7943 7948 7953 7958 7963 7943 7948 7953 7958 7963 7943 7948 7953 7958
9988 9993 9998 10003 10008 10013 10018 10023 10070 10075 10080 10088 10096 10104 10112 10120 8179 7947 7952 7957 7962 8179 7947 7952 7957 7962 8179 7947 7952 7957 7962 8179 7947 7952 7957 7962 8179 7947 7952 7957 7962 8179 7947 7952 7957 7962 8179 7947 7952 7957
10417 10425 10433 10441 10449 10457 10465 10473 10296 10304 10312 10087 10095 10103 10111 10119 8178 7946 7951 7956 7961 8178 7946 7951 7956 7961 8178 7946 7951 7956 7961 8178 7946 7951 7956 7961 8178 7946 7951 7956 7961 8178 7946 7951 7956 7961 8178 7946 7951 7956
10416 10424 10432 10440 10448 10456 10464 10472 10295 10303 10311 10086 10094 10102 10110 10118 7945 7950 7955 7960 7965 7945 7950 7955 7960 7965 7945 7950 7955 7960 7965 7945 7950 7955 7960 7965 7945 7950 7955 7960 7965 7945 7950 7955 7960 7965 7945 7950 7955 7960
10415 10423 10431 10439 10447 10455 10463 10471 10294 10302 10310 10085 10093 10101 10109 10117 7944 7949 7954 7959 7964 7944 7949 7954 7959 7964 7944 7949 7954 7959 7964 7944 7949 7954 7959 7964 7944 7949 7954 7959 7964 7944 7949 7954 7959 7964 7944 7949 7945 7950
10301 10309 10317 10325 10333 10341 10349 10357 10422 10430 10438 10133 10141 10149 10157 10165 7943 7948 7953 7958 7963 7943 7948 7953 7958 7963 7943 7948 7953 7958 7963 7943 7948 7953 7958 7963 7943 7948 7953 7958 7963 7943 7948 7953 7958 7963 7943 7948 7944 7949
11002 11006 11010 11014 10332 10340 10348 10356 10421 10429 10437 10132 10140 10148 10156 10164 8179 7947 7952 7957 7962 8179 7947 7952 7957 7962 8179 7947 7952 7957 7962 8179 7947 7952 7957 7962 8179 7947 7952 7957 7962 8179 7947 7952 7957 7962 8179 7947 7943 7948
11001 11005 11009 11013 10331 10339 10347 10355 10420 10428 10436 10131 10139 10147 10155 10163 8178 7946 7951 7956 7961 8178 7946 7951 7956 7961 8178 7946 7951 7956 7961 8178 7946 7951 7956 7961 8178 7946 7951 7956 7961 8178 7946 7951 7956 7961 8178 7946 8179 7947
11000 11004 11008 11012 10330 10338 10346 10354 10419 10427 10435 10130 10138 10146 10154 10162 10170 10175 10180 9992 9997 10002 10007 10012 10017 10022 10027 10033 10038 10043 10048 10053 10058 10063 10068 10074 10079 10084 10092 10100 10108 10116 10124 7945 7950 7955 7960 7965 8178 7946
10990 11003 11007 11011 10329 10337 10345 10353 10418 10426 10434 10129 10137 10145 10153 10161 10169 10174 10179 9991 9996 10001 10006 10011 10016 10021 10026 10032 10037 10042 10047 10052 10057 10062 10067 10073 10078 10083 10091 10099 10107 10115 10123 7944 7949 7954 7959 7964 7945 7950
10296 10304 10312 10320 10328 10336 10344 10352 10417 10425 10433 10128 10136 10144 10152 10160 10168 10173 10178 9990 9995 10000 10005 10010 10015 10020 10025 10031 10036 10041 10046 10051 10056 10061 10066 10072 10077 10082 10090 10098 10106 10114 10122 7943 7948 7953 7958 7963 7944 7949
10295 9897 9903 10319 10327 10335 10343 10351 10416 10424 10432 10127 10135 10143 10151 10159 10167 10172 10177 9989 9994 9999 10004 10009 10014 10019 10024 10030 10035 10040 10045 10050 10055 10060 10065 10071 10076 10081 10089 10097 10105 10113 10121 8179 7947 7952 7957 7962 7943 7948
9887 9896 9902 9906 10326 10334 10342 10350 10415 10423 10431 10126 10134 10142 10150 10158 10166 10171 10176 9988 9993 9998 10003 10008 10013 10018 10023 10029 10034 10039 10044 10049 10054 10059 10064 10070 10075 10080 10088 10096 10104 10112 10120 8178 7946 7951 7956 7961 8179 7947
9886 9895 9901 9905 10454 10462 10470 10478 10301 10309 10317 10325 10333 10341 10349 10357 10422 10430 10438 10446 10454 10462 10470 10478 10301 10309 10317 10325 10333 10341 10349 10357 10422 10430 10438 10446 10454 10462 10087 10095 10103 10111 10119 7945 7950 7955 7960 7965 8178 7946
9885 9894 9900 9904 10453 10461 10469 10477 10300 10308 10316 10324 10332 10340 10348 10356 10421 10429 10437 10445 10453 10461 10469 10477 10300 10308 10316 10324 10332 10340 10348 10356 10421 10429 10437 10445 10453 10461 10086 10094 10102 10110 10118 7945 7950 7955 7960 7965 7945 7950
10420 9893 9899 10444 10452 10460 10468 10476 10299 10307 10315 10323 10331 10339 10347 10355 10420 10428 10436 10444 10452 10460 10468 10476 10299 10307 10315 10323 10331 10339 10347 10355 10420 10428 10436 10444 10452 10460 10085 10093 10101 10109 10117 7944 7949 7954 7959 7964 7944 7949
10419 9892 9898 10443 10451 10459 10467 10475 10298 10306 10314 10322 10330 10338 10346 10354 10419 10427 10435 10443 10451 10459 10467 10475 10298 10306 10314 10322 10330 10338 10346 10354 10419 10427 10435 10443 10451 10459 10133 10141 10149 10157 10165 7943 7948 7953 7958 7963 7943 7948
9884 9891 10434 10442 10450 10458 10466 10474 10297 10305 10313 10321 10329 10337 10345 10353 10418 10426 10434 10442 10450 10458 10466 10474 10297 10305 10313 10321 10329 10337 10345 10353 10418 10426 10434 10442 10450 10458 10132 10140 10148 10156 10164 8179 7947 7952 7957 7962 8179 7947
9883 9890 10433 10441 10449 10457 10465 10473 10296 10304 10312 10320 10328 10336 10344 10352 10417 10425 10433 10441 10449 10457 10465 10473 10296 10304 10312 10320 10328 10336 10344 10352 10417 10425 10433 10441 10449 10457 10131 10139 10147 10155 10163 8178 7946 7951 7956 7961 8178 7946
9882 9889 10432 10440 10448 10456 10464 10472 10295 10303 10311 10319 10327 10335 10343 10351 10416 10424 10432 10440 10448 10456 10464 10472 10295 10303 10311 10319 10327 10335 10343 10351 10416 10424 10432 10440 10448 10456 10130 10138 10146 10154 10162 10170 10175 10180 10678 10683 10688 10693
10415 10423 10431 10439 10447 10455 10463 10471 10294 10302 10310 10318 10326 10334 10342 10350 10415 10423 10431 10439 10447 10455 10463 10471 10294 10302 10310 10318 10326 10334 10342 10350 10415 10423 10431 10439 10447 10455 10129 10137 10145 10153 10161 10169 10174 10179 10677 10682 10687 10692
10301 10309 10317 10325 10333 10341 10779 10784 10790 10430 10438 10446 10454 10462 10470 10478 10301 10309 10317 10325 10333 10341 10349 10357 10422 10430 9860 9864 9871 10462 10470 10478 10301 10309 10317 10325 10333 10341 10128 10136 10144 10152 10160 10168 10173 10178 10676 10681 10686 10691
10300 10308 10316 10324 10332 10340 10778 10783 10789 10793 10437 10445 10453 10461 10469 10477 10300 10308 10316 10324 10332 10340 10348 10356 10421 9856 9859 9863 9870 9877 10469 10477 10300 10308 10316 10324 10332 10340 10127 10135 10143 10151 10159 10167 10172 10177 10675 10680 10685 10690
10299 10307 10315 10323 10331 10339 10777 10782 10788 10428 10436 10444 10452 10460 10468 10476 10299 10307 10315 10323 10331 10339 10347 10355 10420 10428 9858 9862 9869 9876 10468 10476 10299 10307 10315 10323 10331 10339 10126 10134 10142 10150 10158 10166 10171 10176 10674 10679 10684 10689
10298 10306 10314 10322 10330 10338 10346 10781 10787 10792 10794 10443 10451 10459 10467 10475 10298 10306 10314 10322 10330 10338 10346 10354 10419 10427 9857 9861 9868 9875 10467 10475 10298 10306 10314 10322 10330 10338 10346 10354 10419 10427 10435 10443 10451 10459 10467 10475 10298 10306
10297 10305 10313 10321 10329 10337 10345 10780 10786 10791 10434 10442 10450 10458 10466 10474 10297 10305 10313 10321 10329 10337 10345 10353 10418 10426 10434 10442 9867 9874 10845 10474 10297 10305 9845 10321 10329 10337 10345 10353 10418 10426 10434 10442 10450 10458 11036 11040 11044 11006
10296 10304 10312 10320 10328 10336 10344 10352 10785 10425 10433 10441 10449 10457 10465 10473 10296 10304 10312 10320 10328 10336 10344 10352 10417 10425 10433 10441 9866 9873 10844 10848 10851 9841 9844 10320 10328 10336 10344 10352 10417 10425 10433 10441 10449 10457 11035 11039 11043 11047
10295 10303 9845 10319 10327 10335 10779 10784 10790 10424 10432 10440 10448 10456 10464 10472 10295 10303 10311 10319 10327 10335 10343 9897 9903 10424 10432 10440 9865 9872 10464 10847 10850 9840 9843 9846 10327 10335 10343 10351 10416 10424 10432 10440 10448 10456 11034 11038 11042 11046
10294 9841 9844 10318 10326 10334 10778 10783 10789 10793 10431 10439 10447 10455 10463 10471 10294 10302 10310 10318 10326 10334 9887 9896 9902 9906 10431 10439 10447 10455 10463 10846 10849 9839 9842 10318 10326 10334 10342 10350 10415 10423 10431 10439 10447 10455 11033 11037 11041 11045
10422 9840 9843 9846 10454 10462 10777 10782 10788 10309 10317 10325 10333 10341 10349 10357 10422 10430 10438 10446 10454 10462 9886 9895 9901 9905 10317 10325 10333 10341 10349 10357 10422 10779 10784 10790 10454 10462 10470 10478 10301 10309 10317 10325 10333 10341 10349 9841 9844 10430
10421 9839 9842 10445 10453 10461 10469 10781 10787 10792 10794 10324 10332 10340 10348 10356 10421 10429 10437 10445 10453 10461 9885 9894 9900 9904 10316 10324 10845 10340 10348 10356 10421 10778 10783 10789 10793 10461 10469 10477 10300 10308 10316 10324 10332 10340 10348 9840 9843 9846
10420 10428 10436 10444 10452 10460 10468 10780 10786 10791 10315 10323 10779 10784 10790 10355 10420 10428 10436 10444 10452 10460 10468 9893 9899 10307 10315 10323 10844 10848 10851 10355 10420 10777 10782 10788 10452 10460 10468 10476 10299 10307 10315 10323 10331 10339 10347 9839 9842 10428
10419 10427 10435 10443 10451 10459 10467 10475 10785 10306 10314 10322 10778 10783 10789 10793 10419 10427 10435 10443 10451 10459 10467 9892 9898 10306 10314 10322 10330 10847 10850 10354 10419 10427 10781 10787 10792 10794 10467 10475 10298 10306 10853 10856 10858 10338 10346 10354 9830 9835
10418 10426 9860 9864 9871 10458 10466 10474 10297 10305 10313 10321 10777 10782 10788 10353 10418 10426 10434 10442 10450 10458 9884 9891 10297 10305 10313 10321 10329 10846 10849 10353 10418 10426 10780 10786 10784 10790 10466 10474 10297 10305 10313 10855 10857 9845 10345 9825 9829 9834
10417 9856 9859 9863 9870 9877 10465 10473 10296 10304 10312 10320 10328 10781 10787 10792 10794 10425 10433 10441 10449 10457 9883 9890 10296 10304 10312 10320 10328 10336 10344 10352 10417 10425 10433 10778 10783 10789 10793 10473 10296 10304 10312 10854 9841 9844 9821 9824 9828 9833
10416 10424 9858 9862 9869 9876 10464 10472 10295 10303 10311 10319 10327 10780 10786 10791 10416 9830 9835 10440 10448 10456 9882 9889 10295 10303 10311 10319 10327 10335 10343 10351 10416 10424 10432 10777 10782 10788 10464 10472 10295 10303 10311 10319 9840 9843 9846 9823 9827 9832
10415 10423 9857 9861 9868 9875 10824 10831 10294 10302 10310 10318 10326 10334 10785 10350 9825 9829 9834 10439 10447 10455 10463 10471 10824 10831 10310 10318 10326 10334 10342 10350 10415 10423 10431 10439 10781 10787 10792 10794 10845 10302 10310 10318 9839 9842 10342 9822 9826 9831
10301 10309 10317 10325 9867 10817 10823 10830 10837 10842 10438 10446 10454 10845 10470 9821 9824 9828 9833 9837 9897 9903 10349 10817 10823 10830 10837 10842 10454 10462 10470 10478 10301 10309 10317 10325 10780 10786 10791 10357 10844 10848 10851 10446 10454 10462 10470 10478 10301 10309
10300 10308 10316 10324 9866 10816 10822 10829 10836 10841 10437 10445 10453 10844 10848 10851 9823 9827 9832 9887 9896 9902 9906 10816 10822 10829 10836 10841 10453 10845 10469 10477 10300 10308 10316 10324 10332 10785 10348 10356 10421 10847 10850 9845 10453 10461 10469 10477 10300 10308
10299 10307 10315 10323 9865 10815 10821 10828 10835 10840 10831 10444 10452 10460 10847 10850 9822 9826 9831 9886 9895 9901 9905 10815 10821 10828 10835 10840 10452 10844 10848 10851 10299 10307 10315 10323 10331 10339 10845 10355 10420 10846 9841 9844 10452 10853 10856 10858 10299 10307
10298 10824 10831 10322 10330 10814 10820 10827 10834 10839 10830 10837 10842 10459 10846 10849 10298 10306 10314 9885 9894 9900 9904 10814 10820 10827 10834 10839 10451 10459 10847 10850 9860 9864 9871 10322 10330 10338 10844 10848 10851 10427 9840 9843 9846 10459 10855 10857 10298 10306
10817 10823 10830 10837 10842 10813 10819 10826 10833 10838 10829 10836 10841 10458 10466 10474 10297 10305 10313 10321 9893 9899 10345 10813 10819 10826 10833 10830 10837 10842 10846 9856 9859 9863 9870 9877 10329 10337 10345 10847 10850 10426 9839 9842 9830 9835 10854 10474 10297 10305
10816 10822 10829 10836 10841 10336 10818 10825 10832 10821 10828 10835 10840 9880 10465 10473 10296 10304 10312 10320 9892 9898 10344 10352 10818 10825 10822 10829 10836 10841 10465 10473 9858 9862 9869 9876 10328 10336 10344 10846 10849 10425 10433 9825 9829 9834 10465 10473 10296 10304
10815 10821 10828 10835 10840 10335 9845 10351 10814 10820 10827 10834 10839 9879 10464 10472 10295 10303 10311 9884 9891 10335 9845 10351 10416 10815 10821 10828 10835 10840 10464 10472 9857 9861 9868 9875 11023 11027 11031 10351 10416 10424 9821 9824 9828 9833 9837 10472 10295 10303
10814 10820 10827 10834 10839 9841 9844 10350 10813 10819 10826 10833 10838 9880 10463 9880 10294 10302 10310 9883 9890 9841 9844 10350 10415 10814 10820 10827 10834 10839 10463 10471 10294 10302 9867 11018 11022 11026 11030 10350 10415 10423 10431 9823 9827 9832 9836 10471 10294 10302
10813 10819 10826 10833 10838 9840 9843 9846 10301 10818 10825 10832 10333 9879 10349 9879 10422 10430 10438 9882 9889 9840 9843 9846 10301 10813 10819 10826 10833 10838 10349 10357 10422 10430 9866 11017 11021 11025 11029 10478 10301 10309 10317 9822 9826 9831 10349 10357 10422 10430
10421 10818 10825 10832 10453 9839 9842 10477 10300 10308 10316 10324 10332 10340 10348 10356 10421 10429 10437 10445 10453 9839 9842 10477 10300 10308 10818 10825 10832 10340 10348 10356 10421 10429 9865 11007 11020 11024 11028 10477 10300 10308 10316 10324 10332 10340 10348 10356 10421 10429
tile 7943 0 0
tile 7944 56 0
tile 7945 112 0
tile 7946 168 0
tile 7947 224 0
tile 7948 280 0
tile 7949 336 0
tile 7950 392 0
tile 7951 448 0
tile 7952 504 0
tile 7953 560 0
tile 7954 616 0
tile 7955 672 0
tile 7956 728 0
tile 7957 784 0
tile 7958 840 0
tile 7959 896 0
tile 7960 952 0
tile 7961 1008 0
tile 7962 1064 0
tile 7963 1120 0
tile 7964 1176 0
tile 7965 1232 0
tile 8178 1288 0
tile 8179 0 27
tile 9821 56 27
tile 9822 112 27
tile 9823 168 27
tile 9824 224 27
tile 9825 280 27
tile 9826 336 27
tile 9827 392 27
tile 9828 448 27
tile 9829 504 27
tile 9830 560 27
tile 9831 616 27
tile 9832 672 27
tile 9833 728 27
tile 9834 784 27
tile 9835 840 27
tile 9836 896 27
tile 9837 952 27
tile 9839 1008 27
tile 9840 1064 27
tile 9841 1120 27
tile 9842 1176 27
tile 9843 1232 27
tile 9844 1288 27
tile 9845 0 54
tile 9846 56 54
tile 9856 112 54
tile 9857 168 54
tile 9858 224 54
tile 9859 280 54
tile 9860 336 54
tile 9861 392 54
tile 9862 448 54
tile 9863 504 54
tile 9864 560 54
tile 9865 616 54
tile 9866 672 54
tile 9867 728 54
tile 9868 784 54
tile 9869 840 54
tile 9870 896 54
tile 9871 952 54
tile 9872 1008 54
tile 9873 1064 54
tile 9874 1120 54
tile 9875 1176 54
tile 9876 1232 54
tile 9877 1288 54
tile 9879 0 81
tile 9880 56 81
tile 9882 112 81
tile 9883 168 81
tile 9884 224 81
tile 9885 280 81
tile 9886 336 81
tile 9887 392 81
tile 9889 448 81
tile 9890 504 81
tile 9891 560 81
tile 9892 616 81
tile 9893 672 81
tile 9894 728 81
tile 9895 784 81
tile 9896 840 81
tile 9897 896 81
tile 9898 952 81
tile 9899 1008 81
tile 9900 1064 81
tile 9901 1120 81
tile 9902 1176 81
tile 9903 1232 81
tile 9904 1288 81
tile 9905 0 108
tile 9906 56 108
tile 9988 112 108
tile 9989 168 108
tile 9990 224 108
tile 9991 280 108
tile 9992 336 108
tile 9993 392 108
tile 9994 448 108
tile 9995 504 108
tile 9996 560 108
tile 9997 616 108
tile 9998 672 108
tile 9999 728 108
tile 10000 784 108
tile 10001 840 108
tile 10002 896 108
tile 10003 952 108
tile 10004 1008 108
tile 10005 1064 108
tile 10006 1120 108
tile 10007 1176 108
tile 10008 1232 108
tile 10009 1288 108
tile 10010 0 135
tile 10011 56 135
tile 10012 112 135
tile 10013 168 135
tile 10014 224 135
tile 10015 280 135
tile 10016 336 135
tile 10017 392 135
tile 10018 448 135
tile 10019 504 135
tile 10020 560 135
tile 10021 616 135
tile 10022 672 135
tile 10023 728 135
tile 10024 784 135
tile 10025 840 135
tile 10026 896 135
tile 10027 952 135
tile 10029 1008 135
tile 10030 1064 135
tile 10031 1120 135
tile 10032 1176 135
tile 10033 1232 135
tile 10034 1288 135
tile 10035 0 162
tile 10036 56 162
tile 10037 112 162
tile 10038 168 162
tile 10039 224 162
tile 10040 280 162
tile 10041 336 162
tile 10042 392 162
tile 10043 448 162
tile 10044 504 162
tile 10045 560 162
tile 10046 616 162
tile 10047 672 162
tile 10048 728 162
tile 10049 784 162
tile 10050 840 162
tile 10051 896 162
tile 10052 952 162
tile 10053 1008 162
tile 10054 1064 162
tile 10055 1120 162
tile 10056 1176 162
tile 10057 1232 162
tile 10058 1288 162
tile 10059 0 189
tile 10060 56 189
tile 10061 112 189
tile 10062 168 189
tile 10063 224 189
tile 10064 280 189
tile 10065 336 189
tile 10066 392 189
tile 10067 448 189
tile 10068 504 189
tile 10070 560 189
tile 10071 616 189
tile 10072 672 189
tile 10073 728 189
tile 10074 784 189
tile 10075 840 189
tile 10076 896 189
tile 10077 952 189
tile 10078 1008 189
tile 10079 1064 189
tile 10080 1120 189
tile 10081 1176 189
tile 10082 1232 189
tile 10083 1288 189
tile 10084 0 216
tile 10085 56 216
tile 10086 112 216
tile 10087 168 216
tile 10088 224 216
tile 10089 280 216
tile 10090 336 216
tile 10091 392 216
tile 10092 448 216
tile 10093 504 216
tile 10094 560 216
tile 10095 616 216
tile 10096 672 216
tile 10097 728 216
tile 10098 784 216
tile 10099 840 216
tile 10100 896 216
tile 10101 952 216
tile 10102 1008 216
tile 10103 1064 216
tile 10104 1120 216
tile 10105 1176 216
tile 10106 1232 216
tile 10107 1288 216
tile 10108 0 243
tile 10109 56 243
tile 10110 112 243
tile 10111 168 243
tile 10112 224 243
tile 10113 280 243
tile 10114 336 243
tile 10115 392 243
tile 10116 448 243
tile 10117 504 243
tile 10118 560 243
tile 10119 616 243
tile 10120 672 243
tile 10121 728 243
tile 10122 784 243
tile 10123 840 243
tile 10124 896 243
tile 10126 952 243
tile 10127 1008 243
tile 10128 1064 243
tile 10129 1120 243
tile 10130 1176 243
tile 10131 1232 243
tile 10132 1288 243
tile 10133 0 270
tile 10134 56 270
tile 10135 112 270
tile 10136 168 270
tile 10137 224 270
tile 10138 280 270
tile 10139 336 270
tile 10140 392 270
tile 10141 448 270
tile 10142 504 270
tile 10143 560 270
tile 10144 616 270
tile 10145 672 270
tile 10146 728 270
tile 10147 784 270
tile 10148 840 270
tile 10149 896 270
tile 10150 952 270
tile 10151 1008 270
tile 10152 1064 270
tile 10153 1120 270
tile 10154 1176 270
tile 10155 1232 270
tile 10156 1288 270
tile 10157 0 297
tile 10158 56 297
tile 10159 112 297
tile 10160 168 297
tile 10161 224 297
tile 10162 280 297
tile 10163 336 297
tile 10164 392 297
tile 10165 448 297
tile 10166 504 297
tile 10167 560 297
tile 10168 616 297
tile 10169 672 297
tile 10170 728 297
tile 10171 784 297
tile 10172 840 297
tile 10173 896 297
tile 10174 952 297
tile 10175 1008 297
tile 10176 1064 297
tile 10177 1120 297
tile 10178 1176 297
tile 10179 1232 297
tile 10180 1288 297
tile 10294 0 324
tile 10295 56 324
tile 10296 112 324
tile 10297 168 324
tile 10298 224 324
tile 10299 280 324
tile 10300 336 324
tile 10301 392 324
tile 10302 448 324
tile 10303 504 324
tile 10304 560 324
tile 10305 616 324
tile 10306 672 324
tile 10307 728 324
tile 10308 784 324
tile 10309 840 324
tile 10310 896 324
tile 10311 952 324
tile 10312 1008 324
tile 10313 1064 324
tile 10314 1120 324
tile 10315 1176 324
tile 10316 1232 324
tile 10317 1288 324
tile 10318 0 351
tile 10319 56 351
tile 10320 112 351
tile 10321 168 351
tile 10322 224 351
tile 10323 280 351
tile 10324 336 351
tile 10325 392 351
tile 10326 448 351
tile 10327 504 351
tile 10328 560 351
tile 10329 616 351
tile 10330 672 351
tile 10331 728 351
tile 10332 784 351
tile 10333 840 351
tile 10334 896 351
tile 10335 952 351
tile 10336 1008 351
tile 10337 1064 351
tile 10338 1120 351
tile 10339 1176 351
tile 10340 1232 351
tile 10341 1288 351
tile 10342 0 378
tile 10343 56 378
tile 10344 112 378
tile 10345 168 378
tile 10346 224 378
tile 10347 280 378
tile 10348 336 378
tile 10349 392 378
tile 10350 448 378
tile 10351 504 378
tile 10352 560 378
tile 10353 616 378
tile 10354 672 378
tile 10355 728 378
tile 10356 784 378
tile 10357 840 378
tile 10415 896 378
tile 10416 952 378
tile 10417 1008 378
tile 10418 1064 378
tile 10419 1120 378
tile 10420 1176 378
tile 10421 1232 378
tile 10422 1288 378
tile 10423 0 405
tile 10424 56 405
tile 10425 112 405
tile 10426 168 405
tile 10427 224 405
tile 10428 280 405
tile 10429 336 405
tile 10430 392 405
tile 10431 448 405
tile 10432 504 405
tile 10433 560 405
tile 10434 616 405
tile 10435 672 405
tile 10436 728 405
tile 10437 784 405
tile 10438 840 405
tile 10439 896 405
tile 10440 952 405
tile 10441 1008 405
tile 10442 1064 405
tile 10443 1120 405
tile 10444 1176 405
tile 10445 1232 405
tile 10446 1288 405
tile 10447 0 432
tile 10448 56 432
tile 10449 112 432
tile 10450 168 432
tile 10451 224 432
tile 10452 280 432
tile 10453 336 432
tile 10454 392 432
tile 10455 448 432
tile 10456 504 432
tile 10457 560 432
tile 10458 616 432
tile 10459 672 432
tile 10460 728 432
tile 10461 784 432
tile 10462 840 432
tile 10463 896 432
tile 10464 952 432
tile 10465 1008 432
tile 10466 1064 432
tile 10467 1120 432
tile 10468 1176 432
tile 10469 1232 432
tile 10470 1288 432
tile 10471 0 459
tile 10472 56 459
tile 10473 112 459
tile 10474 168 459
tile 10475 224 459
tile 10476 280 459
tile 10477 336 459
tile 10478 392 459
tile 10674 448 459
tile 10675 504 459
tile 10676 560 459
tile 10677 616 459
tile 10678 672 459
tile 10679 728 459
tile 10680 784 459
tile 10681 840 459
tile 10682 896 459
tile 10683 952 459
tile 10684 1008 459
tile 10685 1064 459
tile 10686 1120 459
tile 10687 1176 459
tile 10688 1232 459
tile 10689 1288 459
tile 10690 0 486
tile 10691 56 486
tile 10692 112 486
tile 10693 168 486
tile 10777 224 486
tile 10778 280 486
tile 10779 336 486
tile 10780 392 486
tile 10781 448 486
tile 10782 504 486
tile 10783 560 486
tile 10784 616 486
tile 10785 672 486
tile 10786 728 486
tile 10787 784 486
tile 10788 840 486
tile 10789 896 486
tile 10790 952 486
tile 10791 1008 486
tile 10792 1064 486
tile 10793 1120 486
tile 10794 1176 486
tile 10813 1232 486
tile 10814 1288 486
tile 10815 0 513
tile 10816 56 513
tile 10817 112 513
tile 10818 168 513
tile 10819 224 513
tile 10820 280 513
tile 10821 336 513
tile 10822 392 513
tile 10823 448 513
tile 10824 504 513
tile 10825 560 513
tile 10826 616 513
tile 10827 672 513
tile 10828 728 513
tile 10829 784 513
tile 10830 840 513
tile 10831 896 513
tile 10832 952 513
tile 10833 1008 513
tile 10834 1064 513
tile 10835 1120 513
tile 10836 1176 513
tile 10837 1232 513
tile 10838 1288 513
tile 10839 0 540
tile 10840 56 540
tile 10841 112 540
tile 10842 168 540
tile 10844 224 540
tile 10845 280 540
tile 10846 336 540
tile 10847 392 540
tile 10848 448 540
tile 10849 504 540
tile 10850 560 540
tile 10851 616 540
tile 10853 672 540
tile 10854 728 540
tile 10855 784 540
tile 10856 840 540
tile 10857 896 540
tile 10858 952 540
tile 10990 1008 540
tile 11000 1064 540
tile 11001 1120 540
tile 11002 1176 540
tile 11003 1232 540
tile 11004 1288 540
tile 11005 0 567
tile 11006 56 567
tile 11007 112 567
tile 11008 168 567
tile 11009 224 567
tile 11010 280 567
tile 11011 336 567
tile 11012 392 567
tile 11013 448 567
tile 11014 504 567
tile 11017 560 567
tile 11018 616 567
tile 11020 672 567
tile 11021 728 567
tile 11022 784 567
tile 11023 840 567
tile 11024 896 567
tile 11025 952 567
tile 11026 1008 567
tile 11027 1064 567
tile 11028 1120 567
tile 11029 1176 567
tile 11030 1232 567
tile 11031 1288 567
tile 11033 0 594
tile 11034 56 594
tile 11035 112 594
tile 11036 168 594
tile 11037 224 594
tile 11038 280 594
tile 11039 336 594
tile 11040 392 594
tile 11041 448 594
tile 11042 504 594
tile 11043 560 594
tile 11044 616 594
tile 11045 672 594
tile 11046 728 594
tile 11047 784 594
picture 10431 252 111 54 0
picture 10432 252 165 54 0
picture 10435 252 219 54 0
picture 10436 252 273 54 0
picture 10437 252 327 54 0
picture 10438 252 381 54 0
picture 10489 112 204 200 0
picture 10490 84 224 214 0
picture 10491 28 272 271 0
picture 10492 0 333 303 0
picture 10493 0 0 333 0
picture 10494 56 270 261 0
picture 10495 112 404 200 0
picture 10496 84 0 224 0
picture 10497 28 543 271 0
picture 10498 0 636 285 0
picture 10499 28 0 272 0
picture 10500 56 0 270 0
picture 10501 56 531 256 0
picture 10503 196 0 140 0
picture 10504 168 505 156 0
picture 10505 140 0 190 0
picture 10506 140 190 187 0
picture 10507 112 604 200 0
picture 10508 84 652 204 0
picture 10509 196 140 138 0
picture 10510 224 637 94 0
picture 10511 252 527 36 0
picture 10512 224 943 56 0
picture 10513 252 0 56 0
picture 10514 112 0 204 0
picture 10515 56 787 229 0
picture 10516 84 438 214 0
picture 10517 140 747 177 0
picture 10518 168 0 175 0
picture 10519 168 342 163 0
picture 10520 196 408 127 0
picture 10521 224 731 81 0
picture 10522 224 433 102 0
picture 10523 168 661 153 0
picture 10524 140 377 185 0
picture 10525 112 804 200 0
picture 10526 140 562 185 0
picture 10527 168 175 167 0
picture 10528 168 814 146 0
picture 10529 224 226 104 0
picture 10540 224 330 103 0
picture 10541 196 906 118 0
picture 10542 196 535 126 0
picture 10543 196 787 119 0
picture 10544 224 0 113 0
picture 10549 252 56 55 0
picture 10550 224 535 102 0
picture 10551 224 812 68 0
picture 10552 224 880 63 0
picture 10556 196 661 126 0
picture 10557 196 278 130 0
picture 10558 224 113 113 0
picture 10613 252 435 46 0
picture 10614 252 481 46 0
object 0 9 left 10431
object 0 9 right 10432
object 0 13 right 10520
object 0 14 right 10519
object 0 15 right 10518
object 0 16 right 10517
object 0 17 right 10516
object 0 18 right 10515
object 0 19 right 10514
object 0 20 right 10513
object 0 21 left 10511
object 0 21 right 10512
object 8 27 right 10495
object 8 28 right 10494
object 28 28 right 10501
object 49 28 left 10435
object 49 28 right 10436
object 5 29 left 10489
object 6 29 left 10490
object 7 29 left 10491
object 8 29 left 10492
object 8 29 right 10493
object 22 29 right 10520
object 28 29 right 10500
object 31 29 left 10551
object 31 29 right 10552
object 22 30 right 10519
object 26 30 left 10496
object 27 30 left 10497
object 28 30 left 10498
object 28 30 right 10499
object 30 30 right 10550
object 34 30 right 10544
object 22 31 right 10518
object 30 31 right 10549
object 32 31 left 10540
object 33 31 left 10541
object 34 31 left 10542
object 34 31 right 10543
object 2 32 right 10544
object 22 32 right 10517
object 0 33 left 10540
object 1 33 left 10541
object 2 33 left 10542
object 2 33 right 10543
object 8 33 right 10495
object 22 33 right 10516
object 48 33 right 10544
object 8 34 right 10494
object 22 34 right 10515
object 29 34 left 10551
object 29 34 right 10552
object 46 34 left 10540
object 47 34 left 10541
object 48 34 left 10542
object 48 34 right 10543
object 5 35 left 10489
object 6 35 left 10490
object 7 35 left 10491
object 8 35 left 10492
object 8 35 right 10493
object 22 35 right 10514
object 28 35 right 10550
object 35 35 right 10495
object 22 36 right 10513
object 28 36 right 10549
object 35 36 right 10494
object 43 36 right 10558
object 14 37 right 10495
object 22 37 left 10511
object 22 37 right 10512
object 32 37 left 10489
object 33 37 left 10490
object 34 37 left 10491
object 35 37 left 10492
object 35 37 right 10493
object 43 37 left 10503
object 43 37 right 10557
object 44 37 left 10504
object 45 37 left 10505
object 46 37 left 10506
object 47 37 left 10507
object 48 37 left 10508
object 49 37 left 10509
object 49 37 right 10510
object 14 38 right 10494
object 45 38 right 10544
object 11 39 left 10489
object 12 39 left 10490
object 13 39 left 10491
object 14 39 left 10492
object 14 39 right 10493
object 19 39 right 10520
object 37 39 right 10495
object 43 39 left 10540
object 44 39 left 10541
object 45 39 left 10542
object 45 39 right 10543
object 4 40 right 10501
object 12 40 left 10503
object 13 40 left 10504
object 14 40 left 10505
object 15 40 left 10506
object 16 40 left 10507
object 17 40 left 10508
object 18 40 left 10509
object 18 40 right 10510
object 19 40 right 10519
object 37 40 right 10494
object 41 40 left 10551
object 41 40 right 10552
object 4 41 right 10500
object 8 41 right 10529
object 14 41 left 10551
object 14 41 right 10552
object 19 41 right 10518
object 26 41 right 10529
object 34 41 left 10489
object 35 41 left 10490
object 36 41 left 10491
object 37 41 left 10492
object 37 41 right 10493
object 40 41 right 10550
object 2 42 left 10496
object 3 42 left 10497
object 4 42 left 10498
object 4 42 right 10499
object 8 42 right 10528
object 13 42 right 10550
object 19 42 right 10517
object 26 42 right 10528
object 30 42 left 10551
object 30 42 right 10552
object 40 42 right 10549
object 8 43 right 10527
object 13 43 right 10549
object 19 43 right 10516
object 26 43 right 10527
object 29 43 right 10550
object 39 43 left 10551
object 39 43 right 10552
object 43 43 right 10544
object 46 43 right 10558
object 5 44 left 10522
object 6 44 left 10523
object 7 44 left 10524
object 8 44 left 10525
object 8 44 right 10526
object 11 44 right 10529
object 19 44 right 10515
object 23 44 left 10522
object 24 44 left 10523
object 25 44 left 10524
object 26 44 left 10525
object 26 44 right 10526
object 29 44 right 10549
object 38 44 right 10550
object 41 44 left 10540
object 42 44 left 10541
object 43 44 left 10542
object 43 44 right 10543
object 46 44 left 10556
object 46 44 right 10557
object 3 45 right 10529
object 11 45 right 10528
object 19 45 right 10514
object 28 45 right 10529
object 38 45 right 10549
object 3 46 right 10528
object 11 46 right 10527
object 13 46 left 10613
object 13 46 right 10614
object 19 46 right 10513
object 28 46 right 10528
object 39 46 left 10503
object 40 46 left 10504
object 41 46 left 10505
object 42 46 left 10506
object 43 46 left 10507
object 44 46 left 10508
object 45 46 left 10509
object 45 46 right 10510
object 3 47 right 10527
object 7 47 left 10521
object 8 47 left 10522
object 9 47 left 10523
object 10 47 left 10524
object 11 47 left 10525
object 11 47 right 10526
object 19 47 left 10511
object 19 47 right 10512
object 28 47 right 10527
object 34 47 right 10501
object 0 48 left 10522
object 1 48 left 10523
object 2 48 left 10524
object 3 48 left 10525
object 3 48 right 10526
object 6 48 right 10544
object 13 48 left 10613
object 13 48 right 10614
object 15 48 left 10613
object 15 48 right 10614
object 22 48 right 10544
object 25 48 left 10522
object 26 48 left 10523
object 27 48 left 10524
object 28 48 left 10525
object 28 48 right 10526
object 34 48 right 10500
object 4 49 left 10540
object 5 49 left 10541
object 6 49 left 10542
object 6 49 right 10543
object 20 49 left 10540
object 21 49 left 10541
object 22 49 left 10542
object 22 49 right 10543
object 32 49 left 10496
object 33 49 left 10497
object 34 49 left 10498
object 34 49 right 10499
object 35 49 left 10437
object 35 49 right 10438
