# lod20659 — tools/dat-extract layout 이 만든다. 손으로 고치지 말 것.
size 20 20
blocked
####################
##...#######........
###.................
###......#..........
###.................
#...................
##....#.............
##..................
##..................
###.................
#.#.................
#...................
#...................
#...................
##..................
###.................
###.....#.##........
#......##...........
#.......##..........
#...................
floor
4970 4979 4979 4979 4970 4974 4978 4982 4986 4990 4994 4966 4970 4974 4978 4982 4986 4990 4994 5042
4965 5002 5006 4977 4981 5005 4989 4988 4968 4969 4973 4977 4981 4985 4989 4985 5076 5078 4977 5041
4980 5001 5038 4976 4980 4984 4988 4992 4964 4968 4972 4976 4980 4984 4988 4992 5075 5077 4976 5040
5038 4967 4971 4975 4971 4975 4987 4991 4968 4967 4971 4975 4979 5011 5015 5019 4967 4971 4975 5024
5026 4986 4990 4994 4990 4984 5022 5026 4979 5046 4985 4987 4991 4986 5001 5038 4998 5002 5019 5023
5025 4985 4997 5001 4989 5025 4985 4965 4969 5045 4984 5022 5026 5029 5033 5037 5041 5001 5005 4979
4980 4984 5015 5019 4988 4989 4992 4964 4968 5041 4975 4987 4991 5028 5022 5026 4979 5000 4989 5019
4979 4983 4995 4999 4987 4988 4991 4963 5002 5006 4970 4970 5055 5027 4993 4965 4969 4999 4988 5007
4998 4988 4989 5010 5002 5002 5006 5010 5015 5002 5006 5047 4994 4966 4970 4974 4978 4986 5001 5005
4997 4987 4988 5001 5005 4989 5005 5009 5034 5038 5042 5002 4988 4992 5037 5041 4981 4985 5002 5006
4996 5000 5004 5000 5004 4988 4979 5046 5032 5054 5058 5030 5034 5038 4990 5040 4980 4984 5015 5002
4995 4999 5003 4999 5005 4979 4969 4968 5041 4975 4987 5032 5033 5037 5035 5039 4979 4983 4987 4991
5014 5018 5004 4994 4990 5019 5005 4989 5005 4970 4970 4990 4984 5022 5026 4979 4982 4986 4990 4994
5013 5017 5020 5001 4989 5001 5004 4988 4979 5051 5055 4989 4993 4993 4965 4969 5025 4985 4989 4993
5012 5016 5020 5024 5015 5019 4979 4986 5004 4984 4988 4988 4992 4992 4964 4968 4980 4984 4988 4992
5011 5015 5019 5023 4979 5002 5005 4989 5005 5050 5054 5058 5030 5034 5038 4990 5022 5026 4987 5022
5030 0 5038 5042 4998 5002 5020 4969 5045 5049 5053 5057 5029 5033 5037 5035 4998 5002 5006 5010
5029 5033 5037 5041 4997 5001 4999 4987 4988 5048 5052 5056 5028 5032 5036 4974 4997 5001 5005 5009
5028 5032 5036 5040 4996 5000 5010 5002 5002 5047 5051 5055 5027 5031 5035 4973 4996 5000 5004 5008
5027 5031 5035 5039 4995 4999 5003 5022 5026 5004 4984 4988 4992 4964 4968 4972 4995 5007 5041 5041
tile 4963 0 0
tile 4964 56 0
tile 4965 112 0
tile 4966 168 0
tile 4967 224 0
tile 4968 280 0
tile 4969 336 0
tile 4970 392 0
tile 4971 448 0
tile 4972 504 0
tile 4973 0 27
tile 4974 56 27
tile 4975 112 27
tile 4976 168 27
tile 4977 224 27
tile 4978 280 27
tile 4979 336 27
tile 4980 392 27
tile 4981 448 27
tile 4982 504 27
tile 4983 0 54
tile 4984 56 54
tile 4985 112 54
tile 4986 168 54
tile 4987 224 54
tile 4988 280 54
tile 4989 336 54
tile 4990 392 54
tile 4991 448 54
tile 4992 504 54
tile 4993 0 81
tile 4994 56 81
tile 4995 112 81
tile 4996 168 81
tile 4997 224 81
tile 4998 280 81
tile 4999 336 81
tile 5000 392 81
tile 5001 448 81
tile 5002 504 81
tile 5003 0 108
tile 5004 56 108
tile 5005 112 108
tile 5006 168 108
tile 5007 224 108
tile 5008 280 108
tile 5009 336 108
tile 5010 392 108
tile 5011 448 108
tile 5012 504 108
tile 5013 0 135
tile 5014 56 135
tile 5015 112 135
tile 5016 168 135
tile 5017 224 135
tile 5018 280 135
tile 5019 336 135
tile 5020 392 135
tile 5022 448 135
tile 5023 504 135
tile 5024 0 162
tile 5025 56 162
tile 5026 112 162
tile 5027 168 162
tile 5028 224 162
tile 5029 280 162
tile 5030 336 162
tile 5031 392 162
tile 5032 448 162
tile 5033 504 162
tile 5034 0 189
tile 5035 56 189
tile 5036 112 189
tile 5037 168 189
tile 5038 224 189
tile 5039 280 189
tile 5040 336 189
tile 5041 392 189
tile 5042 448 189
tile 5045 504 189
tile 5046 0 216
tile 5047 56 216
tile 5048 112 216
tile 5049 168 216
tile 5050 224 216
tile 5051 280 216
tile 5052 336 216
tile 5053 392 216
tile 5054 448 216
tile 5055 504 216
tile 5056 0 243
tile 5057 56 243
tile 5058 112 243
tile 5075 168 243
tile 5076 224 243
tile 5077 280 243
tile 5078 336 243
picture 6107 224 687 46 0
picture 6108 224 779 44 0
picture 6109 224 910 41 0
picture 6110 224 733 46 0
picture 6112 252 282 31 0
picture 6113 252 344 30 0
picture 6114 252 250 32 0
picture 6115 252 313 31 0
picture 6116 224 867 43 0
picture 6125 252 217 33 0
picture 6126 252 434 29 0
picture 6127 252 374 30 0
picture 6128 252 404 30 0
picture 6129 252 147 35 0
picture 6130 252 182 35 0
picture 6133 252 75 36 0
picture 6134 252 111 36 0
picture 6137 252 38 37 0
picture 6138 252 0 38 0
picture 6177 224 823 44 0
picture 6178 224 634 53 0
picture 6179 224 951 39 0
picture 6187 168 488 111 0
picture 6188 0 0 168 0
picture 6189 196 106 100 0
picture 6190 196 206 100 0
picture 6191 196 815 78 0
picture 6192 168 813 106 0
picture 6193 168 599 107 0
picture 6194 196 731 84 0
picture 6195 196 0 106 0
picture 6196 168 706 107 0
picture 6213 112 137 123 0
picture 6214 0 168 137 0
picture 6215 0 305 137 0
picture 6216 112 260 123 0
picture 6217 112 383 123 0
picture 6218 0 442 137 0
picture 6219 0 579 137 0
picture 6220 0 716 137 0
picture 6221 140 492 122 0
picture 6232 140 614 122 0
picture 6233 0 853 137 0
picture 6234 28 0 137 0
picture 6235 28 137 137 0
picture 6236 112 506 123 0
picture 6242 112 629 123 0
picture 6243 28 274 137 0
picture 6244 28 411 137 0
picture 6245 28 548 137 0
picture 6246 140 736 122 0
picture 6247 140 858 122 0
picture 6248 28 685 137 0
picture 6249 28 822 137 0
picture 6250 56 0 137 0
picture 6251 112 752 123 0
picture 6257 112 875 123 0
picture 6258 56 137 137 0
picture 6259 56 274 137 0
picture 6260 56 411 137 0
picture 6261 168 0 122 0
picture 6262 140 0 123 0
picture 6264 56 548 137 0
picture 6265 56 685 137 0
picture 6272 168 122 122 0
picture 6273 56 822 137 0
picture 6274 84 0 137 0
picture 6275 84 137 137 0
picture 6276 140 123 123 0
picture 6280 84 274 137 0
picture 6281 168 244 122 0
picture 6282 140 246 123 0
picture 6283 84 411 137 0
picture 6284 84 548 137 0
picture 6292 168 366 122 0
picture 6293 84 685 137 0
picture 6294 84 822 137 0
picture 6295 112 0 137 0
picture 6296 140 369 123 0
picture 6425 224 284 70 0
picture 6426 196 306 85 0
picture 6427 196 893 71 0
picture 6431 224 354 70 0
picture 6432 196 391 85 0
picture 6433 224 0 71 0
picture 6434 224 71 71 0
picture 6435 196 476 85 0
picture 6436 224 424 70 0
picture 6437 224 142 71 0
picture 6438 196 561 85 0
picture 6439 224 494 70 0
picture 6440 224 213 71 0
picture 6441 196 646 85 0
picture 6442 224 564 70 0
object 0 0 left 6292
object 1 0 left 6215
object 1 0 right 6216
object 2 0 left 6274
object 3 0 left 6275
object 3 0 right 6276
object 4 0 left 6272
object 5 0 left 6273
object 6 0 left 6274
object 7 0 left 6275
object 7 0 right 6276
object 8 0 left 6247
object 9 0 left 6248
object 10 0 left 6249
object 11 0 left 6250
object 11 0 right 6251
object 12 0 left 6232
object 13 0 left 6233
object 14 0 left 6234
object 15 0 left 6235
object 15 0 right 6236
object 16 0 left 6292
object 17 0 left 6293
object 18 0 left 6294
object 19 0 left 6295
object 19 0 right 6296
object 0 1 left 6213
object 0 1 right 6214
object 5 1 left 6434
object 6 1 left 6435
object 6 1 right 6436
object 7 1 left 6440
object 8 1 left 6441
object 8 1 right 6442
object 9 1 left 6437
object 10 1 left 6438
object 10 1 right 6439
object 11 1 right 6114
object 13 1 right 6189
object 15 1 right 6189
object 0 2 right 6265
object 1 2 left 6194
object 2 2 left 6195
object 2 2 right 6196
object 0 3 left 6282
object 0 3 right 6264
object 2 3 left 6114
object 9 3 left 6109
object 9 3 right 6110
object 0 4 left 6262
object 0 4 right 6281
object 1 4 left 6191
object 2 4 left 6192
object 2 4 right 6193
object 0 5 right 6280
object 0 6 right 6284
object 1 6 right 6433
object 6 6 left 6113
object 0 7 left 6282
object 0 7 right 6283
object 1 7 left 6431
object 1 7 right 6432
object 0 8 right 6261
object 1 8 right 6427
object 0 9 right 6260
object 1 9 left 6425
object 1 9 right 6426
object 2 9 left 6115
object 2 9 right 6116
object 0 10 right 6259
object 2 10 left 6109
object 2 10 right 6110
object 0 11 left 6257
object 0 11 right 6258
object 1 11 left 6190
object 0 12 right 6246
object 0 13 right 6245
object 0 14 right 6244
object 1 14 left 6133
object 1 14 right 6134
object 0 15 left 6242
object 0 15 right 6243
object 1 15 left 6125
object 1 15 right 6126
object 2 15 right 6179
object 0 16 right 6221
object 1 16 left 6107
object 1 16 right 6108
object 2 16 left 6177
object 2 16 right 6178
object 8 16 left 6187
object 8 16 right 6188
object 10 16 left 6115
object 10 16 right 6116
object 11 16 left 6112
object 0 17 right 6220
object 1 17 left 6190
object 7 17 left 6129
object 7 17 right 6130
object 8 17 left 6127
object 8 17 right 6128
object 0 18 right 6219
object 8 18 left 6137
object 8 18 right 6138
object 9 18 left 6125
object 9 18 right 6126
object 0 19 left 6217
object 0 19 right 6218
object 1 19 left 6190
