# lod20667 — tools/dat-extract layout 이 만든다. 손으로 고치지 말 것.
size 20 20
blocked
####################
###..############...
##...#.....##..#....
#...................
#...................
##..................
##..................
###...............#.
##..#............##.
##..................
##..................
##..................
#...................
#...................
#...................
#...................
#...................
#...................
#...................
#...................
floor
4970 4979 4979 4979 4970 4974 4978 4982 4986 4990 4994 4966 4970 4974 4978 5030 5034 4990 4994 5042
4965 4989 4993 4976 4980 5041 4977 4998 5002 5006 4973 4977 4981 4985 4989 5029 5033 5037 5041 4980
4980 4964 5006 5047 4975 4994 4966 4997 5001 5005 4972 4976 4980 4984 4988 5028 5032 5036 5040 5038
5038 4993 5005 4985 4989 4993 4965 4998 5002 5006 4971 5047 4975 4966 4970 4974 5031 5035 5039 4981
5026 5018 5022 4984 4988 4992 4964 4997 5001 5005 4995 4991 4994 4965 4969 4973 4998 5002 5006 4979
5025 5017 5021 5050 5054 5058 5030 5034 5038 5042 4982 4981 4993 4964 4968 4972 4997 5001 5005 4991
4980 5006 5006 5049 5053 5057 5029 5033 5037 5041 4981 4980 4992 4996 5000 5004 4996 5000 5004 5008
4979 4983 5044 5048 5052 5056 5028 5032 5036 5040 4980 4979 5011 5015 5019 5023 4995 4999 5003 5007
4998 5002 5043 5047 5051 5055 5027 5031 5035 5039 4979 5058 5030 5034 5038 5042 4982 4986 5001 5005
4997 5001 5005 5001 5005 5001 5005 5009 5045 4993 5017 5021 5041 4977 4981 5041 4981 4985 5000 5004
4996 5000 5004 5000 5004 5000 5004 5008 5044 5024 5016 5020 5040 4988 5025 5040 4980 4984 5007 4979
4995 4999 5003 4999 5003 4999 5003 5007 5043 4971 4975 4971 4975 4987 4991 5039 4979 4983 4987 4991
5014 5018 5022 5026 4982 4986 5002 5006 5006 4986 4990 4994 4966 4970 4974 4978 4982 4986 4990 4994
5013 5017 5021 5025 4981 4985 5001 5005 5005 4985 4989 4993 4965 4969 4973 4977 4981 4985 4989 4993
5012 5016 5020 5024 4980 4984 5000 5004 5004 4984 4988 4992 4964 4968 4972 4976 4980 4984 4988 4992
5011 4971 5047 4975 4979 4983 4987 4991 5013 5017 5021 5025 4963 4990 4994 4975 4979 4983 4987 4991
5030 5076 5078 5041 4977 4981 4983 5002 5012 5016 5020 5024 5006 4989 4993 4994 4998 5002 5006 5010
5029 5075 5077 5040 4988 5025 5024 5001 5011 5015 5019 5023 5005 4985 4989 4993 4997 5001 5005 5009
5028 4967 4971 4975 4971 4975 4971 5000 5004 5000 5004 5000 5004 4984 4988 4992 4996 5000 5004 5008
5027 4986 4990 4994 4990 4994 5003 4999 5003 4999 5003 5007 4979 4983 4987 4991 4995 4999 5003 5007
tile 4963 0 0
tile 4964 56 0
tile 4965 112 0
tile 4966 168 0
tile 4967 224 0
tile 4968 280 0
tile 4969 336 0
tile 4970 392 0
tile 4971 448 0
tile 4972 504 0
tile 4973 0 27
tile 4974 56 27
tile 4975 112 27
tile 4976 168 27
tile 4977 224 27
tile 4978 280 27
tile 4979 336 27
tile 4980 392 27
tile 4981 448 27
tile 4982 504 27
tile 4983 0 54
tile 4984 56 54
tile 4985 112 54
tile 4986 168 54
tile 4987 224 54
tile 4988 280 54
tile 4989 336 54
tile 4990 392 54
tile 4991 448 54
tile 4992 504 54
tile 4993 0 81
tile 4994 56 81
tile 4995 112 81
tile 4996 168 81
tile 4997 224 81
tile 4998 280 81
tile 4999 336 81
tile 5000 392 81
tile 5001 448 81
tile 5002 504 81
tile 5003 0 108
tile 5004 56 108
tile 5005 112 108
tile 5006 168 108
tile 5007 224 108
tile 5008 280 108
tile 5009 336 108
tile 5010 392 108
tile 5011 448 108
tile 5012 504 108
tile 5013 0 135
tile 5014 56 135
tile 5015 112 135
tile 5016 168 135
tile 5017 224 135
tile 5018 280 135
tile 5019 336 135
tile 5020 392 135
tile 5021 448 135
tile 5022 504 135
tile 5023 0 162
tile 5024 56 162
tile 5025 112 162
tile 5026 168 162
tile 5027 224 162
tile 5028 280 162
tile 5029 336 162
tile 5030 392 162
tile 5031 448 162
tile 5032 504 162
tile 5033 0 189
tile 5034 56 189
tile 5035 112 189
tile 5036 168 189
tile 5037 224 189
tile 5038 280 189
tile 5039 336 189
tile 5040 392 189
tile 5041 448 189
tile 5042 504 189
tile 5043 0 216
tile 5044 56 216
tile 5045 112 216
tile 5047 168 216
tile 5048 224 216
tile 5049 280 216
tile 5050 336 216
tile 5051 392 216
tile 5052 448 216
tile 5053 504 216
tile 5054 0 243
tile 5055 56 243
tile 5056 112 243
tile 5057 168 243
tile 5058 224 243
tile 5075 280 243
tile 5076 336 243
tile 5077 392 243
tile 5078 448 243
picture 6107 224 915 46 0
picture 6108 252 0 44 0
picture 6109 252 174 41 0
picture 6110 224 961 46 0
picture 6115 252 516 31 0
picture 6116 252 88 43 0
picture 6117 224 708 52 0
picture 6118 224 760 52 0
picture 6137 252 409 37 0
picture 6138 252 333 38 0
picture 6147 252 446 35 0
picture 6148 252 481 35 0
picture 6161 252 547 19 0
picture 6162 252 131 43 0
picture 6163 224 864 51 0
picture 6164 252 371 38 0
picture 6177 252 44 44 0
picture 6178 224 655 53 0
picture 6179 252 255 39 0
picture 6180 252 294 39 0
picture 6181 224 812 52 0
picture 6182 252 215 40 0
picture 6187 168 488 111 0
picture 6188 0 0 168 0
picture 6189 196 318 100 0
picture 6190 196 418 100 0
picture 6194 196 858 84 0
picture 6195 196 0 106 0
picture 6196 168 599 107 0
picture 6203 168 706 107 0
picture 6204 196 106 106 0
picture 6205 224 0 84 0
picture 6206 168 813 107 0
picture 6207 196 212 106 0
picture 6208 224 84 78 0
picture 6217 112 137 123 0
picture 6218 0 168 137 0
picture 6219 0 305 137 0
picture 6220 0 442 137 0
picture 6221 140 492 122 0
picture 6232 140 614 122 0
picture 6233 0 579 137 0
picture 6234 0 716 137 0
picture 6235 0 853 137 0
picture 6236 112 260 123 0
picture 6242 112 383 123 0
picture 6243 28 0 137 0
picture 6244 28 137 137 0
picture 6245 28 274 137 0
picture 6246 140 736 122 0
picture 6247 140 858 122 0
picture 6248 28 411 137 0
picture 6249 28 548 137 0
picture 6250 28 685 137 0
picture 6251 112 506 123 0
picture 6257 112 629 123 0
picture 6258 28 822 137 0
picture 6259 56 0 137 0
picture 6260 56 137 137 0
picture 6261 168 0 122 0
picture 6262 112 752 123 0
picture 6264 56 274 137 0
picture 6265 56 411 137 0
picture 6272 168 122 122 0
picture 6273 56 548 137 0
picture 6274 56 685 137 0
picture 6275 56 822 137 0
picture 6276 112 875 123 0
picture 6280 84 0 137 0
picture 6281 168 244 122 0
picture 6282 140 0 123 0
picture 6283 84 137 137 0
picture 6284 84 274 137 0
picture 6292 168 366 122 0
picture 6293 84 411 137 0
picture 6294 84 548 137 0
picture 6295 84 685 137 0
picture 6296 140 123 123 0
picture 6421 140 246 123 0
picture 6422 84 822 137 0
picture 6423 112 0 137 0
picture 6424 140 369 123 0
picture 6428 224 375 70 0
picture 6429 196 518 85 0
picture 6430 224 162 71 0
picture 6435 196 603 85 0
picture 6436 224 445 70 0
picture 6437 224 233 71 0
picture 6438 196 688 85 0
picture 6439 224 515 70 0
picture 6440 224 304 71 0
picture 6441 196 773 85 0
picture 6442 224 585 70 0
object 0 0 left 6292
object 1 0 left 6423
object 1 0 right 6424
object 2 0 left 6274
object 3 0 left 6275
object 3 0 right 6276
object 4 0 left 6272
object 5 0 left 6273
object 6 0 left 6274
object 7 0 left 6275
object 7 0 right 6276
object 8 0 left 6247
object 9 0 left 6248
object 10 0 left 6249
object 11 0 left 6250
object 11 0 right 6251
object 12 0 left 6232
object 13 0 left 6233
object 14 0 left 6234
object 15 0 left 6235
object 15 0 right 6236
object 16 0 left 6292
object 17 0 left 6293
object 18 0 left 6294
object 19 0 left 6295
object 19 0 right 6296
object 0 1 left 6421
object 0 1 right 6422
object 1 1 left 6187
object 1 1 right 6188
object 2 1 left 6147
object 2 1 right 6148
object 5 1 right 6205
object 6 1 left 6437
object 7 1 left 6438
object 7 1 right 6439
object 8 1 left 6435
object 8 1 right 6436
object 9 1 left 6440
object 10 1 left 6441
object 10 1 right 6442
object 11 1 left 6180
object 12 1 left 6181
object 12 1 right 6182
object 13 1 left 6107
object 13 1 right 6108
object 14 1 left 6190
object 14 1 right 6208
object 15 1 right 6208
object 16 1 left 6117
object 16 1 right 6118
object 18 1 right 6189
object 0 2 right 6265
object 1 2 left 6137
object 1 2 right 6138
object 3 2 right 6189
object 5 2 left 6203
object 5 2 right 6204
object 11 2 left 6180
object 12 2 left 6181
object 12 2 right 6182
object 15 2 left 6206
object 15 2 right 6207
object 0 3 left 6282
object 0 3 right 6264
object 1 3 left 6190
object 0 4 left 6262
object 0 4 right 6281
object 0 5 right 6280
object 1 5 left 6115
object 1 5 right 6116
object 0 6 right 6284
object 0 7 left 6282
object 0 7 right 6283
object 1 7 left 6194
object 2 7 left 6195
object 2 7 right 6196
object 18 7 right 6164
object 0 8 right 6261
object 1 8 right 6430
object 4 8 left 6109
object 4 8 right 6110
object 17 8 left 6161
object 18 8 left 6162
object 18 8 right 6163
object 0 9 right 6260
object 1 9 left 6428
object 1 9 right 6429
object 0 10 right 6259
object 1 10 right 6179
object 0 11 left 6257
object 0 11 right 6258
object 1 11 left 6177
object 1 11 right 6178
object 0 12 right 6246
object 0 13 right 6245
object 0 14 right 6244
object 1 14 left 6190
object 0 15 left 6242
object 0 15 right 6243
object 0 16 right 6221
object 0 17 right 6220
object 1 17 left 6190
object 0 18 right 6219
object 0 19 left 6217
object 0 19 right 6218
object 1 19 left 6190
