# lod20671 — tools/dat-extract layout 이 만든다. 손으로 고치지 말 것.
size 20 20
blocked
####################
#.......#####...####
#..........#........
#........#..........
#...................
#...................
#...................
#...................
#..............#....
#...................
#...................
#...................
#...................
##.....#............
##..................
#...................
##..................
##..................
##..................
###.................
floor
5046 5050 5054 5058 4970 4974 4978 4982 5014 5018 5022 5026 4970 4974 4977 5046 5050 5054 5058 5042
5025 5080 5082 5053 5041 4985 4977 5014 5018 5022 5026 5047 4981 5013 4973 4977 4981 4985 4989 4993
4980 5079 5081 5052 5040 4984 4988 4992 4964 4968 4972 4976 4980 4968 4972 4976 4980 4984 4988 4992
5038 5043 5047 5020 5024 4975 4987 5030 4963 4967 4971 4975 4979 4976 4980 5017 5021 5025 4987 4991
5026 4998 5002 5019 5023 4994 4971 4975 4979 4983 4987 4991 5014 4989 4993 4994 4998 5002 5006 5010
5025 4997 5001 5005 4991 4993 4993 4965 4969 4973 4977 4981 5013 4985 4989 4993 4997 5001 5005 5009
4980 4984 4996 5000 4988 4992 4992 4964 4968 4972 4976 4980 5010 5029 5033 5037 4996 5000 5004 5008
5038 5042 4995 4999 4987 4991 4991 4963 4967 4971 4975 4979 5001 5028 5032 5036 5036 4999 5003 5007
4998 5002 5006 5010 4998 5002 5006 5010 5046 5050 5054 5058 5000 4987 5031 5035 4982 4986 5014 5018
4997 5030 5034 4990 4994 5042 5005 5009 5045 4993 4965 4969 4983 5033 5037 5041 4981 4985 4980 5012
4996 5029 5033 5037 5041 5041 5004 5008 5005 4992 4964 4968 4983 4983 4977 4981 4980 4984 4987 4981
5038 5042 5005 5000 5040 4964 5003 5007 5043 4991 4963 4967 5027 5031 5035 5039 4979 4983 4977 4981
5014 4987 4995 4999 5039 4963 5002 5006 5006 4986 4990 4994 4966 4970 4974 4978 4982 4983 5010 5046
5013 4990 4983 4974 5010 5046 5050 5054 5058 5030 5034 5038 4965 4999 4990 4994 4983 4963 5009 5045
5012 4970 4979 4979 5009 5045 5049 5053 5057 5029 5033 5037 4979 5010 5029 5033 5037 5010 4983 5044
5011 4965 4989 4993 5008 5044 5048 5052 5056 5028 5032 5036 4991 5001 5010 4982 5036 5010 4983 4991
5030 4964 4964 5024 5007 5043 5047 5051 5055 5027 5031 5035 5006 5000 4987 4993 5035 5008 5000 5004
5029 4963 4967 4971 4975 4987 4991 4995 5005 5001 5005 5001 5005 4999 5003 4999 5003 5007 4999 5003
5028 4982 4986 4990 4994 5038 5042 4982 5004 5000 5004 5000 5004 5008 4990 4994 4996 5000 5004 5008
5027 4981 4985 4997 5001 4984 4984 4999 5046 4999 5003 4999 5003 5007 4984 4984 4995 5007 4979 5007
tile 4963 0 0
tile 4964 56 0
tile 4965 112 0
tile 4966 168 0
tile 4967 224 0
tile 4968 280 0
tile 4969 336 0
tile 4970 392 0
tile 4971 448 0
tile 4972 504 0
tile 4973 0 27
tile 4974 56 27
tile 4975 112 27
tile 4976 168 27
tile 4977 224 27
tile 4978 280 27
tile 4979 336 27
tile 4980 392 27
tile 4981 448 27
tile 4982 504 27
tile 4983 0 54
tile 4984 56 54
tile 4985 112 54
tile 4986 168 54
tile 4987 224 54
tile 4988 280 54
tile 4989 336 54
tile 4990 392 54
tile 4991 448 54
tile 4992 504 54
tile 4993 0 81
tile 4994 56 81
tile 4995 112 81
tile 4996 168 81
tile 4997 224 81
tile 4998 280 81
tile 4999 336 81
tile 5000 392 81
tile 5001 448 81
tile 5002 504 81
tile 5003 0 108
tile 5004 56 108
tile 5005 112 108
tile 5006 168 108
tile 5007 224 108
tile 5008 280 108
tile 5009 336 108
tile 5010 392 108
tile 5011 448 108
tile 5012 504 108
tile 5013 0 135
tile 5014 56 135
tile 5017 112 135
tile 5018 168 135
tile 5019 224 135
tile 5020 280 135
tile 5021 336 135
tile 5022 392 135
tile 5023 448 135
tile 5024 504 135
tile 5025 0 162
tile 5026 56 162
tile 5027 112 162
tile 5028 168 162
tile 5029 224 162
tile 5030 280 162
tile 5031 336 162
tile 5032 392 162
tile 5033 448 162
tile 5034 504 162
tile 5035 0 189
tile 5036 56 189
tile 5037 112 189
tile 5038 168 189
tile 5039 224 189
tile 5040 280 189
tile 5041 336 189
tile 5042 392 189
tile 5043 448 189
tile 5044 504 189
tile 5045 0 216
tile 5046 56 216
tile 5047 112 216
tile 5048 168 216
tile 5049 224 216
tile 5050 280 216
tile 5051 336 216
tile 5052 392 216
tile 5053 448 216
tile 5054 504 216
tile 5055 0 243
tile 5056 56 243
tile 5057 112 243
tile 5058 168 243
tile 5079 224 243
tile 5080 280 243
tile 5081 336 243
tile 5082 392 243
picture 6105 196 154 47 0
picture 6106 196 104 50 0
picture 6107 196 201 46 0
picture 6108 196 293 44 0
picture 6109 196 424 41 0
picture 6110 196 247 46 0
picture 6112 196 504 31 0
picture 6115 196 535 31 0
picture 6116 196 381 43 0
picture 6117 196 0 52 0
picture 6118 196 52 52 0
picture 6145 196 566 30 0
picture 6146 196 596 30 0
picture 6177 196 337 44 0
picture 6178 168 962 53 0
picture 6179 196 465 39 0
picture 6187 140 610 111 0
picture 6188 0 0 168 0
picture 6189 168 0 100 0
picture 6190 168 100 100 0
picture 6203 140 721 107 0
picture 6204 140 828 106 0
picture 6205 168 455 84 0
picture 6213 84 411 123 0
picture 6214 0 168 137 0
picture 6215 0 305 137 0
picture 6216 84 534 123 0
picture 6217 84 657 123 0
picture 6218 0 442 137 0
picture 6219 0 579 137 0
picture 6220 0 716 137 0
picture 6221 112 615 122 0
picture 6232 112 737 122 0
picture 6233 0 853 137 0
picture 6234 28 0 137 0
picture 6235 28 137 137 0
picture 6236 84 780 123 0
picture 6257 112 0 123 0
picture 6258 28 274 137 0
picture 6259 28 411 137 0
picture 6260 28 548 137 0
picture 6261 112 859 122 0
picture 6262 112 123 123 0
picture 6264 28 685 137 0
picture 6265 28 822 137 0
picture 6272 140 0 122 0
picture 6273 56 0 137 0
picture 6274 56 137 137 0
picture 6275 56 274 137 0
picture 6276 112 246 123 0
picture 6280 56 411 137 0
picture 6281 140 122 122 0
picture 6282 112 369 123 0
picture 6283 56 548 137 0
picture 6284 56 685 137 0
picture 6285 56 822 137 0
picture 6286 140 244 122 0
picture 6287 140 366 122 0
picture 6288 84 0 137 0
picture 6289 84 137 137 0
picture 6290 84 274 137 0
picture 6291 112 492 123 0
picture 6292 140 488 122 0
picture 6425 168 752 70 0
picture 6426 168 200 85 0
picture 6427 168 539 71 0
picture 6437 168 610 71 0
picture 6438 168 285 85 0
picture 6439 168 822 70 0
picture 6440 168 681 71 0
picture 6441 168 370 85 0
picture 6442 168 892 70 0
object 0 0 left 6292
object 1 0 left 6215
object 1 0 right 6216
object 2 0 left 6274
object 3 0 left 6275
object 3 0 right 6276
object 4 0 left 6272
object 5 0 left 6273
object 6 0 left 6274
object 7 0 left 6275
object 7 0 right 6276
object 8 0 left 6287
object 9 0 left 6288
object 10 0 left 6289
object 11 0 left 6290
object 11 0 right 6291
object 12 0 left 6232
object 13 0 left 6233
object 14 0 left 6234
object 14 0 right 6189
object 15 0 left 6235
object 15 0 right 6236
object 16 0 left 6287
object 17 0 left 6288
object 18 0 left 6289
object 19 0 left 6290
object 19 0 right 6291
object 0 1 left 6213
object 0 1 right 6214
object 5 1 right 6189
object 7 1 right 6189
object 8 1 left 6440
object 9 1 left 6441
object 9 1 right 6442
object 11 1 right 6205
object 12 1 left 6187
object 12 1 right 6188
object 13 1 right 6189
object 15 1 right 6189
object 16 1 left 6105
object 16 1 right 6106
object 17 1 left 6117
object 17 1 right 6118
object 18 1 left 6437
object 19 1 left 6438
object 19 1 right 6439
object 0 2 right 6265
object 11 2 left 6203
object 11 2 right 6204
object 0 3 left 6282
object 0 3 right 6264
object 9 3 left 6109
object 9 3 right 6110
object 0 4 left 6262
object 0 4 right 6281
object 0 5 right 6280
object 0 6 right 6284
object 0 7 left 6282
object 0 7 right 6283
object 0 8 right 6261
object 15 8 left 6112
object 0 9 right 6260
object 1 9 left 6190
object 0 10 right 6259
object 0 11 left 6257
object 0 11 right 6258
object 1 11 left 6190
object 0 12 right 6286
object 0 13 right 6285
object 1 13 right 6427
object 7 13 left 6115
object 7 13 right 6116
object 0 14 right 6284
object 1 14 left 6425
object 1 14 right 6426
object 0 15 left 6282
object 0 15 right 6283
object 0 16 right 6221
object 1 16 left 6145
object 1 16 right 6146
object 0 17 right 6220
object 1 17 left 6107
object 1 17 right 6108
object 0 18 right 6219
object 1 18 right 6179
object 0 19 left 6217
object 0 19 right 6218
object 1 19 left 6177
object 1 19 right 6178
object 2 19 left 6145
object 2 19 right 6146
