# lod20662 — tools/dat-extract layout 이 만든다. 손으로 고치지 말 것.
size 20 20
blocked
####################
###..##..###........
###..###............
#.....#.........##..
#...............##..
#...................
###.................
##..................
#...................
#...................
#..........#........
#..........#........
#...................
#...................
#..#................
#...................
#...................
#...................
#...................
#...................
floor
5046 5050 4979 4979 4970 4974 4978 4982 4986 4990 4994 4966 4970 4974 4978 4982 4986 4990 4994 5042
4965 5002 5006 4977 4981 4985 4977 4981 4965 4969 4973 4977 4981 4985 4989 4985 5080 5082 5053 5041
4964 5001 5038 4976 4980 4984 4988 4992 4964 4968 4972 4976 4980 4984 4988 4992 5079 5081 5052 5040
4963 4967 4971 4975 4971 4975 4987 4991 4963 4967 4971 4975 4979 5011 5015 5019 5043 5047 5020 5024
4982 4986 4990 4994 4990 4984 5022 5026 4979 5046 5050 5054 5058 4986 5001 5038 4998 5002 5019 5023
4981 4985 4997 5001 4989 4993 4993 4965 4969 5045 4984 4988 4992 5029 5033 5037 5041 5001 5005 4979
4980 4984 5015 5019 4988 4992 4992 4964 4968 5041 4975 4987 4991 5028 5032 5036 5040 5000 5004 5019
4979 4983 4995 4999 4987 4991 4991 4963 5002 5006 4970 4970 5055 5027 5031 5035 5039 4999 5037 5007
4998 5002 5006 5010 4998 5002 5006 5010 5015 5002 5006 5047 4994 4966 4970 4974 4978 4986 5001 5005
4997 5001 5005 5001 5005 5001 5005 5009 5034 5038 5042 5002 4988 4992 5037 5041 4981 4985 5000 5004
4996 5000 5004 5000 5004 5000 4979 5046 5050 5054 5058 5030 5034 5038 4990 5040 4980 4984 5007 4979
4995 4999 5003 4999 5003 4999 4969 5045 5049 5053 5057 5029 5033 5037 5035 5039 4979 4983 4987 4991
5014 5018 5022 5026 4983 4986 4968 5044 5048 5052 5056 5028 5032 5036 4974 4978 4982 4986 4990 4994
5013 5017 5021 5025 4981 4985 4967 5043 5047 5051 5055 5027 5031 5035 4973 4977 5025 4985 4989 4993
5012 5016 5020 5024 4980 4984 5022 5026 5004 4984 4988 4992 4964 4968 4972 4976 4980 4984 4988 4992
5011 5015 5019 5023 4979 5002 4984 5025 4979 4983 4987 4991 4963 4967 4971 4984 5022 5026 4987 4991
5030 5034 5038 5042 4998 5002 5020 5024 5006 5002 5006 5002 5006 4986 4990 4994 4998 5002 5006 5010
5029 5033 5037 5041 4997 5001 5019 5023 5005 5001 5005 5001 5005 5002 5006 4993 4997 5001 5005 5009
5028 5032 5036 5040 4996 5000 5004 5000 5004 5003 5007 5007 5004 4984 4988 4992 4996 5000 5004 5008
5027 5031 5035 5039 4995 4999 5003 4999 5003 5002 5047 5051 4979 4983 4987 4991 4995 5007 4979 4979
tile 4963 0 0
tile 4964 56 0
tile 4965 112 0
tile 4966 168 0
tile 4967 224 0
tile 4968 280 0
tile 4969 336 0
tile 4970 392 0
tile 4971 448 0
tile 4972 504 0
tile 4973 0 27
tile 4974 56 27
tile 4975 112 27
tile 4976 168 27
tile 4977 224 27
tile 4978 280 27
tile 4979 336 27
tile 4980 392 27
tile 4981 448 27
tile 4982 504 27
tile 4983 0 54
tile 4984 56 54
tile 4985 112 54
tile 4986 168 54
tile 4987 224 54
tile 4988 280 54
tile 4989 336 54
tile 4990 392 54
tile 4991 448 54
tile 4992 504 54
tile 4993 0 81
tile 4994 56 81
tile 4995 112 81
tile 4996 168 81
tile 4997 224 81
tile 4998 280 81
tile 4999 336 81
tile 5000 392 81
tile 5001 448 81
tile 5002 504 81
tile 5003 0 108
tile 5004 56 108
tile 5005 112 108
tile 5006 168 108
tile 5007 224 108
tile 5008 280 108
tile 5009 336 108
tile 5010 392 108
tile 5011 448 108
tile 5012 504 108
tile 5013 0 135
tile 5014 56 135
tile 5015 112 135
tile 5016 168 135
tile 5017 224 135
tile 5018 280 135
tile 5019 336 135
tile 5020 392 135
tile 5021 448 135
tile 5022 504 135
tile 5023 0 162
tile 5024 56 162
tile 5025 112 162
tile 5026 168 162
tile 5027 224 162
tile 5028 280 162
tile 5029 336 162
tile 5030 392 162
tile 5031 448 162
tile 5032 504 162
tile 5033 0 189
tile 5034 56 189
tile 5035 112 189
tile 5036 168 189
tile 5037 224 189
tile 5038 280 189
tile 5039 336 189
tile 5040 392 189
tile 5041 448 189
tile 5042 504 189
tile 5043 0 216
tile 5044 56 216
tile 5045 112 216
tile 5046 168 216
tile 5047 224 216
tile 5048 280 216
tile 5049 336 216
tile 5050 392 216
tile 5051 448 216
tile 5052 504 216
tile 5053 0 243
tile 5054 56 243
tile 5055 112 243
tile 5056 168 243
tile 5057 224 243
tile 5058 280 243
tile 5079 336 243
tile 5080 392 243
tile 5081 448 243
tile 5082 504 243
picture 6105 224 661 47 0
picture 6106 224 611 50 0
picture 6109 224 797 41 0
picture 6110 224 708 46 0
picture 6113 224 901 30 0
picture 6114 224 838 32 0
picture 6115 224 870 31 0
picture 6116 224 754 43 0
picture 6117 224 507 52 0
picture 6118 224 559 52 0
picture 6187 196 238 111 0
picture 6188 0 0 168 0
picture 6189 196 669 100 0
picture 6190 196 769 100 0
picture 6194 224 85 84 0
picture 6195 196 563 106 0
picture 6196 196 349 107 0
picture 6213 112 397 123 0
picture 6214 0 168 137 0
picture 6215 0 305 137 0
picture 6216 112 520 123 0
picture 6217 112 643 123 0
picture 6218 0 442 137 0
picture 6219 0 579 137 0
picture 6220 0 716 137 0
picture 6221 140 738 122 0
picture 6232 140 860 122 0
picture 6233 0 853 137 0
picture 6234 28 0 137 0
picture 6235 28 137 137 0
picture 6236 112 766 123 0
picture 6242 112 889 123 0
picture 6243 28 274 137 0
picture 6244 28 411 137 0
picture 6245 28 548 137 0
picture 6246 168 0 122 0
picture 6247 168 122 122 0
picture 6248 28 685 137 0
picture 6249 28 822 137 0
picture 6250 56 0 137 0
picture 6251 140 0 123 0
picture 6257 140 123 123 0
picture 6258 56 137 137 0
picture 6259 56 274 137 0
picture 6260 56 411 137 0
picture 6261 168 244 122 0
picture 6262 140 246 123 0
picture 6263 56 548 137 0
picture 6264 56 685 137 0
picture 6272 168 366 122 0
picture 6273 56 822 137 0
picture 6274 84 0 137 0
picture 6275 84 137 137 0
picture 6276 140 369 123 0
picture 6282 140 492 123 0
picture 6283 84 274 137 0
picture 6284 84 411 137 0
picture 6285 84 548 137 0
picture 6286 168 488 122 0
picture 6292 168 610 122 0
picture 6293 84 685 137 0
picture 6294 84 822 137 0
picture 6295 112 0 137 0
picture 6296 140 615 123 0
picture 6345 224 451 56 0
picture 6346 196 456 107 0
picture 6347 168 853 119 0
picture 6348 196 0 119 0
picture 6349 196 119 119 0
picture 6350 168 732 121 0
picture 6351 112 137 135 0
picture 6352 112 272 125 0
picture 6431 224 311 70 0
picture 6432 196 869 85 0
picture 6433 224 169 71 0
picture 6437 224 240 71 0
picture 6438 224 0 85 0
picture 6439 224 381 70 0
object 0 0 left 6292
object 1 0 left 6215
object 1 0 right 6216
object 2 0 left 6274
object 3 0 left 6275
object 3 0 right 6276
object 4 0 left 6272
object 5 0 left 6273
object 6 0 left 6274
object 7 0 left 6275
object 7 0 right 6276
object 8 0 left 6247
object 9 0 left 6248
object 10 0 left 6249
object 11 0 left 6250
object 11 0 right 6251
object 12 0 left 6232
object 13 0 left 6233
object 14 0 left 6234
object 15 0 left 6235
object 15 0 right 6236
object 16 0 left 6292
object 17 0 left 6293
object 18 0 left 6294
object 19 0 left 6295
object 19 0 right 6296
object 0 1 left 6213
object 0 1 right 6214
object 2 1 right 6114
object 5 1 left 6117
object 5 1 right 6118
object 6 1 left 6117
object 6 1 right 6118
object 7 1 right 6189
object 9 1 left 6437
object 10 1 left 6438
object 10 1 right 6439
object 11 1 right 6114
object 13 1 right 6189
object 15 1 right 6189
object 19 1 right 6352
object 0 2 right 6264
object 1 2 left 6194
object 2 2 left 6195
object 2 2 right 6196
object 5 2 left 6187
object 5 2 right 6188
object 6 2 left 6109
object 6 2 right 6110
object 7 2 left 6105
object 7 2 right 6106
object 18 2 left 6349
object 19 2 left 6350
object 19 2 right 6351
object 0 3 left 6262
object 0 3 right 6263
object 6 3 left 6109
object 6 3 right 6110
object 17 3 right 6348
object 0 4 right 6286
object 16 4 left 6345
object 17 4 left 6346
object 17 4 right 6347
object 0 5 right 6285
object 0 6 right 6284
object 1 6 right 6433
object 2 6 left 6115
object 2 6 right 6116
object 0 7 left 6282
object 0 7 right 6283
object 1 7 left 6431
object 1 7 right 6432
object 0 8 right 6261
object 0 9 right 6260
object 1 9 left 6190
object 0 10 right 6259
object 11 10 left 6114
object 0 11 left 6257
object 0 11 right 6258
object 1 11 left 6190
object 11 11 left 6113
object 0 12 right 6246
object 0 13 right 6245
object 0 14 right 6244
object 3 14 left 6113
object 0 15 left 6242
object 0 15 right 6243
object 0 16 right 6221
object 0 17 right 6220
object 1 17 left 6190
object 0 18 right 6219
object 0 19 left 6217
object 0 19 right 6218
object 1 19 left 6190
