# lod20027 — tools/dat-extract layout 이 만든다. 손으로 고치지 말 것.
size 50 50
blocked
##########################...#####################
#.................................................
#.................................................
#........#........................................
#.......###.......................................
#........#........................................
#.................................................
#.................................................
#.................................................
#.................................................
#.................................................
#.................................................
#.................................................
#........#..............................##........
#......................................###........
#......................................####.......
#.....................#...........................
#.....................#...........................
#.....................#...........................
#.....................#...........................
#.................................................
#.................................................
#.................................................
#.................................................
#.....#...........................................
#....###........##................................
#....##.........##................................
#...............##................................
#.................................................
#.................................................
#.................................................
#.................................................
#.................................................
#.................................................
#............................#....................
#............................#....................
#......#.....................#....................
#............................#....................
#.................................................
#.................................................
#........................................###......
#.........................................###.....
#..........................................#......
#.................................................
#.................................................
#...............###...............................
#...............###...............................
#.................#...............................
#.................................................
#.................................................
floor
0 0 0 0 0 0 0 0 0 0 0 0 0 0 0 0 0 0 0 0 0 0 0 0 0 0 0 0 0 0 0 0 0 0 0 0 0 0 0 0 0 0 0 0 0 0 0 0 0 0
0 14469 14479 14489 14493 14496 14499 14502 14505 14508 14511 14514 14517 14520 14523 14526 14530 14533 14536 14539 14542 14545 14548 14551 14554 14469 14469 14479 14489 14493 14496 14499 14502 14505 14508 14511 14514 14517 14520 14523 14526 14530 14533 14536 14539 14542 14545 14548 14551 14554
0 14468 14478 14488 14492 14495 14498 14501 14504 14507 14510 14513 14516 14519 14522 14525 14529 14532 14535 14538 14541 14544 14547 14550 14492 14495 14468 14478 14488 14492 14495 14498 14501 14504 14507 14510 14513 14516 14519 14522 14525 14529 14532 14535 14538 14541 14544 14547 14550 14492
0 14467 14477 14487 14491 14494 14497 14500 14503 14506 14509 14512 14515 14518 14521 14524 14528 14531 14534 14537 14540 14543 14546 14549 14491 14759 14763 14767 14771 14791 14795 14799 14803 14503 14506 14509 14512 14515 14518 14521 14524 14528 14531 14534 14537 14540 14543 14546 14549 14491
0 14466 14476 14486 14403 14407 14411 14415 14403 14407 14411 14415 14403 14407 14411 14415 14403 14407 14411 14415 14403 14407 14411 14415 14403 14758 14762 14766 14770 14790 14794 14798 14802 14407 14411 14415 14403 14407 14411 14415 14403 14407 14411 14415 14403 14407 14411 14415 14403 14407
0 14465 14475 14485 14402 14406 14410 14414 14402 14406 14410 14414 14402 14406 14410 14414 14402 14406 14410 14414 14402 14406 14410 14414 14402 14757 14761 14765 14769 14789 14793 14797 14801 14406 14410 14414 14402 14406 14410 14414 14402 14406 14410 14414 14402 14406 14410 14414 14402 14406
0 14464 14474 14484 14401 14760 14764 14768 14772 14792 14796 14800 14804 14405 14409 14413 14401 14405 14409 14413 14401 14405 14409 14413 14401 14920 14924 14928 14932 14968 14972 14976 14980 14405 14409 14413 14401 14405 14409 14413 14401 14405 14409 14413 14401 14405 14409 14413 14401 14405
0 14463 14473 14483 14400 14760 14764 14768 14772 14792 14796 14800 14804 14404 14408 14412 14400 14404 14408 14412 14400 14404 14408 14412 14400 14919 14923 14927 14931 14967 14971 14975 14979 14404 14408 14412 14400 14404 14408 14412 14400 14404 14408 14412 14400 14404 14408 14412 14400 14404
0 14462 14472 14482 14403 14759 14763 14767 14771 14791 14795 14799 14803 14407 14411 14415 14403 14407 14411 14415 14403 14407 14411 14415 14403 14918 14922 14926 14930 14966 14970 14974 14978 14407 14411 14415 14403 14407 14411 14415 14403 14407 14411 14415 14403 14407 14411 14415 14403 14407
0 14461 14471 14481 14402 14758 14762 14766 14770 14790 14794 14798 14802 14406 14410 14414 14402 14406 14410 14414 14402 14406 14410 14414 14402 14917 14921 14925 14929 14965 14969 14973 14977 14406 14410 14414 14402 14406 14410 14414 14402 14406 14410 14414 14402 14406 14410 14414 14402 14406
0 14460 14470 14480 14401 14757 14761 14765 14769 14789 14793 14797 14801 14405 14409 14413 14401 14405 14409 14413 14401 14405 14409 14413 14401 14936 14940 14944 14948 14984 14988 14992 14996 14405 14409 14413 14401 14405 14409 14413 14401 14405 14409 14413 14401 14405 14409 14413 14401 14405
0 14430 14444 14458 14400 14744 14748 14752 14756 14776 14780 14784 14788 14404 14408 14412 14400 14404 14408 14412 14400 14404 14408 14412 14400 14935 14939 14943 14947 14983 14987 14991 14995 14404 14408 14412 14400 14404 14408 14412 14400 14404 14408 14412 14400 14404 14408 14412 14400 14404
0 14429 14443 14457 14403 14743 14747 14751 14755 14775 14779 14783 14787 14407 14411 14415 14403 14407 14411 14415 14403 14407 14411 14415 14403 14934 14938 14942 14946 14982 14986 14990 14994 14407 14411 14415 14403 14407 14411 14415 14403 14407 14411 14415 14403 14407 14411 14415 14403 14407
0 14428 14442 14456 14402 14742 14746 14750 14754 14774 14778 14782 14786 14406 14410 14414 14402 14406 14410 14414 14402 14406 14410 14414 14402 14933 14937 14941 14945 14981 14985 14989 14993 14406 14410 14414 14402 14406 14410 14414 14402 14406 14410 14414 14402 14406 14410 14414 14402 14406
0 14427 14441 14455 14401 14741 14745 14749 14753 14773 14777 14781 14785 14405 14409 14413 14401 14405 14409 14413 14401 14405 14409 14413 14401 14935 14939 14943 14947 14983 14987 14991 14995 14405 14409 14413 14401 14405 14409 14413 14401 14405 14409 14413 14401 14405 14409 14413 14401 14405
0 14426 14440 14454 14400 14404 14408 14412 14400 14404 14408 14412 14400 14404 14408 14412 14400 14404 14408 14412 14400 14404 14408 14412 14400 14934 14938 14942 14946 14982 14986 14990 14994 14404 14408 14412 14400 14404 14408 14412 14400 14404 14408 14412 14400 14404 14408 14412 14400 14404
0 14425 14439 14453 14403 14407 14411 14415 14403 14407 14411 14415 14403 14407 14411 14415 14403 14407 14411 14415 14403 14407 14411 14415 14403 14933 14937 14941 14945 14981 14985 14989 14993 14407 14411 14415 14403 14407 14411 14415 14403 14407 14411 14415 14403 14407 14411 14415 14403 14407
0 14424 14438 14452 14402 14406 14410 14414 14402 14406 14410 14414 14402 14406 14410 14414 14402 14406 14410 14414 14402 14406 14410 14414 14402 14952 14956 14960 14964 14888 14892 14896 14900 14406 14410 14414 14402 14406 14410 14414 14402 14406 14410 14414 14402 14406 14410 14414 14402 14406
0 14423 14437 14451 14401 14405 14409 14413 14401 14405 14409 14413 14401 14405 14409 14413 14401 14405 14409 14413 14401 14405 14409 14413 14401 14951 14955 14959 14963 14887 14891 14895 14899 14405 14409 14413 14401 14405 14409 14413 14401 14405 14409 14413 14401 14405 14409 14413 14401 14405
0 14422 14436 14450 14400 14404 14408 14412 14400 14404 14408 14412 14400 14404 14408 14412 14400 14404 14408 14412 14400 14404 14408 14412 14400 14950 14954 14958 14962 14886 14890 14894 14898 14404 14408 14412 14400 14404 14408 14412 14400 14404 14408 14412 14400 14404 14408 14412 14400 14404
0 14421 14435 14449 14403 14407 14411 14415 14403 14407 14411 14415 14403 14407 14411 14415 14403 14407 14411 14415 14403 14407 14411 14415 14403 14949 14953 14957 14961 14885 14889 14893 14897 14407 14411 14415 14403 14407 14411 14415 14403 14407 14411 14415 14403 14407 14411 14415 14403 14407
0 14420 14434 14448 14402 14406 14410 14414 14402 14406 14410 14414 14402 14406 14561 14567 14573 14579 14585 14414 14402 14406 14410 14414 14402 14904 14908 14912 14916 14872 14876 14880 14884 14406 14410 14414 14402 14406 14410 14414 14402 14406 14410 14414 14402 14406 14410 14414 14402 14406
0 14419 14433 14447 14401 14405 14409 14413 14401 14405 14409 14413 14401 14405 14560 14566 14572 14578 14584 14413 14401 14405 14409 14413 14401 14903 14907 14911 14915 14871 14875 14879 14883 14405 14409 14413 14401 14405 14409 14413 14401 14405 14409 14413 14401 14405 14409 14413 14401 14405
0 14418 14432 14446 14400 14404 14408 14412 14400 14404 14408 14412 14400 14404 14559 14565 14571 14577 14583 14412 14400 14404 14408 14412 14400 14902 14906 14910 14914 14870 14874 14878 14882 14404 14408 14412 14400 14404 14408 14412 14400 14404 14408 14412 14400 14404 14408 14412 14400 14404
0 14417 14431 14445 14403 14407 14411 14415 14403 14407 14411 14415 14403 14407 14558 14564 14570 14576 14582 14415 14403 14407 14411 14415 14403 14901 14905 14909 14913 14869 14873 14877 14881 14407 14411 14415 14403 14407 14411 14415 14403 14407 14411 14415 14403 14407 14411 14415 14403 14407
0 14422 14436 14450 14402 14406 14410 14414 14402 14406 14410 14414 14402 14406 14557 14563 14569 14575 14581 14414 14402 14760 14764 14768 14772 14728 14732 14736 14740 14680 14684 14688 14692 14808 14812 14816 14820 15016 15020 15024 15028 14840 14844 14848 14852 14808 14812 14816 14820 15016
0 14469 14479 14486 14401 14405 14409 14413 14401 14405 14409 14413 14401 14405 14556 14562 14568 14574 14580 14413 14401 14759 14763 14767 14771 14727 14731 14735 14739 14679 14683 14687 14691 14807 14811 14815 14819 15015 15019 15023 15027 14839 14843 14847 14851 14807 14811 14815 14819 15015
0 14468 14478 14488 14400 14404 14408 14412 14400 14404 14408 14412 14400 14404 14408 14412 14400 14404 14408 14412 14400 14758 14762 14766 14770 14726 14730 14734 14738 14678 14682 14686 14690 14806 14810 14814 14818 15014 15018 15022 15026 14838 14842 14846 14850 14806 14810 14814 14818 15014
0 14467 14477 14487 14403 14407 14411 14415 14403 14407 14411 14415 14403 14407 14411 14415 14403 14407 14411 14415 14403 14757 14761 14765 14769 14725 14729 14733 14737 14677 14681 14685 14689 14805 14809 14813 14817 15013 15017 15021 15025 14837 14841 14845 14849 14805 14809 14813 14817 15013
0 14466 14476 14486 14402 14406 14410 14414 14402 14406 14410 14414 14402 14406 14410 14414 14402 14406 14410 14414 14402 14920 14924 14928 14932 14696 14700 14704 14708 14856 14860 14864 14868 15000 15004 15008 15012 15032 15036 15040 15044 14856 14860 14864 14868 15000 15004 15008 15012 15032
0 14465 14475 14485 14401 14405 14409 14413 14401 14405 14409 14413 14401 14405 14409 14413 14401 14405 14409 14413 14401 14919 14923 14927 14931 14695 14699 14703 14707 14855 14859 14863 14867 14999 15003 15007 15011 15031 15035 15039 15043 14855 14859 14863 14867 14999 15003 15007 15011 15031
0 14464 14474 14484 14400 14404 14408 14412 14400 14404 14408 14412 14400 14404 14408 14412 14400 14404 14408 14412 14400 14918 14922 14926 14930 14694 14698 14702 14706 14854 14858 14862 14866 14998 15002 15006 15010 15030 15034 15038 15042 14854 14858 14862 14866 14998 15002 15006 15010 15030
0 14463 14473 14483 14403 14407 14411 14415 14403 14407 14411 14415 14403 14407 14411 14415 14403 14407 14411 14415 14403 14917 14921 14925 14929 14693 14697 14701 14705 14853 14857 14861 14865 14997 15001 15005 15009 15029 15033 15037 15041 14853 14857 14861 14865 14997 15001 15005 15009 15029
0 14462 14472 14482 14402 14406 14760 14764 14768 14772 14792 14796 14800 14804 14410 14414 14402 14406 14410 14414 14402 14920 14924 14928 14932 14968 14972 14976 14760 14764 14768 14772 14792 14796 14800 14804 14402 14406 14410 14414 14402 14406 14410 14414 14402 14406 14410 14414 14402 14406
0 14461 14471 14481 14401 14405 14759 14763 14767 14771 14791 14795 14799 14803 14409 14413 14401 14405 14409 14413 14401 14919 14923 14927 14931 14967 14971 14975 14759 14763 14767 14771 14791 14795 14799 14803 14401 14405 14409 14413 14401 14405 14409 14413 14401 14405 14409 14413 14401 14405
0 14460 14470 14480 14400 14404 14758 14762 14766 14770 14790 14794 14798 14802 14408 14412 14400 14404 14408 14412 14400 14918 14922 14926 14930 14966 14970 14974 14758 14762 14766 14770 14790 14794 14798 14802 14400 14404 14408 14412 14400 14404 14408 14412 14400 14404 14408 14412 14400 14404
0 14430 14444 14458 14403 14407 14757 14761 14765 14769 14789 14793 14797 14801 14411 14415 14403 14407 14411 14415 14403 14917 14921 14925 14929 14965 14969 14973 14757 14761 14765 14769 14789 14793 14797 14801 14403 14407 14411 14415 14403 14407 14411 14415 14403 14407 14411 14415 14403 14407
0 14429 14443 14457 14402 14406 14744 14748 14752 14756 14776 14780 14784 14788 14410 14414 14402 14406 14410 14414 14402 14936 14940 14944 14948 14984 14988 14992 14744 14748 14752 14756 14776 14780 14784 14788 14402 14406 14410 14414 14402 14406 14410 14414 14402 14406 14410 14414 14402 14406
0 14428 14442 14456 14401 14405 14743 14747 14751 14755 14775 14779 14783 14787 14409 14413 14401 14405 14409 14413 14401 14935 14939 14943 14947 14983 14987 14991 14743 14747 14751 14755 14775 14779 14783 14787 14401 14405 14409 14413 14401 14405 14409 14413 14401 14405 14409 14413 14401 14405
0 14427 14441 14455 14400 14404 14742 14746 14750 14754 14774 14778 14782 14786 14408 14412 14400 14404 14408 14412 14400 14934 14938 14942 14946 14982 14986 14990 14742 14746 14750 14754 14774 14778 14782 14786 14400 14404 14408 14412 14400 14404 14408 14412 14400 14404 14408 14412 14400 14404
0 14426 14440 14454 14403 14407 14741 14745 14749 14753 14773 14777 14781 14785 14411 14415 14403 14407 14411 14415 14403 14933 14937 14941 14945 14981 14985 14989 14741 14745 14749 14753 14773 14777 14781 14785 14403 14407 14411 14415 14403 14407 14411 14415 14403 14407 14411 14415 14403 14407
0 14425 14439 14453 14402 14406 14410 14414 14402 14406 14410 14414 14402 14406 14410 14414 14402 14406 14410 14414 14402 14952 14956 14960 14964 14888 14892 14896 14900 14406 14410 14414 14402 14406 14410 14414 14402 14406 14410 14414 14402 14406 14410 14414 14402 14406 14410 14414 14402 14406
0 14424 14438 14452 14401 14405 14409 14413 14401 14405 14409 14413 14401 14405 14409 14413 14401 14405 14409 14413 14401 14951 14955 14959 14963 14887 14891 14895 14899 14405 14409 14413 14401 14405 14409 14413 14401 14405 14409 14413 14401 14405 14409 14413 14401 14405 14409 14413 14401 14405
0 14423 14437 14451 14400 14404 14408 14412 14400 14404 14408 14412 14400 14404 14408 14412 14400 14404 14408 14412 14400 14950 14954 14958 14962 14886 14890 14894 14898 14404 14408 14412 14400 14404 14408 14412 14400 14404 14408 14412 14400 14404 14408 14412 14400 14404 14408 14412 14400 14404
0 14422 14436 14450 14403 14407 14411 14415 14403 14407 14411 14415 14403 14407 14411 14415 14403 14407 14411 14415 14403 14949 14953 14957 14961 14885 14889 14893 14897 14407 14411 14415 14403 14407 14411 14415 14403 14407 14411 14415 14403 14407 14411 14415 14403 14407 14411 14415 14403 14407
0 14421 14435 14449 14402 14406 14410 14414 14402 14406 14410 14414 14402 14406 14410 14414 14402 14406 14410 14414 14402 14920 14924 14928 14932 14968 14972 14976 14980 14406 14410 14414 14402 14406 14410 14414 14402 14406 14410 14414 14402 14406 14410 14414 14402 14406 14410 14414 14402 14406
0 14420 14434 14448 14401 14405 14409 14413 14401 14405 14409 14413 14401 14405 14409 14413 14401 14405 14409 14413 14401 14919 14923 14927 14931 14967 14971 14975 14979 14405 14409 14413 14401 14405 14409 14413 14401 14405 14409 14413 14401 14405 14409 14413 14401 14405 14409 14413 14401 14405
0 14419 14433 14447 14400 14404 14408 14412 14400 14404 14408 14412 14400 14404 14408 14412 14400 14404 14408 14412 14400 14918 14922 14926 14930 14966 14970 14974 14978 14404 14408 14412 14400 14404 14408 14412 14400 14404 14408 14412 14400 14404 14408 14412 14400 14404 14408 14412 14400 14404
0 14418 14432 14446 14403 14407 14411 14415 14403 14407 14411 14415 14403 14407 14411 14415 14403 14407 14411 14415 14403 14917 14921 14925 14929 14965 14969 14973 14977 14407 14411 14415 14403 14407 14411 14415 14403 14407 14411 14415 14403 14407 14411 14415 14403 14407 14411 14415 14403 14407
0 14417 14431 14445 14402 14406 14410 14414 14402 14406 14410 14414 14402 14406 14410 14414 14402 14406 14410 14414 14402 14936 14940 14944 14948 14984 14988 14992 14996 14406 14410 14414 14402 14406 14410 14414 14402 14406 14410 14414 14402 14406 14410 14414 14402 14406 14410 14414 14402 14406
tile 14400 0 0
tile 14401 56 0
tile 14402 112 0
tile 14403 168 0
tile 14404 224 0
tile 14405 280 0
tile 14406 336 0
tile 14407 392 0
tile 14408 448 0
tile 14409 504 0
tile 14410 560 0
tile 14411 616 0
tile 14412 672 0
tile 14413 728 0
tile 14414 784 0
tile 14415 840 0
tile 14417 896 0
tile 14418 952 0
tile 14419 1008 0
tile 14420 1064 0
tile 14421 1120 0
tile 14422 1176 0
tile 14423 1232 0
tile 14424 0 27
tile 14425 56 27
tile 14426 112 27
tile 14427 168 27
tile 14428 224 27
tile 14429 280 27
tile 14430 336 27
tile 14431 392 27
tile 14432 448 27
tile 14433 504 27
tile 14434 560 27
tile 14435 616 27
tile 14436 672 27
tile 14437 728 27
tile 14438 784 27
tile 14439 840 27
tile 14440 896 27
tile 14441 952 27
tile 14442 1008 27
tile 14443 1064 27
tile 14444 1120 27
tile 14445 1176 27
tile 14446 1232 27
tile 14447 0 54
tile 14448 56 54
tile 14449 112 54
tile 14450 168 54
tile 14451 224 54
tile 14452 280 54
tile 14453 336 54
tile 14454 392 54
tile 14455 448 54
tile 14456 504 54
tile 14457 560 54
tile 14458 616 54
tile 14460 672 54
tile 14461 728 54
tile 14462 784 54
tile 14463 840 54
tile 14464 896 54
tile 14465 952 54
tile 14466 1008 54
tile 14467 1064 54
tile 14468 1120 54
tile 14469 1176 54
tile 14470 1232 54
tile 14471 0 81
tile 14472 56 81
tile 14473 112 81
tile 14474 168 81
tile 14475 224 81
tile 14476 280 81
tile 14477 336 81
tile 14478 392 81
tile 14479 448 81
tile 14480 504 81
tile 14481 560 81
tile 14482 616 81
tile 14483 672 81
tile 14484 728 81
tile 14485 784 81
tile 14486 840 81
tile 14487 896 81
tile 14488 952 81
tile 14489 1008 81
tile 14491 1064 81
tile 14492 1120 81
tile 14493 1176 81
tile 14494 1232 81
tile 14495 0 108
tile 14496 56 108
tile 14497 112 108
tile 14498 168 108
tile 14499 224 108
tile 14500 280 108
tile 14501 336 108
tile 14502 392 108
tile 14503 448 108
tile 14504 504 108
tile 14505 560 108
tile 14506 616 108
tile 14507 672 108
tile 14508 728 108
tile 14509 784 108
tile 14510 840 108
tile 14511 896 108
tile 14512 952 108
tile 14513 1008 108
tile 14514 1064 108
tile 14515 1120 108
tile 14516 1176 108
tile 14517 1232 108
tile 14518 0 135
tile 14519 56 135
tile 14520 112 135
tile 14521 168 135
tile 14522 224 135
tile 14523 280 135
tile 14524 336 135
tile 14525 392 135
tile 14526 448 135
tile 14528 504 135
tile 14529 560 135
tile 14530 616 135
tile 14531 672 135
tile 14532 728 135
tile 14533 784 135
tile 14534 840 135
tile 14535 896 135
tile 14536 952 135
tile 14537 1008 135
tile 14538 1064 135
tile 14539 1120 135
tile 14540 1176 135
tile 14541 1232 135
tile 14542 0 162
tile 14543 56 162
tile 14544 112 162
tile 14545 168 162
tile 14546 224 162
tile 14547 280 162
tile 14548 336 162
tile 14549 392 162
tile 14550 448 162
tile 14551 504 162
tile 14554 560 162
tile 14556 616 162
tile 14557 672 162
tile 14558 728 162
tile 14559 784 162
tile 14560 840 162
tile 14561 896 162
tile 14562 952 162
tile 14563 1008 162
tile 14564 1064 162
tile 14565 1120 162
tile 14566 1176 162
tile 14567 1232 162
tile 14568 0 189
tile 14569 56 189
tile 14570 112 189
tile 14571 168 189
tile 14572 224 189
tile 14573 280 189
tile 14574 336 189
tile 14575 392 189
tile 14576 448 189
tile 14577 504 189
tile 14578 560 189
tile 14579 616 189
tile 14580 672 189
tile 14581 728 189
tile 14582 784 189
tile 14583 840 189
tile 14584 896 189
tile 14585 952 189
tile 14677 1008 189
tile 14678 1064 189
tile 14679 1120 189
tile 14680 1176 189
tile 14681 1232 189
tile 14682 0 216
tile 14683 56 216
tile 14684 112 216
tile 14685 168 216
tile 14686 224 216
tile 14687 280 216
tile 14688 336 216
tile 14689 392 216
tile 14690 448 216
tile 14691 504 216
tile 14692 560 216
tile 14693 616 216
tile 14694 672 216
tile 14695 728 216
tile 14696 784 216
tile 14697 840 216
tile 14698 896 216
tile 14699 952 216
tile 14700 1008 216
tile 14701 1064 216
tile 14702 1120 216
tile 14703 1176 216
tile 14704 1232 216
tile 14705 0 243
tile 14706 56 243
tile 14707 112 243
tile 14708 168 243
tile 14725 224 243
tile 14726 280 243
tile 14727 336 243
tile 14728 392 243
tile 14729 448 243
tile 14730 504 243
tile 14731 560 243
tile 14732 616 243
tile 14733 672 243
tile 14734 728 243
tile 14735 784 243
tile 14736 840 243
tile 14737 896 243
tile 14738 952 243
tile 14739 1008 243
tile 14740 1064 243
tile 14741 1120 243
tile 14742 1176 243
tile 14743 1232 243
tile 14744 0 270
tile 14745 56 270
tile 14746 112 270
tile 14747 168 270
tile 14748 224 270
tile 14749 280 270
tile 14750 336 270
tile 14751 392 270
tile 14752 448 270
tile 14753 504 270
tile 14754 560 270
tile 14755 616 270
tile 14756 672 270
tile 14757 728 270
tile 14758 784 270
tile 14759 840 270
tile 14760 896 270
tile 14761 952 270
tile 14762 1008 270
tile 14763 1064 270
tile 14764 1120 270
tile 14765 1176 270
tile 14766 1232 270
tile 14767 0 297
tile 14768 56 297
tile 14769 112 297
tile 14770 168 297
tile 14771 224 297
tile 14772 280 297
tile 14773 336 297
tile 14774 392 297
tile 14775 448 297
tile 14776 504 297
tile 14777 560 297
tile 14778 616 297
tile 14779 672 297
tile 14780 728 297
tile 14781 784 297
tile 14782 840 297
tile 14783 896 297
tile 14784 952 297
tile 14785 1008 297
tile 14786 1064 297
tile 14787 1120 297
tile 14788 1176 297
tile 14789 1232 297
tile 14790 0 324
tile 14791 56 324
tile 14792 112 324
tile 14793 168 324
tile 14794 224 324
tile 14795 280 324
tile 14796 336 324
tile 14797 392 324
tile 14798 448 324
tile 14799 504 324
tile 14800 560 324
tile 14801 616 324
tile 14802 672 324
tile 14803 728 324
tile 14804 784 324
tile 14805 840 324
tile 14806 896 324
tile 14807 952 324
tile 14808 1008 324
tile 14809 1064 324
tile 14810 1120 324
tile 14811 1176 324
tile 14812 1232 324
tile 14813 0 351
tile 14814 56 351
tile 14815 112 351
tile 14816 168 351
tile 14817 224 351
tile 14818 280 351
tile 14819 336 351
tile 14820 392 351
tile 14837 448 351
tile 14838 504 351
tile 14839 560 351
tile 14840 616 351
tile 14841 672 351
tile 14842 728 351
tile 14843 784 351
tile 14844 840 351
tile 14845 896 351
tile 14846 952 351
tile 14847 1008 351
tile 14848 1064 351
tile 14849 1120 351
tile 14850 1176 351
tile 14851 1232 351
tile 14852 0 378
tile 14853 56 378
tile 14854 112 378
tile 14855 168 378
tile 14856 224 378
tile 14857 280 378
tile 14858 336 378
tile 14859 392 378
tile 14860 448 378
tile 14861 504 378
tile 14862 560 378
tile 14863 616 378
tile 14864 672 378
tile 14865 728 378
tile 14866 784 378
tile 14867 840 378
tile 14868 896 378
tile 14869 952 378
tile 14870 1008 378
tile 14871 1064 378
tile 14872 1120 378
tile 14873 1176 378
tile 14874 1232 378
tile 14875 0 405
tile 14876 56 405
tile 14877 112 405
tile 14878 168 405
tile 14879 224 405
tile 14880 280 405
tile 14881 336 405
tile 14882 392 405
tile 14883 448 405
tile 14884 504 405
tile 14885 560 405
tile 14886 616 405
tile 14887 672 405
tile 14888 728 405
tile 14889 784 405
tile 14890 840 405
tile 14891 896 405
tile 14892 952 405
tile 14893 1008 405
tile 14894 1064 405
tile 14895 1120 405
tile 14896 1176 405
tile 14897 1232 405
tile 14898 0 432
tile 14899 56 432
tile 14900 112 432
tile 14901 168 432
tile 14902 224 432
tile 14903 280 432
tile 14904 336 432
tile 14905 392 432
tile 14906 448 432
tile 14907 504 432
tile 14908 560 432
tile 14909 616 432
tile 14910 672 432
tile 14911 728 432
tile 14912 784 432
tile 14913 840 432
tile 14914 896 432
tile 14915 952 432
tile 14916 1008 432
tile 14917 1064 432
tile 14918 1120 432
tile 14919 1176 432
tile 14920 1232 432
tile 14921 0 459
tile 14922 56 459
tile 14923 112 459
tile 14924 168 459
tile 14925 224 459
tile 14926 280 459
tile 14927 336 459
tile 14928 392 459
tile 14929 448 459
tile 14930 504 459
tile 14931 560 459
tile 14932 616 459
tile 14933 672 459
tile 14934 728 459
tile 14935 784 459
tile 14936 840 459
tile 14937 896 459
tile 14938 952 459
tile 14939 1008 459
tile 14940 1064 459
tile 14941 1120 459
tile 14942 1176 459
tile 14943 1232 459
tile 14944 0 486
tile 14945 56 486
tile 14946 112 486
tile 14947 168 486
tile 14948 224 486
tile 14949 280 486
tile 14950 336 486
tile 14951 392 486
tile 14952 448 486
tile 14953 504 486
tile 14954 560 486
tile 14955 616 486
tile 14956 672 486
tile 14957 728 486
tile 14958 784 486
tile 14959 840 486
tile 14960 896 486
tile 14961 952 486
tile 14962 1008 486
tile 14963 1064 486
tile 14964 1120 486
tile 14965 1176 486
tile 14966 1232 486
tile 14967 0 513
tile 14968 56 513
tile 14969 112 513
tile 14970 168 513
tile 14971 224 513
tile 14972 280 513
tile 14973 336 513
tile 14974 392 513
tile 14975 448 513
tile 14976 504 513
tile 14977 560 513
tile 14978 616 513
tile 14979 672 513
tile 14980 728 513
tile 14981 784 513
tile 14982 840 513
tile 14983 896 513
tile 14984 952 513
tile 14985 1008 513
tile 14986 1064 513
tile 14987 1120 513
tile 14988 1176 513
tile 14989 1232 513
tile 14990 0 540
tile 14991 56 540
tile 14992 112 540
tile 14993 168 540
tile 14994 224 540
tile 14995 280 540
tile 14996 336 540
tile 14997 392 540
tile 14998 448 540
tile 14999 504 540
tile 15000 560 540
tile 15001 616 540
tile 15002 672 540
tile 15003 728 540
tile 15004 784 540
tile 15005 840 540
tile 15006 896 540
tile 15007 952 540
tile 15008 1008 540
tile 15009 1064 540
tile 15010 1120 540
tile 15011 1176 540
tile 15012 1232 540
tile 15013 0 567
tile 15014 56 567
tile 15015 112 567
tile 15016 168 567
tile 15017 224 567
tile 15018 280 567
tile 15019 336 567
tile 15020 392 567
tile 15021 448 567
tile 15022 504 567
tile 15023 560 567
tile 15024 616 567
tile 15025 672 567
tile 15026 728 567
tile 15027 784 567
tile 15028 840 567
tile 15029 896 567
tile 15030 952 567
tile 15031 1008 567
tile 15032 1064 567
tile 15033 1120 567
tile 15034 1176 567
tile 15035 1232 567
tile 15036 0 594
tile 15037 56 594
tile 15038 112 594
tile 15039 168 594
tile 15040 224 594
tile 15041 280 594
tile 15042 336 594
tile 15043 392 594
tile 15044 448 594
picture 755 896 107 49 0
picture 756 896 156 49 0
picture 11525 896 435 43 0
picture 11526 896 345 45 0
picture 11529 896 390 45 0
picture 11530 896 299 46 0
picture 11531 896 630 36 0
picture 11532 896 736 34 0
picture 11533 896 837 31 0
picture 11534 896 666 35 0
picture 13964 0 0 378 0
picture 13965 0 378 378 0
picture 13966 28 0 378 0
picture 13967 28 378 378 0
picture 13968 56 0 378 0
picture 13969 56 378 378 0
picture 14017 812 455 207 0
picture 14018 812 0 242 0
picture 14019 784 0 274 0
picture 14020 756 378 281 0
picture 14021 756 659 281 0
picture 14022 784 274 270 0
picture 14023 784 544 249 0
picture 14024 812 242 213 0
picture 14025 840 550 135 0
picture 14026 840 0 139 0
picture 14027 840 139 139 0
picture 14028 840 685 115 0
picture 14029 840 278 136 0
picture 14030 812 662 144 0
picture 14031 812 806 142 0
picture 14032 840 414 136 0
picture 14033 896 518 38 0
picture 14034 896 556 37 0
picture 14037 896 205 47 0
picture 14038 896 252 47 0
picture 14041 896 770 34 0
picture 14042 896 804 33 0
picture 14045 896 593 37 0
picture 14046 896 478 40 0
picture 14047 868 814 58 0
picture 14048 868 331 75 0
picture 14049 868 0 88 0
picture 14050 868 88 85 0
picture 14051 868 686 66 0
picture 14052 868 173 82 0
picture 14053 840 894 92 0
picture 14054 840 800 94 0
picture 14055 868 406 73 0
picture 14056 868 872 58 0
picture 14057 868 752 62 0
picture 14058 868 479 70 0
picture 14059 868 549 70 0
picture 14060 896 55 52 0
picture 14061 896 0 55 0
picture 14062 868 255 76 0
picture 14063 868 619 67 0
picture 14064 868 930 57 0
picture 14065 896 701 35 0
picture 14068 84 0 378 0
picture 14069 84 378 378 0
picture 14070 112 0 378 0
picture 14071 112 378 378 0
picture 14072 140 0 378 0
picture 14073 140 378 378 0
picture 14074 168 0 378 0
picture 14075 168 378 378 0
picture 14076 196 0 378 0
picture 14077 196 378 378 0
picture 14078 224 0 378 0
picture 14079 224 378 378 0
picture 14080 252 0 378 0
picture 14081 252 378 378 0
picture 14082 280 0 378 0
picture 14083 280 378 378 0
picture 14084 308 0 378 0
picture 14085 308 378 378 0
picture 14086 336 0 378 0
picture 14088 336 378 378 0
picture 14089 364 0 378 0
picture 14090 364 378 378 0
picture 14091 392 0 378 0
picture 14092 392 378 378 0
picture 14093 420 0 378 0
picture 14094 420 378 378 0
picture 14095 448 0 378 0
picture 14096 448 378 378 0
picture 14097 476 0 378 0
picture 14098 476 378 378 0
picture 14099 504 0 378 0
picture 14100 504 378 378 0
picture 14101 532 0 378 0
picture 14102 532 378 378 0
picture 14103 560 0 378 0
picture 14104 560 378 378 0
picture 14105 588 0 378 0
picture 14106 588 378 378 0
picture 14107 616 0 378 0
picture 14108 616 378 378 0
picture 14109 644 0 378 0
picture 14110 644 378 378 0
picture 14111 672 0 378 0
picture 14112 672 378 378 0
picture 14113 700 0 378 0
picture 14114 700 378 378 0
picture 14115 728 0 378 0
picture 14116 728 378 378 0
picture 14117 756 0 378 0
object 1 0 left 14093
object 2 0 left 14094
object 3 0 left 14095
object 4 0 left 14096
object 5 0 left 14097
object 6 0 left 14098
object 7 0 left 14099
object 8 0 left 14100
object 9 0 left 14101
object 10 0 left 14102
object 11 0 left 14103
object 12 0 left 14104
object 13 0 left 14105
object 14 0 left 14106
object 15 0 left 14107
object 16 0 left 14088
object 17 0 left 14089
object 18 0 left 14090
object 19 0 left 14091
object 20 0 left 14092
object 21 0 left 14083
object 22 0 left 14084
object 23 0 left 14085
object 24 0 left 13964
object 25 0 left 13965
object 26 0 left 13966
object 27 0 left 13967
object 28 0 left 13968
object 29 0 left 13969
object 30 0 left 14097
object 31 0 left 14098
object 32 0 left 14099
object 33 0 left 14100
object 34 0 left 14101
object 35 0 left 14102
object 36 0 left 14103
object 37 0 left 14104
object 38 0 left 14105
object 39 0 left 14106
object 40 0 left 14107
object 41 0 left 14088
object 42 0 left 14089
object 43 0 left 14090
object 44 0 left 14091
object 45 0 left 14092
object 46 0 left 14083
object 47 0 left 14084
object 48 0 left 14085
object 49 0 left 14086
object 0 1 right 14072
object 3 1 left 755
object 3 1 right 756
object 15 1 left 755
object 15 1 right 756
object 31 1 left 755
object 31 1 right 756
object 32 1 left 755
object 32 1 right 756
object 39 1 left 755
object 39 1 right 756
object 43 1 left 755
object 43 1 right 756
object 0 2 right 14071
object 25 2 left 755
object 25 2 right 756
object 26 2 left 755
object 26 2 right 756
object 0 3 right 14070
object 10 3 left 14033
object 10 3 right 14034
object 0 4 right 14069
object 10 4 left 14027
object 10 4 right 14028
object 13 4 left 14033
object 13 4 right 14034
object 0 5 right 14068
object 8 5 left 14041
object 8 5 right 14042
object 9 5 left 14025
object 9 5 right 14026
object 12 5 left 14041
object 12 5 right 14042
object 13 5 left 14033
object 13 5 right 14034
object 14 5 left 14041
object 14 5 right 14042
object 0 6 right 14077
object 9 6 left 14033
object 9 6 right 14034
object 10 6 left 14041
object 10 6 right 14042
object 0 7 right 14076
object 9 7 left 14033
object 9 7 right 14034
object 11 7 left 14033
object 11 7 right 14034
object 12 7 left 14041
object 12 7 right 14042
object 0 8 right 14075
object 12 8 left 14041
object 12 8 right 14042
object 0 9 right 14074
object 0 10 right 14073
object 0 11 right 14082
object 0 12 right 14081
object 0 13 right 14080
object 9 13 left 11531
object 9 13 right 11532
object 0 14 right 14079
object 41 14 left 14031
object 41 14 right 14032
object 43 14 left 14041
object 43 14 right 14042
object 0 15 right 14078
object 1 15 left 755
object 1 15 right 756
object 39 15 left 11529
object 39 15 right 11530
object 40 15 left 14029
object 40 15 right 14030
object 41 15 left 14045
object 41 15 right 14046
object 42 15 left 11529
object 42 15 right 11530
object 45 15 left 14041
object 45 15 right 14042
object 0 16 right 14112
object 22 16 right 14056
object 40 16 left 14041
object 40 16 right 14042
object 42 16 left 14041
object 42 16 right 14042
object 46 16 left 14037
object 46 16 right 14038
object 0 17 right 14111
object 1 17 left 755
object 1 17 right 756
object 22 17 right 14055
object 23 17 left 14041
object 23 17 right 14042
object 25 17 left 14041
object 25 17 right 14042
object 42 17 left 14037
object 42 17 right 14038
object 0 18 right 14110
object 1 18 left 755
object 1 18 right 756
object 22 18 right 14054
object 25 18 left 14041
object 25 18 right 14042
object 42 18 left 14041
object 42 18 right 14042
object 0 19 right 14109
object 22 19 left 14052
object 22 19 right 14053
object 24 19 left 14041
object 24 19 right 14042
object 41 19 left 14041
object 41 19 right 14042
object 42 19 left 14037
object 42 19 right 14038
object 43 19 left 14041
object 43 19 right 14042
object 46 19 left 14041
object 46 19 right 14042
object 0 20 right 14108
object 21 20 left 14041
object 21 20 right 14042
object 23 20 left 14041
object 23 20 right 14042
object 24 20 left 14041
object 24 20 right 14042
object 42 20 left 14041
object 42 20 right 14042
object 43 20 left 14041
object 43 20 right 14042
object 0 21 right 14117
object 23 21 left 14041
object 23 21 right 14042
object 25 21 left 14041
object 25 21 right 14042
object 0 22 right 14116
object 0 23 right 14115
object 17 23 right 14024
object 0 24 right 14114
object 7 24 left 14041
object 7 24 right 14042
object 17 24 right 14023
object 0 25 right 14113
object 7 25 left 14059
object 7 25 right 14060
object 8 25 left 14033
object 8 25 right 14034
object 9 25 left 14041
object 9 25 right 14042
object 17 25 left 14021
object 17 25 right 14022
object 0 26 right 14072
object 5 26 left 14045
object 5 26 right 14046
object 6 26 left 14057
object 6 26 right 14058
object 7 26 left 14041
object 7 26 right 14042
object 8 26 left 14033
object 8 26 right 14034
object 9 26 left 14041
object 9 26 right 14042
object 10 26 left 14033
object 10 26 right 14034
object 14 26 left 14017
object 15 26 left 14018
object 16 26 left 14019
object 16 26 right 14020
object 17 26 left 11529
object 17 26 right 11530
object 0 27 right 14071
object 7 27 left 14033
object 7 27 right 14034
object 8 27 left 14041
object 8 27 right 14042
object 16 27 left 11533
object 16 27 right 11534
object 17 27 left 11533
object 17 27 right 11534
object 0 28 right 14070
object 0 29 right 14069
object 0 30 right 14068
object 0 31 right 14077
object 0 32 right 14076
object 0 33 right 14075
object 0 34 right 14074
object 29 34 right 14065
object 0 35 right 14073
object 29 35 right 14064
object 0 36 right 14082
object 7 36 left 11533
object 7 36 right 11534
object 29 36 right 14063
object 0 37 right 14081
object 29 37 left 14061
object 29 37 right 14062
object 0 38 right 14080
object 0 39 right 14079
object 0 40 right 14078
object 1 40 left 755
object 1 40 right 756
object 41 40 left 11533
object 41 40 right 11534
object 42 40 left 11529
object 42 40 right 11530
object 43 40 left 11529
object 43 40 right 11530
object 0 41 right 14112
object 42 41 left 11529
object 42 41 right 11530
object 43 41 left 11529
object 43 41 right 11530
object 44 41 left 11529
object 44 41 right 11530
object 0 42 right 14111
object 1 42 left 755
object 1 42 right 756
object 43 42 left 11533
object 43 42 right 11534
object 0 43 right 14110
object 1 43 left 755
object 1 43 right 756
object 0 44 right 14109
object 18 44 right 14051
object 0 45 right 14108
object 16 45 left 14047
object 17 45 left 14048
object 18 45 left 14049
object 18 45 right 14050
object 0 46 right 14117
object 16 46 left 11525
object 16 46 right 11526
object 17 46 left 11533
object 17 46 right 11534
object 18 46 left 11525
object 18 46 right 11526
object 0 47 right 14116
object 17 47 left 14041
object 17 47 right 14042
object 18 47 left 11525
object 18 47 right 11526
object 19 47 left 14041
object 19 47 right 14042
object 0 48 right 14115
object 0 49 right 14114
