# lod20584 — tools/dat-extract layout 이 만든다. 손으로 고치지 말 것.
size 50 50
blocked
###....####.....###.......#######.................
###....#####....###.......########.....#..........
####.....###.............##...####.....#..........
####....##.....................###................
####........#..............#..######..............
####............................###............#..
####.................###........##................
###..................#.##.......##.#..............
###....#.........................................#
##...........................................#####
##...........................................#####
##.........................................#...###
###...............................................
###...............................................
###..............#................................
####...........#.#....................###.........
####...............#...................#..........
####..........................................####
####..........#..#............................####
####..........##.#............................###.
####...#.......................................#..
####..............................................
####..............................................
###...............................................
###...............................................
###......................................#........
###.............................###...............
###............................#########.....#####
###............................##########..#######
###.........................#..###################
####...........................###################
####...........................###################
####.#.........................###################
####...........................###################
####...........................###################
####################...........###################
#####################..........###################
######################.........###################
######################.........###################
#######################........###################
#######################........###################
#######################........###################
#######################....#...###################
#######################........###################
#######################........###################
########################.......###################
##################################################
##################################################
##################################################
##################################################
floor
10947 10955 10963 10971 10979 10462 10462 10470 10478 10301 10763 10767 10985 10989 10993 10997 10422 10430 10806 10446 10454 10462 10470 10478 10797 10801 10317 9880 9879 9880 9879 9879 10422 9880 10438 10446 10454 10462 10470 9852 10301 10309 10317 10325 10333 10779 10784 10790 10422 10430
10946 10954 10962 10970 10978 10461 10461 10469 10477 10300 10308 10766 10984 10988 10992 10996 10421 10429 10802 10445 10824 10831 10469 10477 10796 10800 10316 9879 9879 9879 9880 9880 9880 9879 10437 10445 10453 10461 9849 9851 9854 10308 10316 10324 10332 10778 10783 10789 10793 10429
10945 10953 10961 10969 10977 10460 10460 10468 10810 10299 10307 10315 10983 10987 10991 10995 10420 10428 10436 10817 10823 10830 10837 10842 10299 10799 10315 10323 10331 10339 9879 9879 9879 9879 10436 10444 10452 10460 9848 9850 9853 10307 10315 10323 10331 10777 10782 10788 10420 10428
10944 10952 10960 10968 10976 10459 10459 10467 10809 10809 10306 10314 10982 10986 10990 10994 10419 10427 10435 10816 10822 10829 10836 10841 10298 10798 10313 10322 10330 10338 9880 9879 9879 9879 10435 10443 10451 10459 10467 10475 10298 10306 10314 10322 10330 10338 10781 10787 10792 10794
10943 10951 10959 10967 10975 10458 10458 10466 10808 10808 10305 10313 10321 10345 10345 10353 10418 10426 10434 10815 10821 10828 10835 10840 10297 10305 10313 10321 10329 10337 9879 9879 9879 9880 9879 9879 10450 10458 10466 10474 10297 10305 10313 10321 10329 10337 10780 10786 10791 10426
10942 10950 10958 10966 10974 10457 10732 10473 10296 10304 10312 10320 10328 10336 10344 10352 10417 10425 10433 10814 10820 10827 10834 9880 10296 10304 10312 10320 10328 10336 10344 10352 9879 9879 9879 10441 10449 10457 10465 10473 10296 10304 10312 10320 10328 10336 10344 10785 10417 10425
10941 10949 10957 10965 10973 10456 9830 9835 10295 10303 10311 10319 10327 10335 10343 10351 10416 10424 10432 10813 10819 10826 10833 9879 10295 10303 10311 10319 10327 10335 10343 10351 9879 9879 10432 10440 10448 10456 10464 10472 10295 10303 10311 10319 10327 10757 10759 10762 10797 10801
10907 10915 10923 10931 10939 9825 9829 9834 10327 10335 10343 10351 10416 10424 10432 10440 10448 10456 10464 10472 10818 9879 10832 9879 9879 10335 10343 10351 10416 10424 10432 10440 10448 10456 10464 10472 10295 10303 10311 10319 10327 10335 10343 10351 10756 10424 10758 10761 10796 10800
10906 10914 10922 10930 9821 9824 9828 9833 9837 10334 10342 10350 10737 10423 10431 10439 10447 10455 10463 10471 10294 10302 10310 10318 10326 10334 10342 10350 10415 10423 10431 10439 10447 10455 10463 10471 10294 10302 10310 10318 10326 10334 10342 10350 10415 10423 10470 10760 10764 10799
10905 10913 10921 10929 10937 9823 9827 9832 9836 10462 10470 10478 10301 10309 10317 10325 10333 10341 10349 10357 10422 10430 10438 10446 10454 10462 10470 10478 10301 10309 10317 10325 10333 10341 10349 10357 10422 10430 10438 10446 10454 10462 10470 10478 10301 10309 10469 10477 10763 10798
10904 10912 10920 10928 10936 9822 9826 9831 10453 10461 10469 10477 10300 10308 10316 10324 10332 10340 10348 10356 10421 10429 10437 10445 10453 10461 10469 10477 10300 10308 10316 10324 10332 10340 10348 10356 10421 10429 10437 10445 10327 10335 10343 10351 10416 10424 10432 10440 10448 10766
10903 10911 10919 10927 10735 10428 10436 10444 10452 10460 10468 10476 10299 10307 10315 10323 10331 10339 10347 10355 10420 10428 10436 10444 10452 10460 10468 10476 10299 10307 10315 10323 10331 10339 10347 10355 10420 10428 10436 10444 10326 10334 10342 10350 10415 10423 10431 10439 10447 10455
10902 10910 10918 10926 10934 10427 10435 10443 10451 10459 10467 10475 10342 10350 10415 10423 10431 10439 9775 10431 10439 10427 10435 10443 10451 10459 10467 10475 10298 10306 10314 10322 10330 10338 10346 10354 10424 10432 9845 10448 10456 10464 10470 10478 10301 10309 11036 11040 11044 11047
10901 10909 10917 10925 10933 10426 10434 10442 10450 10458 10466 10474 10470 10478 10301 9802 9808 9814 9774 10317 10325 10426 10434 10736 10450 10458 10466 10474 10297 10305 10327 10335 10343 10351 10416 10424 10423 9841 9844 10447 10455 10463 10469 10477 10300 10308 11035 11039 11043 11047
10900 10908 10916 10924 10932 9860 9864 9871 10449 10457 10465 10473 10469 10477 10300 9801 9807 9813 10853 10856 10858 10425 10433 10441 10449 10457 10465 10473 10296 10304 10326 10334 10342 10350 10415 10423 10309 9840 9843 10769 10770 10349 10468 10476 10299 10307 11034 11038 11042 11046
10948 10956 10964 10972 10979 9859 9863 9870 9877 10456 10464 10472 10468 10476 10299 9800 9806 9812 9817 10855 10857 10424 10432 10440 10448 10456 10464 10472 10295 10303 10454 10462 10470 10478 10301 10309 10308 9839 9842 10332 10340 10348 10467 10475 10298 10306 11033 11037 11041 11045
10947 10955 10963 10971 10979 9858 9862 9869 9876 10455 10463 10471 10467 10475 9796 9799 9805 9811 9816 10854 10453 10423 10431 10439 10447 10455 10463 10471 10294 10302 10453 10461 10469 10477 10300 10308 10307 10315 10323 10331 10339 10347 10466 10474 10296 9788 9790 9792 10752 10754
10946 10954 10962 10970 10978 9857 9861 9868 9875 10341 10349 10357 10466 10474 9795 9798 9804 9810 10427 10444 10452 10309 10317 10325 10333 10341 10349 10357 10422 10430 10452 10460 10468 10476 10299 10307 10306 10314 10322 10330 10338 10346 10465 10473 10295 10303 9789 9791 10327 10335
10945 10953 10961 10969 10977 10308 10316 9867 9874 10340 10348 10356 10465 10473 9794 9797 9803 9809 10328 10336 10344 10308 10316 10324 10332 10340 10348 10356 10421 10429 10451 10459 10467 10475 10298 10306 10314 10322 10330 10338 10448 10456 10464 10472 10477 10300 10308 10316 10803 10332
10944 10952 10960 10968 10976 10307 10315 9866 9873 10339 10347 10355 10464 10472 10295 10809 10311 10319 10327 10335 10432 10307 10315 10323 10331 10339 10347 10355 10420 10428 10450 10458 10466 10474 10297 10305 10313 10321 10329 9860 9864 9871 10461 10469 10476 10299 10307 10810 10802 10331
10943 10951 10959 10967 10975 10306 10314 9865 9872 10338 10346 10354 10419 10427 10435 10808 10451 10459 10467 10475 10298 10306 10314 10322 10330 10338 10346 10354 10419 10427 10449 10457 10465 10473 10296 10304 10312 10320 9856 9859 9863 9870 9877 10468 10475 10298 10306 10809 10811 10330
10942 10950 10958 10966 10974 10305 10313 10321 10329 10337 10345 10353 10418 10426 10434 10442 10450 10458 10466 10474 10297 10305 10313 10321 10329 10337 10345 10353 10418 10426 10734 10456 10464 10472 10295 10303 10311 10319 10317 9858 9862 9869 9876 10357 10474 10297 10305 10808 10335 10343
10941 10949 10957 10965 10973 10304 10731 10320 10328 10336 10344 10352 10417 10425 10433 10441 10449 10457 10465 10473 10296 10304 10312 10320 10328 10336 10344 10352 10417 10425 10447 10455 10463 10471 10294 10302 10310 10318 10316 9857 9861 9868 9875 10356 10474 10333 10341 10447 10431 10431
10907 10915 10923 10931 10939 10303 10730 10319 10327 10335 10343 10351 10416 10424 10737 10440 10448 10456 10464 10472 10295 10303 10311 10319 10327 10335 10343 10351 10416 10303 10311 10319 10327 10335 10343 10351 10416 10424 10315 10323 10331 9867 9874 10355 10473 10296 10304 10333 10450 10450
10906 10914 10922 10930 10938 10302 10310 10318 10326 10334 10342 10320 10328 10336 10344 10352 10417 10425 10433 10441 10294 10302 10310 10318 10326 10334 10824 10831 10415 10302 10310 10318 10326 10334 10342 10350 10415 10423 10314 10322 10330 9866 9873 10354 10731 10295 10303 10454 10462 10470
10905 10913 10921 10929 10937 9888 9897 9903 10454 10462 10470 10319 10327 10335 10343 10351 10416 10424 10432 10440 10422 10430 10438 10446 10454 10817 10823 10830 10837 10842 10438 10446 10454 10462 10470 10478 10301 10309 10327 10335 10343 9865 9872 10424 10730 10294 10302 10453 10461 10469
10904 10912 10920 10928 10936 9887 9896 9902 9906 10461 10469 10351 10416 10424 10432 9845 10448 10456 10464 10472 10421 10429 10437 10445 10453 10816 10822 10829 10836 10841 10366 10374 10382 10390 10398 10403 10408 10413 9951 9956 9961 9966 9971 9976 9981 9986 10186 10191 10196 10204
10903 10911 10919 10927 10935 9886 9895 9901 9905 10460 10468 10350 10415 10423 10441 10449 10457 10465 10473 10471 10420 10428 10436 10444 10452 10815 10821 10828 10835 10840 10365 10373 10381 10389 10397 10402 10407 10412 9950 9955 9960 9965 9970 9975 9980 9985 10185 10190 10195 10203
10902 10910 10918 10926 10934 9885 9894 9900 9904 10459 10467 10478 10301 10309 10440 10448 10456 10464 10472 10357 10419 10427 10435 10443 10451 10814 10820 10827 10834 10839 10364 10372 10380 10388 10396 10401 10406 10411 9949 9954 9959 9964 9969 9974 9979 9984 10184 10189 10194 10202
10901 10909 10917 10925 10933 10426 9893 9899 10450 10458 10466 10477 10300 10308 10439 10447 10455 10463 10471 10356 10418 10426 10434 10442 10450 10813 10819 10826 10833 10838 10363 10371 10379 10387 10395 10400 10405 10410 9948 9953 9958 9963 9968 9973 9978 9983 10183 10188 10193 10201
10900 10908 10916 10924 10932 10425 9892 9898 10449 10457 10465 10476 10299 10307 10325 10333 10341 10349 10357 10355 10417 10425 10433 10441 10449 10457 10818 10825 10832 10425 10362 10370 10378 10386 10394 10399 10404 10409 9947 9952 9957 9962 9967 9972 9977 9982 10182 10187 10192 10200
10245 10253 10261 10269 10277 9884 9891 10440 10737 10456 10464 10475 10298 10306 10324 10332 10340 10348 10356 10354 10416 10441 10734 10457 10465 10456 10464 10472 10295 10424 10361 10369 10377 10385 10393 7945 7950 7955 7960 7965 7945 7950 7955 7960 7965 7945 7950 7955 7960 7965
10244 10252 10260 10268 10276 9883 9890 10439 10447 10455 10463 10471 10738 10302 10310 10318 10326 10334 10351 10350 10415 10440 10733 10456 10464 10455 10463 10471 10294 10423 10360 10368 10376 10384 10392 7944 7949 7954 7959 7964 7944 7949 7954 7959 7964 7944 7949 7954 7959 7964
10243 10251 10259 10267 10275 9882 9889 10325 10333 10341 10349 10357 10422 10430 10438 10446 10454 10462 10470 10478 10301 10352 10417 10425 10433 10341 10349 10357 10422 10309 10359 10367 10375 10383 10391 7943 7948 7953 7958 7963 7943 7948 7953 7958 7963 7943 7948 7953 7958 7963
10242 10250 10258 10266 10274 10282 10287 10292 9911 9916 9921 9926 9930 9935 9940 9945 10186 10191 10196 10204 10212 10220 10228 10236 10332 10340 10348 10356 10421 10429 10584 10592 10600 10608 10616 8179 7947 7952 7957 7962 8179 7947 7952 7957 7962 8179 7947 7952 7957 7962
10241 10249 10257 10265 10273 10281 10286 10291 9910 9915 9920 9925 9929 9934 9939 9944 10185 10190 10195 10203 10211 10219 10227 10235 10331 10339 10347 10355 10420 10428 10583 10591 10599 10607 10615 8178 7946 7951 7956 7961 8178 7946 7951 7956 7961 8178 7946 7951 7956 7961
10240 10248 10256 10264 10272 10280 10285 10290 9909 9914 9919 9924 9920 9933 9938 9943 10184 10189 10194 10202 10210 10218 10226 10234 10330 10338 10346 10354 10419 10427 10582 10590 10598 10606 10614 7945 7950 7955 7960 7965 7945 7950 7955 7960 7965 7945 7950 7955 7960 7965
10239 10247 10255 10263 10271 10279 10284 10289 9908 9913 9918 9923 9928 9932 9937 9942 10183 10188 10193 10201 10209 10217 10225 10233 10329 10337 10345 10353 10418 10426 10581 10589 10597 10605 10613 7944 7949 7954 7959 7964 7944 7949 7954 7959 7964 7944 7949 7954 7959 7964
10238 10246 10254 10262 10270 10278 10283 10288 9907 9912 9917 9922 9927 9931 9936 9941 10182 10187 10192 10200 10208 10216 10224 10232 10328 10336 10344 10352 10417 10733 10580 10588 10596 10604 10612 7943 7948 7953 7958 7963 7943 7948 7953 7958 7963 7943 7948 7953 7958 7963
7945 7950 7955 7960 7965 7945 7950 7955 7960 7965 7955 7960 7965 7945 7950 7955 7960 7965 7965 10199 10207 10215 10223 10231 10327 10335 10343 10351 10416 10424 10579 10587 10595 10603 10611 8179 7947 7952 7957 7962 8179 7947 7952 7957 7962 8179 7947 7952 7957 7962
7944 7949 7954 7959 7964 7944 7949 7954 7959 7964 7954 7959 7964 7944 7949 7954 7959 7964 7964 10198 10206 10214 10222 10230 10326 10334 9830 9835 10415 10423 10578 10586 10594 10602 10610 8178 7946 7951 7956 7961 8178 7946 7951 7956 7961 8178 7946 7951 7956 7961
7943 7948 7953 7958 7963 7943 7948 7953 7958 7963 7953 7958 7963 7943 7948 7953 7958 7963 7963 10197 10205 10213 10221 10229 10454 9825 9829 9834 10301 10309 10577 10585 10593 10601 10609 7945 7950 7955 7960 7965 7945 7950 7955 7960 7965 7945 7950 7955 7960 7965
8179 7947 7952 7957 7962 8179 7947 7952 7957 7962 7952 7957 7962 8179 7947 7952 7957 7962 7962 10245 10253 10261 10269 10277 9821 9824 9828 9833 9837 10308 10640 10648 10656 10664 10672 7944 7949 7954 7959 7964 7944 7949 7954 7959 7964 7944 7949 7954 7959 7964
8178 7946 7951 7956 7961 8178 7946 7951 7956 7961 7951 7956 7961 8178 7946 7951 7956 7961 7961 10244 10252 10260 10268 10276 10452 9823 9827 9832 9836 10307 10639 10647 10655 10663 10671 7943 7948 7953 7958 7963 7943 7948 7953 7958 7963 7943 7948 7953 7958 7963
7945 7950 7955 7960 7965 7945 7950 7955 7945 7950 7955 7960 7965 7960 7945 7950 7955 7960 7965 10243 10251 10259 10267 10275 10451 9822 9826 9831 10298 10306 10638 10646 10654 10662 10670 8179 7947 7952 7957 7962 8179 7947 7952 7957 7962 8179 7947 7952 7957 7962
7944 7949 7954 7959 7964 7944 7949 7954 7944 7949 7954 7959 7964 7959 7944 7949 7954 7959 7964 10242 10250 10258 10266 10274 10282 10287 10292 10622 10627 10632 10637 10645 10653 10661 10669 8178 7946 7951 7956 7961 8178 7946 7951 7956 7961 8178 7946 7951 7956 7961
7943 7948 7953 7958 7963 7943 7948 7953 7943 7948 7953 7958 7963 7958 7943 7948 7953 7958 7963 10241 10249 10257 10265 10273 10281 10286 10291 10621 10626 10631 10636 10644 10652 10660 10668 7945 7950 7955 7960 7965 7945 7950 7955 7960 7965 7945 7950 7955 7960 7965
8179 7947 7952 7957 7962 8179 7947 7952 8179 7947 7952 7957 7962 7957 8179 7947 7952 7957 7962 10240 10248 10256 10264 10272 10280 10285 10290 10620 10625 10630 10635 10643 10651 10659 10667 7944 7949 7954 7959 7964 7944 7949 7954 7959 7964 7944 7949 7954 7959 7964
8178 7946 7951 7956 7961 8178 7946 7951 8178 7946 7951 7956 7961 7956 8178 7946 7951 7956 7961 10239 10247 10255 10263 10271 10279 10284 10289 10619 10624 10629 10634 10642 10650 10658 10666 7943 7948 7953 7958 7963 7943 7948 7953 7958 7963 7943 7948 7953 7958 7963
7945 7950 7955 7960 7965 7945 7950 7955 7960 7965 7945 7950 7955 7960 7965 7945 7950 7955 7960 7965 10246 10254 10262 10270 10278 10283 10288 10618 10623 10628 10633 10641 10649 10657 10665 8179 7947 7952 7957 7962 8179 7947 7952 7957 7962 8179 7947 7952 7957 7962
tile 7943 0 0
tile 7944 56 0
tile 7945 112 0
tile 7946 168 0
tile 7947 224 0
tile 7948 280 0
tile 7949 336 0
tile 7950 392 0
tile 7951 448 0
tile 7952 504 0
tile 7953 560 0
tile 7954 616 0
tile 7955 672 0
tile 7956 728 0
tile 7957 784 0
tile 7958 840 0
tile 7959 896 0
tile 7960 952 0
tile 7961 1008 0
tile 7962 1064 0
tile 7963 1120 0
tile 7964 1176 0
tile 7965 1232 0
tile 8178 1288 0
tile 8179 1344 0
tile 9774 1400 0
tile 9775 1456 0
tile 9788 1512 0
tile 9789 1568 0
tile 9790 0 27
tile 9791 56 27
tile 9792 112 27
tile 9794 168 27
tile 9795 224 27
tile 9796 280 27
tile 9797 336 27
tile 9798 392 27
tile 9799 448 27
tile 9800 504 27
tile 9801 560 27
tile 9802 616 27
tile 9803 672 27
tile 9804 728 27
tile 9805 784 27
tile 9806 840 27
tile 9807 896 27
tile 9808 952 27
tile 9809 1008 27
tile 9810 1064 27
tile 9811 1120 27
tile 9812 1176 27
tile 9813 1232 27
tile 9814 1288 27
tile 9816 1344 27
tile 9817 1400 27
tile 9821 1456 27
tile 9822 1512 27
tile 9823 1568 27
tile 9824 0 54
tile 9825 56 54
tile 9826 112 54
tile 9827 168 54
tile 9828 224 54
tile 9829 280 54
tile 9830 336 54
tile 9831 392 54
tile 9832 448 54
tile 9833 504 54
tile 9834 560 54
tile 9835 616 54
tile 9836 672 54
tile 9837 728 54
tile 9839 784 54
tile 9840 840 54
tile 9841 896 54
tile 9842 952 54
tile 9843 1008 54
tile 9844 1064 54
tile 9845 1120 54
tile 9848 1176 54
tile 9849 1232 54
tile 9850 1288 54
tile 9851 1344 54
tile 9852 1400 54
tile 9853 1456 54
tile 9854 1512 54
tile 9856 1568 54
tile 9857 0 81
tile 9858 56 81
tile 9859 112 81
tile 9860 168 81
tile 9861 224 81
tile 9862 280 81
tile 9863 336 81
tile 9864 392 81
tile 9865 448 81
tile 9866 504 81
tile 9867 560 81
tile 9868 616 81
tile 9869 672 81
tile 9870 728 81
tile 9871 784 81
tile 9872 840 81
tile 9873 896 81
tile 9874 952 81
tile 9875 1008 81
tile 9876 1064 81
tile 9877 1120 81
tile 9879 1176 81
tile 9880 1232 81
tile 9882 1288 81
tile 9883 1344 81
tile 9884 1400 81
tile 9885 1456 81
tile 9886 1512 81
tile 9887 1568 81
tile 9888 0 108
tile 9889 56 108
tile 9890 112 108
tile 9891 168 108
tile 9892 224 108
tile 9893 280 108
tile 9894 336 108
tile 9895 392 108
tile 9896 448 108
tile 9897 504 108
tile 9898 560 108
tile 9899 616 108
tile 9900 672 108
tile 9901 728 108
tile 9902 784 108
tile 9903 840 108
tile 9904 896 108
tile 9905 952 108
tile 9906 1008 108
tile 9907 1064 108
tile 9908 1120 108
tile 9909 1176 108
tile 9910 1232 108
tile 9911 1288 108
tile 9912 1344 108
tile 9913 1400 108
tile 9914 1456 108
tile 9915 1512 108
tile 9916 1568 108
tile 9917 0 135
tile 9918 56 135
tile 9919 112 135
tile 9920 168 135
tile 9921 224 135
tile 9922 280 135
tile 9923 336 135
tile 9924 392 135
tile 9925 448 135
tile 9926 504 135
tile 9927 560 135
tile 9928 616 135
tile 9929 672 135
tile 9930 728 135
tile 9931 784 135
tile 9932 840 135
tile 9933 896 135
tile 9934 952 135
tile 9935 1008 135
tile 9936 1064 135
tile 9937 1120 135
tile 9938 1176 135
tile 9939 1232 135
tile 9940 1288 135
tile 9941 1344 135
tile 9942 1400 135
tile 9943 1456 135
tile 9944 1512 135
tile 9945 1568 135
tile 9947 0 162
tile 9948 56 162
tile 9949 112 162
tile 9950 168 162
tile 9951 224 162
tile 9952 280 162
tile 9953 336 162
tile 9954 392 162
tile 9955 448 162
tile 9956 504 162
tile 9957 560 162
tile 9958 616 162
tile 9959 672 162
tile 9960 728 162
tile 9961 784 162
tile 9962 840 162
tile 9963 896 162
tile 9964 952 162
tile 9965 1008 162
tile 9966 1064 162
tile 9967 1120 162
tile 9968 1176 162
tile 9969 1232 162
tile 9970 1288 162
tile 9971 1344 162
tile 9972 1400 162
tile 9973 1456 162
tile 9974 1512 162
tile 9975 1568 162
tile 9976 0 189
tile 9977 56 189
tile 9978 112 189
tile 9979 168 189
tile 9980 224 189
tile 9981 280 189
tile 9982 336 189
tile 9983 392 189
tile 9984 448 189
tile 9985 504 189
tile 9986 560 189
tile 10182 616 189
tile 10183 672 189
tile 10184 728 189
tile 10185 784 189
tile 10186 840 189
tile 10187 896 189
tile 10188 952 189
tile 10189 1008 189
tile 10190 1064 189
tile 10191 1120 189
tile 10192 1176 189
tile 10193 1232 189
tile 10194 1288 189
tile 10195 1344 189
tile 10196 1400 189
tile 10197 1456 189
tile 10198 1512 189
tile 10199 1568 189
tile 10200 0 216
tile 10201 56 216
tile 10202 112 216
tile 10203 168 216
tile 10204 224 216
tile 10205 280 216
tile 10206 336 216
tile 10207 392 216
tile 10208 448 216
tile 10209 504 216
tile 10210 560 216
tile 10211 616 216
tile 10212 672 216
tile 10213 728 216
tile 10214 784 216
tile 10215 840 216
tile 10216 896 216
tile 10217 952 216
tile 10218 1008 216
tile 10219 1064 216
tile 10220 1120 216
tile 10221 1176 216
tile 10222 1232 216
tile 10223 1288 216
tile 10224 1344 216
tile 10225 1400 216
tile 10226 1456 216
tile 10227 1512 216
tile 10228 1568 216
tile 10229 0 243
tile 10230 56 243
tile 10231 112 243
tile 10232 168 243
tile 10233 224 243
tile 10234 280 243
tile 10235 336 243
tile 10236 392 243
tile 10238 448 243
tile 10239 504 243
tile 10240 560 243
tile 10241 616 243
tile 10242 672 243
tile 10243 728 243
tile 10244 784 243
tile 10245 840 243
tile 10246 896 243
tile 10247 952 243
tile 10248 1008 243
tile 10249 1064 243
tile 10250 1120 243
tile 10251 1176 243
tile 10252 1232 243
tile 10253 1288 243
tile 10254 1344 243
tile 10255 1400 243
tile 10256 1456 243
tile 10257 1512 243
tile 10258 1568 243
tile 10259 0 270
tile 10260 56 270
tile 10261 112 270
tile 10262 168 270
tile 10263 224 270
tile 10264 280 270
tile 10265 336 270
tile 10266 392 270
tile 10267 448 270
tile 10268 504 270
tile 10269 560 270
tile 10270 616 270
tile 10271 672 270
tile 10272 728 270
tile 10273 784 270
tile 10274 840 270
tile 10275 896 270
tile 10276 952 270
tile 10277 1008 270
tile 10278 1064 270
tile 10279 1120 270
tile 10280 1176 270
tile 10281 1232 270
tile 10282 1288 270
tile 10283 1344 270
tile 10284 1400 270
tile 10285 1456 270
tile 10286 1512 270
tile 10287 1568 270
tile 10288 0 297
tile 10289 56 297
tile 10290 112 297
tile 10291 168 297
tile 10292 224 297
tile 10294 280 297
tile 10295 336 297
tile 10296 392 297
tile 10297 448 297
tile 10298 504 297
tile 10299 560 297
tile 10300 616 297
tile 10301 672 297
tile 10302 728 297
tile 10303 784 297
tile 10304 840 297
tile 10305 896 297
tile 10306 952 297
tile 10307 1008 297
tile 10308 1064 297
tile 10309 1120 297
tile 10310 1176 297
tile 10311 1232 297
tile 10312 1288 297
tile 10313 1344 297
tile 10314 1400 297
tile 10315 1456 297
tile 10316 1512 297
tile 10317 1568 297
tile 10318 0 324
tile 10319 56 324
tile 10320 112 324
tile 10321 168 324
tile 10322 224 324
tile 10323 280 324
tile 10324 336 324
tile 10325 392 324
tile 10326 448 324
tile 10327 504 324
tile 10328 560 324
tile 10329 616 324
tile 10330 672 324
tile 10331 728 324
tile 10332 784 324
tile 10333 840 324
tile 10334 896 324
tile 10335 952 324
tile 10336 1008 324
tile 10337 1064 324
tile 10338 1120 324
tile 10339 1176 324
tile 10340 1232 324
tile 10341 1288 324
tile 10342 1344 324
tile 10343 1400 324
tile 10344 1456 324
tile 10345 1512 324
tile 10346 1568 324
tile 10347 0 351
tile 10348 56 351
tile 10349 112 351
tile 10350 168 351
tile 10351 224 351
tile 10352 280 351
tile 10353 336 351
tile 10354 392 351
tile 10355 448 351
tile 10356 504 351
tile 10357 560 351
tile 10359 616 351
tile 10360 672 351
tile 10361 728 351
tile 10362 784 351
tile 10363 840 351
tile 10364 896 351
tile 10365 952 351
tile 10366 1008 351
tile 10367 1064 351
tile 10368 1120 351
tile 10369 1176 351
tile 10370 1232 351
tile 10371 1288 351
tile 10372 1344 351
tile 10373 1400 351
tile 10374 1456 351
tile 10375 1512 351
tile 10376 1568 351
tile 10377 0 378
tile 10378 56 378
tile 10379 112 378
tile 10380 168 378
tile 10381 224 378
tile 10382 280 378
tile 10383 336 378
tile 10384 392 378
tile 10385 448 378
tile 10386 504 378
tile 10387 560 378
tile 10388 616 378
tile 10389 672 378
tile 10390 728 378
tile 10391 784 378
tile 10392 840 378
tile 10393 896 378
tile 10394 952 378
tile 10395 1008 378
tile 10396 1064 378
tile 10397 1120 378
tile 10398 1176 378
tile 10399 1232 378
tile 10400 1288 378
tile 10401 1344 378
tile 10402 1400 378
tile 10403 1456 378
tile 10404 1512 378
tile 10405 1568 378
tile 10406 0 405
tile 10407 56 405
tile 10408 112 405
tile 10409 168 405
tile 10410 224 405
tile 10411 280 405
tile 10412 336 405
tile 10413 392 405
tile 10415 448 405
tile 10416 504 405
tile 10417 560 405
tile 10418 616 405
tile 10419 672 405
tile 10420 728 405
tile 10421 784 405
tile 10422 840 405
tile 10423 896 405
tile 10424 952 405
tile 10425 1008 405
tile 10426 1064 405
tile 10427 1120 405
tile 10428 1176 405
tile 10429 1232 405
tile 10430 1288 405
tile 10431 1344 405
tile 10432 1400 405
tile 10433 1456 405
tile 10434 1512 405
tile 10435 1568 405
tile 10436 0 432
tile 10437 56 432
tile 10438 112 432
tile 10439 168 432
tile 10440 224 432
tile 10441 280 432
tile 10442 336 432
tile 10443 392 432
tile 10444 448 432
tile 10445 504 432
tile 10446 560 432
tile 10447 616 432
tile 10448 672 432
tile 10449 728 432
tile 10450 784 432
tile 10451 840 432
tile 10452 896 432
tile 10453 952 432
tile 10454 1008 432
tile 10455 1064 432
tile 10456 1120 432
tile 10457 1176 432
tile 10458 1232 432
tile 10459 1288 432
tile 10460 1344 432
tile 10461 1400 432
tile 10462 1456 432
tile 10463 1512 432
tile 10464 1568 432
tile 10465 0 459
tile 10466 56 459
tile 10467 112 459
tile 10468 168 459
tile 10469 224 459
tile 10470 280 459
tile 10471 336 459
tile 10472 392 459
tile 10473 448 459
tile 10474 504 459
tile 10475 560 459
tile 10476 616 459
tile 10477 672 459
tile 10478 728 459
tile 10577 784 459
tile 10578 840 459
tile 10579 896 459
tile 10580 952 459
tile 10581 1008 459
tile 10582 1064 459
tile 10583 1120 459
tile 10584 1176 459
tile 10585 1232 459
tile 10586 1288 459
tile 10587 1344 459
tile 10588 1400 459
tile 10589 1456 459
tile 10590 1512 459
tile 10591 1568 459
tile 10592 0 486
tile 10593 56 486
tile 10594 112 486
tile 10595 168 486
tile 10596 224 486
tile 10597 280 486
tile 10598 336 486
tile 10599 392 486
tile 10600 448 486
tile 10601 504 486
tile 10602 560 486
tile 10603 616 486
tile 10604 672 486
tile 10605 728 486
tile 10606 784 486
tile 10607 840 486
tile 10608 896 486
tile 10609 952 486
tile 10610 1008 486
tile 10611 1064 486
tile 10612 1120 486
tile 10613 1176 486
tile 10614 1232 486
tile 10615 1288 486
tile 10616 1344 486
tile 10618 1400 486
tile 10619 1456 486
tile 10620 1512 486
tile 10621 1568 486
tile 10622 0 513
tile 10623 56 513
tile 10624 112 513
tile 10625 168 513
tile 10626 224 513
tile 10627 280 513
tile 10628 336 513
tile 10629 392 513
tile 10630 448 513
tile 10631 504 513
tile 10632 560 513
tile 10633 616 513
tile 10634 672 513
tile 10635 728 513
tile 10636 784 513
tile 10637 840 513
tile 10638 896 513
tile 10639 952 513
tile 10640 1008 513
tile 10641 1064 513
tile 10642 1120 513
tile 10643 1176 513
tile 10644 1232 513
tile 10645 1288 513
tile 10646 1344 513
tile 10647 1400 513
tile 10648 1456 513
tile 10649 1512 513
tile 10650 1568 513
tile 10651 0 540
tile 10652 56 540
tile 10653 112 540
tile 10654 168 540
tile 10655 224 540
tile 10656 280 540
tile 10657 336 540
tile 10658 392 540
tile 10659 448 540
tile 10660 504 540
tile 10661 560 540
tile 10662 616 540
tile 10663 672 540
tile 10664 728 540
tile 10665 784 540
tile 10666 840 540
tile 10667 896 540
tile 10668 952 540
tile 10669 1008 540
tile 10670 1064 540
tile 10671 1120 540
tile 10672 1176 540
tile 10730 1232 540
tile 10731 1288 540
tile 10732 1344 540
tile 10733 1400 540
tile 10734 1456 540
tile 10735 1512 540
tile 10736 1568 540
tile 10737 0 567
tile 10738 56 567
tile 10752 112 567
tile 10754 168 567
tile 10756 224 567
tile 10757 280 567
tile 10758 336 567
tile 10759 392 567
tile 10760 448 567
tile 10761 504 567
tile 10762 560 567
tile 10763 616 567
tile 10764 672 567
tile 10766 728 567
tile 10767 784 567
tile 10769 840 567
tile 10770 896 567
tile 10777 952 567
tile 10778 1008 567
tile 10779 1064 567
tile 10780 1120 567
tile 10781 1176 567
tile 10782 1232 567
tile 10783 1288 567
tile 10784 1344 567
tile 10785 1400 567
tile 10786 1456 567
tile 10787 1512 567
tile 10788 1568 567
tile 10789 0 594
tile 10790 56 594
tile 10791 112 594
tile 10792 168 594
tile 10793 224 594
tile 10794 280 594
tile 10796 336 594
tile 10797 392 594
tile 10798 448 594
tile 10799 504 594
tile 10800 560 594
tile 10801 616 594
tile 10802 672 594
tile 10803 728 594
tile 10806 784 594
tile 10808 840 594
tile 10809 896 594
tile 10810 952 594
tile 10811 1008 594
tile 10813 1064 594
tile 10814 1120 594
tile 10815 1176 594
tile 10816 1232 594
tile 10817 1288 594
tile 10818 1344 594
tile 10819 1400 594
tile 10820 1456 594
tile 10821 1512 594
tile 10822 1568 594
tile 10823 0 621
tile 10824 56 621
tile 10825 112 621
tile 10826 168 621
tile 10827 224 621
tile 10828 280 621
tile 10829 336 621
tile 10830 392 621
tile 10831 448 621
tile 10832 504 621
tile 10833 560 621
tile 10834 616 621
tile 10835 672 621
tile 10836 728 621
tile 10837 784 621
tile 10838 840 621
tile 10839 896 621
tile 10840 952 621
tile 10841 1008 621
tile 10842 1064 621
tile 10853 1120 621
tile 10854 1176 621
tile 10855 1232 621
tile 10856 1288 621
tile 10857 1344 621
tile 10858 1400 621
tile 10900 1456 621
tile 10901 1512 621
tile 10902 1568 621
tile 10903 0 648
tile 10904 56 648
tile 10905 112 648
tile 10906 168 648
tile 10907 224 648
tile 10908 280 648
tile 10909 336 648
tile 10910 392 648
tile 10911 448 648
tile 10912 504 648
tile 10913 560 648
tile 10914 616 648
tile 10915 672 648
tile 10916 728 648
tile 10917 784 648
tile 10918 840 648
tile 10919 896 648
tile 10920 952 648
tile 10921 1008 648
tile 10922 1064 648
tile 10923 1120 648
tile 10924 1176 648
tile 10925 1232 648
tile 10926 1288 648
tile 10927 1344 648
tile 10928 1400 648
tile 10929 1456 648
tile 10930 1512 648
tile 10931 1568 648
tile 10932 0 675
tile 10933 56 675
tile 10934 112 675
tile 10935 168 675
tile 10936 224 675
tile 10937 280 675
tile 10938 336 675
tile 10939 392 675
tile 10941 448 675
tile 10942 504 675
tile 10943 560 675
tile 10944 616 675
tile 10945 672 675
tile 10946 728 675
tile 10947 784 675
tile 10948 840 675
tile 10949 896 675
tile 10950 952 675
tile 10951 1008 675
tile 10952 1064 675
tile 10953 1120 675
tile 10954 1176 675
tile 10955 1232 675
tile 10956 1288 675
tile 10957 1344 675
tile 10958 1400 675
tile 10959 1456 675
tile 10960 1512 675
tile 10961 1568 675
tile 10962 0 702
tile 10963 56 702
tile 10964 112 702
tile 10965 168 702
tile 10966 224 702
tile 10967 280 702
tile 10968 336 702
tile 10969 392 702
tile 10970 448 702
tile 10971 504 702
tile 10972 560 702
tile 10973 616 702
tile 10974 672 702
tile 10975 728 702
tile 10976 784 702
tile 10977 840 702
tile 10978 896 702
tile 10979 952 702
tile 10982 1008 702
tile 10983 1064 702
tile 10984 1120 702
tile 10985 1176 702
tile 10986 1232 702
tile 10987 1288 702
tile 10988 1344 702
tile 10989 1400 702
tile 10990 1456 702
tile 10991 1512 702
tile 10992 1568 702
tile 10993 0 729
tile 10994 56 729
tile 10995 112 729
tile 10996 168 729
tile 10997 224 729
tile 11033 280 729
tile 11034 336 729
tile 11035 392 729
tile 11036 448 729
tile 11037 504 729
tile 11038 560 729
tile 11039 616 729
tile 11040 672 729
tile 11041 728 729
tile 11042 784 729
tile 11043 840 729
tile 11044 896 729
tile 11045 952 729
tile 11046 1008 729
tile 11047 1064 729
picture 10013 392 45 44 0
picture 10014 392 348 41 0
picture 10255 364 440 53 0
picture 10256 364 493 53 0
picture 10280 392 221 43 0
picture 10281 392 689 31 0
picture 10288 336 652 74 0
picture 10289 336 575 77 0
picture 10429 364 170 54 0
picture 10430 364 224 54 0
picture 10435 364 278 54 0
picture 10436 364 332 54 0
picture 10443 392 389 41 0
picture 10444 364 599 49 0
picture 10445 392 471 37 0
picture 10446 364 746 48 0
picture 10447 392 430 41 0
picture 10448 364 794 48 0
picture 10449 364 934 45 0
picture 10450 392 264 42 0
picture 10451 364 648 49 0
picture 10452 392 89 44 0
picture 10453 364 697 49 0
picture 10454 392 133 44 0
picture 10489 112 204 200 0
picture 10490 84 224 214 0
picture 10491 28 272 271 0
picture 10492 0 333 303 0
picture 10493 0 0 333 0
picture 10494 56 270 261 0
picture 10495 112 404 200 0
picture 10496 84 0 224 0
picture 10497 28 543 271 0
picture 10498 0 636 285 0
picture 10499 28 0 272 0
picture 10500 56 0 270 0
picture 10501 56 531 256 0
picture 10503 252 430 140 0
picture 10504 224 163 156 0
picture 10505 140 581 190 0
picture 10506 140 771 187 0
picture 10507 112 604 200 0
picture 10508 84 652 204 0
picture 10509 252 570 138 0
picture 10510 308 636 94 0
picture 10511 392 582 36 0
picture 10512 364 58 56 0
picture 10513 364 114 56 0
picture 10514 112 0 204 0
picture 10515 56 787 229 0
picture 10516 84 438 214 0
picture 10517 196 181 177 0
picture 10518 196 358 175 0
picture 10519 224 0 163 0
picture 10520 280 0 127 0
picture 10521 336 254 81 0
picture 10522 308 534 102 0
picture 10523 224 475 153 0
picture 10524 168 374 185 0
picture 10525 112 804 200 0
picture 10526 168 559 185 0
picture 10527 196 533 167 0
picture 10528 252 0 146 0
picture 10529 308 327 104 0
picture 10531 308 730 94 0
picture 10532 252 708 133 0
picture 10533 224 778 149 0
picture 10534 168 744 181 0
picture 10535 140 0 197 0
picture 10536 196 0 181 0
picture 10537 224 628 150 0
picture 10538 280 739 115 0
picture 10539 336 0 85 0
picture 10540 308 431 103 0
picture 10541 280 621 118 0
picture 10542 280 127 126 0
picture 10543 280 502 119 0
picture 10544 280 854 113 0
picture 10545 392 508 37 0
picture 10546 336 932 63 0
picture 10547 336 867 65 0
picture 10548 364 979 45 0
picture 10553 308 918 89 0
picture 10554 308 824 94 0
picture 10555 392 720 29 0
picture 10556 280 253 126 0
picture 10557 252 841 130 0
picture 10558 308 0 113 0
picture 10559 392 0 45 0
picture 10560 336 798 69 0
picture 10561 336 335 80 0
picture 10562 364 386 54 0
picture 10563 336 726 72 0
picture 10564 308 113 107 0
picture 10565 308 220 107 0
picture 10566 336 415 80 0
picture 10567 392 654 35 0
picture 10568 392 749 28 0
picture 10569 392 177 44 0
picture 10570 392 545 37 0
picture 10575 196 700 165 0
picture 10576 140 197 192 0
picture 10577 140 389 192 0
picture 10578 252 146 142 0
picture 10586 336 170 84 0
picture 10587 252 288 142 0
picture 10588 224 319 156 0
picture 10589 168 0 187 0
picture 10590 168 187 187 0
picture 10591 280 379 123 0
picture 10605 336 495 80 0
picture 10606 336 85 85 0
picture 10607 364 0 58 0
picture 10608 364 546 53 0
picture 10611 392 618 36 0
picture 10612 392 306 42 0
picture 10613 364 842 46 0
picture 10614 364 888 46 0
object 17 0 right 10578
object 18 0 left 10607
object 18 0 right 10608
object 26 0 left 10447
object 26 0 right 10448
object 28 0 left 10613
object 28 0 right 10614
object 30 0 left 10613
object 30 0 right 10614
object 31 0 left 10613
object 31 0 right 10614
object 7 1 left 10586
object 11 1 right 10591
object 16 1 left 10575
object 17 1 left 10576
object 17 1 right 10577
object 18 1 left 10605
object 18 1 right 10606
object 25 1 right 10555
object 26 1 left 10445
object 26 1 right 10446
object 27 1 left 10613
object 27 1 right 10614
object 28 1 left 10613
object 28 1 right 10614
object 29 1 left 10613
object 29 1 right 10614
object 30 1 left 10613
object 30 1 right 10614
object 31 1 left 10613
object 31 1 right 10614
object 33 1 left 10613
object 33 1 right 10614
object 39 1 right 10548
object 9 2 left 10587
object 10 2 left 10588
object 11 2 left 10589
object 11 2 right 10590
object 25 2 left 10553
object 25 2 right 10554
object 26 2 left 10443
object 26 2 right 10444
object 30 2 left 10613
object 30 2 right 10614
object 31 2 left 10613
object 31 2 right 10614
object 32 2 left 10613
object 32 2 right 10614
object 33 2 left 10613
object 33 2 right 10614
object 38 2 left 10545
object 39 2 left 10546
object 39 2 right 10547
object 8 3 left 10611
object 8 3 right 10612
object 9 3 left 10611
object 9 3 right 10612
object 22 3 right 10529
object 31 3 left 10613
object 31 3 right 10614
object 32 3 left 10613
object 32 3 right 10614
object 33 3 left 10613
object 33 3 right 10614
object 47 3 right 10495
object 12 4 left 10429
object 12 4 right 10430
object 22 4 right 10528
object 27 4 left 10013
object 27 4 right 10014
object 30 4 left 10613
object 30 4 right 10614
object 31 4 left 10613
object 31 4 right 10614
object 32 4 left 10613
object 32 4 right 10614
object 34 4 left 10613
object 34 4 right 10614
object 35 4 left 10613
object 35 4 right 10614
object 47 4 right 10494
object 22 5 right 10527
object 32 5 left 10613
object 32 5 right 10614
object 33 5 left 10613
object 33 5 right 10614
object 34 5 left 10613
object 34 5 right 10614
object 44 5 left 10489
object 45 5 left 10490
object 46 5 left 10491
object 47 5 left 10492
object 47 5 right 10493
object 18 6 left 10521
object 19 6 left 10522
object 20 6 left 10523
object 21 6 left 10524
object 22 6 left 10525
object 22 6 right 10526
object 23 6 left 10613
object 23 6 right 10614
object 32 6 left 10613
object 32 6 right 10614
object 33 6 left 10613
object 33 6 right 10614
object 21 7 left 10613
object 21 7 right 10614
object 23 7 left 10613
object 23 7 right 10614
object 24 7 left 10613
object 24 7 right 10614
object 32 7 left 10451
object 32 7 right 10452
object 33 7 left 10449
object 33 7 right 10450
object 35 7 left 10453
object 35 7 right 10454
object 49 7 right 10555
object 1 8 left 10503
object 2 8 left 10504
object 3 8 left 10505
object 4 8 left 10506
object 5 8 left 10507
object 6 8 left 10508
object 7 8 left 10509
object 7 8 right 10510
object 49 8 left 10553
object 49 8 right 10554
object 45 10 left 10586
object 49 10 right 10591
object 43 11 left 10435
object 43 11 right 10436
object 47 11 left 10587
object 48 11 left 10588
object 49 11 left 10589
object 49 11 right 10590
object 17 14 right 10539
object 38 14 right 10544
object 17 15 right 10538
object 19 15 right 10558
object 36 15 left 10540
object 37 15 left 10541
object 38 15 left 10542
object 38 15 right 10543
object 39 15 left 10568
object 40 15 left 10569
object 40 15 right 10570
object 17 16 right 10537
object 19 16 left 10556
object 19 16 right 10557
object 39 16 left 10280
object 39 16 right 10281
object 17 17 right 10536
object 47 17 right 10567
object 49 17 right 10562
object 7 18 right 10501
object 14 18 left 10531
object 15 18 left 10532
object 16 18 left 10533
object 17 18 left 10534
object 17 18 right 10535
object 47 18 right 10566
object 48 18 left 10559
object 49 18 left 10560
object 49 18 right 10561
object 7 19 right 10500
object 14 19 left 10288
object 14 19 right 10289
object 15 19 left 10611
object 15 19 right 10612
object 17 19 left 10255
object 17 19 right 10256
object 46 19 left 10563
object 47 19 left 10564
object 47 19 right 10565
object 48 19 left 10605
object 48 19 right 10606
object 5 20 left 10496
object 6 20 left 10497
object 7 20 left 10498
object 7 20 right 10499
object 47 20 left 10611
object 47 20 right 10612
object 41 23 right 10501
object 5 24 right 10520
object 41 24 right 10500
object 5 25 right 10519
object 39 25 left 10496
object 40 25 left 10497
object 41 25 left 10498
object 41 25 right 10499
object 5 26 right 10518
object 28 26 right 10529
object 5 27 right 10517
object 28 27 right 10528
object 5 28 right 10516
object 28 28 right 10527
object 5 29 right 10515
object 13 29 left 10540
object 25 29 left 10522
object 26 29 left 10523
object 27 29 left 10524
object 28 29 left 10525
object 28 29 right 10526
object 5 30 right 10514
object 5 31 right 10513
object 5 32 left 10511
object 5 32 right 10512
object 21 42 left 10503
object 22 42 left 10504
object 23 42 left 10505
object 24 42 left 10506
object 25 42 left 10507
object 26 42 left 10508
object 27 42 left 10509
object 27 42 right 10510
