# lod20377 — tools/dat-extract layout 이 만든다. 손으로 고치지 말 것.
size 13 20
blocked
#############
###.###......
##...........
##.#.........
#............
##...........
#............
#.#..........
##...........
##...........
#............
#####.#######
####...#.####
#####........
##...........
####.........
####.........
##...........
####.........
####.........
floor
9160 9165 9170 9175 9200 9205 9210 9215 9160 9165 9170 9175 9200
9159 9164 9169 9174 9199 9204 9209 9214 9159 9164 9169 9174 9199
9158 9204 9168 9173 9198 9203 9208 9213 9158 9163 9168 9173 9198
9157 9203 9167 9172 9197 9202 9207 9212 9157 9162 9167 9172 9197
9156 9161 12210 12213 12216 9201 9206 9211 9156 9161 9166 7941 7938
9200 9205 12209 12212 12215 9165 9170 9175 9200 9205 9210 7920 7937
9199 9204 12208 12211 12214 9164 9169 9174 9199 9204 9209 7918 7937
9198 9203 9208 9213 9158 9163 9168 9173 9198 9203 9208 7932 7929
9197 9202 12353 9212 9157 9162 9167 9172 9197 9202 9207 9212 9157
9196 9201 12352 9211 9156 9161 9166 9171 9196 9201 9206 9211 9156
9160 9165 9170 9175 9200 9205 9210 9215 9180 9185 9190 9195 9200
9159 9164 9169 9174 9199 9204 9209 9214 9179 9184 9189 9194 9199
9158 9163 9168 9173 9198 9203 9208 9213 9178 9183 9188 9193 9198
9157 9162 9167 9172 9197 9202 9207 9212 9177 9182 9187 9192 9197
9156 9161 9166 9171 9196 11461 11463 11495 11497 11499 11473 11475 9196
9200 9205 9210 9215 9160 11460 11462 11494 11496 11498 11472 11474 9180
9199 9204 9209 9214 9159 11488 11491 11504 11501 11504 11478 11481 9179
9198 9203 9208 9213 9158 11465 11467 11483 11485 11487 11469 11471 9178
9197 9202 9207 9212 9157 11464 11466 11482 11484 11486 11468 11470 9177
9160 9165 9170 9175 9200 9205 9210 9215 9160 9165 9170 9175 9200
tile 7918 0 0
tile 7920 56 0
tile 7929 112 0
tile 7932 168 0
tile 7937 224 0
tile 7938 280 0
tile 7941 336 0
tile 9156 392 0
tile 9157 448 0
tile 9158 504 0
tile 9159 560 0
tile 9160 0 27
tile 9161 56 27
tile 9162 112 27
tile 9163 168 27
tile 9164 224 27
tile 9165 280 27
tile 9166 336 27
tile 9167 392 27
tile 9168 448 27
tile 9169 504 27
tile 9170 560 27
tile 9171 0 54
tile 9172 56 54
tile 9173 112 54
tile 9174 168 54
tile 9175 224 54
tile 9177 280 54
tile 9178 336 54
tile 9179 392 54
tile 9180 448 54
tile 9182 504 54
tile 9183 560 54
tile 9184 0 81
tile 9185 56 81
tile 9187 112 81
tile 9188 168 81
tile 9189 224 81
tile 9190 280 81
tile 9192 336 81
tile 9193 392 81
tile 9194 448 81
tile 9195 504 81
tile 9196 560 81
tile 9197 0 108
tile 9198 56 108
tile 9199 112 108
tile 9200 168 108
tile 9201 224 108
tile 9202 280 108
tile 9203 336 108
tile 9204 392 108
tile 9205 448 108
tile 9206 504 108
tile 9207 560 108
tile 9208 0 135
tile 9209 56 135
tile 9210 112 135
tile 9211 168 135
tile 9212 224 135
tile 9213 280 135
tile 9214 336 135
tile 9215 392 135
tile 11460 448 135
tile 11461 504 135
tile 11462 560 135
tile 11463 0 162
tile 11464 56 162
tile 11465 112 162
tile 11466 168 162
tile 11467 224 162
tile 11468 280 162
tile 11469 336 162
tile 11470 392 162
tile 11471 448 162
tile 11472 504 162
tile 11473 560 162
tile 11474 0 189
tile 11475 56 189
tile 11478 112 189
tile 11481 168 189
tile 11482 224 189
tile 11483 280 189
tile 11484 336 189
tile 11485 392 189
tile 11486 448 189
tile 11487 504 189
tile 11488 560 189
tile 11491 0 216
tile 11494 56 216
tile 11495 112 216
tile 11496 168 216
tile 11497 224 216
tile 11498 280 216
tile 11499 336 216
tile 11501 392 216
tile 11504 448 216
tile 12208 504 216
tile 12209 560 216
tile 12210 0 243
tile 12211 56 243
tile 12212 112 243
tile 12213 168 243
tile 12214 224 243
tile 12215 280 243
tile 12216 336 243
tile 12352 392 243
tile 12353 448 243
picture 10801 140 471 61 0
picture 10802 112 675 83 0
picture 10803 140 276 66 0
picture 10833 140 653 54 0
picture 10834 140 0 70 0
picture 10835 140 70 70 0
picture 10836 140 593 60 0
picture 10992 56 387 120 0
picture 10993 0 726 134 0
picture 10994 56 507 119 0
picture 11290 0 584 142 0
picture 11291 0 296 145 0
picture 11305 112 573 102 0
picture 11321 112 758 77 0
picture 11322 112 835 77 0
picture 11345 140 976 35 0
picture 11346 168 0 35 0
picture 11731 168 35 34 0
picture 11732 140 853 47 0
picture 11733 140 757 48 0
picture 11734 140 805 48 0
picture 11735 168 69 34 0
picture 11817 0 860 131 0
picture 11818 0 149 147 0
picture 11819 0 441 143 0
picture 11820 0 0 149 0
picture 11821 112 460 113 0
picture 11912 84 464 115 0
picture 11913 28 0 129 0
picture 11914 56 626 116 0
picture 11921 84 579 115 0
picture 11922 28 129 129 0
picture 11923 56 742 116 0
picture 11924 84 694 115 0
picture 11925 28 258 129 0
picture 11926 56 858 116 0
picture 11927 28 387 129 0
picture 11928 28 516 129 0
picture 11929 84 809 115 0
picture 11930 28 645 129 0
picture 11935 84 0 116 0
picture 11936 28 774 129 0
picture 11937 112 0 115 0
picture 11938 84 116 116 0
picture 11939 56 0 129 0
picture 11940 112 115 115 0
picture 11941 84 232 116 0
picture 11942 56 129 129 0
picture 11943 112 230 115 0
picture 11947 84 348 116 0
picture 11948 56 258 129 0
picture 11949 112 345 115 0
picture 12112 140 900 40 0
picture 12113 140 532 61 0
picture 12114 112 912 73 0
picture 12115 140 342 65 0
picture 12116 140 940 36 0
picture 12124 140 140 68 0
picture 12125 140 208 68 0
picture 12126 140 707 50 0
picture 12127 140 407 64 0
picture 12377 168 103 26 0
picture 12378 168 129 12 0
object 1 0 left 11928
object 2 0 left 11939
object 2 0 right 11940
object 3 0 left 11935
object 4 0 left 11936
object 4 0 right 11937
object 5 0 left 11947
object 6 0 left 11948
object 6 0 right 11949
object 7 0 left 11947
object 8 0 left 11948
object 8 0 right 11949
object 9 0 left 11938
object 10 0 left 11939
object 10 0 right 11940
object 11 0 left 11935
object 12 0 left 11936
object 12 0 right 11937
object 0 1 right 11927
object 1 1 left 10801
object 2 1 left 10802
object 2 1 right 10803
object 3 1 right 11305
object 4 1 left 10833
object 5 1 left 10834
object 6 1 left 10835
object 6 1 right 10836
object 9 1 right 11305
object 0 2 left 11921
object 0 2 right 11922
object 1 2 right 10994
object 0 3 right 11926
object 1 3 left 10992
object 1 3 right 10993
object 3 3 left 12126
object 3 3 right 12127
object 0 4 left 11924
object 0 4 right 11925
object 0 5 right 11923
object 1 5 left 11290
object 1 5 right 11291
object 0 6 left 11921
object 0 6 right 11922
object 0 7 right 11926
object 2 7 left 11734
object 2 7 right 11735
object 0 8 left 11924
object 0 8 right 11925
object 1 8 right 11733
object 0 9 right 11914
object 1 9 left 11731
object 1 9 right 11732
object 2 9 left 12377
object 2 9 right 12378
object 0 10 left 11912
object 0 10 right 11913
object 0 11 right 11926
object 1 11 left 11928
object 2 11 left 11939
object 2 11 right 11940
object 3 11 left 11935
object 4 11 left 11936
object 4 11 right 11937
object 5 11 left 11941
object 6 11 left 11942
object 6 11 right 11943
object 7 11 left 11935
object 8 11 left 11936
object 8 11 right 11937
object 9 11 left 11938
object 10 11 left 11939
object 10 11 right 11940
object 11 11 left 11935
object 12 11 left 11936
object 12 11 right 11937
object 0 12 left 11924
object 0 12 right 11927
object 3 12 right 12116
object 4 12 right 11305
object 7 12 left 11321
object 7 12 right 11322
object 8 12 right 11305
object 9 12 left 11817
object 10 12 left 11818
object 11 12 left 11819
object 12 12 left 11820
object 12 12 right 11821
object 0 13 right 11914
object 1 13 left 12112
object 2 13 left 12113
object 3 13 left 12114
object 3 13 right 12115
object 4 13 left 11345
object 4 13 right 11346
object 0 14 left 11912
object 0 14 right 11913
object 1 14 left 12124
object 1 14 right 12125
object 0 15 right 11914
object 3 15 right 12116
object 0 16 left 11912
object 0 16 right 11913
object 1 16 left 12112
object 2 16 left 12113
object 3 16 left 12114
object 3 16 right 12115
object 0 17 right 11914
object 1 17 left 12124
object 1 17 right 12125
object 0 18 left 11912
object 0 18 right 11913
object 3 18 right 12116
object 0 19 left 11929
object 0 19 right 11930
object 1 19 left 12112
object 2 19 left 12113
object 3 19 left 12114
object 3 19 right 12115
