# lod20682 — tools/dat-extract layout 이 만든다. 손으로 고치지 말 것.
size 100 100
blocked
..............#############.......##...................................#............................
..............##############......##......######.........#............#.....................#.......
..#...........#############............#...#......#........##..........................#............
..............#########.###.............##...#.............#.....................#..............#...
..............##########.###..........#.........................................###..##..#..........
...##.........#############...........................#.............#..#.........#..................
...##...#.....#####...........#..................#............................#............#........
...........#..#######................#.....................#.........................#.....#........
..............####...............................#...................................##.............
............................#.................#....................................##.........#..#..
.............................................###..................................###.......#...###.
...........#..................................#...............#..................................#..
..........###.......#...........................#............###....#.................#.........#...
......#....#..............................................#...#.............................##......
....#...............................................#....###.......#.......................#........
.......#..................#...........#................#..#.......##......#...........#....#........
....#...............................................................................................
.....................#..............#................................#..............#...............
..................#..#..................#.........##..............#..#...#..............#...........
....................................#.............##...................................#............
...................................###................................................###...........
..........#.....#...................#....#................#.....#......................#.#..........
.......................#...............................................#............................
...................#.............#.................................#.............#..................
....................................................................................................
.......#.........................#.....................#............................................
.............................##.##..................................................................
.......#.#...#..##...........##.......#................#.#.......#..............##....#.............
.....#.........###......................#......#..#.............................##......#......#..#.
...........#.................................#.............#.................................#......
....................................................................................................
..#.....................#.......................#.#.....................#.............#.........#...
........#..................................................#........................................
.......###................#...............................###.............#.........................
........#..................................................#........................................
...................#...............#...............................#...............#................
........#........................#......................#........................#.########.........
............................................................................#......########.........
.....................#........................##.....................#.............########...##....
.......#.....................................#.........#...........................########..#......
...........#........#.........#............................#........#..............#########........
.............................###................#......#..............................#...#.....#...
.....#........................#......................#..............................................
....................................................................................................
........#...#...#........#.......................#..........#...#........#.......................#..
............................#........#.#....................................#........#.#.........#..
......#..........................................................................................#..
.......................###..........................................................................
.....#.....#.............#....................................#............#........................
..........###.........#...................................#..#............###...............#.......
...........#......................................#........##..............#...........#............
.....................###...................................##.......................................
........#............###...........#..........................#.....................................
.......#.............#............##................................#...............................
..........##........##.........................#######........................#............#........
..........##...................................#######.....#.....................#...#..............
....................................#..........#######..........................###.................
.....#.............................###.........######............................#........#...#.....
....................................#..........#######..............................................
...............................................###..................................................
...........................................#...###..................#...........................#...
...........................................#...###...............................................#..
...........................................######...#...##......................................###.
............................................#.#..######...#...#...........#...........#.......#..#..
..#....................................#.........#...........###....................................
..........................................................#...#......#..............#...............
..........................................................#.......#..#..................#...........
....................#...............................................................................
.................#............#.....................................................................
....#...#..#.........................#....................#.....#........................#...#......
.......###.............................................................#............................
........#.....................................#....................#.............#.....#............
...........................................##.........................................###...........
..........................................###..........#...............................#............
...........#........#...........................#...................................................
..........###..........................................#.#.....................##.....#.............
....#......#..................................................................###.#.....#......#..#.
.......#..................#...........#....................#.................................#......
....................................................................................................
.....................#..............#.............#...................#.#.......................#...
..................#..#..................#...........................................................
..........................................................#.........#.....#.........................
....................................#....................##.........................................
..........#.....#..................###...#.........................#...............#................
.......................#............#...................#..#.....................#..................
...................#.............#........................###.......................................
..............................................#............#.........#...............#........##....
.......#...............................................#.....................................#......
.....................#.....................................#........#...............................
.......#.#.........###................#.........................................................#...
.................###.###................#......#..#..#..............................................
......#....#.....##.##.....##................#......................................................
.....#.............#......###...............................#...#........#.......#...............#..
..#.....................#.......................#...........................#...###..#.#............
.................................................#...............................#..................
........#.................#.........................................................................
....##.###.....................................................................##...................
...###..#..........#...............#..........................................###...................
........#........................#..................................................................
.........................................................#..........................................
floor
5169 5141 5145 5149 5216 5219 5222 5196 5199 5202 5205 5208 5211 4740 4741 4733 4741 4738 4741 4740 4743 4735 4738 4741 4752 4737 4695 4694 4738 5145 5149 5153 5157 5161 5165 5169 5141 5145 5149 5153 5157 5161 5165 5169 5141 5145 5149 5153 5157 5161 5165 5169 5141 5145 5149 5216 5219 5222 5196 5199 5202 5205 5208 5211 5195 5198 5132 5169 5214 5207 5210 5206 5209 5222 5201 5110 5108 5137 5132 5141 5145 5149 5153 5157 5161 5165 5169 5141 5145 5149 5153 5157 5161 5165 5169 5141 5145 5149 5153 5157
5222 5204 5200 5186 5192 5209 5204 5207 5210 5205 5208 5211 5222 4739 4736 4739 4742 4741 4736 4739 4742 4739 4742 4732 4751 4736 4739 4695 4694 5209 5204 5207 5210 5222 5204 5200 5198 5216 5209 5204 5207 5210 5205 5208 5211 5209 5204 5207 5210 5205 5165 5169 5204 5200 5186 5192 5209 5204 5207 5210 5205 5208 5211 5222 5204 5200 5198 5216 5209 5204 5207 5210 5205 5208 5211 5222 5204 5200 5198 5216 5209 5204 5207 5210 5222 5204 5200 5198 5216 5209 5204 5207 5210 5205 5208 5211 5209 5204 5207 5210
5144 5148 5152 5184 5190 5164 5168 5172 5209 5195 5198 5201 5144 4748 4750 4736 4739 4742 4748 4738 4741 4738 4741 4733 4740 4743 4736 4739 4691 5164 5168 5172 5209 5144 5148 4796 4802 5160 5164 5168 5172 5209 5195 5198 5201 5164 5168 5172 4796 4802 5206 5214 5148 5152 5184 5190 5164 5168 5172 5209 5195 5198 5201 5144 5148 5152 5156 5160 5164 5168 5172 5209 5195 5198 5201 5144 5148 5152 5156 5160 5164 5168 5172 5209 5144 5148 4796 4802 5160 5164 5168 5172 5209 5195 5198 5201 5164 5168 5172 5165
5141 5145 5149 5153 5157 5161 5165 5169 5214 5194 5198 5200 5141 4740 4747 4750 4736 4739 4742 4750 4736 4739 4742 4736 4739 4742 4735 4738 4690 5204 5200 5198 5214 5141 5145 4794 4800 5157 5161 5165 5169 5214 5194 5198 5200 5161 5165 5169 4794 4800 5198 5141 5145 5149 5153 5157 5161 5165 5169 5214 5194 5198 5200 5141 5145 5149 5153 5157 5161 5165 5169 5214 5194 5198 5200 5141 5145 5149 5153 5157 5186 5189 5192 5214 5141 5145 4794 4800 5157 5161 5165 5169 5214 5194 5198 5200 5161 5165 5169 5206
5205 5204 5194 5202 5200 5209 5206 5214 5196 5218 5198 5201 5205 4739 4740 4743 4735 4738 4741 4750 4736 4739 4747 4750 4736 4739 4742 4691 4748 5148 4796 4802 5196 5205 5204 5194 5202 5200 5209 5206 5214 5196 5186 5192 5201 5209 5206 5214 5196 5218 5198 5205 5204 5194 5202 5200 5209 5206 5214 5196 5218 5198 5201 5205 5204 5194 5202 5200 5209 5206 5214 5196 5218 5198 5201 5205 5204 5194 5202 5200 5185 5188 5191 5196 5205 5204 5194 5202 5200 5209 5206 5214 5196 5186 5192 5201 5209 5206 5214 5196
5209 5210 5195 5198 5201 5211 5212 5209 5204 5206 5209 5212 5209 4750 4739 4742 4739 4742 4732 4743 5208 5211 5214 5208 5211 5214 5210 5209 4702 5145 4794 4800 5204 5209 5210 5195 5198 5201 5211 5212 5209 5204 5184 5190 5212 5211 5212 5209 5204 5206 5209 5209 5210 5195 5198 5201 5211 5212 5209 5204 5206 5209 5212 5209 5210 5195 5198 5201 5211 5212 4766 4769 4772 5209 5212 5209 5210 5195 5198 5201 5184 5187 5190 5204 5209 5210 4766 4769 4772 5211 5212 5209 5204 5184 5190 5212 5211 5212 5209 5204
5214 5200 5212 5215 5218 5221 5205 5208 4786 4789 4792 5186 5192 4744 4738 4741 4738 4741 4733 4742 4694 5218 5221 5195 4739 4740 5200 5214 4935 5221 5205 5208 5211 5214 5200 5212 5215 5218 5221 5205 5208 5211 5205 5208 5211 5221 5205 5208 5211 4786 4789 4792 5200 5212 5215 5218 5221 5205 5208 5211 5205 5208 5186 5192 5200 5212 5215 5218 5221 5205 4765 4768 4771 5208 5211 5214 5200 5212 5215 5218 5221 5205 5208 5211 5214 5200 4765 4768 4771 5221 5205 5208 5211 5205 5208 5211 5221 5205 5208 5211
5206 5209 5222 5196 5217 5202 5214 5207 4785 4788 4791 5184 5190 4732 4744 4747 4750 4695 5218 5221 5195 4741 5221 5217 5206 5207 4722 4717 4720 5202 5214 5207 5210 5206 5209 5222 5196 5217 5202 5214 5207 5210 5204 5207 5210 5202 5214 5207 5210 4785 4788 4791 5209 5222 5196 5217 5202 5214 5207 5210 5204 5207 5184 5190 5209 5222 5196 5217 5202 5214 4764 4767 4770 5207 5186 5192 5209 5222 5196 5217 5202 5214 5207 5210 5206 5209 4764 4767 4770 5202 5214 5207 5210 5204 5207 5210 5202 5214 5207 5210
5205 5208 5211 4796 4802 5201 5216 5219 4784 4787 4790 5202 5205 4733 5218 5221 5195 4737 4929 5220 5219 4856 5222 5220 5205 5208 4727 5212 5215 5201 5216 5219 5222 5205 5208 5211 5195 5198 5201 5216 5219 5222 5196 5199 5202 5201 5216 5219 5222 4784 4787 4790 5208 5211 4796 4802 5201 5216 5219 5222 5196 5199 5202 5205 5208 5211 5195 5198 5201 5216 5219 5222 5196 5199 5184 5190 5208 5211 5195 5198 5201 5216 5219 5222 5205 5208 5211 5195 5198 5201 5216 5219 5222 5196 5199 5202 5201 5216 5219 5222
5204 5207 5210 4794 4800 5200 5215 5218 5221 5195 5198 5201 5204 5218 5221 5195 5218 5221 5195 5222 5220 5208 5208 5211 5214 4702 4942 5222 5196 5200 5215 5218 5221 5204 5207 5210 5194 5176 5192 5215 5218 5221 5195 5198 5201 5176 5189 5192 5221 5195 5198 5204 5207 5210 4794 4800 5200 5215 5218 5221 5195 5198 5201 5204 5207 5210 5194 5198 5200 5215 5218 5221 5195 5198 5201 5204 5207 5210 5194 5198 5200 5215 5218 5221 5204 5207 5210 5194 5176 5192 5215 5218 5221 5195 5198 5201 5176 5179 5182 5221
5219 5176 5192 5218 5198 5201 5214 5217 5186 5192 5197 5200 5219 5220 5202 5218 5198 5201 5214 5144 5194 5194 5197 5200 5219 5220 5202 5218 5198 5201 5214 5217 5220 5219 5220 5202 5218 5174 5180 5214 5217 5220 5194 5197 5200 5175 5178 5181 5210 5205 5208 5219 5176 5192 5218 5198 5201 5214 5217 5186 5192 5197 5200 5219 5220 5202 5218 5198 5201 5214 5217 5220 5194 5197 5200 5219 5220 5202 5218 5198 5201 5214 5217 5220 5219 5220 5202 5218 5174 5180 5214 5217 5220 5194 5197 5200 5175 5178 5181 5210
5220 5174 5180 5208 5221 5217 5206 5207 5184 5190 5186 5189 5192 5197 5195 5208 5221 5217 5206 5207 5212 5216 5219 5222 5220 5197 5195 5208 5221 5217 5206 5207 5222 5220 5197 5195 5208 5221 5217 5206 5207 5212 5216 5219 5222 5174 5177 5180 5209 5195 5198 5220 5174 5180 5208 5221 5217 5206 5207 5184 5190 5186 5189 5192 5197 5195 5208 5221 5217 5206 5207 5212 5216 5219 5222 5220 5197 5195 5208 5221 5217 5206 5207 5222 5220 5197 5195 5208 5221 5217 5206 5207 5212 5216 5219 5222 5174 5177 5180 5209
5194 5212 5195 5201 5222 5220 5205 5208 5211 5215 5185 5188 5191 5212 5195 5186 5192 5220 5205 5208 5211 5215 5218 5221 5194 5212 5195 5201 5222 5220 5205 5208 5144 5194 5212 5195 5201 5222 5220 5205 5208 5211 5215 5218 5221 5161 5165 5169 5214 5194 5198 5194 5212 5195 5201 5222 5220 5205 5208 5211 5215 5185 5188 5191 5212 5195 5186 5192 5220 5205 5208 5211 5215 5218 5221 5194 5212 5195 5201 5222 5220 5205 5208 5144 5194 5212 5195 5201 5222 5220 5205 5210 4807 4802 5218 5221 5161 5165 5169 5214
5222 5204 5200 5198 5216 5209 5204 5207 5210 5214 5184 5187 5190 5204 5200 5184 5190 5209 5204 5207 5210 5214 5217 5220 5222 5204 5200 5176 5192 5209 5204 5207 5141 5222 5204 5200 5198 5216 5209 5204 5207 5210 5214 5217 5220 5209 5206 5214 5196 5218 5198 5222 5204 5200 5198 5216 5209 5204 5207 5210 5214 5184 5187 5190 5204 5200 5184 5190 5209 5204 5207 5210 5214 5217 5220 5222 5204 5200 5176 5192 5209 5204 5207 5141 5222 5204 5200 5198 5216 5209 5204 5207 4794 4800 5217 5220 5209 5206 5214 5196
5144 5148 5152 5156 5160 5164 5168 5172 5209 5195 5198 5186 5192 5204 5200 5198 5216 5209 5204 5207 5210 5205 4796 4802 5222 5204 5200 5174 5180 5209 5204 5207 5205 5204 5194 5202 5200 5209 5206 5214 5196 5218 5198 5201 5201 5211 5212 5209 5204 5206 5209 5144 5148 5152 5156 5160 5164 5168 5172 5209 5195 5198 5186 5192 5204 5200 5198 5216 5209 5204 5207 5210 5205 4796 4802 5222 5204 5200 5174 5180 5209 5204 5207 5205 5204 5194 5202 5200 5209 5206 5214 5196 5218 5198 5201 5201 5211 5212 5209 5204
5141 5145 5149 5153 5157 5161 5165 5169 5214 5194 5198 5184 5190 5148 5152 5156 5160 5164 5168 5172 5209 5195 4794 4800 5144 5148 5152 5156 5160 5164 5168 5172 4796 4802 5195 5198 5201 5211 5212 5209 5204 5206 5209 5212 5218 5221 5205 5208 5211 5205 5208 5141 5145 5149 5153 5157 5161 5165 5169 5214 5194 5198 5184 5190 5148 5152 5156 5160 5164 5168 5172 5209 5195 4794 4800 5144 5148 5152 5156 5160 5164 5168 5172 4796 4802 5195 5198 5201 5211 5212 5209 5204 5206 5209 5210 5218 5221 5205 5208 5211
5205 5204 5194 5202 5200 5209 5206 5214 5196 5218 5198 5201 5141 5145 5149 5153 5157 5161 5165 5169 5214 5194 5198 5200 5141 5145 5149 5153 5157 5161 5165 5169 4794 4800 5212 5215 5218 5221 5205 5208 5211 5205 5208 5211 5217 5202 5214 5207 5210 5204 5207 5205 5204 5194 5202 5200 5209 5206 5214 5196 5218 5198 5201 5141 5145 5149 5153 5157 5161 5165 5169 5214 5194 5198 5200 5141 5145 5149 5153 5157 5161 5165 5169 4794 4800 5212 5215 5218 5221 5205 5208 5211 5205 5208 5210 5217 5202 5214 5207 5210
5209 5210 5195 5198 5201 5211 5212 5209 5204 5206 5209 5212 5205 5204 5194 5202 5200 5209 5206 5214 5196 5218 5198 5201 5205 5204 5194 5202 5200 5209 5206 5214 5206 5209 5222 5196 5217 5202 5214 5207 5210 5204 5207 5210 5198 5201 5216 5219 5222 4824 4828 4832 4836 5195 5198 5201 5211 5212 5209 5204 5206 5209 5212 5205 5204 5194 5202 5200 5209 5206 5214 5196 5218 5198 5201 5205 5204 5194 5202 5200 5209 5206 5214 5206 5209 5222 5196 5217 5202 5214 5207 5210 5204 5207 5210 5198 5201 5216 5219 5222
5214 5200 5212 5215 5218 5221 5205 5208 5211 5205 5208 5211 5209 5210 5195 5198 5201 5211 5212 5209 5204 5206 5209 5212 5209 5210 5195 5198 5201 5211 5212 5209 5205 5208 5211 5195 5198 5201 5216 5219 5222 5196 5199 5202 5198 5200 5215 5218 5221 4823 4827 4831 4835 5212 5215 5218 5221 5205 5208 5211 5205 5208 5211 5209 5210 5195 5198 5201 5211 5212 5209 5204 5206 5209 5212 5209 5210 5195 5198 5201 5211 5212 5209 5205 5208 5211 5195 5198 5201 5216 5219 5222 5196 5199 5202 5198 5200 5215 5218 5221
5206 5209 5222 5196 5217 5202 5214 5207 5210 5204 5207 5210 5214 5200 5212 5215 5218 5221 5205 5208 5211 5205 5208 5211 5214 5200 5212 5215 5218 5221 5205 5208 5204 5207 5210 5186 5189 5192 5215 5218 5221 5195 5198 5201 5198 5176 5192 5217 5220 4822 4826 4830 4834 5222 5196 5217 5202 5214 5207 5210 5204 5207 5210 5214 5200 5212 5215 5218 5221 5205 5208 5211 5205 5208 5211 5214 5200 5212 5215 5218 5221 5205 5208 5204 5207 5210 5186 5189 5192 5215 5218 5221 5195 5198 5201 5198 5176 5192 5217 5220
5205 5208 5211 5195 5198 5201 5216 5219 5222 5196 5199 5202 5206 5209 5222 5196 5217 5202 5214 5207 5210 5204 5207 5210 5206 5209 5222 5196 5217 5202 5214 5207 5219 5220 5202 5185 5188 5191 5214 5217 5220 5194 5197 5200 5221 5174 5180 5207 5212 4821 4825 4829 4833 5211 5195 5198 5201 5216 5219 5222 5196 5199 5202 5206 5209 5222 5196 5217 5202 5214 5207 5210 5204 5207 5210 5206 5209 5222 5196 5217 5202 5214 5207 5219 5220 5202 5185 5188 5191 5214 5217 5220 5194 5197 5200 5221 5174 5180 5207 5212
5204 5207 5210 5194 5198 5200 5215 5218 5221 5195 5198 5201 5205 5208 5211 5195 5198 5201 5216 5219 5222 5196 5199 5202 5205 5208 5211 5195 5198 5201 5216 5219 5220 5197 5195 5184 5187 5190 5206 5207 5212 5216 5219 5222 5222 5220 5205 5208 5211 5215 5218 5204 5207 5210 5194 5198 5200 5215 5218 5221 5195 5198 5201 5205 5208 5211 5195 5198 5201 5216 5219 5222 5196 5199 5202 5205 5208 5211 5195 5198 5201 5216 5219 5220 5197 5195 5184 5187 5190 5206 5207 5212 5216 5219 5222 5222 5220 5205 5208 5211
5219 5220 5202 5218 5198 5201 5214 5217 5220 5194 5197 5200 5204 5207 5210 5194 5198 5200 5215 5218 5176 5192 5198 5201 5204 5207 5210 5194 5198 5200 5215 5218 5194 5212 5195 5201 5222 5220 5205 5208 5211 5215 5218 5221 5216 5209 5204 5207 5210 5214 5217 5219 5220 5202 5218 5198 5201 5214 5217 5220 5194 5197 5200 5204 5207 5210 5194 5198 5200 5215 5218 5176 5192 5198 5201 5204 5207 5210 5194 5198 5200 5215 5218 5194 5212 5195 5201 5222 5220 5205 5208 5211 5215 5218 5221 5216 5209 5204 5207 5210
5220 5197 5195 5208 5221 5217 5206 5207 5212 5216 5219 5222 5219 5220 5202 4796 4802 5201 5214 5217 5174 5180 5197 5200 5219 5220 5202 5218 5198 5201 5214 5217 5222 5204 5200 5198 5216 5209 5204 5207 5210 5186 5192 5220 5207 5210 5205 5208 5211 5196 5199 5220 5197 5195 5208 5221 5217 5206 5207 5212 5216 5219 5222 5219 5220 5202 4796 4802 5201 5214 5217 5174 5180 5197 5200 5219 5220 5202 5218 5198 5201 5214 5217 5222 5204 5200 5198 5216 5209 5204 5207 5210 5186 5192 5220 5207 5210 5205 5208 5211
5194 5212 5195 5201 5222 5220 5205 5208 5211 5215 5218 5221 5220 5197 5195 4794 4800 5217 5206 5207 5212 5216 5219 5222 5220 5197 5195 5208 5221 5217 5206 5222 5204 5200 5198 5216 5209 5204 5207 5210 5205 5184 5190 5168 5172 5209 5195 5198 5201 5195 5198 5194 5212 5195 5201 5222 5220 5205 5208 5211 5215 5218 5221 5220 5197 5195 4794 4800 5217 5206 5207 5212 5216 5219 5222 5220 5197 5195 5208 5221 5217 5206 5222 5204 5200 5198 5216 5209 5204 5207 5210 5205 5184 5190 5168 5172 5209 5195 5198 5201
5222 5204 5200 5198 5216 5186 5192 5207 5210 5214 5217 5220 5194 5212 5195 5201 5222 5220 5205 5208 5211 5215 5218 5221 5186 5192 5195 5201 4824 4828 4832 4836 5148 5152 5156 5160 5164 5168 5172 5209 5195 5198 5176 5192 5169 5214 5194 5198 5200 5194 5197 5222 5204 5200 5198 5216 5186 5192 5207 5210 5214 5217 5220 5194 5212 5195 5201 5222 5220 5205 5208 5211 5215 5218 5221 5186 5192 5195 5201 5222 5220 5205 5144 5148 5152 5156 5160 5164 5168 5172 5209 5195 5198 5176 5192 5169 5214 5194 5198 5200
5222 5204 5200 5198 5216 5184 5190 5207 5210 5205 5208 5211 5222 5204 5200 5198 5216 5209 5204 5207 5210 5214 5217 5220 5184 5190 5200 5198 4823 4827 4831 4835 5145 5149 5153 5157 5161 5165 5169 5214 5194 5198 5174 5180 5214 5196 5218 5198 5201 5209 5212 5222 5204 5200 5198 5216 5184 5190 5207 5210 5205 5208 5211 5222 5204 5200 5198 5216 5209 5204 5207 5210 5214 5217 5220 5184 5190 5200 5198 4824 4828 4832 4836 5145 5149 5153 5157 5161 5165 5169 5214 5194 5198 5174 5180 5214 5196 5218 5198 5201
5144 5148 5152 5156 5160 5164 5168 5172 5209 5195 4796 4802 5222 5204 5200 5198 5216 5209 5204 5207 5210 5205 5208 5211 5144 5148 5152 5156 4822 4826 4830 4834 5204 5194 5202 5200 5209 5206 5214 5196 5218 5198 5201 5212 5209 5204 5206 5209 5212 5208 5211 5144 5148 5152 5156 5160 5164 5168 5172 5209 5195 4796 4802 5222 5204 5200 5198 5216 5209 5204 5207 5210 5205 5208 5211 5144 5148 5152 5156 4823 4827 4831 4835 5204 5194 5202 5200 5209 5206 5214 5196 5218 5198 5201 5212 5209 5204 5206 5209 5212
5141 5145 5176 5192 5157 5161 5165 5169 5214 5194 4794 4800 5144 5148 5152 5156 5160 5164 5168 5172 5209 5195 5198 5201 5141 5145 5149 5153 4821 4825 4829 4833 5210 5195 5198 5201 5211 5212 5209 5204 5206 5209 5212 5205 5208 5211 5205 5208 5211 5207 5210 5141 5145 5176 5192 5157 5161 5165 5169 5214 5194 4794 4800 5144 5148 5152 5156 5160 5164 5168 5172 5209 5195 5198 5201 5141 5145 5149 5153 4822 4826 4830 4834 5210 5195 5198 5201 5211 5212 5209 5204 4766 4769 4772 5205 5208 5211 5205 5208 5211
5205 5204 5174 5180 5200 5209 5206 5214 5196 5218 5198 5201 5141 5145 5149 5153 5157 5161 5165 5169 5214 5194 5198 5200 5205 5204 5194 5202 5200 5209 5206 5214 5200 5212 5186 5192 5221 5205 5208 5211 5205 5208 5211 5214 5207 5210 5204 5207 5210 5219 5222 5205 5204 5174 5180 5200 5209 5206 5214 5196 5218 5198 5201 5141 5145 5149 5153 5157 5161 5165 5169 5214 5194 5198 5200 5205 5204 5194 5202 4821 4825 4829 4833 5200 5212 5186 5192 5221 5205 5208 5211 4765 4768 4771 5214 5207 5210 5204 5207 5210
5209 5210 5195 5198 5201 5211 5212 5209 5204 5206 5209 5212 5205 5204 5194 5202 5200 5209 5206 5214 5196 5218 5198 5201 5209 5210 5195 5198 5201 5211 5212 5206 5209 5222 5184 5190 5202 5214 5207 5210 5204 5207 5210 5216 5219 5176 5192 5199 5202 5218 5221 5209 5210 5195 5198 5201 5211 5212 5209 5204 5206 5209 5212 5205 5204 5194 5202 5200 5209 5206 5214 5196 5218 5198 5201 5209 5210 5195 5198 5201 5211 5212 5206 5209 5222 5184 5190 5202 5214 5207 5210 4764 4767 4770 5216 5219 5176 5192 5199 5202
5214 5200 5212 5215 5218 5221 5205 5208 5211 5205 5208 5211 5209 5210 5195 5198 5201 5211 5212 5209 5204 5206 5209 5212 5214 5200 5212 5215 5218 5221 5205 5205 5208 5211 5195 5198 5201 5216 5219 5222 5196 5199 5202 5215 5218 5174 5180 5198 5201 5217 5220 5214 5200 5212 5215 5218 5221 5205 5208 5211 5205 5208 5211 5209 5210 5195 5198 5201 5211 5212 5209 5204 5206 5209 5212 5214 5200 5212 5215 5218 5221 5205 5205 5208 5211 5195 5198 5201 5216 5219 5222 5196 5199 5202 5215 5218 5174 5180 5198 5201
5206 5209 5222 5196 5217 5202 5214 5186 5189 5192 5176 5192 5214 5200 5212 5215 5218 5221 5205 5176 5192 5205 5208 5211 5206 5209 5222 5196 5217 5202 5214 5204 5207 5210 5194 5198 5200 5215 5218 5221 5195 4796 4802 5214 5217 5220 5194 5197 5200 5199 5202 5206 5209 5222 5196 5217 5202 5214 5186 5189 5192 5176 5192 5214 5200 5212 5215 5218 5221 5205 5176 5192 5205 5208 5211 5206 5209 5222 5196 5217 5202 5214 5204 5207 5210 5194 5198 5200 5215 5218 5221 5195 4796 4802 5214 5217 5220 5194 5197 5200
5205 5208 5211 5195 5198 5201 5216 5185 5188 5191 5174 5180 5206 5209 5222 5196 5217 5202 5214 5174 5180 5204 5207 5210 5205 5208 5211 4796 4802 5201 5216 5219 5220 5202 5218 5198 5201 5214 5217 5220 5194 4794 4800 5206 5207 5212 5216 5219 5222 5198 5201 5205 5208 5211 5195 5198 5201 5216 5185 5188 5191 5174 5180 5206 5209 5222 5196 5217 5202 5214 5174 5180 5204 5207 5210 5205 5208 5211 4796 4802 5201 5216 5219 5220 5202 5218 5198 5201 5214 5217 5220 5194 4794 4800 5206 5207 5212 5216 5219 5222
5204 5176 5192 5194 5198 5200 5215 5184 5187 5190 5198 5201 5205 5208 5211 5195 5198 5201 5216 5219 5222 5196 5199 5202 5204 5207 5210 4794 4800 5200 5215 5220 5197 5195 5208 5221 5217 5206 5207 5212 5216 5219 5222 5205 5208 5211 5215 5218 5221 5197 5200 5204 5176 5192 5194 5198 5200 5215 5184 5187 5190 5198 5201 5205 5208 5211 5195 5198 5201 5216 5219 5222 5196 5199 5202 5204 5207 5210 4794 4800 5200 5215 5220 5197 5195 5208 5221 5217 5206 5207 5212 5216 5219 5222 5205 5208 5211 5215 5218 5221
5219 5174 5180 5218 5198 5201 5214 5217 5220 5194 5197 5200 5204 5207 5210 5194 5198 5200 5215 5218 5221 5195 5198 5201 5219 5220 5202 5218 5198 5201 5214 5194 5212 5195 5201 5222 5220 5205 5208 5211 5215 5218 5221 5204 5207 5210 5214 5217 5220 5204 5132 5219 5174 5180 5218 5198 5201 5214 5217 5220 5194 5197 5200 5204 5207 5210 5194 5198 5200 5215 5218 5221 5195 5198 5201 5219 5220 5202 5218 5198 5201 5214 5194 5212 5195 5201 5222 5220 5205 5208 5211 5215 5218 5221 5204 5207 5210 5214 5217 5220
5220 5197 5195 5208 5221 5217 5206 5207 5212 5216 5219 5222 5219 5220 5202 5218 5198 5201 5214 5217 5220 5194 5197 5200 5220 5197 5195 5208 5221 5217 5206 5222 5204 5200 5198 5216 5209 5204 5207 5210 5214 5217 5220 5204 5207 5210 5205 5208 5211 5202 4737 5220 5197 5195 5208 5221 5217 5206 5207 5212 5216 5219 5222 5219 5220 5202 5218 5198 5201 5214 5217 5220 5194 5197 5200 5220 5197 5195 5208 5221 5217 5206 5222 5204 5200 5198 5216 5209 5204 5207 5210 5214 5217 5220 5204 5207 5210 5205 5208 5211
5169 5141 5145 5149 5216 5219 5222 5196 5199 5202 5205 5208 5211 5195 5198 5132 5169 5214 5207 5210 5206 5209 5222 5201 5110 5108 5137 5132 5141 5145 5149 5153 5157 5161 5165 5169 5141 5145 5149 5153 5157 5161 5165 5169 5141 5145 5149 5153 5157 5161 5165 5169 5200 5212 5215 5218 5221 5205 5208 5211 5205 5208 5211 5222 5169 5141 5145 5149 5216 5219 5222 5196 5199 5202 5205 5208 5211 5195 5198 5132 5169 5214 5207 5210 5206 5209 5222 5201 5110 5108 5137 5132 5141 5145 5149 5153 5157 5161 5165 5169
5222 5204 5200 5186 5192 5209 5204 5207 5210 5205 5208 5211 5222 5204 5200 5198 5216 5209 5204 5207 5210 5205 5208 5211 4786 4789 4792 5198 5216 5209 5204 5207 5210 5222 5204 5200 5198 5216 5209 5204 5207 5210 5205 5208 5211 5209 5204 5207 5210 5205 5206 5214 5209 5222 5196 5217 5202 5214 5207 5210 5204 5207 5210 5221 5222 5204 5200 5186 5192 5209 5204 5207 5210 5205 5208 5211 5222 5204 5200 5198 5216 5209 5204 5207 5210 5205 5208 5211 5222 5204 5200 5198 5216 5209 5204 5207 5210 5222 5204 5200
5144 5148 5152 5184 5190 5164 5168 5172 5209 5195 5198 5201 5144 5148 5152 5156 5160 5164 5168 5172 5209 5195 5198 5201 4785 4788 4791 5156 5160 5164 5168 5172 5209 5144 5148 4796 4802 5160 5164 5168 5172 5209 5195 5198 5201 5164 5168 5172 4796 4802 5174 5205 5208 5211 5195 5198 5201 5216 5219 5222 5196 5199 5202 5220 5144 5148 5152 5184 5190 5164 5168 5172 5209 5195 5198 5201 5144 5148 5152 5156 5160 5164 5168 5172 5209 5195 5198 5201 5144 5148 5152 5156 5160 5164 5168 5172 5209 5144 5148 5165
5141 5145 5149 5153 5157 5161 5165 5169 5214 5194 5198 5200 5141 5145 5149 5153 5157 5161 5165 5169 5214 5194 5198 5200 4784 4787 4790 5153 5157 5186 5189 5192 5214 5141 5145 4794 4800 5157 5161 5165 5169 5214 5194 5198 5200 5161 5165 5169 4794 4800 5198 5204 5207 5210 5194 5198 5200 5215 5218 5221 5195 5198 5201 5212 5141 5145 5149 5153 5157 5161 5165 5169 5214 5194 5198 5200 5141 5145 5149 5153 5157 5161 5165 5169 5214 5194 5198 5200 5141 5145 5149 5153 5157 5186 5189 5192 5214 5141 5145 5206
5205 5204 5194 5202 5200 5209 5206 5214 5196 5218 5198 5201 5205 5204 5194 5202 5200 5209 5206 5214 5196 5218 5198 5201 5205 5204 5194 5202 5200 5185 5188 5191 5196 5205 5204 5194 5202 5200 5209 5206 5214 5196 5186 5192 5201 5209 5206 5214 5196 5218 5198 5219 5220 5202 5218 5198 5201 5214 5217 5220 5194 5197 5200 5211 5205 5204 5194 5202 5200 5209 5206 5214 5196 5218 5198 5201 5205 5204 5194 5202 5200 5209 5206 5214 5196 5218 5198 5201 5205 5204 5194 5202 5200 5185 5188 5191 5196 5205 5204 5194
5209 5210 5195 5198 5201 5211 5212 5209 5204 5206 5209 5212 5209 5210 5195 5198 5201 5211 5212 5209 5204 5206 5209 5212 5209 5210 5195 5198 5201 5184 5187 5190 5204 5209 5210 5195 5198 5201 5211 5212 5209 5204 5184 5190 5212 5211 5212 5209 5204 5206 5209 5220 5197 5195 5208 5221 5217 5206 5186 5192 5216 5219 5222 5210 5209 5210 5195 5198 5201 5211 5212 5209 5204 5206 5209 5212 5209 5210 5195 5198 5201 5211 5212 5209 5204 5206 5209 5212 5209 5210 5195 5198 5201 5184 5187 5190 5204 5209 5210 5195
5214 5200 5212 5215 5218 5221 5205 5208 5211 5205 5208 5186 5192 5200 5212 5215 5218 5221 5205 5208 5211 5205 5208 5211 5214 5200 5212 5215 5218 5221 5205 5208 5211 5214 5200 5212 5215 5218 5221 5205 5208 5211 5205 5208 5211 5221 5205 5208 5211 5205 5208 5194 5212 5195 5201 5222 5220 5205 5184 5190 5215 5218 5186 5192 5214 5200 5212 5215 5218 5221 5205 5208 5211 5205 5208 5186 5192 5200 5212 5215 5218 5221 5205 5208 5211 5205 5208 5211 5214 5200 5212 5215 5218 5221 5205 5208 5211 5214 5200 5212
5206 5209 5222 5196 5217 5202 5214 5207 5210 5204 5207 5184 5190 5209 5222 5196 5217 5202 5214 5207 5210 5204 5207 5186 5192 5209 5222 5196 5217 5202 5214 5207 5210 5206 5209 5222 5196 5217 5202 5214 5207 5210 5204 5207 5210 5202 5214 5207 5210 5204 5207 5222 5204 5200 5198 5216 5209 5204 5207 5210 5214 5217 5184 5190 5206 5209 5222 5196 5217 5202 5214 5207 5210 5204 5207 5184 5190 5209 5222 5196 5217 5202 5214 5207 5210 5204 5207 5186 5192 5209 5222 5196 5217 5202 5214 5207 5210 5206 5209 5222
5205 5208 5211 4796 4802 5201 5216 5219 5222 5196 5199 5202 5205 5208 5211 5195 5198 5201 5216 5219 5222 5196 5199 5184 5190 5208 5211 5195 5198 5201 5216 5219 5222 5205 5208 5211 5195 5198 5201 5216 5219 5222 5196 5199 5202 5201 5216 5219 5222 5196 5199 5204 5222 5204 5200 5198 5216 5209 5204 5207 5186 5192 5208 5211 5205 5208 5211 4796 4802 5201 5216 5219 5222 5196 5199 5202 5205 5208 5211 5195 5198 5201 5216 5219 5222 5196 5199 5184 5190 5208 5211 5195 5198 5201 5216 5219 5222 5205 5208 5211
5204 5207 5210 4794 4800 5200 5215 5218 5221 5195 5198 5201 5204 5207 5210 5194 5198 5200 5215 5218 5221 5195 5198 5201 5204 5207 5210 5194 5198 5200 5215 5218 5221 5204 5207 5210 5194 5176 5192 5215 5218 5221 5195 5198 5201 5176 5179 5182 5221 5195 5198 5168 5144 5176 5192 5156 5160 5164 5168 5172 5184 5190 5198 5165 5169 5207 5210 4794 4800 5200 5215 5218 5221 5195 5198 5201 5204 5207 5210 5194 5198 5200 5215 5218 5221 5195 5198 5201 5204 5207 5210 5194 5198 5200 5215 5218 5221 5204 5207 5210
5219 5176 5192 5218 5198 5201 5214 5217 5186 5192 5197 5200 5219 5220 5202 5218 5198 5201 5214 5217 5220 5194 5197 5200 5219 5220 5202 5218 5198 5201 5214 5217 5220 5219 5220 5202 5218 5174 5180 5214 5217 5220 5194 5197 5200 5175 5178 5181 5210 5205 5208 5165 5141 5174 5180 5153 5157 5161 5165 5169 5214 5194 5198 5206 5214 5176 5192 5218 5198 5201 5214 5217 5186 5192 5197 5200 5219 5220 5202 5218 5198 5201 4766 4769 4772 5194 5197 5200 5219 5220 5202 5218 5198 5201 5214 5217 5220 5219 5220 5202
5220 5174 5180 5208 5221 5217 5206 5207 5184 5190 5186 5189 5192 5197 5195 5208 5221 5217 5206 5207 5212 5216 5219 5222 5220 5197 5195 5208 5221 5217 5206 5207 5222 5220 5197 5195 5208 5221 5217 5206 5207 5212 5216 5219 5222 5174 5177 5180 5209 5195 5198 5206 5205 5204 5194 5202 5200 5209 5206 5214 5196 5218 5198 5184 5220 5174 5180 5208 5221 5217 5206 5207 5184 5190 5186 5189 5192 5197 5195 5208 5221 5217 4765 4768 4771 5216 5219 5222 5220 5197 5195 5208 5221 5217 5206 5207 5222 5220 5197 5195
5194 5212 5195 5201 5222 5220 5205 5208 5211 5215 5185 5188 5191 5212 5195 5186 5192 5220 5205 5208 5211 5215 5218 5221 5194 5212 5195 5201 5222 5220 5205 5208 5144 5194 5212 5195 5201 5222 5220 5205 5208 5211 5215 5218 5221 5161 5165 5169 5214 5194 5198 5212 5209 5210 5195 5198 5201 5211 5212 5209 5204 5206 5209 5212 5194 5212 5195 5201 5222 5220 5205 5208 5211 5215 5185 5188 5191 5212 5195 5186 5192 5220 4764 4767 4770 5215 5218 5221 5194 5212 5195 5201 5222 5220 5205 5208 5144 5194 5212 5195
5222 5204 5200 5198 5216 5209 5204 5207 5210 5214 5184 5187 5190 5204 5200 5184 5190 5209 5204 5207 5210 4807 4811 4815 4819 5204 5200 5176 5192 5209 5204 5207 5141 5222 5204 5200 5198 5216 5209 5204 5207 5210 5214 5217 5220 5209 5206 5214 5196 5218 5198 5205 5214 5200 5212 5215 5218 5221 5205 5208 5211 5205 5208 5211 5222 5204 5200 5198 5216 5209 5204 5207 5210 5214 5184 5187 5190 5204 5200 5184 5190 5209 5204 5207 5210 5214 5165 5169 5222 5204 5200 5176 5192 5209 5204 5207 5141 5222 5204 5200
5144 5148 5152 5156 5160 5164 5168 5172 5209 5195 5198 5186 5192 5204 5200 5198 5216 5209 5204 5207 5210 4806 4810 4814 4818 5204 5200 5174 5180 5209 5204 5207 5205 5204 5194 5202 5200 5209 5206 5214 5196 5218 5198 5201 5201 5211 5212 5209 5204 5206 5209 5214 5206 5209 5222 5196 5217 5165 5169 5207 5210 5204 5207 5210 5144 5148 5152 5156 5160 5164 5168 5172 5209 5195 5198 5186 5192 5204 5200 5198 5216 5209 5204 5207 5210 5205 5206 5214 5222 5204 5200 5174 5180 5209 5204 5207 5205 5204 5194 5202
5141 5145 5149 5153 5157 5161 5165 5169 5214 5194 5198 5184 5190 5148 5152 5156 5160 5164 5168 5172 5209 4805 4809 4813 4817 5148 5152 5156 5160 5164 5168 5172 4796 4802 5195 5198 5201 5211 5212 5209 5204 5206 5209 5212 5218 5221 5205 5208 5211 5205 5208 5169 5141 5145 5149 5216 5219 5206 5214 5199 5202 5205 5208 5211 5195 5198 5132 5169 5214 5207 5210 5206 5209 5222 5201 5110 5108 5137 5132 5141 5145 5149 5153 5157 5161 5165 5169 5141 5145 5149 5153 5157 5161 5165 5169 5141 5145 5149 5153 5157
5205 5204 5194 5202 5200 5209 5206 5214 5196 4824 4828 4832 4836 5145 5149 5153 5157 5161 5165 5169 5214 4804 4808 4812 4816 5145 5149 5153 5157 5161 5165 5169 4794 4800 5212 5215 5218 5221 5205 5208 5211 5205 5208 5211 5217 5202 5214 5207 5210 5204 5207 5222 5204 5200 5186 5192 5222 5204 5207 5210 5205 5208 5211 5222 5204 5200 5198 5216 5209 5204 5207 5210 5205 5208 5211 5222 5204 5200 5198 5216 5209 5204 5207 5210 5222 5204 5200 5198 5216 5209 5204 5207 5210 5205 5208 5211 5209 5204 5207 5210
5209 5210 5195 5198 5201 5211 5212 5209 5204 4823 4827 4831 4835 5204 5194 5202 5200 5209 5206 5214 5196 5218 5198 5201 5205 5204 5194 5202 5200 5209 5206 5214 5206 5209 5222 5196 5217 5202 5214 5207 5210 5204 5207 5210 5198 5201 5216 5215 5215 5215 5215 5215 5215 5215 4693 5196 5144 5168 5172 5209 5195 5198 5201 5144 5148 5152 5156 5160 5164 5168 5172 5209 5195 5198 5201 5144 5148 5152 5156 5160 5164 5168 5172 5209 5144 5148 4796 4802 5160 5164 5168 5172 5209 5195 5198 5201 5164 5168 5172 5165
5214 5200 5212 5215 5218 5221 5205 5208 5211 4822 4826 4830 4834 5210 5195 5198 5201 5211 5212 5209 5204 5206 5209 5212 5209 5210 5195 5198 5201 5211 5212 5209 5205 5208 5211 5195 5198 5201 5216 5219 5222 5196 5199 5202 5198 5200 5215 5215 5215 5215 5215 5215 5215 5215 4693 5204 5222 5165 5169 5214 5194 5198 5200 5141 5145 5149 5153 5157 5161 5165 5169 5214 5194 5198 5200 5141 5145 5149 5153 5157 5186 5189 5192 5214 5141 5145 4794 4800 5157 5161 5165 5169 5214 5194 5198 5200 5161 5165 5169 5206
5206 5209 5222 5196 5217 5202 5214 5207 5210 4821 4825 4829 4833 5200 5212 5215 5218 5221 5205 5208 5211 5205 5208 5211 4807 4802 5212 5215 5218 5221 5205 5208 5204 5207 5210 5186 5189 5192 5215 5218 5221 5195 5198 5201 5198 5176 5192 5215 5215 5215 5215 5215 5215 5215 4691 5211 5144 5206 5214 5196 5218 5198 5201 5205 5204 5194 5202 5200 5209 5206 5214 5196 5218 5198 5201 5205 5204 5194 5202 5200 5185 5188 5191 5196 5205 5204 5194 5202 5200 5209 5206 5214 5196 5186 5192 5201 5209 5206 5214 5196
5205 5208 5211 5195 5198 4786 4789 4792 5222 5196 5199 5202 5206 5209 5222 5196 5217 5202 5214 5207 5210 5204 5207 5210 4794 4800 5222 5196 5217 5202 5214 5207 5219 5220 5202 5185 5188 5191 5214 5217 5220 5194 5197 5200 5221 5174 5180 5215 5215 5215 5215 5215 5215 5215 4691 5210 5204 5212 5209 5204 5206 5209 5212 5209 5210 5195 5198 5201 5211 5212 5209 5204 5206 5209 5212 5209 5210 5195 5198 5201 5184 5187 5190 5204 5209 5210 5195 5198 5201 5211 5212 5209 5204 5184 5190 5212 5211 5212 5209 5204
5204 5207 5210 5194 5198 4785 4788 4791 5221 5195 5198 5201 5205 5208 5211 5195 5198 5201 5216 5219 5222 5196 5199 5202 5205 5208 5211 5195 5198 5201 5216 5219 5220 5197 5195 5184 5187 5190 5206 5207 5212 5216 5219 5222 5222 5220 5205 5215 5215 5215 5215 5215 5215 5215 4690 5222 5196 5205 5208 5211 5205 5208 5186 5192 5200 5212 5215 5218 5221 5205 5208 5211 5205 5208 5211 5214 5200 5212 5215 5218 5221 5205 5208 5211 5214 5200 5212 5215 5218 5221 5205 5208 5211 5205 5208 5211 5221 5205 5208 5211
5219 5220 5202 5218 5198 4784 4787 4790 5220 5194 5197 5200 5204 5207 5210 5194 5198 5200 5215 5218 5176 5192 5198 5201 5204 5207 5210 5194 5198 5200 5215 5218 5194 5212 5195 5201 5222 5220 5205 5208 5211 5215 5218 5221 5216 5209 5204 5215 5215 5215 4802 4958 5195 5198 5201 5221 5195 5214 5207 5210 5204 5207 5184 5190 5209 5222 5196 5217 5202 5214 5207 5210 5204 5207 5186 5192 5209 5222 5196 5217 5202 5214 5207 5210 5206 5209 5222 5196 5217 5202 5214 5207 5210 5204 5207 5210 5202 5214 5207 5210
5220 5197 5195 5208 5221 5217 5206 5207 5212 5216 5219 5222 5219 5220 5202 4796 4802 5201 5214 5217 5174 5180 5197 5200 5219 5220 5202 5218 5198 5201 5214 5217 5222 5204 5200 5198 5216 5209 5204 5207 5210 5186 5192 5220 5207 5210 5205 5215 5215 5215 4800 5215 5218 5198 5201 5220 5194 5216 5219 5222 5196 5199 5202 5205 5208 5211 5195 5198 5201 5216 5219 5222 5196 5199 5184 5190 5208 5211 5195 5198 5201 5216 5219 5222 5205 5208 5211 5195 5198 5201 5216 5219 5222 5196 5199 5202 5201 5216 5219 5222
5194 5212 5195 5201 5222 5220 5205 5208 5211 5215 5218 5221 5220 5197 5195 4794 4800 5217 5206 5207 5212 5216 5219 5222 5220 5197 5195 5208 5221 5217 5206 5222 5204 5200 5198 5216 5209 5204 5207 5210 5205 5184 5190 5168 5172 5209 5195 5215 5215 4695 4690 5205 5208 5219 5222 5212 5216 5215 5208 5221 5195 5198 5201 5204 5207 5210 5194 5198 5200 5215 5218 5221 5195 5198 5201 5204 5207 5210 5194 5198 5200 5215 5218 5221 5204 5207 5210 5194 5176 5192 5215 5218 5221 5195 5198 5201 5176 5179 5182 5221
5222 5204 5200 5198 5216 5186 5192 5207 5210 5214 5217 5220 5194 5212 5195 5201 5222 5220 5205 5208 5211 5215 5218 5221 5186 5192 5195 5201 5222 5220 5205 5144 5148 5152 5156 5160 5164 5168 5172 5209 5195 5198 5176 5214 5169 5214 5194 5215 5215 4694 5199 5201 5131 5202 5221 5211 5215 5214 5165 5186 5192 5197 5200 5219 5220 5202 5218 5198 5201 5214 5217 5220 5194 5197 5200 5219 5220 5202 5218 5198 5201 5214 5217 5220 5219 5220 5202 5218 5174 5180 5214 5217 5220 5194 5197 5200 5175 5178 5181 5210
5222 5204 5200 5198 5216 5184 5190 5207 5210 5205 5208 5211 5222 5204 5200 5198 5216 5209 5204 5207 5210 5214 5217 5220 5184 5190 5200 5198 5216 5209 5204 5141 5145 5149 5153 5157 5161 5165 5169 5214 5194 5198 5174 5180 5214 5196 5218 5192 5090 5096 5196 5217 5202 5214 5207 5186 5192 5206 5207 5174 5190 5186 5189 5192 5197 5195 5208 5221 5217 5206 5207 5212 5216 5219 5222 5220 5197 5195 5208 5221 5217 5206 5207 5222 5220 5197 5195 5208 5221 5217 5206 5207 5212 5216 5219 5222 5174 5177 5180 5209
5144 5148 5152 5156 5160 5164 5168 5172 5209 5195 4796 4802 5222 5204 5200 5198 5216 5209 5204 5207 5210 5205 5208 5211 5144 5148 5152 5156 5160 5164 5168 5205 5204 5194 5202 5200 5209 5206 5214 5196 5218 5198 5201 5212 5209 5204 5206 5190 5123 5131 5195 5198 5201 5216 5219 5184 5190 5205 5208 5211 5215 5185 5188 5191 5212 5195 5186 5192 5220 5205 5208 5211 5215 5218 5221 5194 5212 5195 5201 5222 5220 5205 5208 5144 5194 5212 5195 5201 5222 5220 5205 5208 5211 5215 5218 5221 5161 5165 5169 5214
5141 5145 5176 5192 5157 5161 5165 5169 5214 5194 4794 4800 5144 5148 5152 5156 5160 5164 5168 5172 5209 5195 5198 5201 5141 5145 5149 5153 5157 5161 5165 5209 5210 5195 5198 5201 5211 5212 5209 5204 5206 5209 5212 5205 5208 5211 5205 5208 5211 5207 5210 5222 5204 5200 5198 5216 5209 5204 5207 5210 5214 5184 5187 5190 5204 5200 5184 5190 5209 5204 5207 5210 5214 5217 5220 5222 5204 5200 5176 5192 5209 5204 5207 5141 5222 5204 5200 5198 5216 5209 5204 5207 5210 5214 5217 5220 5209 5206 5214 5196
5205 5204 5174 5180 5200 5209 5206 5214 5196 5218 5198 5201 5141 5145 5149 5153 5157 5161 5165 5169 5214 5194 5198 5200 5205 5204 5194 5202 5200 5209 5206 5214 5200 5212 5186 5192 5221 5205 5208 5211 5205 5208 5211 5214 5207 5210 5204 5207 5210 5219 5222 5144 5148 5152 5156 5160 5164 5168 5172 5209 5195 5198 5186 5192 5204 5200 5198 5216 5209 5204 5207 5210 5205 4796 4802 5222 5204 5200 5174 5180 5209 5204 5207 5205 5204 5194 5202 5200 5209 5206 5214 5196 5218 5198 5201 5201 5211 5212 5209 5204
5209 5210 5195 5198 5201 5211 5212 5209 5204 5206 5209 5212 5205 5204 5194 5202 5200 5209 5206 5214 5196 5218 5198 5201 5209 5210 5195 5198 5201 5211 5212 5206 5209 5222 5184 5190 5202 5214 5207 5210 5204 5207 5210 5216 5219 5176 5192 5199 5202 5218 5221 5141 5145 5149 5153 5157 5161 5165 5169 5214 5194 5198 5184 5190 5148 5152 5156 5160 5164 5168 5172 5209 5195 4794 4800 5144 5148 5152 5156 5160 5164 5168 5172 4796 4802 5195 5198 5201 5211 5212 5209 5204 5206 5209 5212 5218 5221 5205 5208 5211
5214 5200 5212 5215 5218 5221 5205 5208 5211 5205 5208 5211 5209 5210 5195 5198 5201 5211 5212 5209 5204 5206 5209 5212 5214 5200 5212 5215 5218 5221 5205 5205 5208 5211 5195 5198 5201 5216 5219 5222 5196 5199 5202 5215 5218 5174 5180 5198 5201 5217 5220 5205 5204 5194 5202 5200 5209 5206 5214 5196 5218 5198 5201 5141 5145 5149 5153 5157 5161 5165 5169 5214 5194 5198 5200 5141 5145 5149 5153 5157 5161 5165 5169 4794 4800 5212 5215 5218 5221 5205 5208 5211 5205 5208 5211 5217 5202 5214 5207 5210
5206 5209 5222 5196 5217 5202 5214 5186 5189 5192 5176 5192 5214 5200 5212 5215 5218 5221 5205 5176 5192 5205 5208 5211 5206 5209 5222 5196 5217 5202 5214 5204 5207 5210 5194 5198 5200 5215 5218 5221 5195 4796 4802 5214 5217 5220 5194 5197 5200 5199 5202 5209 5210 5195 5198 5201 5211 5212 5209 5204 5206 5209 5212 5205 5204 5194 5202 5200 5209 5206 5214 5196 5218 5198 5201 5205 5204 5194 5202 5200 5209 5206 5214 5206 5209 5222 5196 5217 5202 5214 5207 5210 5204 5207 5210 5198 5201 5216 5219 5222
5205 5208 5211 5195 5198 5201 5216 5185 5188 5191 5174 5180 5206 5209 5222 5196 5217 5202 5214 5174 5180 5204 5207 5210 5205 5208 5211 4796 4802 5201 5216 5219 5220 5202 5218 5198 5201 5214 5217 5220 5194 4794 4800 5206 5207 5212 5216 5219 5222 5198 5201 5214 5200 5212 5215 5218 5221 5205 5208 5211 5205 5208 5211 5209 5210 5195 5198 5201 5211 5212 5209 5204 5206 5209 5212 5209 5210 5195 5198 5201 5211 5212 5209 5205 5208 5211 5195 5198 5201 5216 5219 5222 5196 5199 5202 5198 5200 5215 5218 5221
5204 5176 5192 5194 5198 5200 5215 5184 5187 5190 5198 5201 5205 5208 5211 5195 5198 5201 5216 5219 5222 5196 5199 5202 5204 5207 5210 4794 4800 5200 5215 5220 5197 5195 5208 5221 5217 5206 5207 5212 5216 5219 4807 4811 4815 4819 5215 5218 5221 5197 5200 5206 5209 5222 5196 5217 5202 5214 5207 5210 5204 5207 5210 5214 5200 5212 5215 5218 5221 5205 5208 5211 5205 5208 5211 5214 5200 5212 5215 5218 5221 5205 5208 5204 5207 5210 5186 5189 5192 5215 5218 5221 5195 5198 5201 5198 5176 5192 5217 5220
5219 5174 5180 5218 5198 5201 5214 5217 5220 5194 5197 5200 5204 5207 5210 5194 5198 5200 5215 5218 5221 5195 5198 5201 5219 5220 5202 5218 5198 5201 5214 5194 5212 5195 5201 5222 5220 5205 5208 5211 5215 5218 4806 4810 4814 4818 5214 5217 5220 5204 5132 5205 5208 5211 5195 5198 5201 5216 5219 5222 5196 5199 5202 5206 5209 5222 5196 5217 5202 5214 5207 5210 5204 5207 5210 5206 5209 5222 5196 5217 5202 5214 5207 5219 5220 5202 5185 5188 5191 5214 5217 5220 5194 5197 5200 5221 5174 5180 5207 5212
5220 5165 5169 5208 5221 5217 5206 5207 5165 5169 5219 5222 5219 5220 5202 5218 5198 5201 5214 5217 5220 5194 5197 5200 5220 5197 5195 5208 5221 5217 5206 5222 5204 5200 5198 5216 5209 5204 5207 5210 5214 5217 4805 4809 4813 4817 5165 5169 5211 5202 4737 5204 5207 5210 5194 5198 5200 5215 5218 5221 5195 5198 5201 5205 5208 5211 5195 5198 5201 5216 5219 5222 5196 5199 5202 5205 5149 5153 5149 5153 5201 5216 5219 5220 5197 5195 5184 5187 5190 5206 5207 5212 5216 5219 5222 5222 5220 5205 5208 5211
5220 5206 5214 5208 5221 5217 5206 5207 5206 5214 5186 5189 5192 5197 5195 5208 5221 5217 5206 5207 5212 5216 5219 5222 5220 5197 5195 5208 5221 5217 5206 5207 5222 5220 5197 5195 5208 5221 5217 5206 5207 5212 4804 4808 4812 4816 5206 5214 5209 5195 5198 5219 5220 5202 5218 5198 5201 5214 5217 5220 5194 5197 5200 5204 5207 5210 5194 5198 5200 5215 5218 5176 5192 5198 5201 5204 5194 5202 5194 5202 5200 5215 5218 5194 5212 5195 5201 5222 5220 5205 5208 5211 5215 5218 5221 5216 5209 5204 5207 5210
5194 5212 5195 5201 5222 5220 5205 5208 5211 5215 5185 5188 5191 5212 5195 5186 5192 5220 5205 5208 5211 5215 5218 5221 5194 5212 5195 5201 5222 5220 5205 5208 5144 5194 5212 5195 5201 5222 5220 5205 5208 5211 5215 5218 5221 5161 5165 5169 5214 5194 5198 5220 5197 5195 5208 5221 5217 5206 5207 5212 5216 5219 5222 5219 5220 5202 4796 4802 5201 5214 5217 5174 5180 5197 5200 5219 5220 5202 5218 5198 5201 5214 5217 5222 5204 5200 5198 5216 5209 5204 5207 5210 5186 5192 5220 5207 5210 5205 5208 5211
5222 5204 5200 5198 5216 5209 5204 5207 5210 5214 5184 5187 5190 5204 5200 5184 5190 5209 5204 5207 5210 5214 5217 5220 5222 5204 5200 5176 5192 5209 5204 5207 5141 5222 5204 5200 5198 5216 5209 5204 5207 5210 5214 5217 5220 5209 5206 5214 5196 5218 5198 5194 5212 4786 4789 4792 5220 5205 5208 5211 5215 5218 5221 5220 5197 5195 4794 4800 5217 5206 5207 5212 5216 5219 5222 5220 5197 5195 5208 5221 5217 5206 5222 5204 5200 5198 5216 5209 5204 5207 5210 5205 5184 5190 5168 5172 5209 5195 5198 5201
5144 5148 5152 5156 5160 5164 5168 5172 5209 5195 5198 5186 5192 5204 5200 5198 5216 5209 5204 5207 5210 5205 4796 4802 5222 5204 5200 5174 5180 5209 5204 5207 5205 5204 5194 5202 5200 5209 5206 5214 5196 5218 5198 5201 5201 5211 5212 5209 5204 5206 5209 5222 5204 4785 4788 4791 5186 5192 5207 5210 5214 5217 5220 5194 5212 5195 5201 5222 5220 5205 5208 5211 5215 5218 5221 5186 5192 5195 5201 5222 5220 5205 5144 5148 5152 5156 5160 5164 5168 5172 5209 5195 5198 5176 5192 5169 5214 5194 5198 5200
5141 5145 5149 5153 5157 5161 5165 5169 5214 5194 5198 5184 5190 5148 5152 5156 5160 5164 5168 5172 5209 5195 4794 4800 5144 5148 5152 5156 5160 5164 5168 5172 4796 4802 5195 5198 5201 5211 5212 5209 5204 5206 5209 5212 5218 5221 5205 5208 5211 5205 5208 5222 5204 4784 4787 4790 5184 5190 5207 5210 5205 5208 5211 5222 5204 5200 5198 5216 5209 5204 5207 5210 5214 5217 5220 5184 5190 5200 5198 5216 5209 5204 5141 5145 5149 5153 5157 5161 5165 5169 5214 5194 5198 5174 5180 5214 5196 5218 5198 5201
5205 5204 5194 5202 5200 5209 5206 5214 5196 5218 5198 5201 5141 5145 5149 5153 5157 5161 5165 5169 5214 5194 5198 5200 5141 5145 5149 5153 5157 5161 5165 5169 4794 4800 5212 5215 5218 5221 5205 5208 5211 5205 5208 5211 5217 5202 5214 5207 5210 5204 5207 5144 5148 5152 5156 5160 5164 5168 5172 5209 5195 4796 4802 5222 5204 5200 5198 5216 5209 5204 5207 5210 5205 5208 5211 5144 5148 5152 5156 5160 5164 5168 5205 5204 5194 5202 5200 4766 4769 4772 5196 5218 5198 5201 5212 5209 5204 5206 5209 5212
5209 4786 4789 4792 5201 5211 5212 5209 5204 5206 5209 5212 5205 5204 5194 5202 5200 5209 5206 5214 5196 5218 5198 5201 5205 5204 5194 5202 5200 5209 5206 5214 5206 5209 5222 5196 5217 5202 5214 5207 5210 5204 5207 5210 5198 5201 5216 5219 5222 5196 5199 5141 5145 5176 5192 5157 5161 5165 5169 5214 5194 4794 4800 5144 5148 5152 5156 5160 5164 5168 5172 5209 5195 5198 5201 5141 5145 5149 5153 5157 5161 5165 5209 5210 5195 5198 5201 4765 4768 4771 5204 5206 5209 5212 5205 5208 5211 5205 5208 5211
5214 4785 4788 4791 5218 5221 5205 5208 5211 5205 5208 5211 5209 5210 5195 5198 5201 5211 5212 5209 5204 5206 5209 5212 5209 5210 5195 5198 5201 5211 5212 5209 5205 5208 5211 5195 5198 5201 5216 5219 5222 5196 5199 5202 5198 5200 5215 5218 5221 5195 5198 5205 5204 5174 5180 5200 5209 5206 5214 5196 5218 5198 5201 5141 5145 5149 5153 5157 5161 5165 5169 5214 5194 5198 5200 5205 5204 5194 5202 5200 5209 5206 5214 5200 5212 5186 5192 4764 4767 4770 5211 5205 5208 5211 5214 5207 5210 5204 5207 5210
5206 4784 4787 4790 5217 5202 5214 5207 5210 5204 5207 5210 5214 5200 5212 5215 5218 5221 5205 5208 5211 5205 5208 5211 5214 5200 5212 5215 5218 5221 5205 5208 5204 5207 5210 5186 5189 5192 5215 5218 5221 5195 5198 5201 5198 5176 5192 5217 5220 5194 5197 5209 5210 5195 5198 5201 5211 5212 5209 5204 5206 5209 5212 5205 5204 5194 5202 5200 5209 5206 5214 5196 5218 5198 5201 5209 5210 5195 5198 5201 5211 5212 5206 5209 5222 5184 5190 5202 5214 5207 5210 5204 5207 5210 5216 5219 5176 5192 5199 5202
5205 5208 5211 5195 5198 5201 5216 5219 5222 5196 5199 5202 5206 5209 5222 5196 5217 5202 5214 5207 5210 5204 5207 5210 5206 4786 4789 4792 5217 5202 5214 5207 5219 5220 5202 5185 5188 5191 5214 5217 5220 5194 5197 5200 5221 5174 5180 5207 5212 5216 5219 5214 5200 5212 5215 5218 5221 5205 5208 5211 5205 5208 5211 5209 5210 5195 5198 5201 5211 5212 5209 5204 5206 5209 5212 5214 5200 5212 5215 5218 5221 5205 5205 5208 5211 5195 5198 5201 5216 5219 5222 5196 5199 5202 5215 5218 5174 5180 5198 5201
5204 5207 5210 5194 5198 5200 5215 5218 5221 5195 5198 5201 5205 5208 5211 5195 5198 5201 5216 5219 5222 5196 5199 5202 5205 4785 4788 4791 5198 5201 5216 5219 5220 5197 5195 5184 5187 5190 5206 5207 5212 5216 5219 5222 5222 5220 5205 5208 5211 5215 5218 5206 5209 5222 5196 5217 5202 5214 5186 5189 5192 5176 5192 5214 5200 5212 5215 5218 5221 5205 5176 5192 5205 5208 5211 5206 5209 5222 5196 5217 5202 5214 5204 5207 5210 5194 5198 5200 5215 5218 5221 5195 4796 4802 5214 5217 5220 5194 5197 5200
5219 5220 5202 5218 5198 5201 5214 5217 5220 5194 5197 5200 5204 5207 5210 5194 5198 5200 5215 5218 5176 5192 5198 5201 5204 4784 4787 4790 5198 5200 5215 5218 5194 5212 5195 5201 5222 5220 5205 5208 5211 5215 5218 5221 5216 5209 5204 5207 5210 5214 5217 5205 5208 5211 5195 5198 5201 5216 5185 5188 5191 5174 5180 5206 5209 5222 5196 5217 5202 5214 5174 5180 5204 5207 5210 5205 5208 5211 4796 4802 5201 5216 5219 5220 5202 5218 5198 5201 5214 5217 5220 5194 4794 4800 5206 5207 5212 5216 5219 5222
5220 5197 5195 5208 5221 5217 5206 5207 5212 5216 5219 5222 5219 5220 5202 4796 4802 5201 5214 5217 5174 5180 5197 5200 5219 5220 5202 5218 5198 5201 5214 5217 5222 5204 5200 5198 5216 5209 5204 5207 5210 5186 5192 5220 5207 5210 5205 5208 5211 5196 5199 5204 5176 5192 5194 5198 5200 5215 5184 5187 5190 5198 5201 5205 5208 5211 5195 5198 5201 5216 5219 5222 5196 5199 5202 5204 5207 5210 4794 4800 5200 5215 5220 5197 5195 5208 5221 5217 5206 5207 5212 5216 5219 5222 5205 5208 5211 5215 5218 5221
5194 5212 5195 5201 5222 5220 5205 5208 5211 5215 5218 5221 5220 5197 5195 4794 4800 5217 5206 5207 5212 5216 5219 5222 5220 5197 5195 5208 5221 5217 5206 5222 5204 5200 5198 5216 5209 5204 5207 5210 5205 5184 5190 5168 5172 5209 5195 5198 5201 5195 5198 5219 5174 5180 5218 5198 5201 5214 5217 5220 5194 5197 5200 5204 5207 5210 5194 5198 5200 5215 5218 5221 5195 5198 5201 5219 5220 5202 5218 5198 5201 5214 5194 5212 5195 5201 5222 5220 5205 5208 5211 5215 5218 5221 5204 5207 5210 5214 5217 5220
5222 5204 5200 5198 5216 5186 5192 5207 5210 5214 5217 5220 5194 5212 5195 5201 5222 5220 5205 5208 5211 5215 5218 5221 5186 5192 5195 5201 5222 5220 5205 5144 5148 5152 5156 5160 5164 5168 5172 5209 5195 5198 5176 5192 5169 5214 5194 5198 5200 5194 5197 5220 5197 5195 5208 5221 5217 5206 5207 5212 5216 5219 5222 5219 5220 5202 5218 5198 5201 5214 5217 5220 5194 5197 5200 5220 5197 5195 5208 5221 5217 5206 5222 5204 5200 5198 5216 5209 5204 5207 5210 5214 5217 5220 5204 5207 5210 5205 5208 5211
5222 5204 5200 5198 5216 5184 5190 5207 5210 5205 5208 5211 5222 5204 5200 5198 5216 5209 5204 5207 5210 5214 5217 5220 5184 5190 5200 5198 5216 5209 5204 5141 5145 5149 5153 5157 5161 5165 5169 5214 5194 5198 5174 5180 5214 5196 5218 5198 5201 5209 5212 5169 5141 5145 5149 5216 5219 5222 5196 5199 5202 5205 5208 5211 5195 5198 5132 4786 4789 4792 5210 5206 5209 5222 5201 5110 5108 5137 5132 5141 5145 5149 5153 5157 5161 5165 5169 5141 5145 5149 5153 5157 5161 5165 5169 5141 5145 5149 5153 5157
5144 5148 5152 5156 5160 5164 5168 5172 5209 5195 4796 4802 5222 5204 5200 5198 5216 5209 5204 5207 5210 5205 5208 5211 5144 5148 4807 4811 4815 4819 5168 5205 5204 5194 5202 5200 5209 5206 5214 5196 5218 5198 5201 5212 5209 5204 5206 5209 5212 5208 5211 5222 5204 5200 5186 5192 5209 5204 5207 5210 5205 5208 5211 5222 5204 5200 5198 4785 4788 4791 5207 5210 5205 5208 5211 5222 5204 5200 5198 5216 5209 5204 5207 5210 5222 5204 5200 5198 5216 5209 5204 5207 5210 5205 5208 5211 5209 5204 5207 5210
5141 5145 5176 5192 5157 5161 5165 5169 5214 5194 4794 4800 5144 5148 5152 5156 5160 5164 5168 5172 5209 5195 5198 5201 5141 5145 4806 4810 4814 4818 5165 5209 5210 5195 5198 5201 5211 5212 5209 5204 5206 5209 5212 5205 5208 5211 5205 5208 5211 5207 5210 5144 5148 5152 5184 5190 5164 5168 5172 5209 5195 5198 5201 5144 5148 5152 5156 4784 4787 4790 5172 5209 5195 5198 5201 5144 5148 5152 5156 5160 5164 5168 5172 5209 5144 5148 4796 4802 5160 5164 5168 5172 5209 5195 5198 5201 5164 5168 5172 5165
5205 5204 5174 5180 5200 5209 5206 5214 5196 5218 5198 5201 5141 5145 5149 5153 5157 5161 5165 5169 5214 5194 5198 5200 5205 5204 4805 4809 4813 4817 5206 5214 5200 5212 5186 5192 5221 5205 5208 5211 5205 5208 5211 5214 5207 5210 5204 5207 5210 5219 5222 5141 5145 5149 5153 5157 5161 5165 5169 5214 5194 5198 5200 5141 5145 5149 5153 5157 5161 5165 5169 5214 5194 5198 5200 5141 5145 5149 5153 5157 5186 5189 5192 5214 5141 5145 4794 4800 5157 5161 5165 5169 5214 5194 5198 5200 5161 5165 5169 5206
5209 5210 5195 5198 5201 5211 5212 5209 5204 5206 5209 5212 5205 5204 5194 5202 5200 5209 5206 5214 5196 5218 5198 5201 5209 5210 4804 4808 4812 4816 5212 5206 5209 5222 5184 5190 5202 5214 5207 5210 5204 5207 5210 5216 5219 5176 5192 5199 5202 5218 5221 5205 5204 5194 5202 5200 5209 5206 5214 5196 5218 5198 5201 5205 5204 5194 5202 5200 5209 5206 5214 5196 5218 5198 5201 5205 5204 5194 5202 5200 5185 5188 5191 5196 5205 5204 5194 5202 5200 5209 5206 5214 5196 5186 5192 5201 5209 5206 5214 5196
5214 5200 5212 5215 5218 5221 5205 5208 5211 5205 5208 5211 5209 5210 5195 5198 5201 5211 5212 5209 5204 5206 5209 5212 5214 5200 5212 5215 5218 5221 5205 5205 5208 5211 5195 5198 5201 5216 5219 5222 5196 5199 5202 5215 5218 5174 5180 5198 5201 5217 5220 5209 5210 5195 5198 5201 5211 5212 5209 5204 5206 5209 5212 5209 5210 5195 5198 5201 5211 5212 5209 5204 5206 5209 5212 5209 5210 5195 5198 5201 5184 5187 5190 5204 5209 5210 5195 5198 5201 5211 5212 5209 5204 5184 5190 5212 5211 5212 5209 5204
5206 5209 5222 4807 4811 4815 4819 5186 5189 5192 5176 5192 5214 5200 5212 5215 5218 5221 5205 5176 5192 5205 5208 5211 5206 5209 5222 5196 5217 5202 5214 5204 5207 5210 5194 5198 5200 5215 5218 5221 5195 4796 4802 5214 5217 5220 5194 5197 5200 5199 5202 5214 5200 5212 5215 5218 5221 5205 5208 5211 5205 5208 5186 5192 5200 5212 5215 5218 5221 5205 5208 5211 5205 5208 5211 5214 5200 5212 4807 4811 4815 4819 5208 5211 5214 5200 5212 5215 5218 5221 5205 5208 5211 5205 5208 5211 5221 5205 5208 5211
5205 5208 5211 4806 4810 4814 4818 5185 5188 5191 5174 5180 5206 5209 5222 5196 5217 5202 5214 5174 5180 5204 5207 5210 5205 5208 5211 4796 4802 5201 5216 5219 5220 5202 5218 5198 5201 5214 5217 5220 5194 4794 4800 5206 5207 5212 5216 5219 5222 5198 5201 5206 5209 5222 5196 5217 5202 5214 5207 5210 5204 5207 5184 5190 5209 5222 5196 5217 5202 5214 5207 5210 5204 5207 5186 5192 5209 5222 4806 4810 4814 4818 5207 5210 5206 5209 5222 5196 5217 5202 5214 5207 5210 5204 5207 5210 5202 5214 5207 5210
5204 5176 5192 4805 4809 4813 4817 5184 5187 5190 5198 5201 5205 5208 5211 5195 5198 5201 5216 5219 5222 5196 5199 5202 5204 5207 5210 4794 4800 5200 5215 5220 5197 5195 5208 5221 5217 5206 5207 5212 5216 5219 5222 5205 5208 5211 5215 5218 5221 5197 5200 5205 5208 5211 5218 5221 5201 5216 5219 5222 5196 5199 5202 5205 5208 5211 5195 5198 5201 5216 5219 5222 5196 5199 5184 5190 5208 5211 4805 4809 4813 4817 5219 5222 5205 5208 5211 5195 5198 5201 5216 5219 5222 5196 5199 5202 5201 5216 5219 5222
5219 5174 5180 4804 4808 4812 4816 5217 5220 5194 5197 5200 5204 5207 5210 5194 5198 5200 5215 5218 5221 5195 5198 5201 5219 5220 5202 5218 5198 5201 5214 5194 5212 5195 5201 5222 5220 5205 5208 5211 5215 5218 5221 5204 5207 5210 5214 5217 5220 5204 5218 5221 5197 5197 5197 5197 5200 5215 5218 5221 5195 5198 5201 5204 5207 5210 5194 5198 5200 5215 5218 5221 5195 5198 5201 5204 5207 5210 4804 4808 4812 4816 5218 5221 5204 5207 5210 5194 5176 5192 5215 5218 5221 5195 5198 5201 5165 5165 5169 5221
5163 5143 5147 5151 5155 5159 5163 5167 5171 5143 5147 5151 5155 5159 5163 5167 5171 5163 5163 5167 5171 5143 5147 5151 5155 5159 5163 5167 5171 5143 5147 5151 5155 5159 5163 5167 5171 5143 5147 5151 5155 5159 5163 5167 5171 5104 5163 5167 5171 5143 5132 5090 5092 5098 5104 5092 5092 5124 5147 5151 5155 5159 5163 5167 5171 5143 5147 5151 5155 5159 5163 5167 5171 5104 5163 5167 5171 5143 5147 5151 5155 5159 5163 5167 5171 5143 5147 5151 5155 5159 5163 5167 5171 5143 5147 5151 5155 5159 5163 5167
tile 4690 0 0
tile 4691 56 0
tile 4693 112 0
tile 4694 168 0
tile 4695 224 0
tile 4702 280 0
tile 4717 336 0
tile 4720 392 0
tile 4722 448 0
tile 4727 504 0
tile 4732 560 0
tile 4733 616 0
tile 4735 672 0
tile 4736 0 27
tile 4737 56 27
tile 4738 112 27
tile 4739 168 27
tile 4740 224 27
tile 4741 280 27
tile 4742 336 27
tile 4743 392 27
tile 4744 448 27
tile 4747 504 27
tile 4748 560 27
tile 4750 616 27
tile 4751 672 27
tile 4752 0 54
tile 4764 56 54
tile 4765 112 54
tile 4766 168 54
tile 4767 224 54
tile 4768 280 54
tile 4769 336 54
tile 4770 392 54
tile 4771 448 54
tile 4772 504 54
tile 4784 560 54
tile 4785 616 54
tile 4786 672 54
tile 4787 0 81
tile 4788 56 81
tile 4789 112 81
tile 4790 168 81
tile 4791 224 81
tile 4792 280 81
tile 4794 336 81
tile 4796 392 81
tile 4800 448 81
tile 4802 504 81
tile 4804 560 81
tile 4805 616 81
tile 4806 672 81
tile 4807 0 108
tile 4808 56 108
tile 4809 112 108
tile 4810 168 108
tile 4811 224 108
tile 4812 280 108
tile 4813 336 108
tile 4814 392 108
tile 4815 448 108
tile 4816 504 108
tile 4817 560 108
tile 4818 616 108
tile 4819 672 108
tile 4821 0 135
tile 4822 56 135
tile 4823 112 135
tile 4824 168 135
tile 4825 224 135
tile 4826 280 135
tile 4827 336 135
tile 4828 392 135
tile 4829 448 135
tile 4830 504 135
tile 4831 560 135
tile 4832 616 135
tile 4833 672 135
tile 4834 0 162
tile 4835 56 162
tile 4836 112 162
tile 4856 168 162
tile 4929 224 162
tile 4935 280 162
tile 4942 336 162
tile 4958 392 162
tile 5090 448 162
tile 5092 504 162
tile 5096 560 162
tile 5098 616 162
tile 5104 672 162
tile 5108 0 189
tile 5110 56 189
tile 5123 112 189
tile 5124 168 189
tile 5131 224 189
tile 5132 280 189
tile 5137 336 189
tile 5141 392 189
tile 5143 448 189
tile 5144 504 189
tile 5145 560 189
tile 5147 616 189
tile 5148 672 189
tile 5149 0 216
tile 5151 56 216
tile 5152 112 216
tile 5153 168 216
tile 5155 224 216
tile 5156 280 216
tile 5157 336 216
tile 5159 392 216
tile 5160 448 216
tile 5161 504 216
tile 5163 560 216
tile 5164 616 216
tile 5165 672 216
tile 5167 0 243
tile 5168 56 243
tile 5169 112 243
tile 5171 168 243
tile 5172 224 243
tile 5174 280 243
tile 5175 336 243
tile 5176 392 243
tile 5177 448 243
tile 5178 504 243
tile 5179 560 243
tile 5180 616 243
tile 5181 672 243
tile 5182 0 270
tile 5184 56 270
tile 5185 112 270
tile 5186 168 270
tile 5187 224 270
tile 5188 280 270
tile 5189 336 270
tile 5190 392 270
tile 5191 448 270
tile 5192 504 270
tile 5194 560 270
tile 5195 616 270
tile 5196 672 270
tile 5197 0 297
tile 5198 56 297
tile 5199 112 297
tile 5200 168 297
tile 5201 224 297
tile 5202 280 297
tile 5204 336 297
tile 5205 392 297
tile 5206 448 297
tile 5207 504 297
tile 5208 560 297
tile 5209 616 297
tile 5210 672 297
tile 5211 0 324
tile 5212 56 324
tile 5214 112 324
tile 5215 168 324
tile 5216 224 324
tile 5217 280 324
tile 5218 336 324
tile 5219 392 324
tile 5220 448 324
tile 5221 504 324
tile 5222 560 324
picture 6057 448 0 202 0
picture 6061 504 482 156 0
picture 6062 448 202 202 0
picture 6063 336 615 289 0
picture 6064 336 309 306 0
picture 6065 308 319 316 0
picture 6066 280 658 322 0
picture 6067 336 0 309 0
picture 6068 364 565 281 0
picture 6069 392 279 253 0
picture 6070 420 227 225 0
picture 6071 448 404 197 0
picture 6072 504 638 155 0
picture 6073 532 579 127 0
picture 6074 560 642 95 0
picture 6079 616 0 43 0
picture 6080 616 129 42 0
picture 6081 616 378 39 0
picture 6088 560 799 58 0
picture 6089 644 286 28 0
picture 6092 644 136 31 0
picture 6093 644 314 23 0
picture 6094 644 337 23 0
picture 6095 644 167 31 0
picture 6096 644 493 14 0
picture 6097 644 521 13 0
picture 6098 644 534 13 0
picture 6099 644 507 14 0
picture 6100 644 360 21 0
picture 6102 644 457 18 0
picture 6103 644 475 18 0
picture 6104 644 381 19 0
picture 6105 588 616 47 0
picture 6106 588 466 50 0
picture 6107 588 663 46 0
picture 6108 588 754 44 0
picture 6113 644 198 30 0
picture 6117 588 106 52 0
picture 6118 588 158 52 0
picture 6123 560 857 55 0
picture 6124 616 171 42 0
picture 6125 644 70 33 0
picture 6126 644 228 29 0
picture 6131 588 516 50 0
picture 6132 588 262 51 0
picture 6133 616 871 36 0
picture 6134 616 907 36 0
picture 6135 616 495 38 0
picture 6136 616 723 37 0
picture 6137 616 760 37 0
picture 6138 616 533 38 0
picture 6139 588 798 44 0
picture 6140 588 709 45 0
picture 6141 560 912 55 0
picture 6142 616 213 42 0
picture 6147 644 0 35 0
picture 6148 644 35 35 0
picture 6149 588 566 50 0
picture 6150 588 313 51 0
picture 6151 616 943 36 0
picture 6152 616 979 36 0
picture 6153 616 571 38 0
picture 6154 616 797 37 0
picture 6155 616 834 37 0
picture 6156 616 609 38 0
picture 6157 588 842 44 0
picture 6158 588 886 44 0
picture 6161 644 400 19 0
picture 6162 616 43 43 0
picture 6163 588 364 51 0
picture 6164 616 647 38 0
picture 6165 644 419 19 0
picture 6166 616 86 43 0
picture 6167 588 415 51 0
picture 6168 616 685 38 0
picture 6173 616 297 41 0
picture 6174 588 0 53 0
picture 6175 588 930 44 0
picture 6176 644 438 19 0
picture 6177 588 974 44 0
picture 6178 588 53 53 0
picture 6179 616 417 39 0
picture 6180 616 456 39 0
picture 6181 588 210 52 0
picture 6182 616 338 40 0
picture 6371 560 0 121 0
picture 6372 504 793 153 0
picture 6373 476 0 183 0
picture 6374 420 665 211 0
picture 6375 392 784 239 0
picture 6376 364 0 283 0
picture 6377 168 351 350 0
picture 6378 112 0 389 0
picture 6379 28 414 401 0
picture 6380 84 396 392 0
picture 6381 140 366 364 0
picture 6382 224 0 347 0
picture 6383 252 672 332 0
picture 6384 224 347 346 0
picture 6385 196 0 350 0
picture 6386 196 350 350 0
picture 6387 28 0 414 0
picture 6388 0 0 473 0
picture 6389 0 473 463 0
picture 6390 56 397 396 0
picture 6391 392 0 279 0
picture 6392 420 0 227 0
picture 6393 476 366 175 0
picture 6404 476 541 172 0
picture 6405 448 797 190 0
picture 6406 532 447 132 0
picture 6407 476 713 167 0
picture 6408 448 601 196 0
picture 6409 532 305 142 0
picture 6410 560 545 97 0
picture 6411 532 706 124 0
picture 6412 532 0 153 0
picture 6413 504 167 158 0
picture 6414 504 0 167 0
picture 6415 560 445 100 0
picture 6417 532 830 122 0
picture 6418 504 325 157 0
picture 6419 532 153 152 0
picture 6420 560 121 111 0
picture 6447 560 232 110 0
picture 6448 560 342 103 0
picture 6449 560 737 62 0
picture 6512 644 257 29 0
picture 6513 644 103 33 0
picture 6514 616 255 42 0
picture 6515 560 967 55 0
picture 6519 476 183 183 0
picture 6520 420 452 213 0
picture 6521 252 0 339 0
picture 6522 112 389 369 0
picture 6523 56 0 397 0
picture 6524 84 0 396 0
picture 6525 140 0 366 0
picture 6526 168 0 351 0
picture 6527 280 0 329 0
picture 6528 280 329 329 0
picture 6529 308 635 315 0
picture 6530 308 0 319 0
picture 6531 252 339 333 0
picture 6532 364 283 282 0
picture 6533 392 532 252 0
object 34 0 left 6151
object 34 0 right 6152
object 35 0 left 6153
object 35 0 right 6154
object 71 0 left 6414
object 71 0 right 6415
object 2 1 left 6102
object 27 1 right 6393
object 34 1 left 6155
object 34 1 right 6156
object 35 1 left 6149
object 35 1 right 6150
object 39 1 right 6449
object 42 1 left 6139
object 42 1 right 6140
object 43 1 left 6147
object 43 1 right 6148
object 44 1 left 6407
object 44 1 right 6408
object 45 1 left 6107
object 45 1 right 6108
object 46 1 left 6157
object 46 1 right 6158
object 47 1 left 6117
object 47 1 right 6118
object 50 1 left 6102
object 57 1 left 6105
object 57 1 right 6106
object 68 1 left 6410
object 69 1 left 6411
object 70 1 left 6412
object 70 1 right 6413
object 87 1 right 6449
object 92 1 left 6407
object 92 1 right 6408
object 2 2 left 6098
object 2 2 right 6099
object 27 2 right 6392
object 39 2 left 6447
object 39 2 right 6448
object 43 2 left 6125
object 43 2 right 6126
object 50 2 left 6098
object 50 2 right 6099
object 59 2 left 6105
object 59 2 right 6106
object 60 2 left 6105
object 60 2 right 6106
object 87 2 left 6447
object 87 2 right 6448
object 27 3 right 6391
object 40 3 left 6141
object 40 3 right 6142
object 41 3 left 6512
object 41 3 right 6513
object 45 3 left 6133
object 45 3 right 6134
object 59 3 left 6107
object 59 3 right 6108
object 96 3 left 6125
object 96 3 right 6126
object 27 4 left 6389
object 27 4 right 6390
object 38 4 left 6131
object 38 4 right 6132
object 68 4 right 6449
object 85 4 left 6133
object 85 4 right 6134
object 86 4 left 6131
object 86 4 right 6132
object 89 4 left 6135
object 89 4 right 6136
object 3 5 left 6151
object 3 5 right 6152
object 4 5 left 6153
object 4 5 right 6154
object 21 5 left 6382
object 22 5 left 6383
object 23 5 left 6384
object 24 5 left 6385
object 25 5 left 6386
object 26 5 left 6387
object 26 5 right 6388
object 30 5 right 6409
object 54 5 left 6080
object 54 5 right 6081
object 68 5 left 6447
object 68 5 right 6448
object 71 5 left 6079
object 78 5 right 6409
object 3 6 left 6155
object 3 6 right 6156
object 4 6 left 6149
object 4 6 right 6150
object 8 6 left 6080
object 8 6 right 6081
object 11 6 right 6449
object 20 6 right 6381
object 30 6 left 6407
object 30 6 right 6408
object 49 6 left 6098
object 49 6 right 6099
object 59 6 right 6449
object 72 6 left 6102
object 78 6 left 6407
object 78 6 right 6408
object 91 6 left 6133
object 91 6 right 6134
object 11 7 left 6447
object 11 7 right 6448
object 18 7 left 6377
object 19 7 left 6378
object 20 7 left 6379
object 20 7 right 6380
object 37 7 left 6096
object 37 7 right 6097
object 59 7 left 6447
object 59 7 right 6448
object 85 7 left 6096
object 85 7 right 6097
object 91 7 left 6131
object 91 7 right 6132
object 13 8 left 6371
object 14 8 left 6372
object 15 8 left 6373
object 16 8 left 6374
object 17 8 left 6375
object 17 8 right 6376
object 28 8 right 6420
object 49 8 left 6080
object 49 8 right 6081
object 85 8 left 6137
object 85 8 right 6138
object 86 8 left 6131
object 86 8 right 6132
object 27 9 left 6417
object 28 9 left 6418
object 28 9 right 6419
object 83 9 left 6105
object 83 9 right 6106
object 84 9 left 6105
object 84 9 right 6106
object 94 9 left 6098
object 94 9 right 6099
object 82 10 left 6105
object 82 10 right 6106
object 83 10 left 6105
object 83 10 right 6106
object 84 10 left 6105
object 84 10 right 6106
object 92 10 left 6088
object 92 10 right 6089
object 19 11 left 6104
object 19 11 right 6103
object 20 11 right 6406
object 48 11 left 6102
object 67 11 left 6104
object 67 11 right 6103
object 68 11 right 6406
object 91 11 left 6092
object 91 11 right 6093
object 96 11 left 6102
object 16 12 left 6102
object 20 12 left 6404
object 20 12 right 6405
object 48 12 left 6096
object 48 12 right 6097
object 64 12 left 6102
object 68 12 left 6404
object 68 12 right 6405
object 86 12 left 6105
object 86 12 right 6106
object 93 12 left 6094
object 93 12 right 6095
object 96 12 left 6096
object 96 12 right 6097
object 4 13 right 6409
object 6 13 left 6157
object 6 13 right 6158
object 52 13 right 6409
object 92 13 left 6096
object 92 13 right 6097
object 93 13 left 6100
object 93 13 right 6099
object 94 13 left 6100
object 4 14 left 6407
object 4 14 right 6408
object 26 14 right 6449
object 38 14 right 6406
object 52 14 left 6407
object 52 14 right 6408
object 67 14 right 6164
object 74 14 right 6449
object 86 14 right 6406
object 91 14 right 6179
object 93 14 left 6100
object 93 14 right 6103
object 7 15 left 6096
object 7 15 right 6097
object 8 15 left 6100
object 21 15 left 6100
object 26 15 left 6447
object 26 15 right 6448
object 38 15 left 6404
object 38 15 right 6405
object 55 15 left 6096
object 55 15 right 6097
object 56 15 left 6100
object 66 15 left 6161
object 67 15 left 6162
object 67 15 right 6163
object 69 15 left 6100
object 74 15 left 6447
object 74 15 right 6448
object 86 15 left 6404
object 86 15 right 6405
object 91 15 left 6177
object 91 15 right 6178
object 4 16 left 6125
object 4 16 right 6126
object 8 16 left 6100
object 21 16 left 6104
object 21 16 right 6103
object 36 16 right 6449
object 38 16 left 6100
object 46 16 left 6100
object 56 16 left 6100
object 69 16 left 6104
object 69 16 right 6103
object 84 16 right 6449
object 86 16 left 6100
object 18 17 right 6406
object 21 17 left 6098
object 21 17 right 6099
object 36 17 left 6447
object 36 17 right 6448
object 38 17 left 6104
object 38 17 right 6103
object 40 17 right 6406
object 66 17 right 6406
object 69 17 left 6098
object 69 17 right 6099
object 84 17 left 6447
object 84 17 right 6448
object 86 17 left 6104
object 86 17 right 6103
object 88 17 right 6406
object 18 18 left 6404
object 18 18 right 6405
object 21 18 left 6096
object 21 18 right 6097
object 40 18 left 6404
object 40 18 right 6405
object 66 18 left 6404
object 66 18 right 6405
object 69 18 left 6096
object 69 18 right 6097
object 73 18 left 6157
object 73 18 right 6158
object 88 18 left 6404
object 88 18 right 6405
object 10 20 right 6449
object 16 20 right 6409
object 41 20 right 6409
object 58 20 right 6449
object 64 20 right 6409
object 89 20 right 6409
object 10 21 left 6447
object 10 21 right 6448
object 16 21 left 6407
object 16 21 right 6408
object 23 21 right 6409
object 33 21 left 6104
object 33 21 right 6103
object 41 21 left 6407
object 41 21 right 6408
object 58 21 left 6447
object 58 21 right 6448
object 64 21 left 6407
object 64 21 right 6408
object 71 21 right 6409
object 81 21 left 6104
object 81 21 right 6103
object 89 21 left 6407
object 89 21 right 6408
object 19 22 right 6406
object 23 22 left 6407
object 23 22 right 6408
object 33 22 right 6406
object 67 22 right 6406
object 71 22 left 6407
object 71 22 right 6408
object 81 22 right 6406
object 11 23 left 6100
object 19 23 left 6404
object 19 23 right 6405
object 33 23 left 6404
object 33 23 right 6405
object 59 23 left 6100
object 67 23 left 6404
object 67 23 right 6405
object 81 23 left 6404
object 81 23 right 6405
object 7 25 left 6098
object 7 25 right 6099
object 33 25 right 6164
object 55 25 left 6098
object 55 25 right 6099
object 7 26 right 6409
object 25 26 left 6100
object 32 26 left 6161
object 33 26 left 6162
object 33 26 right 6163
object 38 26 right 6449
object 55 26 right 6409
object 73 26 left 6100
object 86 26 right 6449
object 7 27 left 6407
object 7 27 right 6408
object 9 27 left 6096
object 9 27 right 6097
object 13 27 left 6117
object 13 27 right 6118
object 16 27 left 6117
object 16 27 right 6118
object 17 27 left 6117
object 17 27 right 6118
object 38 27 left 6447
object 38 27 right 6448
object 47 27 right 6449
object 55 27 left 6407
object 55 27 right 6408
object 57 27 left 6096
object 57 27 right 6097
object 65 27 left 6080
object 65 27 right 6081
object 86 27 left 6447
object 86 27 right 6448
object 95 27 right 6449
object 5 28 left 6080
object 5 28 right 6081
object 11 28 right 6406
object 15 28 left 6105
object 15 28 right 6106
object 16 28 left 6105
object 16 28 right 6106
object 17 28 left 6105
object 17 28 right 6106
object 40 28 left 6096
object 40 28 right 6097
object 45 28 right 6406
object 47 28 left 6447
object 47 28 right 6448
object 50 28 left 6096
object 50 28 right 6097
object 59 28 right 6406
object 88 28 left 6096
object 88 28 right 6097
object 93 28 right 6406
object 95 28 left 6447
object 95 28 right 6448
object 98 28 left 6096
object 98 28 right 6097
object 11 29 left 6404
object 11 29 right 6405
object 45 29 left 6404
object 45 29 right 6405
object 59 29 left 6404
object 59 29 right 6405
object 93 29 left 6404
object 93 29 right 6405
object 2 30 right 6449
object 48 30 right 6409
object 50 30 right 6449
object 96 30 right 6409
object 2 31 left 6447
object 2 31 right 6448
object 24 31 left 6096
object 24 31 right 6097
object 48 31 left 6407
object 48 31 right 6408
object 50 31 left 6447
object 50 31 right 6448
object 72 31 left 6096
object 72 31 right 6097
object 86 31 left 6080
object 86 31 right 6081
object 96 31 left 6407
object 96 31 right 6408
object 26 32 right 6449
object 74 32 right 6449
object 26 33 left 6447
object 26 33 right 6448
object 74 33 left 6447
object 74 33 right 6448
object 44 34 left 6104
object 44 34 right 6103
object 92 34 left 6104
object 92 34 right 6103
object 8 35 left 6104
object 8 35 right 6103
object 19 35 left 6096
object 19 35 right 6097
object 33 35 right 6409
object 35 35 left 6098
object 35 35 right 6099
object 36 35 left 6104
object 36 35 right 6103
object 56 35 left 6104
object 56 35 right 6103
object 67 35 left 6096
object 67 35 right 6097
object 81 35 right 6409
object 83 35 left 6098
object 83 35 right 6099
object 84 35 left 6104
object 84 35 right 6103
object 90 35 right 6074
object 8 36 left 6096
object 8 36 right 6097
object 33 36 left 6407
object 33 36 right 6408
object 56 36 left 6096
object 56 36 right 6097
object 81 36 left 6407
object 81 36 right 6408
object 90 36 right 6073
object 21 37 right 6406
object 45 37 left 6102
object 69 37 right 6406
object 76 37 left 6079
object 90 37 right 6072
object 93 37 left 6102
object 7 38 right 6409
object 21 38 left 6404
object 21 38 right 6405
object 45 38 right 6449
object 46 38 left 6096
object 46 38 right 6097
object 47 38 left 6096
object 47 38 right 6097
object 48 38 left 6102
object 55 38 right 6409
object 69 38 left 6404
object 69 38 right 6405
object 90 38 right 6071
object 93 38 right 6449
object 94 38 left 6096
object 94 38 right 6097
object 95 38 left 6096
object 95 38 right 6097
object 96 38 left 6102
object 7 39 left 6407
object 7 39 right 6408
object 11 39 right 6406
object 20 39 right 6409
object 45 39 left 6447
object 45 39 right 6448
object 47 39 left 6104
object 47 39 right 6103
object 48 39 left 6104
object 48 39 right 6103
object 49 39 left 6100
object 55 39 left 6407
object 55 39 right 6408
object 59 39 right 6406
object 68 39 right 6409
object 90 39 right 6070
object 93 39 left 6447
object 93 39 right 6448
object 95 39 left 6104
object 95 39 right 6103
object 96 39 left 6104
object 96 39 right 6103
object 97 39 left 6100
object 11 40 left 6404
object 11 40 right 6405
object 20 40 left 6407
object 20 40 right 6408
object 48 40 right 6406
object 59 40 left 6404
object 59 40 right 6405
object 68 40 left 6407
object 68 40 right 6408
object 83 40 left 6061
object 84 40 left 6062
object 88 40 right 6057
object 89 40 right 6057
object 90 40 right 6069
object 91 40 left 6125
object 91 40 right 6126
object 96 40 right 6406
object 48 41 left 6404
object 48 41 right 6405
object 55 41 left 6107
object 55 41 right 6108
object 90 41 right 6068
object 96 41 left 6404
object 96 41 right 6405
object 5 42 left 6096
object 5 42 right 6097
object 53 42 left 6096
object 53 42 right 6097
object 87 42 left 6063
object 88 42 left 6064
object 89 42 left 6065
object 90 42 left 6066
object 90 42 right 6067
object 12 43 right 6449
object 16 43 right 6409
object 25 43 right 6409
object 49 43 right 6409
object 60 43 right 6449
object 64 43 right 6409
object 73 43 right 6409
object 97 43 right 6409
object 8 44 left 6080
object 8 44 right 6081
object 12 44 left 6447
object 12 44 right 6448
object 16 44 left 6407
object 16 44 right 6408
object 25 44 left 6407
object 25 44 right 6408
object 28 44 right 6449
object 37 44 right 6409
object 49 44 left 6407
object 49 44 right 6408
object 60 44 left 6447
object 60 44 right 6448
object 64 44 left 6407
object 64 44 right 6408
object 73 44 left 6407
object 73 44 right 6408
object 76 44 right 6449
object 85 44 right 6409
object 97 44 left 6407
object 97 44 right 6408
object 19 45 left 6102
object 28 45 left 6447
object 28 45 right 6448
object 37 45 left 6407
object 37 45 right 6408
object 39 45 left 6098
object 39 45 right 6099
object 67 45 left 6102
object 76 45 left 6447
object 76 45 right 6448
object 85 45 left 6407
object 85 45 right 6408
object 87 45 left 6098
object 87 45 right 6099
object 97 45 left 6133
object 97 45 right 6134
object 6 46 left 6079
object 38 46 left 6104
object 39 46 left 6100
object 86 46 left 6104
object 87 46 left 6100
object 97 46 left 6131
object 97 46 right 6132
object 23 47 left 6180
object 24 47 left 6181
object 24 47 right 6182
object 25 47 right 6179
object 5 48 left 6125
object 5 48 right 6126
object 25 48 left 6177
object 25 48 right 6178
object 62 48 left 6414
object 62 48 right 6415
object 22 49 left 6098
object 22 49 right 6099
object 23 49 left 6100
object 23 49 right 6103
object 50 49 left 6102
object 58 49 left 6113
object 59 49 left 6410
object 60 49 left 6411
object 61 49 left 6412
object 61 49 right 6413
object 87 49 right 6449
object 92 49 left 6407
object 92 49 right 6408
object 50 50 left 6098
object 50 50 right 6099
object 59 50 left 6117
object 59 50 right 6118
object 60 50 left 6105
object 60 50 right 6106
object 87 50 left 6447
object 87 50 right 6448
object 21 51 left 6088
object 21 51 right 6089
object 59 51 left 6105
object 59 51 right 6106
object 60 51 left 6105
object 60 51 right 6106
object 8 52 left 6414
object 8 52 right 6415
object 35 52 right 6164
object 62 52 left 6105
object 62 52 right 6106
object 68 52 right 6449
object 5 53 left 6410
object 6 53 left 6411
object 7 53 left 6412
object 7 53 right 6413
object 21 53 right 6176
object 34 53 left 6161
object 35 53 left 6162
object 35 53 right 6163
object 68 53 left 6447
object 68 53 right 6448
object 78 53 right 6409
object 20 54 left 6173
object 21 54 left 6174
object 21 54 right 6175
object 54 54 left 6100
object 59 54 right 6449
object 72 54 left 6102
object 78 54 left 6407
object 78 54 right 6408
object 91 54 left 6079
object 54 55 right 6533
object 59 55 left 6447
object 59 55 right 6448
object 85 55 left 6096
object 85 55 right 6097
object 54 56 right 6532
object 5 57 left 6079
object 25 57 left 6094
object 25 57 right 6095
object 54 57 left 6530
object 54 57 right 6531
object 55 57 left 6102
object 90 57 left 6080
object 90 57 right 6081
object 94 57 left 6098
object 94 57 right 6099
object 25 58 left 6092
object 25 58 right 6093
object 26 58 left 6094
object 26 58 right 6095
object 51 58 left 6526
object 52 58 left 6527
object 53 58 left 6528
object 53 58 right 6529
object 55 58 left 6100
object 50 59 right 6525
object 67 59 left 6104
object 67 59 right 6103
object 68 59 right 6406
object 96 59 left 6102
object 43 60 left 6153
object 43 60 right 6154
object 50 60 left 6523
object 50 60 right 6524
object 64 60 left 6102
object 68 60 left 6404
object 68 60 right 6405
object 96 60 left 6096
object 96 60 right 6097
object 43 61 left 6514
object 43 61 right 6515
object 49 61 right 6522
object 43 62 left 6139
object 43 62 right 6140
object 44 62 left 6123
object 44 62 right 6124
object 45 62 left 6139
object 45 62 right 6140
object 46 62 left 6153
object 46 62 right 6154
object 48 62 left 6519
object 49 62 left 6520
object 49 62 right 6521
object 52 62 left 6514
object 52 62 right 6515
object 53 62 right 6406
object 56 62 left 6157
object 56 62 right 6158
object 74 62 right 6449
object 86 62 right 6406
object 2 63 left 6102
object 39 63 right 6449
object 44 63 left 6407
object 44 63 right 6408
object 46 63 left 6514
object 46 63 right 6515
object 49 63 left 6153
object 49 63 right 6154
object 50 63 left 6139
object 50 63 right 6140
object 51 63 left 6139
object 51 63 right 6140
object 52 63 left 6131
object 52 63 right 6132
object 53 63 left 6404
object 53 63 right 6405
object 54 63 left 6098
object 54 63 right 6099
object 55 63 left 6100
object 69 63 left 6100
object 74 63 left 6447
object 74 63 right 6448
object 86 63 left 6404
object 86 63 right 6405
object 94 63 left 6125
object 94 63 right 6126
object 2 64 left 6098
object 2 64 right 6099
object 39 64 left 6447
object 39 64 right 6448
object 49 64 left 6514
object 49 64 right 6515
object 69 64 left 6104
object 69 64 right 6103
object 84 64 right 6449
object 86 64 left 6100
object 94 64 left 6100
object 58 65 left 6133
object 58 65 right 6134
object 66 65 right 6406
object 69 65 left 6098
object 69 65 right 6099
object 84 65 left 6447
object 84 65 right 6448
object 86 65 left 6104
object 86 65 right 6103
object 88 65 right 6406
object 20 66 right 6449
object 58 66 left 6131
object 58 66 right 6132
object 66 66 left 6404
object 66 66 right 6405
object 69 66 left 6096
object 69 66 right 6097
object 88 66 left 6404
object 88 66 right 6405
object 20 67 left 6447
object 20 67 right 6448
object 30 67 right 6409
object 11 68 right 6449
object 17 68 left 6079
object 24 68 left 6102
object 30 68 left 6407
object 30 68 right 6408
object 58 68 right 6449
object 64 68 right 6409
object 89 68 right 6409
object 4 69 left 6125
object 4 69 right 6126
object 11 69 left 6447
object 11 69 right 6448
object 37 69 left 6096
object 37 69 right 6097
object 58 69 left 6447
object 58 69 right 6448
object 64 69 left 6407
object 64 69 right 6408
object 71 69 right 6409
object 81 69 left 6104
object 81 69 right 6103
object 89 69 left 6407
object 89 69 right 6408
object 93 69 left 6079
object 67 70 right 6406
object 71 70 left 6407
object 71 70 right 6408
object 81 70 right 6406
object 84 70 left 6094
object 84 70 right 6095
object 46 71 left 6098
object 46 71 right 6099
object 59 71 left 6100
object 67 71 left 6404
object 67 71 right 6405
object 81 71 left 6404
object 81 71 right 6405
object 19 73 left 6104
object 19 73 right 6103
object 20 73 right 6406
object 48 73 left 6102
object 55 73 left 6098
object 55 73 right 6099
object 16 74 left 6102
object 20 74 left 6404
object 20 74 right 6405
object 48 74 left 6096
object 48 74 right 6097
object 55 74 right 6409
object 73 74 left 6100
object 86 74 right 6449
object 4 75 right 6409
object 55 75 left 6407
object 55 75 right 6408
object 57 75 left 6096
object 57 75 right 6097
object 79 75 right 6176
object 80 75 right 6179
object 86 75 left 6447
object 86 75 right 6448
object 95 75 right 6449
object 4 76 left 6407
object 4 76 right 6408
object 26 76 right 6449
object 38 76 right 6406
object 59 76 right 6406
object 78 76 left 6173
object 79 76 left 6174
object 79 76 right 6175
object 80 76 left 6177
object 80 76 right 6178
object 82 76 left 6125
object 82 76 right 6126
object 88 76 left 6096
object 88 76 right 6097
object 93 76 right 6406
object 95 76 left 6447
object 95 76 right 6448
object 98 76 left 6096
object 98 76 right 6097
object 7 77 left 6096
object 7 77 right 6097
object 8 77 left 6100
object 21 77 left 6100
object 26 77 left 6447
object 26 77 right 6448
object 38 77 left 6404
object 38 77 right 6405
object 59 77 left 6404
object 59 77 right 6405
object 93 77 left 6404
object 93 77 right 6405
object 8 78 left 6100
object 21 78 left 6104
object 21 78 right 6103
object 36 78 right 6449
object 38 78 left 6100
object 46 78 left 6100
object 50 78 right 6449
object 96 78 right 6409
object 18 79 right 6406
object 21 79 left 6098
object 21 79 right 6099
object 36 79 left 6447
object 36 79 right 6448
object 38 79 left 6104
object 38 79 right 6103
object 40 79 right 6406
object 50 79 left 6447
object 50 79 right 6448
object 70 79 left 6079
object 72 79 left 6096
object 72 79 right 6097
object 96 79 left 6407
object 96 79 right 6408
object 18 80 left 6404
object 18 80 right 6405
object 21 80 left 6096
object 21 80 right 6097
object 40 80 left 6404
object 40 80 right 6405
object 74 80 right 6449
object 58 81 right 6164
object 68 81 left 6080
object 68 81 right 6081
object 74 81 left 6447
object 74 81 right 6448
object 10 82 right 6449
object 16 82 right 6409
object 41 82 right 6409
object 57 82 left 6161
object 58 82 left 6162
object 58 82 right 6163
object 92 82 left 6104
object 92 82 right 6103
object 10 83 left 6447
object 10 83 right 6448
object 16 83 left 6407
object 16 83 right 6408
object 23 83 right 6409
object 33 83 left 6104
object 33 83 right 6103
object 41 83 left 6407
object 41 83 right 6408
object 56 83 left 6104
object 56 83 right 6103
object 67 83 left 6096
object 67 83 right 6097
object 81 83 right 6409
object 83 83 left 6098
object 83 83 right 6099
object 84 83 left 6104
object 84 83 right 6103
object 19 84 right 6406
object 23 84 left 6407
object 23 84 right 6408
object 33 84 right 6406
object 56 84 left 6096
object 56 84 right 6097
object 81 84 left 6407
object 81 84 right 6408
object 11 85 left 6100
object 19 85 left 6404
object 19 85 right 6405
object 33 85 left 6404
object 33 85 right 6405
object 69 85 right 6406
object 93 85 left 6102
object 46 86 left 6125
object 46 86 right 6126
object 55 86 right 6409
object 69 86 left 6404
object 69 86 right 6405
object 85 86 left 6080
object 85 86 right 6081
object 93 86 right 6449
object 94 86 left 6096
object 94 86 right 6097
object 95 86 left 6096
object 95 86 right 6097
object 96 86 left 6102
object 7 87 left 6098
object 7 87 right 6099
object 55 87 left 6407
object 55 87 right 6408
object 59 87 right 6406
object 68 87 right 6409
object 93 87 left 6447
object 93 87 right 6448
object 95 87 left 6104
object 95 87 right 6103
object 96 87 left 6104
object 96 87 right 6103
object 97 87 left 6100
object 7 88 right 6409
object 21 88 right 6168
object 25 88 left 6100
object 38 88 right 6449
object 59 88 left 6404
object 59 88 right 6405
object 68 88 left 6407
object 68 88 right 6408
object 96 88 right 6406
object 7 89 left 6407
object 7 89 right 6408
object 9 89 left 6096
object 9 89 right 6097
object 19 89 right 6179
object 20 89 left 6165
object 21 89 left 6166
object 21 89 right 6167
object 38 89 left 6447
object 38 89 right 6448
object 47 89 right 6449
object 96 89 left 6404
object 96 89 right 6405
object 11 90 right 6406
object 17 90 right 6179
object 18 90 right 6179
object 19 90 left 6177
object 19 90 right 6178
object 21 90 right 6168
object 22 90 left 6096
object 22 90 right 6097
object 23 90 left 6102
object 23 90 right 6097
object 40 90 left 6096
object 40 90 right 6097
object 45 90 right 6406
object 47 90 left 6447
object 47 90 right 6448
object 50 90 left 6096
object 50 90 right 6097
object 53 90 left 6096
object 53 90 right 6097
object 6 91 left 6414
object 6 91 right 6415
object 11 91 left 6404
object 11 91 right 6405
object 17 91 left 6177
object 17 91 right 6178
object 18 91 left 6177
object 18 91 right 6178
object 19 91 left 6104
object 19 91 right 6103
object 20 91 left 6165
object 21 91 left 6166
object 21 91 right 6167
object 22 91 left 6100
object 22 91 right 6103
object 23 91 left 6100
object 45 91 left 6404
object 45 91 right 6405
object 60 91 right 6449
object 64 91 right 6409
object 73 91 right 6409
object 97 91 right 6409
object 2 92 right 6449
object 3 92 left 6410
object 4 92 left 6411
object 5 92 left 6412
object 5 92 right 6413
object 19 92 left 6098
object 19 92 right 6099
object 48 92 right 6409
object 60 92 left 6447
object 60 92 right 6448
object 64 92 left 6407
object 64 92 right 6408
object 73 92 left 6407
object 73 92 right 6408
object 76 92 right 6449
object 85 92 right 6409
object 97 92 left 6407
object 97 92 right 6408
object 2 93 left 6447
object 2 93 right 6448
object 24 93 left 6096
object 24 93 right 6097
object 48 93 left 6407
object 48 93 right 6408
object 67 93 left 6102
object 76 93 left 6447
object 76 93 right 6448
object 85 93 left 6407
object 85 93 right 6408
object 87 93 left 6098
object 87 93 right 6099
object 26 94 right 6449
object 49 94 left 6079
object 86 94 left 6104
object 87 94 left 6100
object 26 95 left 6447
object 26 95 right 6448
object 44 96 left 6104
object 44 96 right 6103
object 8 97 left 6104
object 19 97 left 6096
object 19 97 right 6097
object 33 97 right 6409
object 35 97 left 6098
object 35 97 right 6099
object 36 97 left 6104
object 36 97 right 6103
object 8 98 left 6096
object 8 98 right 6097
object 33 98 left 6407
object 33 98 right 6408
object 57 99 left 6407
object 57 99 right 6408
