# lod20383 — tools/dat-extract layout 이 만든다. 손으로 고치지 말 것.
size 40 40
blocked
############..##########################
#........#.#...#.....#.................#
#....................#.................#
#....................#.................#
##...................##................#
#....................#.................#
#....................##................#
#......................................#
#.....##...............................#
#######................................#
#...................................####
#......................................#
#......................................#
##.............#.......................#
#......................................#
#......................................#
##............................#........#
..............................#........#
..............................#........#
#........#..............#######........#
#........#...............##...........##
#........#...............#............##
#........#######.........##...........##
#........#..............................
##.......##.............................
#........#.............................#
#........#.............................#
##.......#.............................#
#.......##.............................#
#......................................#
#......................................#
#......................................#
#.................###..................#
#...................#..........##......#
#..............................##......#
#..............................#.......#
#..............................#.......#
#..........###.................#.......#
#.....#........................#.......#
########################################
floor
11868 11872 11868 11872 11876 11880 11876 11880 11872 11872 11876 11880 11868 11872 11876 11880 11868 11868 11868 11876 11880 11872 11876 11880 11868 11872 11876 11868 11868 11872 11868 11872 11868 11872 11876 11880 11876 11880 11872 11872
11867 11871 11867 11871 11875 11879 11875 11868 11872 11869 11880 11879 11867 11868 11872 11870 11880 11867 11871 11875 11879 11871 11875 11879 11867 11871 11875 11879 11867 11871 11867 11871 11867 11871 11875 11879 11875 11868 11872 11876
11866 11870 11866 11870 11874 11878 11874 11867 11871 11875 11879 11878 11866 11867 11871 11875 11879 11866 11870 11874 11878 11870 11876 11880 11866 11870 11874 11878 11866 11870 11866 11870 11866 11870 11874 11878 11874 11867 11871 11875
11865 11869 11865 11869 11873 11877 11873 11866 11870 11874 11878 11877 11865 11866 11870 11874 11878 11865 11869 11873 11877 11869 11875 11879 11865 11869 11873 11877 11865 11871 11875 11867 11871 11875 11879 11865 11873 11866 11870 11874
11868 11875 11876 11880 11868 11872 11876 11865 11869 11873 11877 11880 11868 11865 11869 11873 11877 11872 11876 11880 11866 11872 11870 11878 11868 11872 11876 11880 11868 11870 11874 11866 11870 11874 11878 11868 11876 11865 11869 11869
11867 11871 11868 11872 11876 11880 11875 11879 11868 11872 11876 11880 11867 11871 11875 11879 11867 11871 11875 11879 11865 11880 11873 11877 11867 11871 11875 11879 11867 11869 11868 11865 11869 11873 11877 11867 11875 11879 11868 11872
11866 11870 11867 11871 11875 11879 11874 11878 11867 11871 11875 11879 11868 11872 11876 11880 11866 11870 11868 11872 11876 11879 11869 11878 11868 11872 11876 11880 11866 11876 11880 11871 11875 11879 11878 11866 11874 11878 11867 11871
11865 11869 11866 11870 11874 11878 11873 11877 11866 11870 11874 11878 11867 11871 11875 11879 11865 11869 11867 11871 11868 11872 11876 11880 11867 11871 11875 11879 11865 11875 11879 11870 11874 11878 11877 11865 11873 11877 11866 11870
11868 11872 11865 11869 11873 11877 11869 11875 11865 11869 11873 11877 11866 11870 11874 11878 11868 11872 11866 11870 11867 11871 11869 11879 11866 11870 11874 11878 11868 11872 11868 11872 11865 11869 11873 11877 11876 11880 11865 11870
11867 11876 11867 11868 11875 11879 11867 11876 11880 11871 11868 11872 11868 11872 11876 11880 11867 11871 11865 11869 11866 11870 11874 11878 11865 11869 11873 11877 11867 11871 11867 11871 11875 11879 11867 11868 11872 11876 11880 11871
11866 11870 11874 11878 11866 11867 11871 11875 11879 11870 11867 11871 11867 11869 11875 11879 11866 11870 11874 11878 11865 11869 11873 11877 11868 11872 11876 11880 11866 11870 11866 11870 11874 11878 11866 11867 11869 11877 11877 11872
11865 11869 11873 11877 11865 11866 11870 11874 11878 11869 11866 11870 11866 11870 11874 11878 11876 11880 11873 11877 11865 11867 11871 11875 11867 11871 11875 11879 11865 11869 11865 11869 11873 11877 11865 11866 11870 11874 11878 11869
11868 11872 11868 11872 11876 11865 11869 11873 11877 11872 11865 11869 11865 11869 11873 11877 11875 11879 11876 11880 11868 11866 11870 11874 11866 11870 11874 11878 11868 11872 11868 11872 11868 11872 11876 11865 11869 11873 11877 11872
11867 11871 11867 11880 11875 11879 11876 11880 11867 11871 11868 11872 11876 11880 11866 11869 11874 11878 11875 11868 11872 11865 11869 11868 11865 11869 11873 11877 11867 11871 11867 11871 11867 11871 11875 11879 11876 11869 11867 11871
11866 11870 11868 11872 11876 11880 11875 11879 11868 11872 11876 11880 11875 11879 11865 11869 11873 11877 11874 11867 11868 11872 11876 11880 11871 11875 11879 11878 11866 11870 11866 11870 11868 11872 11876 11880 11875 11879 11868 11872
11869 11869 11867 11871 11868 11872 11876 11880 11867 11871 11875 11879 11874 11878 11867 11871 11875 11879 11873 11866 11867 11871 11875 11879 11870 11874 11878 11877 11865 11869 11865 11869 11867 11871 11868 11872 11876 11880 11867 11871
11872 11872 11866 11870 11867 11871 11875 11879 11866 11870 11874 11878 11873 11877 11866 11870 11874 11878 11876 11865 11866 11870 11872 11878 11869 11873 11877 11880 11868 11871 11875 11872 11866 11870 11867 11871 11875 11879 11866 11870
11868 11868 11872 11876 11866 11870 11874 11878 11865 11868 11872 11876 11880 11871 11865 11868 11872 11876 11880 11879 11865 11869 11869 11877 11868 11872 11876 11880 11867 11870 11872 11868 11872 11876 11866 11870 11874 11878 11865 11868
11867 11867 11871 11875 11865 11869 11873 11877 11866 11867 11871 11875 11879 11870 11868 11867 11871 11875 11879 11878 11868 11870 11872 11878 11867 11871 11875 11879 11866 11869 11869 11867 11871 11875 11865 11869 11873 11877 11866 11867
11866 11866 11870 11874 11878 11869 11873 11877 11865 11869 11870 11874 11878 11869 11867 11866 11870 11874 11878 11877 11865 11869 11873 11877 11869 11869 11879 11878 11868 11870 11872 11866 11870 11874 11878 11869 11873 11877 11865 11869
11868 11865 11869 11873 11877 11872 11876 11868 11872 11868 11880 11873 11877 11872 11866 11865 11869 11873 11877 11880 11868 11872 11876 11880 11868 11879 11870 11880 11868 11872 11868 11865 11869 11873 11877 11872 11876 11868 11872 11872
11867 11871 11875 11879 11867 11868 11872 11867 11871 11867 11879 11879 11867 11871 11865 11869 11873 11877 11880 11879 11867 11871 11875 11879 11867 11878 11875 11879 11867 11871 11867 11871 11875 11879 11867 11868 11872 11867 11871 11875
11866 11870 11868 11872 11876 11880 11871 11866 11870 11866 11867 11868 11869 11876 11880 11865 11870 11874 11878 11875 11880 11870 11874 11878 11866 11877 11875 11878 11866 11870 11866 11870 11868 11872 11876 11880 11871 11866 11870 11874
11865 11869 11867 11871 11875 11879 11870 11865 11869 11865 11877 11877 11865 11867 11871 11865 11869 11873 11877 11874 11879 11869 11873 11877 11865 11869 11873 11877 11865 11869 11865 11869 11867 11871 11875 11879 11870 11865 11869 11873
11868 11875 11866 11870 11868 11872 11876 11880 11868 11868 11875 11880 11868 11866 11868 11867 11871 11875 11879 11873 11878 11868 11868 11872 11876 11880 11876 11880 11868 11872 11868 11872 11866 11870 11868 11872 11876 11880 11868 11872
11868 11872 11865 11869 11867 11871 11875 11879 11867 11867 11869 11876 11880 11865 11867 11866 11870 11874 11878 11876 11877 11867 11867 11871 11875 11879 11875 11879 11867 11871 11868 11872 11865 11869 11867 11871 11875 11879 11867 11868
11867 11871 11875 11879 11866 11870 11874 11878 11866 11866 11871 11875 11879 11870 11866 11865 11868 11872 11876 11880 11866 11866 11866 11870 11874 11878 11874 11878 11866 11870 11867 11871 11875 11879 11866 11870 11874 11878 11866 11874
11866 11870 11874 11878 11865 11869 11873 11877 11865 11865 11870 11874 11878 11869 11865 11869 11866 11870 11874 11878 11865 11865 11865 11869 11873 11877 11873 11877 11865 11869 11866 11870 11874 11878 11865 11869 11873 11877 11865 11873
11865 11869 11873 11877 11868 11872 11876 11880 11869 11868 11869 11873 11877 11872 11876 11880 11865 11869 11873 11877 11872 11876 11880 11880 11868 11872 11876 11880 11868 11872 11865 11869 11873 11877 11868 11872 11876 11880 11868 11872
11867 11871 11875 11879 11867 11871 11875 11879 11867 11866 11870 11874 11878 11871 11875 11879 11867 11871 11875 11867 11871 11875 11879 11879 11868 11872 11876 11880 11867 11871 11867 11871 11875 11876 11867 11868 11875 11879 11867 11869
11866 11870 11874 11878 11866 11870 11874 11878 11866 11865 11869 11873 11877 11870 11868 11872 11876 11880 11874 11866 11870 11874 11878 11878 11867 11871 11875 11879 11866 11870 11866 11870 11874 11878 11866 11870 11874 11878 11866 11872
11865 11869 11868 11872 11865 11869 11873 11877 11865 11869 11873 11877 11865 11869 11867 11871 11875 11879 11873 11865 11869 11877 11877 11877 11866 11870 11874 11878 11865 11869 11865 11869 11868 11872 11865 11869 11873 11877 11865 11869
11868 11872 11868 11872 11876 11880 11876 11880 11868 11872 11876 11880 11868 11872 11866 11870 11874 11878 11869 11877 11877 11872 11876 11880 11865 11869 11873 11877 11868 11872 11868 11872 11868 11872 11876 11880 11876 11880 11868 11872
11867 11871 11867 11871 11875 11879 11868 11872 11876 11880 11875 11879 11868 11872 11865 11869 11873 11877 11868 11872 11870 11880 11875 11879 11867 11868 11872 11876 11880 11871 11867 11871 11869 11871 11875 11879 11868 11872 11876 11880
11866 11870 11866 11870 11874 11878 11867 11871 11875 11879 11874 11878 11867 11868 11872 11876 11880 11870 11867 11871 11875 11879 11874 11878 11866 11867 11871 11875 11879 11870 11866 11870 11875 11870 11874 11878 11867 11871 11875 11879
11868 11872 11876 11880 11873 11877 11866 11870 11874 11878 11873 11877 11866 11867 11871 11875 11879 11869 11866 11870 11874 11878 11873 11877 11865 11866 11870 11874 11878 11869 11868 11869 11876 11880 11873 11877 11866 11870 11874 11878
11867 11871 11875 11879 11868 11872 11865 11869 11873 11873 11877 11876 11880 11865 11866 11870 11878 11872 11865 11869 11873 11877 11876 11880 11868 11865 11869 11873 11877 11872 11867 11872 11875 11879 11868 11872 11865 11869 11873 11877
11866 11870 11874 11878 11867 11871 11875 11879 11867 11865 11866 11870 11874 11878 11869 11865 11877 11871 11875 11879 11867 11871 11875 11879 11867 11871 11875 11879 11867 11871 11866 11880 11874 11878 11867 11871 11875 11879 11867 11871
11865 11869 11873 11877 11866 11870 11869 11868 11872 11868 11878 11866 11870 11874 11878 11866 11866 11870 11874 11878 11866 11870 11874 11878 11866 11870 11874 11878 11866 11870 11865 11879 11873 11877 11866 11870 11874 11868 11872 11876
11865 11869 11873 11877 11865 11869 11873 11867 11877 11873 11877 11865 11869 11873 11877 11865 11877 11865 11873 11877 11865 11869 11873 11877 11865 11869 11873 11877 11869 11869 11865 11869 11873 11877 11865 11869 11873 11869 11871 11875
tile 11865 0 0
tile 11866 56 0
tile 11867 112 0
tile 11868 168 0
tile 11869 0 27
tile 11870 56 27
tile 11871 112 27
tile 11872 168 27
tile 11873 0 54
tile 11874 56 54
tile 11875 112 54
tile 11876 168 54
tile 11877 0 81
tile 11878 56 81
tile 11879 112 81
tile 11880 168 81
picture 11551 28 617 74 0
picture 11552 28 691 74 0
picture 11553 28 765 74 0
picture 11554 28 839 74 0
picture 11555 28 913 74 0
picture 11556 56 0 74 0
picture 11557 56 74 74 0
picture 11558 56 148 74 0
picture 11559 56 222 74 0
picture 11560 56 296 74 0
picture 11561 56 370 74 0
picture 11562 56 444 74 0
picture 11563 28 89 88 0
picture 11564 28 177 88 0
picture 11565 28 265 88 0
picture 11566 28 353 88 0
picture 11567 56 518 74 0
picture 11627 0 0 126 0
picture 11628 28 0 89 0
picture 11629 0 538 94 0
picture 11633 28 441 88 0
picture 11634 0 632 91 0
picture 11635 0 905 90 0
picture 11636 0 231 104 0
picture 11637 0 335 102 0
picture 11638 0 437 101 0
picture 11639 0 126 105 0
picture 11640 0 723 91 0
picture 11641 0 814 91 0
picture 11642 28 529 88 0
picture 12612 56 592 62 0
picture 12613 56 654 43 0
picture 12616 56 697 39 0
picture 12617 56 736 39 0
picture 12618 56 775 35 0
picture 12619 56 810 35 0
object 0 0 left 11560
object 0 0 right 11561
object 1 0 left 11552
object 1 0 right 11553
object 2 0 left 11554
object 2 0 right 11555
object 3 0 left 11556
object 3 0 right 11557
object 4 0 left 11558
object 4 0 right 11559
object 5 0 left 11560
object 5 0 right 11561
object 6 0 left 11552
object 6 0 right 11553
object 7 0 left 11567
object 7 0 right 11553
object 8 0 left 11556
object 8 0 right 11557
object 9 0 left 11562
object 9 0 right 11553
object 10 0 left 11560
object 10 0 right 11561
object 11 0 left 11552
object 11 0 right 11635
object 12 0 right 11636
object 13 0 right 11637
object 14 0 left 11558
object 14 0 right 11559
object 15 0 left 11560
object 15 0 right 11561
object 16 0 left 11552
object 16 0 right 11553
object 17 0 left 11567
object 17 0 right 11553
object 18 0 left 11554
object 18 0 right 11555
object 19 0 left 11562
object 19 0 right 11553
object 20 0 left 11560
object 20 0 right 11561
object 21 0 left 11552
object 21 0 right 11553
object 22 0 left 11554
object 22 0 right 11555
object 23 0 left 11556
object 23 0 right 11557
object 24 0 left 11558
object 24 0 right 11559
object 25 0 left 11560
object 25 0 right 11561
object 26 0 left 11552
object 26 0 right 11553
object 27 0 left 11554
object 27 0 right 11555
object 28 0 left 11554
object 28 0 right 11555
object 29 0 left 11562
object 29 0 right 11553
object 30 0 left 11560
object 30 0 right 11561
object 31 0 left 11552
object 31 0 right 11553
object 32 0 left 11554
object 32 0 right 11555
object 33 0 left 11556
object 33 0 right 11557
object 34 0 left 11558
object 34 0 right 11559
object 35 0 left 11560
object 35 0 right 11561
object 36 0 left 11552
object 36 0 right 11553
object 37 0 left 11567
object 37 0 right 11553
object 38 0 left 11556
object 38 0 right 11557
object 39 0 left 11562
object 39 0 right 11553
object 0 1 left 11558
object 0 1 right 11559
object 9 1 left 11560
object 9 1 right 11561
object 11 1 right 11634
object 15 1 left 12612
object 15 1 right 12613
object 21 1 left 11552
object 21 1 right 11553
object 39 1 left 11560
object 39 1 right 11561
object 0 2 left 11556
object 0 2 right 11557
object 11 2 right 11633
object 21 2 right 11557
object 39 2 left 11558
object 39 2 right 11559
object 0 3 left 11554
object 0 3 right 11555
object 21 3 right 11566
object 39 3 left 11556
object 39 3 right 11557
object 0 4 left 11552
object 0 4 right 11553
object 1 4 left 12616
object 1 4 right 12617
object 21 4 right 11565
object 22 4 left 12612
object 22 4 right 12613
object 39 4 left 11554
object 39 4 right 11564
object 0 5 right 11557
object 21 5 right 11564
object 39 5 left 11562
object 39 5 right 11563
object 0 6 right 11566
object 21 6 left 11562
object 21 6 right 11563
object 22 6 left 11560
object 22 6 right 11561
object 39 6 right 11557
object 0 7 right 11565
object 39 7 right 11566
object 0 8 right 11564
object 6 8 left 11560
object 6 8 right 11561
object 7 8 left 12616
object 7 8 right 12617
object 39 8 left 11558
object 39 8 right 11565
object 0 9 left 11562
object 0 9 right 11563
object 1 9 left 11558
object 1 9 right 11559
object 2 9 left 11552
object 2 9 right 11553
object 3 9 left 11567
object 3 9 right 11553
object 4 9 left 11556
object 4 9 right 11557
object 5 9 left 11558
object 5 9 right 11559
object 6 9 left 11560
object 6 9 right 11561
object 39 9 left 11556
object 39 9 right 11557
object 0 10 left 11560
object 0 10 right 11561
object 36 10 left 11552
object 36 10 right 11553
object 37 10 left 11567
object 37 10 right 11553
object 38 10 left 11556
object 38 10 right 11557
object 39 10 left 11554
object 39 10 right 11555
object 0 11 left 11554
object 0 11 right 11555
object 39 11 left 11560
object 39 11 right 11561
object 0 12 left 11552
object 0 12 right 11553
object 39 12 left 11558
object 39 12 right 11559
object 0 13 right 11557
object 1 13 left 12618
object 1 13 right 12619
object 15 13 left 11560
object 15 13 right 11561
object 39 13 left 11556
object 39 13 right 11557
object 0 14 right 11566
object 39 14 left 11554
object 39 14 right 11555
object 0 15 right 11565
object 39 15 left 11552
object 39 15 right 11553
object 0 16 left 11640
object 0 16 right 11564
object 1 16 left 11641
object 2 16 left 11642
object 30 16 left 11560
object 30 16 right 11561
object 39 16 right 11557
object 0 17 left 11639
object 30 17 left 11554
object 30 17 right 11555
object 39 17 right 11566
object 0 18 left 11638
object 30 18 left 11558
object 30 18 right 11564
object 39 18 right 11565
object 0 19 left 11558
object 0 19 right 11559
object 9 19 left 11560
object 9 19 right 11561
object 24 19 left 11560
object 24 19 right 11561
object 25 19 left 11560
object 25 19 right 11561
object 26 19 left 11552
object 26 19 right 11553
object 27 19 left 11554
object 27 19 right 11555
object 28 19 left 11551
object 28 19 right 11555
object 29 19 left 11558
object 29 19 right 11559
object 30 19 left 11562
object 30 19 right 11563
object 39 19 right 11564
object 0 20 left 11556
object 0 20 right 11557
object 9 20 left 11558
object 9 20 right 11559
object 25 20 left 11558
object 25 20 right 11559
object 26 20 left 12612
object 26 20 right 12613
object 38 20 left 11552
object 38 20 right 11553
object 39 20 left 11562
object 39 20 right 11563
object 0 21 left 11554
object 0 21 right 11555
object 9 21 left 11556
object 9 21 right 11557
object 25 21 left 11556
object 25 21 right 11557
object 38 21 left 11552
object 38 21 right 11553
object 39 21 left 11560
object 39 21 right 11561
object 0 22 left 11552
object 0 22 right 11553
object 9 22 left 11554
object 9 22 right 11555
object 10 22 left 11556
object 10 22 right 11557
object 11 22 left 11552
object 11 22 right 11553
object 12 22 left 11562
object 12 22 right 11553
object 13 22 left 11556
object 13 22 right 11557
object 14 22 left 11558
object 14 22 right 11559
object 15 22 left 11560
object 15 22 right 11561
object 25 22 left 11554
object 25 22 right 11555
object 26 22 left 12616
object 26 22 right 12617
object 38 22 left 11628
object 38 22 right 11553
object 39 22 left 11629
object 0 23 left 11554
object 0 23 right 11555
object 9 23 left 11552
object 9 23 right 11553
object 0 24 left 11552
object 0 24 right 11553
object 1 24 left 12616
object 1 24 right 12617
object 9 24 right 11557
object 10 24 left 12616
object 10 24 right 12617
object 39 24 left 11627
object 0 25 right 11557
object 9 25 right 11566
object 39 25 left 11552
object 39 25 right 11553
object 0 26 right 11566
object 9 26 right 11565
object 39 26 right 11557
object 0 27 right 11565
object 1 27 left 12612
object 1 27 right 12613
object 9 27 right 11564
object 39 27 right 11566
object 0 28 right 11564
object 8 28 left 11560
object 8 28 right 11561
object 9 28 left 11562
object 9 28 right 11563
object 39 28 left 11558
object 39 28 right 11565
object 0 29 left 11562
object 0 29 right 11563
object 39 29 left 11558
object 39 29 right 11564
object 0 30 left 11560
object 0 30 right 11561
object 39 30 left 11562
object 39 30 right 11563
object 0 31 left 11558
object 0 31 right 11559
object 39 31 left 11560
object 39 31 right 11561
object 0 32 left 11556
object 0 32 right 11557
object 18 32 left 11552
object 18 32 right 11553
object 19 32 left 11567
object 19 32 right 11553
object 20 32 left 11556
object 20 32 right 11557
object 39 32 left 11558
object 39 32 right 11559
object 0 33 left 11554
object 0 33 right 11555
object 20 33 left 12612
object 20 33 right 12613
object 31 33 left 11552
object 31 33 right 11553
object 32 33 left 11560
object 32 33 right 11561
object 39 33 left 11556
object 39 33 right 11557
object 0 34 left 11552
object 0 34 right 11553
object 31 34 right 11557
object 32 34 left 12616
object 32 34 right 12617
object 39 34 left 11554
object 39 34 right 11555
object 0 35 right 11557
object 31 35 right 11566
object 39 35 left 11552
object 39 35 right 11553
object 0 36 right 11566
object 31 36 right 11565
object 39 36 left 11552
object 39 36 right 11557
object 0 37 right 11565
object 31 37 right 11564
object 39 37 right 11566
object 0 38 right 11564
object 6 38 left 11560
object 6 38 right 11561
object 31 38 left 11562
object 31 38 right 11563
object 39 38 right 11565
object 0 39 left 11562
object 0 39 right 11563
object 1 39 left 11552
object 1 39 right 11553
object 2 39 left 11554
object 2 39 right 11555
object 3 39 left 11556
object 3 39 right 11557
object 4 39 left 11558
object 4 39 right 11559
object 5 39 left 11560
object 5 39 right 11561
object 6 39 left 11552
object 6 39 right 11553
object 7 39 left 11567
object 7 39 right 11553
object 8 39 left 11556
object 8 39 right 11557
object 9 39 left 11554
object 9 39 right 11555
object 10 39 left 11556
object 10 39 right 11557
object 11 39 left 11560
object 11 39 right 11561
object 12 39 left 11552
object 12 39 right 11553
object 13 39 left 11554
object 13 39 right 11555
object 14 39 left 11556
object 14 39 right 11557
object 15 39 left 11558
object 15 39 right 11559
object 16 39 left 11556
object 16 39 right 11557
object 17 39 left 11558
object 17 39 right 11559
object 18 39 left 11551
object 18 39 right 11555
object 19 39 left 11556
object 19 39 right 11557
object 20 39 left 11560
object 20 39 right 11561
object 21 39 left 11552
object 21 39 right 11553
object 22 39 left 11554
object 22 39 right 11555
object 23 39 left 11556
object 23 39 right 11557
object 24 39 left 11558
object 24 39 right 11559
object 25 39 left 11560
object 25 39 right 11561
object 26 39 left 11552
object 26 39 right 11553
object 27 39 left 11567
object 27 39 right 11553
object 28 39 left 11560
object 28 39 right 11561
object 29 39 left 11562
object 29 39 right 11553
object 30 39 left 11560
object 30 39 right 11561
object 31 39 left 11552
object 31 39 right 11553
object 32 39 left 11554
object 32 39 right 11555
object 33 39 left 11556
object 33 39 right 11557
object 34 39 left 11558
object 34 39 right 11559
object 35 39 left 11560
object 35 39 right 11561
object 36 39 left 11552
object 36 39 right 11553
object 37 39 left 11560
object 37 39 right 11561
object 38 39 left 11551
object 38 39 right 11555
object 39 39 left 11562
object 39 39 right 11564
