# lod20681 — tools/dat-extract layout 이 만든다. 손으로 고치지 말 것.
size 100 100
blocked
########...#...........#..#.............#...........................................................
########..###...#................##.............................#........#...#.#....#............##.
########...#....#........#.......###.........#............#...#.................#......#....#.......
#######..........#.............#..#.....#......#.#.......###.............#.......#.............#....
########...................#..###.........#.......#...#...#..................#............#........#
.###.........#.......#......#..#..............#..#.............#.........#...........##.............
.###..........#.......................#..........................#............###.........##........
.###.............#.....#.....#.............#....#..#.....................#######...................#
###.....#.#.#...###....#...........#...........###....#..................#######.....#............##
#..###.##........#.......#........#.....#.......#..............#.........#######................#..#
...#...............................#..................#..................#####.#...........#........
#.............#......................#...............................#...####..#..........###..#....
.........................................................#..............######.........#...#........
....................................................................#...............................
........#.#..............................................#........#......#...#......................
......####....................##.........#.......................###.....................#..........
..#...#.#....#............#......#................#...............#......#....................#....#
........................#.....................................#.....................#............#..
...........................................#......#......#..........................................
...........................#.................#.....................................#..........#.....
..................................................#....................................#.....###....
.......#........#.................................................................#...........#.....
#.................#.................................................#.............#...............#.
....#..........#............#........#........#......#.......................#.......#.#............
.#...#................................................#............##.......###.....#..............#
.........#..................................................##...............#.................#....
.................##.#..#....................................#.............#...................###...
................###....................#.......#......................#..###...................#....
.................#....................###.................................#........#..............#.
.......................................#........#...................................................
.....#.................#............#......................................................#........
#...###....................#....................#.....#.............................................
....##....#..................................................##..................................#..
........................#............#.......................###.......#............................
..............................................................#...................................#.
...............#.........................................#.................................#........
..............................#...................#.........................................#.......
.....#.......................###.....................#...................#..........................
..............................#.......................#......#.........................#.#..........
.#............#..................................................................................#..
...#...............#..................#............##..................................#....#.......
............................#..................######................................#....#.........
...............................................######........................#.....#...............#
....#..............#..................#........######.............................................##
......#...............#........................######..............................................#
..........#....................................####.#..................#.....................#......
#.#.............#..........................#...###..........#.........................#....#......#.
...............##.....#.........#..............#.###.....................................#..........
................#...........................................................................#.......
....................................#........................................................#......
...................................###.........................#...........................#........
#.......#.......................#...#.........................###...................................
...............................................................#...............#....................
........#.........#......................#....##....................................................
.#........#...............#..................................................#..........#........#..
...................................#....................................#..............###..#.......
..................#.....................................................................#..###..#...
.#......#...........#...#...................................................................#...#..#
###.....................#............................#..............................................
.#.............................................................#.........................#..........
.........#..................................#.........................#......................#......
.................................................................................................#..
...............................................................................#..........##........
....................................................................................................
.....................#............#...................................................#.............
......#...#..........................................#...........................#..#............##.
................#.......#..................#..............................................#.........
.....................................#....###.......................................................
.................#........#....#........#..#...............#...........#................#...........
........#.....................................................................................#...#.
..........#.....................#.....................#..............#..............................
.#.#...............................................#..#..................#..........................
...........................................................#....................................#...
..........................................................###.......................#...............
........................#..................#.....#.........#..............#.........................
.........#.............###..............................#............................#.....##.......
.#...#..................#...........................#.............#.......................###.......
....###.............#......................................................................#........
...#.#...........#......................#..............................................#.....#......
..........................................................................................#...#...#.
........................................#.#............................#...............#.....###....
...............#.....#........#..........................................#......#..#..........#.....
....................#.......#...............#....#............................#.....................
...#............................................###.................................................
................................#..#.............#.......#...........#...........#.................#
...#....................#.....................................................#.......#....#.#...#..
.......#.#.....#...........................................#.................###....................
..............................................................................#...........#.........
.....#....#.........................................#...............#.........................#....#
..#####.#.......#........................#........................#.............................#...
..#####....#..............................................................................#.........
..#####...............................................#..................#.....##...................
..#######...............................#...............................###...#.....................
#.#####.....................................#........#...................#.....................#....
..#####...........##.....#.....#.................................................#.............#....
..#####..............#.....#..........#.......................................................###...
..######............###...........#............................................................#....
...###....#..........#..........#............#...#........#.......................#......#..#.......
...........................#.................................#........#.#.........................#.
.....#.....#.............#..........................................................................
floor
5215 5215 5215 5215 5215 5215 5215 5215 4693 5196 5176 5179 5182 5209 5204 5206 5209 5142 5146 5150 5154 5158 5162 5166 5170 5142 5146 5150 5142 5146 5150 5154 5158 5106 5150 5170 5142 5162 5150 5154 5158 5162 5166 5170 5158 5162 5150 5154 5158 5162 5166 5170 5106 5100 5142 5146 5150 5154 5158 5162 5166 5170 5142 5146 5150 5154 5158 5162 5166 5170 5142 5146 5150 5142 5146 5150 5154 5158 5162 5166 5170 5142 5162 5150 5154 5158 5094 5166 5170 5158 5162 5150 5198 5186 5192 5205 5208 5198 5218 5221
4744 5215 5215 5215 5215 5215 5215 5215 4693 5204 5175 5178 5181 5208 5211 5205 5208 5141 5145 5149 5214 5217 5161 5165 5169 5141 5145 5149 5176 5192 5186 5192 5205 5176 5179 5182 4796 4802 5208 5132 5169 5218 5211 5195 5198 5201 5216 5219 5222 5196 5199 5202 5105 5099 5200 5141 5145 5149 5153 5194 5202 5200 5141 5145 5149 5153 5157 5161 5165 5169 5141 5145 5149 5201 5196 5199 5202 5195 5206 5209 5212 5222 4744 5218 5132 5169 5204 5207 5210 5210 5204 5207 5197 5184 5190 5205 5208 5198 5217 5220
5219 5215 5215 5215 5215 5215 5215 5215 4691 5211 5174 5177 5180 5176 5192 5198 5201 5216 5219 5222 5205 5208 5186 5192 5198 5200 5215 5218 5174 5180 5184 5190 5198 5175 5178 5181 4794 4800 5199 5202 5207 5219 5186 5192 5198 5200 5215 5218 5221 5195 5198 5201 5118 5126 5201 5176 5192 5176 5179 5182 5198 5201 5201 4731 5198 5113 5121 4890 5100 5103 5094 5207 5197 5200 5195 5198 5201 5205 5205 5208 5211 5210 5209 5208 5198 5201 5196 5199 5202 5195 5206 5209 5212 5210 5210 5204 5207 5197 5207 5144
5211 5215 5215 5215 5215 5215 5215 5215 4691 5210 5204 5221 5195 5174 5180 5198 5200 5215 5218 5221 5195 5198 5184 5190 5198 5201 5214 5217 5220 5194 5186 5189 5192 5174 5177 5180 5221 5195 5198 5201 5158 5162 5184 5190 5198 5201 5214 5217 5186 5192 5197 5200 5118 5129 5212 5174 5180 5175 5178 5181 5215 5218 5200 4720 5215 5112 5120 4889 5131 5139 5219 5209 5212 4702 5194 5197 5200 4736 5204 5207 5210 4737 5219 5207 5197 5200 5195 5198 5201 5205 5205 5208 5211 5202 5195 5206 5209 5212 5208 5141
5210 5215 5215 5215 5215 5215 5215 5215 4690 5222 5196 5090 5096 5202 5186 5192 5201 5214 5217 5220 5194 5197 5200 5206 5214 5196 5218 5198 5201 5157 5185 5188 5191 5186 5192 5217 5220 5194 5197 5200 5222 5196 5195 5208 5221 5217 5206 5207 5184 5190 5219 5222 5120 5126 5211 5214 5200 5174 5177 5180 5196 5217 5222 4744 5197 4796 4802 4890 5130 5138 5198 5208 5211 5210 5206 5209 4736 4746 4736 4739 4742 5219 5218 5209 5212 5222 5194 5197 5200 4736 5204 5207 5210 4796 4802 5205 5186 5192 5207 5205
5195 5215 5215 5215 4802 4958 5195 5198 5201 5221 5195 5123 5131 5195 5184 5190 5217 5206 5207 5212 5216 5219 5222 5212 5209 5204 5206 5209 5212 5200 5184 5187 5190 5184 5190 5207 5212 5216 5219 5222 5221 5195 5195 5201 5222 5220 5205 5208 5211 5215 5218 5221 5121 5131 5210 5206 5209 5186 5192 5211 5195 5198 5176 5192 5212 4794 4800 4889 5129 5137 5198 5207 5210 5207 4737 4740 4743 4745 5216 5219 5222 4748 5217 5208 5211 5220 5208 5209 4736 4746 4736 4739 4742 4794 4800 5204 5184 5190 5168 5209
5205 5215 5215 5215 4800 5215 5218 5198 5201 5220 5194 5122 5126 5195 5201 5222 5220 5205 5208 5211 5215 5218 5221 5205 5208 5211 5205 5208 5211 5201 5195 5201 5222 5220 5205 5208 5211 5215 5218 5221 4796 4802 5200 5198 5176 5192 5204 5207 5210 5214 5217 5220 5120 5130 5202 5205 5208 5184 5190 5210 5194 5198 5174 5180 5212 4702 5194 5210 5209 5212 4904 4912 4889 5129 5137 5198 5207 5210 5207 4737 4740 4743 4745 5216 5219 5222 4748 5217 5208 5211 5220 5208 5209 4736 4746 4736 4739 4742 5165 5214
4736 5215 5215 4695 4690 5205 5208 5198 5201 5212 5216 5121 5129 5200 5198 5216 5186 5189 5192 5210 5214 5217 5220 5214 5207 5210 5204 5207 5210 5218 5200 5198 5216 5209 5204 5207 5210 5214 5217 5220 4794 4800 5212 5215 5174 5180 5205 5186 5189 5192 5208 5211 5118 5129 5201 4796 4802 5210 5194 5115 5123 5131 5139 5209 5210 5195 5198 5201 5211 5212 5209 5197 5197 5200 4744 4707 4736 5207 5216 4695 5201 5216 5219 5222 5144 5148 5152 5156 5160 5164 5168 5172 5209 5144 5148 5152 5156 5160 5186 5189
4746 5215 5215 4694 5199 5201 5205 5205 5208 5211 5215 5120 5128 5212 5215 5218 5185 5188 5191 5211 5205 5208 5211 5216 5219 5222 5196 5199 5186 5192 5212 5215 5218 5221 5205 5208 5211 5205 5186 5192 5211 5215 5222 5196 5217 5202 5214 5185 5188 5191 5207 5210 5121 5128 5200 4794 4800 5202 5218 5114 5122 5130 5138 5214 5200 5212 5215 5218 5221 5205 5208 5212 5212 5222 4733 5200 4735 4738 5218 4743 5090 5101 5104 5096 5141 5145 5149 5153 5157 5161 5165 5169 5214 5141 5145 5149 5153 5157 5185 5188
5186 5192 5090 5096 5196 5217 5202 5214 5207 5186 5192 5118 5127 5222 5196 5217 5184 5187 5190 5210 5204 5207 5210 5215 5218 5221 5195 5198 5184 5190 5222 5196 5217 5202 5214 5207 5210 5204 5184 5190 5210 5214 5211 5195 5198 5201 5216 5184 5187 5190 5199 5202 5120 5127 5212 5209 5210 5195 5198 5113 5121 5129 5137 5144 5148 5152 5156 5160 5164 5168 5172 5169 5211 5210 4732 5196 5199 5202 5208 5204 5088 5091 5106 5131 5205 5204 5194 5202 5200 5209 5206 5214 5196 5205 5204 5194 5202 5200 5184 5187
5184 5190 5123 5131 5195 5198 5201 5216 5219 5184 5190 5118 5126 5211 5195 5198 5201 5216 5219 5222 5196 5199 5202 5214 5217 5220 5194 5197 5200 5198 5211 5195 5198 5201 5216 5219 5222 5196 5199 5202 5211 5205 5210 5194 5198 5200 5215 5218 5221 5195 5198 5201 5119 5126 5211 5214 5200 5212 5215 5112 5120 5128 5136 5143 5147 5151 5155 5159 5163 5167 5171 5214 5210 4737 4731 4720 4943 5204 5210 5204 5208 5141 5122 5130 5209 5210 5195 5198 5201 5211 5186 5189 5192 5176 5192 5195 5198 5201 5211 5212
5216 5219 5122 5098 5101 5093 5101 5147 5167 5171 5143 5104 5129 5210 5194 5198 5200 5215 5218 5221 5195 5198 5201 5148 5152 5156 5160 5164 5168 5172 5210 5194 5198 5200 5215 5218 5221 5195 5198 5201 5210 5204 5204 5207 5210 5218 5200 5198 5216 5209 5204 5207 5118 5125 5186 5192 5209 5222 5196 5111 5119 5127 5135 5142 5146 5150 5154 5158 5162 5166 5170 5209 4742 5219 4724 4744 5210 4736 4691 4899 5207 5205 5121 5129 5214 5200 5212 5215 5218 5221 5185 5188 5191 5174 5180 5212 5215 5218 5221 5205
5215 5218 5088 5146 5150 5154 5091 5103 5166 5170 5142 5106 5128 5136 5143 5147 5151 5155 5159 5163 5167 5171 5143 5147 5151 5155 5159 5163 5167 5171 5171 5143 5147 5143 5147 5151 5155 5151 5163 5163 5151 5163 5147 5151 5155 5155 5163 5167 5171 5159 5159 5163 5104 5124 5184 5190 5208 5211 5195 5110 5117 5125 5133 5141 5145 5149 5153 5157 5161 5165 5169 5208 5222 4748 4723 5209 5212 5216 4690 4899 5168 5209 5120 5128 5206 5209 5222 5196 5217 5202 5184 5187 5190 5206 5209 5222 5196 5217 5202 5214
5204 5200 5198 5216 5209 5204 5207 5210 5205 5208 5211 5123 5127 5135 5142 5146 5150 5154 5158 5162 5166 5170 5142 5146 5150 5154 5158 5162 5166 5170 5142 5146 5150 5142 5146 5150 5154 5158 5162 5166 5170 5142 5162 5150 5154 5158 5162 5166 5170 5158 5162 5150 5106 5129 5201 5204 5207 5210 5194 5109 5091 5124 5132 5204 5139 5219 5209 5212 4702 5194 5197 5200 4736 5204 5207 5210 5209 5204 5123 5131 5165 5214 5119 5127 5205 5208 5211 5195 5198 5201 5216 5219 5222 5205 5186 5192 5195 5198 5201 5216
5148 5152 5156 5160 5164 5168 5172 5186 5189 5192 5201 5122 5130 5222 5204 5200 5198 5216 5209 5204 5207 5210 5205 5208 5211 5153 5157 5161 5165 5169 5141 5145 5222 5204 5200 5198 5216 5209 5204 5207 5210 5205 5208 5211 5132 5169 5208 5211 5205 5208 5211 5214 5105 5099 5200 5219 5220 5202 5218 5108 5164 5168 5172 5200 5212 5186 5189 5192 5186 5192 5211 5214 5149 5201 5196 5199 5202 5195 5122 5130 5090 5093 5104 5126 5204 5207 5210 5194 5198 5200 5215 5218 5221 5204 5184 5190 5194 5198 5200 5215
5145 5149 5153 5157 5161 5186 5192 5185 5188 5191 5200 5121 5129 5144 5148 5152 5156 5160 5164 5168 5172 5186 5192 5198 5201 5222 5204 5200 5198 5216 5209 5204 5144 5148 5152 5156 5160 5164 5168 5172 5209 5195 5198 5201 5216 5209 5204 5207 5210 5205 5208 5211 5121 5098 5101 5099 5195 5198 5201 5160 4796 4802 5172 5209 5222 5185 5188 5191 5184 5190 5210 5209 5197 5200 5195 5198 5201 5205 5121 5129 5089 5100 5101 5094 5219 5220 5202 5218 5198 5201 5214 5217 5220 5219 5220 5202 5218 5198 5201 5214
5204 5194 5202 5200 5209 5184 5190 5184 5187 5190 5201 5120 5128 5141 5145 5176 5192 5157 5161 5165 5169 5184 5190 5198 5200 5144 5148 5152 5156 5160 5164 5168 5141 5145 5149 5153 5157 5161 5165 5169 5214 5194 5198 5200 5160 5164 5186 5192 5209 5195 5198 5201 5088 5091 5106 5126 5194 5198 5200 5157 4794 4800 5169 5208 5211 5184 5187 5190 5216 5219 5222 5208 5212 4702 5194 5197 5200 4736 5120 5128 5105 5095 5149 5161 5220 5197 5195 5208 5221 5217 5206 5207 5144 5148 5152 5156 5160 5164 5168 5172
5210 5195 5198 4796 4802 5212 5209 5186 5192 5209 5212 5119 5127 5205 5204 5174 5180 5200 5209 5206 5214 5196 5218 5198 5201 5141 5145 5149 5153 5157 5161 5165 5205 5186 5192 5202 5200 5209 5206 5214 5196 5218 5198 5201 5157 5161 5184 5190 5214 5194 5198 5200 5219 5222 5089 5098 5160 5208 5221 5208 5221 5144 5148 5152 5156 5160 5164 5168 5172 5144 5148 5152 5156 5160 5164 5168 5172 5222 5119 5127 5089 5099 5212 5145 5194 5212 5195 5201 5186 5192 5205 5208 5141 5145 5149 5153 5157 5161 5165 5169
5200 5212 5215 4794 4800 5205 5208 5184 5190 5208 5211 5118 5126 5209 5210 5195 5198 5201 5211 4796 4802 5204 5206 5209 5212 5205 5204 5194 5202 5200 5209 5206 5209 5184 5190 5198 5201 5211 4796 4802 5204 5206 5209 5212 5200 5209 5206 5214 5196 5218 5198 5201 5218 5221 5088 5106 5096 5149 5090 5093 5163 5143 5147 5151 5155 5159 5163 5167 5171 5143 5147 5151 5155 5159 5163 5167 5171 5163 5118 5101 5104 5098 5096 5214 5222 5204 5200 5198 5184 5190 5204 5207 5205 5204 5194 5202 5200 5209 5206 5214
5209 5222 5196 5217 5202 5214 5207 5210 5204 5207 5210 5117 5125 5214 5200 5212 5215 5218 5221 4794 4800 5211 5205 5208 5211 5209 5210 5195 5198 5201 5211 5212 5214 5200 5212 5215 5218 5221 4794 4800 5211 5205 5208 5211 5201 5211 5212 5209 5204 5206 4796 4802 5219 5222 5202 5105 5098 5093 5104 5100 5103 5142 5146 5150 5154 5158 5162 5166 5170 5142 5146 5150 5154 5158 5162 5166 5170 5158 5162 5166 5103 5106 5098 5096 5215 5144 5148 5152 5156 5160 5164 5168 5209 5176 5179 5182 5201 5211 5212 5209
5208 5211 5195 5186 5192 5216 5219 5222 5196 5199 5202 5116 5124 5206 5209 5222 5196 5217 5202 5214 5207 5210 5204 5207 5210 5214 5200 5212 5215 5218 5221 5205 5206 5209 5222 5196 5217 5202 5214 5207 5210 5204 5207 5210 5218 5221 5205 5208 5211 5205 4794 4800 5218 5221 5194 5088 5091 5142 5146 5094 5204 5141 5145 5149 5153 5157 5161 5165 5169 5141 5145 5149 5153 5157 5161 5165 5169 5212 5138 5114 5145 5088 5106 5126 5214 5141 5145 5149 5153 5157 5161 5165 5214 5175 5178 5181 5218 5221 5205 5208
5207 5210 5194 5184 5190 5215 5218 5221 5195 5198 5201 5121 5129 5205 5208 5211 5195 5198 5201 5216 5219 5222 5196 5199 5202 5206 5209 5222 5196 5217 5186 5192 5205 5208 5211 5195 5198 5201 5216 5219 5222 5196 5199 5202 5217 5202 5214 5207 5210 5204 5207 5210 5207 5210 5205 5208 5211 5222 5204 5200 5198 5216 5209 5204 5207 5210 5205 5208 5211 5222 5204 5200 5198 5216 5209 5204 5207 5210 5205 5208 5211 5115 5123 5131 5139 5205 5204 5194 5202 5200 5209 5206 5206 5174 5177 5180 5217 5202 5214 5207
5220 5202 5218 5198 5201 5214 5217 5220 5194 5197 5200 5120 5128 5204 5207 5210 5194 5198 5200 5215 5218 5221 5195 5198 5201 5205 5208 5211 5195 5198 5184 5190 5204 5207 5210 5194 5198 5200 5215 5218 5221 5195 5198 5201 5198 5201 5216 5219 5222 5176 5192 5202 5172 5209 5195 5198 5201 5144 5148 5152 5156 5160 5164 5168 5172 5209 5195 5198 5201 5144 5148 5152 5156 5160 5164 5168 5172 5209 5195 5198 5201 5115 5122 5130 5169 5209 5210 5195 5198 5201 5211 5212 5205 5208 4796 4802 5198 5201 5216 5219
5197 5195 5208 5221 5217 5206 5207 5212 5216 5219 5222 5119 5126 5219 5220 5202 5218 5198 5201 5214 5217 5220 5194 5197 5200 5176 5192 5210 5194 5198 5200 5215 5219 5220 5202 5218 5198 5201 5214 5217 5220 5194 5197 5200 5198 5200 5215 5218 5221 5174 5180 5201 5169 5214 5194 5198 5200 5141 5145 5149 5153 5157 5161 5165 5169 5214 5194 5198 5200 5141 5145 5149 5153 5186 5192 5165 5176 5179 5182 5198 5200 5115 5123 5131 5139 5214 5200 5212 5215 5218 5221 5205 5204 5207 4794 4800 5198 5200 5215 5218
5212 5195 5201 4796 4802 5205 5208 5211 5215 5218 5221 5118 5126 5220 5197 5195 5208 5221 5186 5192 5207 5212 5216 5219 5222 5174 5180 5200 4796 4802 5209 5204 5220 5197 5195 5208 5221 5217 5206 5207 5212 5216 5219 5222 5198 5201 5214 5217 5220 5194 5197 5200 5214 5196 5218 5198 5201 5205 5204 5194 5202 5200 5209 5206 5214 5196 5218 5198 5201 5205 5204 5176 5192 5184 5190 5206 5175 5178 5181 5198 5201 5114 5122 5130 5138 5206 5209 5222 5196 5217 5202 5214 5219 5220 5202 5218 5198 5201 5214 5217
5204 5200 5198 4794 4800 5204 5207 5210 5214 5217 5220 5117 5125 5194 5212 5195 5201 5222 5184 5190 5208 5211 5215 5218 5221 5144 5148 5152 4794 4800 5164 5168 5194 5212 5195 5201 5222 5220 5205 5208 5211 5186 5192 5221 5221 5217 5206 5207 5212 5216 5219 5222 5209 5204 5206 5209 5212 5209 5210 5195 5198 5201 5211 5212 5209 5204 5206 5209 5212 5209 5210 5174 5180 5201 5211 5212 5174 5177 5180 5209 5212 5113 5121 5129 5137 5205 5208 5211 5195 5198 5201 5216 5220 5197 5186 5189 5192 5217 5206 5207
5204 5200 5198 5216 5209 5204 5207 5210 5205 5208 5211 5116 5128 5222 5204 5200 5186 5189 5192 5204 5207 5210 5214 5217 5220 5141 5145 5149 5153 5157 5161 5165 5222 5204 5200 5198 5216 5209 5204 5207 5210 5184 5190 5220 5222 5220 5205 5208 5211 5215 5218 5221 5208 5211 5205 5208 5211 5214 5200 5212 5215 5218 5221 5205 5208 4796 4802 5208 5211 5214 5200 5212 5215 5186 5189 5192 5208 5211 5205 5208 5211 5112 5120 5128 5136 5204 5207 5210 5194 5198 5200 5215 5194 5212 5185 5188 5191 5220 5205 5208
5148 5152 5176 5192 5164 5168 5172 5209 5195 5198 5201 5118 5125 5222 5186 5192 5185 5188 5191 5204 5207 5210 5205 5208 5211 5205 5204 5194 5202 5200 5209 5206 5214 5200 5212 5215 5218 5221 5186 5189 5192 5205 5208 5211 5216 5209 5204 5207 5210 5214 5217 5220 5208 5211 5204 5207 5210 5206 5209 5222 5196 5217 5202 5214 5207 4794 4800 5207 5210 5206 5209 5222 5196 5185 5188 5191 5207 5210 5204 5207 5210 5111 5119 5127 5135 5219 5220 5202 5218 5198 5201 5214 5222 5204 5184 5187 5190 5209 5204 5207
5145 5149 5174 5180 5161 5165 5186 5192 5194 5198 5200 5120 5126 5144 5184 5190 5184 5187 5190 5168 5186 5192 5195 5198 5201 5209 5210 5195 5198 5201 5211 5212 5206 5209 5222 5196 5217 5202 5185 5188 5191 5204 5207 5210 5152 5156 5160 5164 5168 5172 5209 5195 5198 5201 5196 5186 5192 5205 5208 5211 5195 5198 5201 5216 5219 5222 5196 5199 5202 5205 5208 5211 5195 5184 5187 5190 5219 5222 5196 5199 5202 5110 5118 5126 5134 5220 5197 5195 5208 5221 5217 5206 5207 5212 5220 5197 5195 5208 5221 5217
5204 5194 5202 5200 5209 5206 5184 5190 5218 5198 5201 5121 5126 5141 5145 5149 5153 5157 5161 5165 5184 5190 5194 5198 5200 5214 5200 5212 5215 5218 5221 5205 5205 5176 5192 5195 5198 5201 5184 5187 5190 5196 5199 5202 5149 5153 5157 5161 5165 5169 5214 5194 5198 5200 5195 5184 5190 5204 5207 5210 5194 5198 5200 5215 5218 5221 5195 5198 5201 5204 5207 5210 5194 5198 5200 5215 5218 5221 5195 5198 5201 5109 5117 5125 5133 5194 5212 5195 5201 5222 5220 5205 5208 5211 5194 5212 5195 5201 5222 5220
5210 5186 5192 5201 5186 5189 5192 5204 5206 5209 5212 5119 5129 5205 5204 5194 5202 5200 5209 5206 5214 5196 5218 5198 5201 5206 5209 5222 5196 5217 5202 5214 5204 5174 5180 5194 5198 5200 5215 5218 5221 5195 5198 5201 5194 5202 5200 5209 5206 5214 5196 5218 5198 5201 5194 5197 5200 5219 5220 5202 5218 5198 5201 4796 4802 5220 5194 5197 5200 5219 5220 5202 5218 5198 5186 5192 5217 5220 5194 5197 5200 5108 5116 5124 5132 5222 5204 5200 5198 5216 5209 5204 5207 5210 5144 5148 5152 5156 5160 5164
5200 5184 5190 5218 5185 5188 5191 5211 5205 5208 5211 5122 5095 5209 5210 5195 5198 5201 5211 5212 5209 5204 5206 5209 5212 5205 5208 5211 5195 5198 5201 5216 5219 5220 5202 5218 5198 5201 5214 5217 5220 5194 5197 5200 5195 5198 5201 5211 5212 5209 5204 5206 5209 5212 5216 5219 5222 5220 5197 5195 5208 5221 5217 4794 4800 5212 5216 5219 5222 5220 5197 5195 5208 5221 5184 5190 5207 5212 5216 5219 5222 5114 5122 5130 5138 5144 5148 5152 5156 5160 5164 5168 5172 5209 5141 5145 5149 5153 5157 5161
5209 5222 5196 5217 5184 5187 5190 5210 5204 5207 5210 5121 5099 5214 5200 5212 5215 5218 5221 5205 5208 5211 5205 5208 5211 5204 5207 5210 5194 5198 5200 5215 5220 5197 5195 5208 5221 5217 5206 5207 5176 5192 5219 5222 5212 5215 5218 5221 5205 5208 5211 5205 5208 5211 5215 5218 5221 5194 5212 5195 5201 5186 5189 5192 5208 5211 5215 5218 5221 5194 5212 5195 5201 5222 5220 5205 5208 5211 5215 5186 5192 5113 5121 5129 5160 5141 5145 5186 5192 5176 5192 5165 5169 5214 5205 5204 5194 5202 5200 5209
5208 5211 5195 5198 5201 5216 5219 5222 5196 5199 5202 5123 5131 5206 5209 5222 5196 5217 5176 5192 5207 5210 5204 5207 5210 5219 5220 5202 5218 5198 5201 5214 5194 5212 5195 5201 5222 5220 5205 5208 5174 5180 5218 5221 5222 5196 5217 5202 5214 5207 5210 5204 5207 5210 5214 5217 5220 5222 5204 5200 5198 5185 5188 5191 5207 5222 5204 5200 5198 5216 5209 5204 5207 5210 5205 5208 5211 5210 5214 5184 5190 5110 5118 5126 5134 5205 5204 5184 5190 5174 5180 5206 5214 5196 5209 5210 5195 5198 5201 5211
5207 5210 5194 5198 5200 5215 5218 5221 5176 5192 5201 5122 5126 5205 5208 5211 5195 5198 5174 5180 5219 5222 5196 5199 5202 5220 5186 5192 5208 5221 5217 5206 5222 5204 5200 5198 5216 5209 5204 5207 5210 5214 5217 5220 5211 5195 5198 5201 5216 5219 5222 5196 5199 5202 5222 5204 5200 5198 5216 5209 5204 5184 5187 5190 5208 5211 5148 5152 5156 5160 5164 5168 5172 5209 5195 5198 5201 5210 5205 5208 5211 5109 5117 5125 5133 4796 4802 5195 5198 5201 5211 5212 5209 5204 5214 5200 5212 5215 5218 5221
5220 5202 5218 5198 5201 5214 5186 5192 5174 5180 5200 5121 5129 5204 5207 5210 5194 5198 5200 5215 5218 5221 5195 5222 5204 5194 5184 5190 5201 5222 5220 5205 5208 5211 5215 5218 5221 5198 5200 5222 5141 5145 5204 5207 5210 5194 5198 5200 5215 4796 4802 5195 5198 5201 5144 5148 5152 5156 5160 5164 5168 5172 5209 5195 5198 5201 5145 5149 5153 5157 5161 5165 5169 5214 5194 5198 5200 5209 5195 5198 5201 5115 5123 5131 5139 4794 4800 5212 5215 5218 5221 5205 5208 5211 5206 5209 5222 5196 5217 5202
5197 5195 5208 5221 5217 5206 5184 5190 5216 5219 5222 5120 5128 5219 5220 5202 5218 5198 5201 5214 5217 5220 5194 5144 5148 5222 5204 5200 5198 5176 5179 5182 5207 5210 5214 5217 5220 5198 5201 5144 5205 5204 5219 5220 5202 5218 5198 5201 5214 4794 4800 5194 5197 5200 5141 5145 5149 5153 5157 5161 5165 5169 5214 5194 5198 5200 5204 5194 5202 5200 5209 5206 5214 5196 5218 5198 5201 5214 5194 5198 5200 5160 5122 5130 5138 5206 5209 5222 5196 5217 5202 5214 5207 5210 5205 5208 5211 5195 5198 5201
5212 5195 5201 5222 5220 5205 5208 5211 5215 5218 5221 5118 5127 5220 5197 5195 5208 5221 5217 5206 5207 5212 5216 5141 5145 5149 5153 5157 5161 5175 5178 5181 5194 5198 5200 5204 5206 5209 5212 5141 5209 5210 5220 5197 5195 5208 5221 5217 5206 5207 5212 5216 5219 5222 5205 5204 5194 5202 5200 5209 5206 5214 5196 5218 5198 5201 5210 5195 5198 5201 5211 5212 5209 5204 5206 5209 5212 5196 5218 5198 5201 5113 5121 5129 5137 5205 5208 5211 5195 5198 5201 5216 5219 5222 5204 5207 5210 5194 5198 5200
5204 5200 5198 5216 5209 5204 5207 5210 5214 5217 5220 5118 5126 5194 5212 4796 4802 5222 5220 5205 5208 5211 5215 5205 5204 5194 5202 5186 5192 5174 5177 5180 5218 5198 5201 5211 5205 5208 5176 5192 5214 5200 5194 5212 5195 5201 5222 5220 5205 5208 5211 5215 5218 5221 5209 5210 5195 5198 5201 5211 5212 5209 5204 5206 5209 5212 5200 5212 5215 5218 5221 5205 5208 5211 5205 5208 4796 4802 5206 5209 5212 5110 5118 5126 5134 5204 5207 5210 5194 5198 5200 5215 5218 5221 5219 5220 5202 5218 5198 5201
5204 5200 5198 5216 5209 5204 5207 5210 4796 4802 5211 5117 5129 5222 5204 4794 4800 5216 5209 5204 5207 5210 5214 5209 5210 5195 5198 5184 5190 5212 5209 5204 5206 5209 5212 5210 5204 5207 5174 5180 5206 5209 5222 5204 5200 5198 5216 5209 5204 5207 5210 5214 5217 5220 5214 5200 5212 5215 5218 5221 5205 5208 5211 5205 5208 5211 5209 5186 5192 5217 5202 5214 5207 5210 5204 5207 4794 4800 5205 5186 5192 5109 5117 5125 5133 5219 5220 5202 5218 5198 5201 5214 5217 5220 5220 5197 5195 5208 5221 5217
5148 5152 5156 5160 5164 5168 5172 5209 4794 4800 5201 5121 5124 5222 5204 5200 5198 5216 5209 5204 5207 5210 5176 5192 5200 5212 5215 5218 5221 5205 5208 5211 5205 5208 5211 5222 5196 5199 5202 5214 5205 5208 5211 5195 5198 5201 5216 5219 5222 5196 5199 5202 4695 4694 5206 5209 5222 5196 5217 5202 5214 5207 5210 5204 5207 5210 5208 5184 5190 5198 5201 5216 5219 5222 5196 5199 5202 5210 5204 5184 5190 5108 5116 5124 5132 5220 5197 5195 5208 5221 5217 5206 5207 5212 5186 5192 5195 5201 5222 5220
5145 5149 5153 5157 5161 5165 5169 5214 5194 5198 5200 5123 5131 5144 5148 5152 5156 5160 5164 5168 5172 5209 5174 5180 5209 5222 5196 5217 5202 5214 5207 5210 5204 5207 5210 5221 5195 5198 5201 5206 5204 5207 5176 5192 5198 5200 5215 5218 5221 5195 5198 5201 5216 4693 5205 5208 5211 5195 5198 5201 5216 5219 5222 5196 5199 5202 5207 5210 5194 5198 5200 5215 5218 5221 5195 5198 5201 5222 5196 5199 5202 5172 5105 5095 5169 5194 5212 5195 5201 5222 5220 5205 5208 5211 5184 5190 5200 5198 5216 5209
5204 5194 5202 5200 5209 5176 5192 5196 5218 5198 5201 5122 5130 5141 5145 5149 5153 5157 5161 5165 5169 5214 5194 5205 5208 5211 5195 5198 5201 5216 5219 5222 5196 5199 5202 5220 5194 5197 5200 5205 4796 4802 5174 5180 5198 5201 5214 5217 5220 5194 5197 5200 5200 4692 5204 5207 5210 5194 5198 5200 5215 5218 5221 4796 4802 5201 5220 5202 5218 5198 5201 5214 5217 5220 5194 5197 5200 5221 5195 5198 5201 5115 5123 5131 5139 5222 5204 5200 5198 5216 5209 5204 5207 5210 5205 5208 5211 5222 5186 5189
5176 5192 5198 5201 5211 5174 5180 5204 5206 5209 5212 5121 5129 5205 5204 5194 5186 5192 5209 5206 5214 5196 5218 5204 5207 5210 5194 5198 5200 5215 5218 5221 5195 5198 5201 5212 5216 5219 5222 5204 4794 4800 5195 5208 5221 5217 5206 5207 5212 5216 5219 5222 5152 4691 5219 5220 5202 5218 5198 5201 5214 5217 5220 4794 4800 5200 5197 5195 5208 5221 5217 5206 5207 5212 5216 5219 5222 5220 5194 5197 5200 5114 5122 5130 5138 5144 5148 5152 5156 5160 5164 5168 5172 5209 5195 5198 5201 5144 5185 5188
5174 5180 5215 5218 5221 5205 5208 5211 5205 5208 5211 5120 5128 5209 5210 5195 5184 5190 5211 5212 5209 5204 5206 5219 5220 5202 5218 5198 5201 5214 5217 5220 5194 5197 5200 5211 5215 5218 5221 5219 5194 5212 5195 5201 5222 5220 5205 5208 5211 5215 5218 5221 5149 4692 5220 5197 5195 5208 5221 5217 5206 5207 5212 5216 5219 5222 5212 5195 5201 5222 5220 5205 5208 5211 5215 5218 5221 5212 5216 5219 5222 5113 5121 5129 5137 5141 5145 5149 5153 5157 5161 5165 5169 5214 5194 5198 5200 5141 5184 5187
5209 5222 5196 5217 5202 5214 5207 5210 5204 5207 5210 5119 5127 5214 5200 5212 5215 5218 5221 5205 5208 5211 5205 5220 5197 5195 5208 5221 5217 5206 5186 5192 5216 5219 5222 5210 5207 5210 5220 5176 5192 5204 5200 5198 5216 5209 5204 5207 5210 5214 5217 5220 5194 4690 5194 5212 5195 5201 5222 5220 5205 5208 5211 5215 5218 5221 5204 5200 5198 5216 5209 5204 5207 5210 5214 5217 5220 5211 5215 5218 5221 5112 5120 5128 5136 5205 5204 5194 5186 5192 5209 5206 5214 5196 5218 5198 5201 5205 5204 5194
5208 5211 5195 5198 5201 5216 5219 5222 5196 5199 5202 5118 5126 5206 5209 5186 5189 5192 5186 5192 5207 5210 5204 5194 5212 5195 5201 5222 5220 5205 5184 5190 5215 5218 5186 5192 5222 5141 5139 5174 5180 5195 5201 5222 5220 5205 5208 5211 5215 5218 5221 5110 5110 5145 5222 5204 5200 5198 5216 5209 5204 5207 5210 5214 5217 5220 5121 5129 5137 5222 5204 5200 5198 5216 5209 5204 5207 5210 5214 5217 5220 5111 5119 5127 5135 5209 5210 5195 5184 5190 5211 5212 5209 5204 5206 5209 5212 5209 5210 5195
5207 5210 5194 5198 5176 5192 5218 5221 5195 5198 5201 5117 5125 5222 5204 5185 5188 5191 5184 5190 5207 5210 5205 5222 5204 5200 5198 5216 5209 5204 5207 5210 5214 5217 5184 5190 5144 5205 5138 5222 5204 5200 5198 5216 5209 5204 5207 5210 5214 5217 5220 5110 5090 5093 5096 5132 5222 5204 5200 5198 5216 5222 5204 5200 5198 5216 5209 5204 5207 5210 5205 5208 5211 5216 5209 5204 5207 5210 5205 5208 5211 5110 5118 5126 5134 5214 5200 5212 5215 5218 5221 5205 5208 5211 5205 5176 5192 5214 5200 5212
5220 5202 5218 5198 5174 5180 5217 5220 5194 5197 5200 5116 5124 5144 5148 5184 5187 5190 5204 5200 5198 5216 5209 5204 5222 5204 5200 5198 5216 5209 5204 5207 5186 5192 5208 5211 5141 5209 5137 5144 5148 5152 5156 5160 5164 5168 5172 5172 5154 5158 5156 5160 5103 5106 5130 5138 5144 5148 5152 5156 5160 5144 5148 5152 5156 5160 5164 5168 4796 4802 5195 5198 5201 5160 5164 5168 5186 5192 5195 5198 5201 5109 5117 5125 5133 5206 5209 5222 5196 5217 5202 5214 5207 5210 5204 5174 5180 5206 5209 5222
5197 5195 5208 5221 5217 5206 5207 5212 5216 5219 5222 5121 5129 5141 5145 5149 5176 5192 5148 5152 5156 5160 5164 5168 5144 5176 5192 5156 5160 5164 5168 5172 5184 5190 5198 5186 5189 5192 5136 5143 5147 5151 5155 5159 5163 5167 5171 5169 5153 5157 5144 5148 5113 5121 5129 5137 5141 5145 5149 5153 5157 5141 5145 5149 5153 5157 5161 5165 4794 4800 5194 5198 5200 5157 5161 5165 5184 5190 5194 5198 5200 5108 5116 5124 5132 5205 5208 5211 5195 5198 5201 5216 4796 4802 5196 5199 5202 5186 5192 5211
5212 5195 5201 5222 5220 5205 5208 5211 5215 5218 5221 5120 5128 5205 5204 5194 5174 5180 5145 5149 5153 4796 4802 5165 5141 5174 5180 5153 5157 5161 5165 5169 5214 5194 5198 5185 5188 5191 5135 5142 5146 5150 5154 5158 5162 5166 5170 5148 5152 5108 5141 5145 5112 5120 5128 5136 5205 5204 5194 5202 5200 5205 5186 5189 5192 5200 5209 5206 5214 5196 5218 5198 5201 5200 5209 5206 5214 5196 5218 5198 5201 5160 5122 5130 5138 5204 5207 5210 5194 5198 5200 5215 4794 4800 5195 5198 5201 5184 5190 5210
5204 5200 5198 5216 5209 5204 5207 5210 5214 5217 5220 5119 5126 5209 5210 5195 5198 5205 5204 5194 5202 4794 4800 5206 5205 5204 5194 5202 5200 5209 5206 5214 5196 5218 5198 5184 5187 5190 5134 5141 5145 5149 5153 5157 5161 5165 5169 5145 5149 5149 5168 5172 5111 5119 5127 5135 5209 5210 5195 5198 5201 5209 5185 5188 5191 5201 5211 5212 5209 5204 5206 5209 5212 5201 5211 5212 5209 5204 5206 5209 5212 5113 5121 5129 5137 5219 5220 5202 5218 5198 5201 5214 5217 5220 5194 5197 5200 5219 5220 5202
5204 5200 5198 5216 5209 4796 4802 5210 5205 5208 5211 5118 5126 5214 5200 5212 5215 5176 5192 5195 5198 5201 5211 5212 5209 5210 5195 5198 5201 5211 5212 5209 5204 5206 5209 5212 5206 5186 5192 5205 5204 5194 5202 5200 5209 5206 5214 5196 5172 5118 5167 5171 5101 5104 5131 5139 5214 5200 5212 5215 5218 5214 5184 5187 5190 5218 5221 5205 5208 5211 5205 5208 5211 5218 5221 5205 5208 5211 5205 5208 5211 5110 5118 5126 5134 5220 5197 5195 5208 5221 5217 5206 5207 5212 5216 5219 5222 5220 5197 5195
5148 5152 5156 5160 5164 4794 4800 5209 5195 5198 5201 5117 5125 5206 5209 5222 5196 5174 5180 5212 5215 5218 5221 5205 5214 5200 5212 5215 5218 5221 5205 5208 5211 5205 5208 5211 5205 5184 5190 5209 5210 5195 5198 5201 5211 5212 5209 5204 5169 5088 5166 5170 5103 5106 5130 5138 5206 5209 5222 5196 5217 5206 5209 5222 5196 5217 5202 5214 5207 5210 5204 5207 5210 5217 5202 5214 5207 5210 5204 5207 5210 5109 5117 5125 5133 5194 5212 5195 5201 5222 5220 5176 5192 5211 5215 5218 5221 5194 5212 5195
5145 5149 5153 5157 5161 5165 5169 5214 5194 5198 5200 5116 5128 5205 5208 5211 5195 5206 5209 5222 5196 5217 5202 5214 5206 5209 5222 5196 5217 5186 5192 5207 5210 5204 5207 5210 5194 5202 5200 5209 5206 5214 5196 5218 5196 5205 5204 5194 5202 5200 5209 5206 5113 5121 5129 5137 5205 5208 5211 5195 5198 5205 5208 5211 5195 5198 5201 5216 5219 5222 5196 5199 5202 5198 5201 5216 5219 5222 5196 5199 5202 5115 5123 5131 5139 5222 5204 5186 5189 5192 5209 5174 5180 5204 5200 5198 5216 5209 5204 5207
5176 5192 5176 5192 5209 5206 5176 5192 5218 5198 5201 5118 5125 5204 5207 5210 5194 5205 5208 5211 5195 5198 5201 5216 5205 5208 5211 5195 5198 5184 5190 5219 5222 5196 5199 5202 5211 5214 5200 5212 5211 5214 5200 5212 5204 5209 5210 5195 5198 5201 5211 5212 5112 5120 5128 5136 5204 5207 5210 5194 5198 5204 5207 5210 5194 5198 5200 5215 5218 5221 5195 5198 5201 5198 5200 5215 5218 5221 5195 5198 5201 5114 5122 5130 5138 5222 5204 5185 5188 5191 5209 5176 5179 5182 5152 5156 5160 5164 5168 5172
5174 5180 5174 5180 5211 5212 5174 5180 5206 5209 5212 5120 5126 5219 5220 5202 5218 5204 5207 5210 5194 5186 5192 5215 5204 5207 5210 5194 5198 5200 5215 5218 5221 5195 5198 5201 5210 5206 5209 5222 5210 5206 5209 5222 4796 4802 5200 5212 5215 5218 5221 5205 5111 5119 5127 5135 5219 5220 5202 5218 5198 5219 5220 5202 5218 5198 5201 5214 5217 5220 5194 5197 5200 5198 5201 5214 5217 5220 5194 5197 5200 5113 5121 5129 5137 5144 5148 5184 5187 5190 5164 5175 5178 5181 5149 5153 5157 5161 5165 5169
5186 5189 5192 5218 5221 5205 5208 5211 5205 5208 5211 5121 5126 5220 5197 5195 5208 5219 5220 5202 5218 5184 5190 5214 5219 5220 5202 5218 5198 5201 5214 5217 5220 5194 5197 5200 5222 5205 5208 5211 5222 5205 5208 5211 4794 4800 5209 5222 5196 5217 5202 5214 5110 5118 5126 5134 5220 5197 5195 5208 5221 5220 5197 5195 5208 5221 5217 5206 5207 5212 5216 5219 5222 5221 5217 5206 5207 5212 5216 5219 5222 5110 5118 5126 5134 5141 5145 5149 5153 5157 5161 5174 5177 5180 5194 5202 5200 5209 5206 5214
5185 5188 5191 5176 5192 5214 5207 5210 5204 5207 5210 5119 5129 5194 5212 5195 5201 5220 5197 5195 5208 5221 5217 5206 5220 5197 5195 5208 5221 5217 5206 5207 5212 5216 5219 5222 5221 5204 5207 5210 5221 5204 5207 5210 5222 5205 5208 5211 5195 5198 5201 5216 5109 5117 5125 5133 5194 4796 4802 5201 5222 5194 5212 5195 5201 5222 5220 5205 5208 5211 5215 5218 5221 5222 5220 5205 5208 5211 5215 5218 5221 5109 5117 5125 5133 5205 5204 5194 5202 5200 5209 5206 5209 5210 5195 5198 5201 5211 5212 5209
5184 5187 5190 5174 5180 5216 5219 5222 5196 5199 5202 5122 5095 5222 5204 5200 5198 5194 5212 5195 5201 5222 5220 5205 5194 5212 5195 5201 5222 5220 5205 5208 5211 5215 5218 5221 5220 5219 5220 5202 5220 5219 5220 5202 5221 5204 5207 5210 5194 5198 5200 5215 5108 5116 5124 5132 5222 4794 4800 5198 5216 5222 5204 5200 5198 5216 5209 5204 5207 5210 5214 5217 5220 5216 5209 5204 5207 5210 5214 5217 5220 5108 5116 5124 5132 5209 5210 5195 5198 5201 5211 5212 5214 5200 5212 5215 5218 5221 5205 5208
5207 5210 5194 5198 5200 5215 5218 5221 5195 5198 5201 5121 5099 5168 5172 5144 5148 5222 5204 5200 5198 5216 5209 5204 5222 5204 5200 5198 5216 5209 5204 5207 5210 5214 5217 5220 5144 5148 5152 5156 5160 5164 5168 5172 5144 5148 5152 5156 5160 5164 5168 5172 5152 5105 5099 5164 5168 5172 5144 5148 5152 5156 5160 5164 5168 5172 5144 5148 5152 5156 5160 5164 5168 5172 5144 5148 5152 5156 5160 5164 5168 5172 5105 5095 5169 5214 5200 5212 5215 5218 5221 5205 5206 5209 5222 5196 5217 5202 5214 5207
5220 5202 5218 5198 5201 5214 5217 5220 5194 5197 5200 5120 5098 5167 5171 5143 5147 5143 5147 5151 5155 5151 5163 5163 5151 5163 5147 5151 5155 5155 5163 5167 5171 5159 5159 5163 5143 5147 5151 5155 5159 5163 5167 5171 5143 5147 5151 5155 5159 5163 5167 5171 5151 5104 5098 5163 5167 5171 5143 5147 5151 5155 5159 5163 5167 5171 5143 5147 5151 5155 5159 5163 5167 5171 5143 5147 5151 5155 5159 5163 5167 5171 5104 5092 5099 5206 5209 5222 5196 5217 5202 5214 5205 5208 5211 5195 5198 5201 5216 5219
5197 5195 5208 5221 5217 5206 5207 5212 5216 5219 5222 5119 5100 5170 5142 5146 5150 5142 5146 5150 5154 5158 5162 5166 5170 5142 5162 5150 5154 5158 5162 5166 5170 5158 5162 5150 5154 5158 5162 5150 5154 5142 5146 5150 5154 5158 5162 5166 5170 5142 5146 5150 5154 5158 5162 5166 5170 5142 5146 5150 5154 5158 5162 5166 5170 5103 5106 5100 5103 5142 5146 5142 5146 5150 5154 5158 5162 5166 5170 5142 5146 5150 5091 5094 5102 5205 5208 5211 5195 5198 5201 5216 5204 5207 5210 5194 5198 5200 5215 5218
5212 5195 5201 5222 5220 5205 5208 5211 5215 5218 5221 5118 5099 5169 5141 5145 5149 5216 5219 5222 5196 5199 5202 5205 5208 5211 5195 5198 5132 5169 5214 5207 5210 5206 5209 5222 5201 5110 5108 5137 5132 5141 5145 5149 5153 5157 5161 5165 5169 5141 5145 5149 5153 5157 5161 5165 5169 5141 5145 5149 5153 5157 5161 5165 5169 5115 5123 5131 5139 5141 5145 5141 5145 5149 5153 5157 5161 5165 5169 5141 5145 5149 5153 5165 5161 5204 5207 5210 5194 5198 5200 5215 5219 5220 5202 5218 5198 5201 5214 5217
5204 5200 5198 5216 5209 5204 5207 5210 5214 5217 5220 5117 5095 5222 5204 5200 5186 5192 5209 5204 5207 5210 5205 5208 5211 5222 5204 5200 5198 5216 5209 5204 5207 5210 5205 5208 5211 5222 5204 5200 5198 5216 5209 5204 5207 5210 5222 5204 5200 5198 5216 5209 5204 5207 5210 5205 5208 5211 5209 5204 5207 5210 5205 5176 5192 5114 5122 5130 5138 5222 5204 5200 5198 5216 5209 5204 5207 5210 5205 5208 5211 5222 5204 5200 5198 5216 5209 5204 5207 5210 5205 5208 5211 5197 5195 5208 5221 5217 5206 5207
5204 5200 5198 5216 5209 5204 5186 5192 5205 5208 5211 5116 5126 5144 5148 5152 5184 5190 5164 5168 5172 5209 5195 5198 5201 5144 5148 5152 5156 5160 5164 5168 5172 5209 5195 5198 5201 5144 5148 5152 5156 5160 5164 5168 5172 5209 5144 5148 4796 4802 5160 5164 5168 5172 5209 5195 5198 5201 5164 5168 5172 4796 4802 5174 5180 5113 5121 5129 5137 5144 5148 5152 5156 5160 5164 5168 5172 5209 5195 5198 5201 5144 5148 5152 5156 5160 5164 5168 5172 5209 5195 5198 5201 5212 5195 5201 5222 5220 5205 5208
5148 5152 5156 5160 5164 5168 5184 5190 5195 5198 5201 5123 5131 5141 5145 5149 5153 5157 5161 5165 5169 5214 5194 5198 5200 5141 5145 5149 5153 5157 5161 5165 5169 5214 5194 5198 5200 5141 5145 5149 5153 5157 5186 5189 5192 5214 5141 5145 4794 4800 5157 5161 5165 5169 5214 5194 5198 5200 5161 5165 5169 4794 4800 5198 5200 5112 5120 5128 5136 5141 5145 5149 5153 5157 5161 5165 5169 5214 5194 5198 5200 5141 5145 5149 5153 5157 5161 5165 5169 5214 5194 5198 5200 5204 5200 5198 5216 5186 5192 5207
5145 4796 4802 5157 5161 5165 5169 5214 5194 5198 5200 5122 5129 5205 5204 5194 5202 5200 5209 5206 5214 5196 5218 5198 5201 5205 5204 5194 5202 5200 5209 5206 5214 5196 5218 5198 5201 5205 5204 5194 5202 5200 5185 5188 5191 5196 5205 5204 5194 5202 5200 5209 5206 5214 5196 5186 5192 5201 5209 5206 5214 5196 5218 5198 5201 5111 5119 5127 5135 5205 5204 5194 5202 5200 5209 5206 5214 5196 5218 5198 5201 5205 5204 5194 5202 5200 5209 5206 5214 5196 5218 5198 5222 5204 5200 5198 5216 5184 5190 5207
5204 4794 4800 5200 5209 5206 5214 5196 5218 5198 5201 5123 5126 5209 5210 5195 5198 5201 5211 5212 5209 5204 5206 5209 5212 5209 5210 5195 5198 5201 5211 5212 5209 5204 5206 5209 5212 5209 5210 5195 5198 5201 5184 5187 5190 5204 5209 5210 5195 5198 5201 5211 5212 5209 5204 5184 5190 5212 5211 5212 5209 5204 5206 5209 5212 5110 5118 5126 5134 5209 5210 5195 5198 5201 5211 5212 5209 5204 5206 5209 5212 5209 5210 5195 5198 5201 5211 5212 5209 5204 5206 4796 4802 5148 5152 5156 5160 5164 5168 5172
5210 5195 5198 5201 5211 5212 5209 5204 5206 5209 5212 5122 5126 5214 5200 5212 5215 5218 5221 5205 5208 5211 5205 5208 5186 5192 5200 5212 5215 5218 5221 5205 5208 5211 5205 5208 5211 5214 5200 5212 5215 5218 5221 5205 5208 5211 5214 5200 5212 5215 5218 5221 5205 5208 5211 5205 5208 5211 5221 5205 5208 5211 5205 5208 5211 5109 5117 5125 5133 5214 5200 5212 5215 5218 5221 5205 5208 5211 5205 5208 5211 5214 5200 5212 5215 5218 5221 5205 5208 5211 5205 4794 4800 5145 5149 5153 5157 5161 5165 5169
5200 5212 5215 5218 5221 5205 5208 5211 5205 5208 5211 5121 5129 5206 5209 5222 5196 5217 5202 5214 5207 5210 5204 5207 5184 5190 5209 5222 5196 5217 5202 5214 5207 5210 5204 5207 5186 5192 5209 5222 5196 5217 5202 5214 5207 5210 5206 5209 5222 5196 5217 5202 5214 5207 5210 5204 5207 5210 5202 5214 5207 5210 5204 5207 5210 5111 5119 5127 5135 5206 5209 5222 5196 5217 5202 5214 5207 5210 5204 5207 5210 5206 5209 5222 5196 5217 5202 5214 5207 5210 5204 5204 5200 5204 5194 5202 5200 5209 5206 5214
5209 5222 5196 5217 5202 5214 5207 5210 5204 5207 5210 5120 5128 5205 5208 5211 4796 4802 5201 5216 5219 5222 5196 5199 5202 5205 5208 5211 5195 5198 5201 5216 5219 5222 5196 5199 5184 5190 5208 5211 5195 5198 5201 5216 5219 5222 5205 5208 5211 5195 5198 5201 5216 5219 5222 5196 5199 5202 5201 5216 5219 5222 5196 5199 5202 5110 5118 5126 5134 5205 5208 5211 5195 5198 5201 5216 5219 5222 5196 5199 5202 5205 5176 5192 5195 5198 5201 5216 5219 5222 5196 5199 5209 5210 5195 5198 5201 5211 5212 5209
5208 5211 5195 5198 5186 5192 5219 5222 5196 5199 5202 5123 5127 5204 5207 5210 4794 4800 5200 5215 5218 5221 5195 5198 5201 5204 5207 5210 5194 5198 5200 5215 5218 5221 5195 5198 5201 5204 5207 5210 5194 5198 5200 5215 5218 5221 5204 5207 5210 5194 5176 5192 5215 5218 5221 5195 5198 5201 5176 5179 5182 5221 5195 5198 5201 5114 5122 5130 5138 5204 5207 5210 5194 5198 5200 4796 4802 5221 5195 5198 5201 5204 5174 5180 5194 5198 5200 5215 5218 5221 5195 5198 5214 5200 5212 5215 5218 5221 5205 5208
5207 5210 5194 5198 5184 5190 5218 5221 5195 5198 5201 5118 5126 5219 5176 5192 5218 5198 5201 5214 5217 5186 5192 5197 5200 5219 5220 5202 5218 5198 5201 5214 5217 5220 5194 5197 5200 5219 5220 5202 5218 5198 5201 5214 5217 5220 5219 5220 5202 5218 5174 5180 5214 5217 5220 5194 5197 5200 5175 5178 5181 5210 5205 5208 5211 5113 5121 5129 5137 5219 5220 5202 5218 5198 5201 4794 4800 5220 5194 5197 5200 5219 5220 5202 5218 5198 5201 5214 5217 5220 5194 5197 5206 5209 5222 5196 5217 5202 5214 5207
5220 5202 5176 5192 5201 5214 5217 5220 5194 5197 5200 5117 5125 5220 5174 5180 5208 5221 5217 5206 5207 5184 5190 5186 5189 5192 5197 5195 5208 5221 5217 5206 5207 5212 5216 5219 5222 5220 5197 5195 5208 5221 5217 5206 5207 5222 5220 5197 5195 5208 5221 5217 5206 5207 5212 5216 5219 5222 5174 5177 5180 5209 5195 5198 5201 5112 5120 5128 5136 5220 5197 5195 5208 5221 5217 5206 5207 5212 5216 5219 4796 4802 5197 5195 5208 5221 5217 5206 5207 5212 5216 5219 5205 5208 5211 5195 5198 5201 5216 5219
5204 5200 5174 5180 5209 5204 5207 5210 5205 5208 5211 5121 5124 5194 5212 5195 5201 5222 5220 5205 5208 5211 5215 5185 5188 5191 5212 5195 5186 5192 5220 5205 5208 5211 5215 5218 5221 5194 5212 5195 5201 5222 5220 5205 5208 5144 5194 5212 5195 5201 5222 5220 5205 5208 5211 5215 5218 5221 5161 5165 5169 5214 5194 5198 5200 5111 5119 5127 5135 5222 5204 5200 5198 5216 5209 5204 5207 5210 5205 5208 4794 4800 5212 5195 5201 5222 5220 5205 5208 5211 5176 5179 5182 5186 5192 5194 5198 5200 5215 5218
5148 5152 5156 5160 5186 5189 5192 5209 5195 5186 5192 5119 5131 5222 5204 5200 5198 5216 5209 5204 5207 5210 5214 5184 5187 5190 5204 5200 5184 5190 5209 5204 5207 5210 5214 5217 5220 5222 5204 5200 5176 5192 5209 5204 5207 5141 5222 5204 5200 5198 5216 5209 5204 5207 5210 5214 5217 5220 5209 5206 5214 5196 5218 5198 5201 5110 5118 5126 5134 5144 5148 5186 5192 5160 5164 5168 5172 5209 5195 5198 5201 5216 5209 5204 5207 5210 5205 5208 5211 5204 5175 5178 5181 5184 5190 5207 5210 5205 5208 5211
5145 5149 5153 5157 5185 5188 5191 5214 5194 5184 5190 5122 5126 5144 5148 5152 5156 5160 5164 5168 5172 5209 5195 5198 5186 5192 5204 5200 5198 5216 5209 5204 5207 5210 5205 4796 4802 5222 5204 5200 5174 5180 5209 5204 5207 5205 5204 5194 5202 5200 5209 5206 5214 5196 5218 5198 5201 5201 5211 5212 5209 5204 5206 5209 5212 5109 5117 5125 5133 5141 5145 5184 5190 5157 5161 5165 5169 5214 5194 5198 5200 5160 5164 5168 5172 5209 5195 5198 5201 5148 5174 5177 5180 5164 5168 5172 5209 5195 5198 5201
5204 5194 5202 5200 5184 5187 5190 5196 5218 5198 5201 5121 5129 5141 5145 5149 5153 5157 5161 5165 5169 5214 5194 5198 5184 5190 5148 5152 5156 5160 5164 5168 5172 5209 5195 4794 4800 5144 5148 5152 5156 5160 5164 5168 5172 4796 4802 5195 5198 5201 5211 5212 5209 5204 5206 5209 5212 5218 5221 5205 5208 5211 5205 5208 5211 5108 5116 5124 5132 5205 5204 5222 5204 5200 5198 5216 5209 5204 5207 5210 5205 5208 5211 5165 5169 5214 5194 5198 5200 5145 5149 5153 5157 5161 5165 5169 5214 5194 5198 5200
5210 5195 5198 5201 5211 5212 5209 5204 5206 5209 5212 5120 5128 5205 5204 5194 5202 5200 5209 5206 5214 5196 5218 5198 5201 5141 5145 5149 5153 5157 5161 5165 5169 5214 5194 5198 5200 5141 5145 5149 5153 5157 5161 5165 5169 4794 4800 5212 5215 5218 5221 5205 5208 5211 5205 5208 5211 5217 5202 5214 5207 5210 5204 5207 5210 5115 5123 5131 5139 5209 5210 5144 5148 5152 5156 5160 5164 5168 5172 5209 5176 5192 5201 5206 5214 5196 5218 5198 5201 5204 5194 5202 5200 5186 5189 5192 5196 5218 5198 5201
5200 5212 5215 5218 5221 5205 5208 5211 5205 5208 5211 5119 5127 5209 5210 5195 5198 5201 5211 5212 5209 5204 5206 5209 5212 5205 5204 5194 5202 5200 5209 5206 5214 5196 5218 5198 5201 5205 5204 5194 5202 5200 5209 5206 5214 5206 5209 5222 5196 5217 5202 5214 5207 5210 5204 5207 5210 5198 5201 5216 5219 5222 5196 5199 5202 5114 5122 5130 5138 5214 5200 5141 5145 5149 5153 5157 5161 5165 5169 5214 5174 5180 5200 5212 5209 5204 5206 5209 5212 5210 5195 5198 5201 5185 5188 5191 5204 5206 5209 5212
5209 5186 5192 5217 5202 5214 5207 5210 5204 5207 5210 5118 5126 5214 5200 5212 5215 5218 5221 5205 5208 5211 5205 5208 5211 5209 5210 5195 5198 5201 5211 5212 5209 5204 5206 5209 5212 5209 5210 5195 5198 5201 5211 5212 5209 5205 5208 5211 5195 5198 5201 5216 5219 5222 5196 5199 5202 5198 5200 5215 5218 5221 5195 5198 5201 5113 5121 5129 5137 5206 5209 5205 5204 5194 5202 5200 5209 5206 5214 5196 5218 5198 5201 5205 5208 5211 5205 5186 5192 5200 5212 5215 5218 5184 5187 5190 5211 5205 5208 5211
5208 5184 5190 5198 5201 5216 4796 4802 5196 5199 5202 5117 5125 5206 5209 5222 5196 5217 5202 5214 5207 5210 5204 5207 5210 5214 5200 5212 5215 5218 5221 5205 5208 5211 5205 5208 5211 5214 5200 5212 5215 5218 5221 5205 5208 5204 5207 5210 5186 5189 5192 5215 5218 5221 5195 5198 5201 5198 5176 5192 5217 5220 5194 5197 5200 5112 5120 5128 5136 5205 5208 5209 5210 5195 5198 5201 5211 5212 5209 5204 5206 5209 5212 5214 5207 5210 5204 5184 5190 5209 5222 5196 5217 5202 5214 5207 5210 5204 5207 5210
5207 5176 5192 5198 5200 5215 4794 4800 5195 5198 5201 5116 5124 5205 5208 5211 5195 5198 5201 5216 5219 5222 5196 5199 5202 5206 5209 5222 5196 5217 5202 5214 5207 5210 5204 5207 5210 5206 5209 5222 5196 5217 5202 5214 5207 5219 5220 5202 5185 5188 5191 5214 5217 5220 5194 5197 5200 5221 5174 5180 5207 5212 5216 5219 5222 5111 5119 5127 5135 4796 4802 5214 5200 5212 5215 5218 5221 5205 5208 5211 5205 5208 5211 5216 5219 5222 5196 5199 5202 5208 5211 5195 5198 5201 5216 5219 5222 5196 5199 5202
5220 5174 5180 5198 5201 5214 5217 5220 5194 5197 5200 5123 5131 5204 5207 5210 5194 5198 5200 5215 5218 5221 5195 5198 5201 5205 5208 5211 5195 5198 5201 5216 5219 5222 5196 5199 5202 5205 5208 5211 5195 5198 5201 5216 5219 5220 5197 5195 5184 5187 5190 5206 5207 5212 5216 5219 5222 5222 5220 5205 5208 5211 5215 5218 5221 5110 5118 5126 5134 4794 4800 5206 5209 5222 5196 5217 5202 5214 5207 5210 5204 5207 5210 5215 5218 5221 5195 5198 5201 5207 5210 5194 5198 5200 5215 5218 5221 5195 5198 5201
5197 5195 5208 5221 5217 5206 5207 5212 5216 5219 5222 5122 5130 5219 5220 5202 5218 5198 5201 5214 5217 5220 5194 5197 5200 5204 5207 5210 5194 5198 5200 5215 5218 5176 5192 5198 5201 5204 5207 5210 5194 5198 5200 5215 5218 5194 5212 5195 5201 5222 5220 5205 5208 5211 5215 5218 5221 5216 5209 5204 5207 5210 5214 5217 5220 5109 5117 5125 5133 5220 5197 5205 5208 5186 5192 5198 5201 5186 5189 5192 5196 5199 5202 5214 5217 5220 5194 5197 5200 5220 5202 5218 5198 5201 5214 5217 5220 5194 5197 5200
5212 5195 5201 5222 5220 5205 5208 5211 5215 5218 5221 5121 5129 5220 5197 5195 5208 5221 5217 5206 5207 5212 5216 5219 5222 5219 5220 5202 4796 4802 5201 5214 5217 5174 5180 5197 5200 5219 5220 5202 5218 5198 5201 5214 5217 5222 5204 5200 5198 5216 5209 5204 5207 5210 5186 5192 5220 5207 5210 5205 5208 5211 5196 5199 5202 5108 5116 5124 5132 5194 5212 5204 5207 5184 5190 5198 5200 5185 5188 5191 5195 5198 5201 5206 5207 5212 5216 5219 5222 5197 5195 5208 5221 5217 5206 5207 5186 5192 5219 5222
5204 5200 5198 5216 5209 5204 5207 5210 5214 5217 5220 5120 5128 5194 5212 5195 5201 5222 5220 5205 5208 5211 5215 5218 5221 5220 5197 5195 4794 4800 5217 5206 5207 5212 5216 5219 5222 5220 5197 5195 5208 5221 5217 5206 5222 5204 5200 5198 5216 5209 5204 5207 5210 5205 5184 5190 5168 5172 5209 5195 5198 5201 5195 5198 5201 5090 5104 5098 5096 5222 5204 5219 5220 5202 5218 5198 5201 5184 5187 5190 5194 5197 5200 5216 5209 5204 5207 5210 5205 5208 5211 4796 4802 5220 5205 5208 5184 5190 5218 5221
5214 5217 5220 5219 5222 4748 4701 4951 5208 5208 5211 5116 5127 5222 5204 5200 5198 5216 5186 5192 5207 5210 5214 5217 5220 5194 5212 5195 5201 5222 5220 5205 5208 5211 5215 5218 5221 5186 5192 5195 5201 5222 5220 5205 5144 5148 5152 5156 5160 5164 5168 5172 5209 5195 5198 5176 5192 5169 5214 5194 5198 5200 5194 5197 5200 5089 4880 5092 5098 5096 5198 5220 5197 5195 5208 5221 5217 5206 5207 5212 5216 5219 5222 5176 5192 5168 5172 5209 5195 5198 5201 4794 4800 5209 5204 5207 5210 5214 5217 5220
5208 5211 4742 5194 5198 5200 4695 4694 5199 5207 5210 5118 5126 5222 5204 5200 5198 5216 5184 5190 5207 5210 5205 5208 5211 5222 5204 5200 5198 5216 5209 5204 5207 5210 5214 5217 5220 5184 5190 5200 5198 5216 5209 5204 5141 5145 5149 5153 5157 5161 5165 5169 5214 5194 5198 5174 5180 5214 5196 5218 5198 5201 5209 5212 5108 5105 4880 4883 4886 5131 5139 5194 5212 5195 5201 5222 5220 5205 5208 5211 5215 5218 5221 5174 5180 5165 5169 5214 5194 5198 5200 5156 5160 5164 5168 5172 5209 5195 5198 5201
5198 5201 4748 4751 4736 4739 4742 4693 5216 5219 5222 5117 5125 5144 5148 5152 5156 5160 5164 5168 5172 5209 5195 4796 4802 5222 5204 5200 5198 5216 5209 5204 5207 5210 5205 5208 5211 5144 5148 5152 5156 5160 5164 5168 5205 5204 5194 5202 5200 5209 5206 5214 5196 5218 5198 5201 5212 5209 5204 5206 5209 5212 5208 5211 5115 5123 4879 4882 4885 5130 5138 5222 5204 5200 5198 5216 5209 5204 5207 5210 5214 5217 5220 5200 5209 5206 5214 5196 5218 5198 5201 5153 5157 5161 5165 5169 5214 5194 5198 5200
5198 5200 5216 5219 5199 5202 4744 4692 5215 5218 5221 5116 5124 5141 5145 5176 5192 5157 5161 5165 5169 5214 5194 4794 4800 5144 5148 5152 5156 5160 5164 5168 5172 5209 5195 5198 5201 5141 5145 5149 5153 5157 5161 5165 5209 5210 5195 5198 5201 5211 5212 5209 5204 5206 5209 5212 5205 5208 5211 5205 5208 5211 5207 5210 5114 5122 4878 4881 4884 5129 5137 5139 5176 5179 5182 5198 5218 5221 5205 5209 5210 5195 5198 5201 5211 5212 5209 5204 5206 5209 5212 5202 5200 5209 5206 5214 5196 5218 5198 5201
5198 5201 5215 5218 5198 5201 4737 4691 5205 5217 5220 5121 5129 5205 5204 5174 5180 5200 5209 5206 5214 5196 5218 5198 5201 5141 5145 5149 5153 5157 5161 5165 5169 5214 5194 5198 5200 5205 5204 5194 5202 5200 5209 5206 5214 5200 5212 5186 5192 5221 5205 5208 5211 5205 5208 5211 5214 5207 5210 5204 5207 5210 5219 5222 5113 5121 4890 4893 4896 5128 5136 5138 5175 5178 5181 5209 5217 5202 5214 5214 5200 5212 4796 4802 5221 5205 5208 5211 5205 5208 5211 5198 5201 5211 5212 5209 5204 5206 5209 5212
5209 5212 5205 5208 5198 5201 4736 4695 4695 5090 5151 5104 5126 5209 5210 5195 5198 5201 5211 5212 5209 5204 5206 5209 5212 5205 5204 5194 5202 5200 5209 5206 5214 5196 5218 5198 5201 5209 5210 5195 5198 5201 5211 5212 5206 5209 5222 5184 5190 5202 5214 5207 5210 5204 5207 5210 5216 5219 5176 5192 5199 5202 5218 5221 5112 5120 4889 4892 4895 5127 5135 5137 5174 5177 5180 5209 5198 5201 5216 5206 5209 5222 4794 4800 5202 5214 5186 5192 5204 5207 5210 5215 5218 5221 5205 5208 5211 5205 5208 5211
5208 5211 5204 5207 5197 5200 5209 4745 4695 5128 5104 4886 5128 5214 5200 5212 5215 5218 5221 5205 5208 5211 5205 5208 5211 5209 5210 5195 5198 5201 5211 5212 5209 5204 5206 5209 5212 5214 5200 5212 5215 5218 5221 5205 5205 5208 5211 5195 5198 5201 5216 5219 5222 5196 5199 5202 5215 5218 5174 5180 5198 5201 5217 5220 5111 5119 4888 4891 4894 5126 5134 5136 5209 5210 5195 5208 5176 5192 5212 5205 5208 5211 5195 5198 5201 5216 5184 5190 5196 5199 5202 5196 5217 5202 5176 5179 5182 5204 5207 5210
5186 5192 5206 5209 5212 5222 5211 5219 4695 5092 4886 4881 5095 5206 5209 5222 5196 5217 5202 5214 5186 5189 5192 5176 5192 5214 5200 5212 5215 5218 5221 5205 5176 5192 5205 5208 5211 5206 5209 5222 5196 5217 5202 5214 5204 5207 5210 5194 5198 5200 5215 5218 5221 5195 4796 4802 5214 5217 5220 5194 5197 5200 5199 5202 5110 5118 4879 4882 4885 5125 5133 5135 5090 5093 5096 5207 5174 5180 5215 5204 5207 5210 5194 5198 5200 5215 5218 5221 5195 5198 5201 5195 5198 5201 5175 5178 5181 5196 5199 5202
5184 5190 5205 5208 5211 5210 5209 5211 4720 5088 5091 5154 5094 5205 5208 5211 5195 5198 5201 5216 5185 5188 5191 5174 5180 5206 5209 5222 5196 5217 5202 5214 5174 5180 5204 5207 5210 5205 5208 5211 4796 4802 5201 5216 5219 5220 5202 5218 5198 5201 5214 5217 5220 5194 4794 4800 5206 5207 5212 5216 5219 5222 5198 5201 5109 5117 4878 4881 4884 5124 5132 5134 5089 5092 5095 5219 5198 5201 5214 5219 5220 5202 5218 5198 5201 5214 5217 5220 5194 5197 5200 5194 5198 5200 5174 5177 5180 5195 5198 5201
5214 5217 5204 5200 5198 5216 5209 5198 5207 5210 5205 5208 5211 5204 5176 5192 5194 5198 5200 5215 5184 5187 5190 5198 5201 5205 5208 5211 5195 5198 5201 5216 5219 5222 5196 5199 5202 5204 5207 5210 4794 4800 5200 5215 5220 5197 5195 5208 5221 5217 5206 5207 5212 5216 5219 5222 5205 5208 5211 5215 5218 5221 5197 5200 5108 5116 5100 5106 4891 5098 5096 5133 5088 5091 5094 5218 4796 4802 5206 5220 5197 5195 5208 5221 5217 5206 5207 5212 5216 5219 5222 5218 5198 5201 5214 5217 5176 5192 5197 5200
5206 5207 5186 5192 5156 5160 5164 5198 5172 5209 5195 5198 5201 5219 5174 5180 5218 5198 5201 5214 5217 5220 5194 5197 5200 5204 5207 5210 5194 5198 5200 5215 5218 5221 5195 5198 5201 5219 5220 5202 5218 5198 5201 5214 5194 5212 5195 5201 5222 5220 5205 5208 5211 5215 5218 5221 5204 5207 5210 5214 5217 5220 5204 5132 5090 5092 5098 5104 5092 5092 5124 5132 5209 5210 5195 5198 4794 4800 5212 5194 5212 5195 5201 5222 5220 5205 5208 5211 5215 5218 5221 5208 5221 5217 5206 5207 5174 5180 5219 5222
5214 5217 5184 5190 5153 5157 5161 5165 5169 5214 5194 5198 5200 5220 5197 5195 5208 5221 5217 5206 5207 5212 5216 5219 5222 5219 5220 5202 5218 5198 5201 5214 5217 5220 5194 5197 5200 5220 5197 5195 5208 5221 5217 5206 5222 5204 5200 5198 5216 5209 5204 5207 5210 5214 5217 5220 5204 5207 5210 5205 5208 5211 5202 4737 5089 5092 4890 4893 4896 4893 5126 5218 5198 5214 5217 5220 5211 5205 5208 5222 5204 5200 5198 5216 5209 5204 5207 5210 5214 5217 5220 5201 5222 5220 5205 5208 5211 5215 5218 5221
tile 4690 0 0
tile 4691 56 0
tile 4692 112 0
tile 4693 168 0
tile 4694 224 0
tile 4695 280 0
tile 4701 336 0
tile 4702 392 0
tile 4707 448 0
tile 4720 504 0
tile 4723 560 0
tile 4724 616 0
tile 4731 672 0
tile 4732 728 0
tile 4733 0 27
tile 4735 56 27
tile 4736 112 27
tile 4737 168 27
tile 4738 224 27
tile 4739 280 27
tile 4740 336 27
tile 4742 392 27
tile 4743 448 27
tile 4744 504 27
tile 4745 560 27
tile 4746 616 27
tile 4748 672 27
tile 4751 728 27
tile 4794 0 54
tile 4796 56 54
tile 4800 112 54
tile 4802 168 54
tile 4878 224 54
tile 4879 280 54
tile 4880 336 54
tile 4881 392 54
tile 4882 448 54
tile 4883 504 54
tile 4884 560 54
tile 4885 616 54
tile 4886 672 54
tile 4888 728 54
tile 4889 0 81
tile 4890 56 81
tile 4891 112 81
tile 4892 168 81
tile 4893 224 81
tile 4894 280 81
tile 4895 336 81
tile 4896 392 81
tile 4899 448 81
tile 4904 504 81
tile 4912 560 81
tile 4943 616 81
tile 4951 672 81
tile 4958 728 81
tile 5088 0 108
tile 5089 56 108
tile 5090 112 108
tile 5091 168 108
tile 5092 224 108
tile 5093 280 108
tile 5094 336 108
tile 5095 392 108
tile 5096 448 108
tile 5098 504 108
tile 5099 560 108
tile 5100 616 108
tile 5101 672 108
tile 5102 728 108
tile 5103 0 135
tile 5104 56 135
tile 5105 112 135
tile 5106 168 135
tile 5108 224 135
tile 5109 280 135
tile 5110 336 135
tile 5111 392 135
tile 5112 448 135
tile 5113 504 135
tile 5114 560 135
tile 5115 616 135
tile 5116 672 135
tile 5117 728 135
tile 5118 0 162
tile 5119 56 162
tile 5120 112 162
tile 5121 168 162
tile 5122 224 162
tile 5123 280 162
tile 5124 336 162
tile 5125 392 162
tile 5126 448 162
tile 5127 504 162
tile 5128 560 162
tile 5129 616 162
tile 5130 672 162
tile 5131 728 162
tile 5132 0 189
tile 5133 56 189
tile 5134 112 189
tile 5135 168 189
tile 5136 224 189
tile 5137 280 189
tile 5138 336 189
tile 5139 392 189
tile 5141 448 189
tile 5142 504 189
tile 5143 560 189
tile 5144 616 189
tile 5145 672 189
tile 5146 728 189
tile 5147 0 216
tile 5148 56 216
tile 5149 112 216
tile 5150 168 216
tile 5151 224 216
tile 5152 280 216
tile 5153 336 216
tile 5154 392 216
tile 5155 448 216
tile 5156 504 216
tile 5157 560 216
tile 5158 616 216
tile 5159 672 216
tile 5160 728 216
tile 5161 0 243
tile 5162 56 243
tile 5163 112 243
tile 5164 168 243
tile 5165 224 243
tile 5166 280 243
tile 5167 336 243
tile 5168 392 243
tile 5169 448 243
tile 5170 504 243
tile 5171 560 243
tile 5172 616 243
tile 5174 672 243
tile 5175 728 243
tile 5176 0 270
tile 5177 56 270
tile 5178 112 270
tile 5179 168 270
tile 5180 224 270
tile 5181 280 270
tile 5182 336 270
tile 5184 392 270
tile 5185 448 270
tile 5186 504 270
tile 5187 560 270
tile 5188 616 270
tile 5189 672 270
tile 5190 728 270
tile 5191 0 297
tile 5192 56 297
tile 5194 112 297
tile 5195 168 297
tile 5196 224 297
tile 5197 280 297
tile 5198 336 297
tile 5199 392 297
tile 5200 448 297
tile 5201 504 297
tile 5202 560 297
tile 5204 616 297
tile 5205 672 297
tile 5206 728 297
tile 5207 0 324
tile 5208 56 324
tile 5209 112 324
tile 5210 168 324
tile 5211 224 324
tile 5212 280 324
tile 5214 336 324
tile 5215 392 324
tile 5216 448 324
tile 5217 504 324
tile 5218 560 324
tile 5219 616 324
tile 5220 672 324
tile 5221 728 324
tile 5222 0 351
picture 6016 392 202 201 0
picture 6017 308 0 254 0
picture 6018 196 624 306 0
picture 6019 112 0 332 0
picture 6020 84 0 337 0
picture 6021 140 329 323 0
picture 6022 252 0 287 0
picture 6023 280 281 261 0
picture 6024 336 496 242 0
picture 6025 336 0 248 0
picture 6026 364 0 226 0
picture 6027 420 373 172 0
picture 6028 448 787 144 0
picture 6031 476 0 144 0
picture 6032 420 545 172 0
picture 6033 364 226 226 0
picture 6034 336 248 248 0
picture 6035 336 738 242 0
picture 6036 280 542 261 0
picture 6037 252 287 287 0
picture 6038 140 652 323 0
picture 6039 84 337 337 0
picture 6040 112 332 332 0
picture 6041 224 0 306 0
picture 6042 308 254 254 0
picture 6043 392 403 201 0
picture 6046 476 418 127 0
picture 6047 448 480 155 0
picture 6048 392 604 197 0
picture 6049 364 452 225 0
picture 6050 308 508 253 0
picture 6051 280 0 281 0
picture 6052 196 315 309 0
picture 6053 168 0 322 0
picture 6054 168 641 316 0
picture 6055 224 306 306 0
picture 6056 224 612 289 0
picture 6057 392 0 202 0
picture 6058 448 324 156 0
picture 6096 504 859 14 0
picture 6097 504 887 13 0
picture 6098 504 900 13 0
picture 6099 504 873 14 0
picture 6100 504 783 21 0
picture 6102 504 823 18 0
picture 6103 504 841 18 0
picture 6104 504 804 19 0
picture 6125 504 659 33 0
picture 6126 504 725 29 0
picture 6131 504 168 50 0
picture 6132 504 117 51 0
picture 6135 504 437 38 0
picture 6136 504 513 37 0
picture 6139 504 263 44 0
picture 6140 504 218 45 0
picture 6151 504 587 36 0
picture 6152 504 623 36 0
picture 6153 504 475 38 0
picture 6154 504 550 37 0
picture 6157 504 307 44 0
picture 6158 504 351 44 0
picture 6404 420 717 172 0
picture 6405 420 0 190 0
picture 6406 476 286 132 0
picture 6407 448 0 167 0
picture 6408 392 801 196 0
picture 6409 476 144 142 0
picture 6417 476 545 122 0
picture 6418 448 167 157 0
picture 6419 448 635 152 0
picture 6420 476 667 111 0
picture 6447 476 778 110 0
picture 6448 476 888 103 0
picture 6449 504 0 62 0
picture 6512 504 754 29 0
picture 6513 504 692 33 0
picture 6514 504 395 42 0
picture 6515 504 62 55 0
picture 6519 420 190 183 0
picture 6520 364 677 213 0
picture 6521 56 351 339 0
picture 6522 28 0 369 0
picture 6523 0 0 397 0
picture 6524 0 397 396 0
picture 6525 28 369 366 0
picture 6526 56 0 351 0
picture 6527 112 664 329 0
picture 6528 140 0 329 0
picture 6529 196 0 315 0
picture 6530 168 322 319 0
picture 6531 84 674 333 0
picture 6532 252 574 282 0
picture 6533 308 761 252 0
object 8 0 left 6100
object 16 0 right 6409
object 23 0 left 6096
object 23 0 right 6097
object 26 0 left 6096
object 26 0 right 6097
object 33 0 right 6409
object 36 0 left 6102
object 40 0 left 6098
object 40 0 right 6099
object 55 0 left 6100
object 64 0 right 6406
object 71 0 left 6104
object 72 0 left 6100
object 73 0 right 6449
object 77 0 right 6406
object 79 0 right 6409
object 98 0 right 6409
object 8 1 right 6533
object 16 1 left 6407
object 16 1 right 6408
object 25 1 right 6409
object 33 1 left 6407
object 33 1 right 6408
object 45 1 right 6409
object 62 1 right 6449
object 64 1 left 6404
object 64 1 right 6405
object 73 1 left 6447
object 73 1 right 6448
object 77 1 left 6404
object 77 1 right 6405
object 79 1 left 6407
object 79 1 right 6408
object 84 1 left 6098
object 84 1 right 6099
object 87 1 right 6449
object 92 1 right 6409
object 95 1 left 6100
object 97 1 left 6096
object 97 1 right 6097
object 98 1 left 6407
object 98 1 right 6408
object 8 2 right 6532
object 16 2 left 6096
object 16 2 right 6097
object 17 2 right 6406
object 25 2 left 6407
object 25 2 right 6408
object 40 2 right 6409
object 45 2 left 6407
object 45 2 right 6408
object 49 2 right 6449
object 61 2 left 6104
object 61 2 right 6103
object 62 2 left 6447
object 62 2 right 6448
object 80 2 left 6096
object 80 2 right 6097
object 81 2 right 6449
object 87 2 left 6447
object 87 2 right 6448
object 92 2 left 6407
object 92 2 right 6408
object 95 2 right 6449
object 8 3 left 6530
object 8 3 right 6531
object 9 3 left 6102
object 17 3 left 6404
object 17 3 right 6405
object 40 3 left 6407
object 40 3 right 6408
object 42 3 right 6449
object 47 3 left 6096
object 47 3 right 6097
object 49 3 left 6447
object 49 3 right 6448
object 54 3 right 6449
object 73 3 left 6098
object 73 3 right 6099
object 81 3 left 6447
object 81 3 right 6448
object 90 3 right 6406
object 95 3 left 6447
object 95 3 right 6448
object 99 3 right 6406
object 5 4 left 6526
object 6 4 left 6527
object 7 4 left 6528
object 7 4 right 6529
object 9 4 left 6100
object 21 4 right 6406
object 25 4 left 6104
object 27 4 left 6096
object 27 4 right 6097
object 28 4 right 6406
object 42 4 left 6447
object 42 4 right 6448
object 46 4 right 6409
object 49 4 right 6406
object 50 4 left 6096
object 50 4 right 6097
object 54 4 left 6447
object 54 4 right 6448
object 77 4 left 6512
object 77 4 right 6513
object 85 4 left 6104
object 85 4 right 6103
object 90 4 left 6404
object 90 4 right 6405
object 99 4 left 6404
object 99 4 right 6405
object 4 5 right 6525
object 13 5 left 6096
object 13 5 right 6097
object 14 5 right 6449
object 21 5 left 6404
object 21 5 right 6405
object 25 5 left 6102
object 28 5 left 6404
object 28 5 right 6405
object 38 5 right 6406
object 46 5 left 6407
object 46 5 right 6408
object 49 5 left 6404
object 49 5 right 6405
object 63 5 left 6096
object 63 5 right 6097
object 73 5 left 6096
object 73 5 right 6097
object 74 5 right 6409
object 79 5 right 6409
object 80 5 right 6409
object 81 5 right 6409
object 85 5 left 6151
object 85 5 right 6152
object 86 5 left 6135
object 86 5 right 6136
object 87 5 left 6102
object 4 6 left 6523
object 4 6 right 6524
object 14 6 left 6447
object 14 6 right 6448
object 29 6 right 6409
object 38 6 left 6404
object 38 6 right 6405
object 43 6 right 6406
object 51 6 right 6449
object 65 6 left 6098
object 65 6 right 6099
object 78 6 left 6096
object 78 6 right 6097
object 79 6 left 6407
object 79 6 right 6408
object 80 6 left 6407
object 80 6 right 6408
object 86 6 right 6409
object 90 6 left 6151
object 90 6 right 6152
object 91 6 left 6135
object 91 6 right 6136
object 92 6 left 6102
object 3 7 right 6522
object 8 7 right 6420
object 23 7 left 6096
object 23 7 right 6097
object 29 7 left 6407
object 29 7 right 6408
object 43 7 left 6404
object 43 7 right 6405
object 51 7 left 6447
object 51 7 right 6448
object 79 7 right 6028
object 0 8 left 6153
object 0 8 right 6154
object 2 8 left 6519
object 3 8 left 6520
object 3 8 right 6521
object 7 8 left 6417
object 7 8 right 6406
object 8 8 left 6418
object 8 8 right 6419
object 10 8 left 6157
object 10 8 right 6158
object 12 8 left 6096
object 12 8 right 6097
object 23 8 left 6098
object 23 8 right 6099
object 24 8 left 6100
object 25 8 right 6409
object 35 8 left 6098
object 35 8 right 6099
object 44 8 left 6100
object 54 8 left 6096
object 54 8 right 6097
object 79 8 right 6027
object 85 8 left 6096
object 85 8 right 6097
object 96 8 right 6449
object 0 9 left 6514
object 0 9 right 6515
object 3 9 left 6153
object 3 9 right 6154
object 4 9 left 6139
object 4 9 right 6140
object 5 9 left 6131
object 5 9 right 6132
object 7 9 left 6404
object 7 9 right 6405
object 8 9 left 6098
object 8 9 right 6099
object 9 9 left 6100
object 25 9 left 6407
object 25 9 right 6408
object 34 9 left 6096
object 34 9 right 6097
object 35 9 right 6409
object 40 9 left 6098
object 40 9 right 6099
object 54 9 right 6449
object 63 9 left 6157
object 63 9 right 6158
object 64 9 left 6100
object 79 9 right 6026
object 96 9 left 6447
object 96 9 right 6448
object 0 10 right 6406
object 3 10 left 6514
object 3 10 right 6515
object 14 10 right 6406
object 35 10 left 6407
object 35 10 right 6408
object 37 10 right 6406
object 51 10 left 6102
object 54 10 left 6447
object 54 10 right 6448
object 79 10 right 6025
object 80 10 left 6100
object 91 10 left 6098
object 91 10 right 6099
object 95 10 right 6406
object 0 11 left 6404
object 0 11 right 6405
object 14 11 left 6404
object 14 11 right 6405
object 37 11 left 6404
object 37 11 right 6405
object 57 11 right 6406
object 69 11 left 6096
object 69 11 right 6097
object 72 11 right 6406
object 78 11 left 6022
object 79 11 left 6023
object 79 11 right 6024
object 87 11 right 6449
object 95 11 left 6404
object 95 11 right 6405
object 98 11 left 6100
object 99 11 left 6104
object 99 11 right 6103
object 57 12 left 6404
object 57 12 right 6405
object 72 12 left 6404
object 72 12 right 6405
object 73 12 left 6016
object 74 12 left 6017
object 75 12 left 6018
object 76 12 left 6019
object 77 12 left 6020
object 77 12 right 6021
object 87 12 left 6447
object 87 12 right 6448
object 10 13 right 6449
object 57 13 right 6409
object 68 13 left 6098
object 68 13 right 6099
object 10 14 left 6447
object 10 14 right 6448
object 31 14 right 6449
object 57 14 left 6407
object 57 14 right 6408
object 73 14 left 6447
object 73 14 right 6448
object 77 14 left 6404
object 77 14 right 6405
object 2 15 right 6409
object 6 15 left 6096
object 6 15 right 6097
object 26 15 right 6449
object 30 15 left 6098
object 30 15 right 6099
object 31 15 left 6447
object 31 15 right 6448
object 33 15 right 6406
object 41 15 left 6096
object 41 15 right 6097
object 89 15 left 6096
object 89 15 right 6097
object 99 15 right 6409
object 2 16 left 6407
object 2 16 right 6408
object 6 16 left 6098
object 6 16 right 6099
object 7 16 left 6104
object 13 16 left 6096
object 13 16 right 6097
object 24 16 right 6406
object 26 16 left 6447
object 26 16 right 6448
object 33 16 left 6404
object 33 16 right 6405
object 50 16 left 6096
object 50 16 right 6097
object 62 16 right 6406
object 73 16 left 6098
object 73 16 right 6099
object 89 16 left 6104
object 89 16 right 6103
object 90 16 left 6100
object 94 16 left 6096
object 94 16 right 6097
object 97 16 right 6449
object 99 16 left 6407
object 99 16 right 6408
object 24 17 left 6404
object 24 17 right 6405
object 43 17 right 6409
object 57 17 right 6449
object 62 17 left 6404
object 62 17 right 6405
object 84 17 left 6096
object 84 17 right 6097
object 97 17 left 6447
object 97 17 right 6448
object 27 18 right 6409
object 43 18 left 6407
object 43 18 right 6408
object 45 18 right 6406
object 50 18 left 6098
object 50 18 right 6099
object 51 18 left 6100
object 57 18 left 6447
object 57 18 right 6448
object 83 18 right 6409
object 27 19 left 6407
object 27 19 right 6408
object 45 19 left 6404
object 45 19 right 6405
object 83 19 left 6407
object 83 19 right 6408
object 87 19 right 6406
object 7 20 right 6406
object 16 20 right 6409
object 50 20 left 6096
object 50 20 right 6097
object 87 20 left 6404
object 87 20 right 6405
object 0 21 right 6409
object 7 21 left 6404
object 7 21 right 6405
object 16 21 left 6407
object 16 21 right 6408
object 18 21 right 6406
object 38 21 left 6102
object 68 21 right 6449
object 82 21 left 6098
object 82 21 right 6099
object 98 21 right 6409
object 0 22 left 6407
object 0 22 right 6408
object 15 22 right 6449
object 18 22 left 6404
object 18 22 right 6405
object 28 22 left 6104
object 37 22 right 6449
object 46 22 right 6449
object 67 22 left 6104
object 67 22 right 6103
object 68 22 left 6447
object 68 22 right 6448
object 82 22 left 6096
object 82 22 right 6097
object 85 22 right 6449
object 87 22 right 6406
object 98 22 left 6407
object 98 22 right 6408
object 1 23 right 6409
object 4 23 left 6096
object 4 23 right 6097
object 15 23 left 6447
object 15 23 right 6448
object 21 23 left 6100
object 28 23 left 6096
object 28 23 right 6097
object 29 23 left 6100
object 37 23 left 6447
object 37 23 right 6448
object 46 23 left 6447
object 46 23 right 6448
object 53 23 left 6096
object 53 23 right 6097
object 54 23 right 6449
object 67 23 right 6409
object 68 23 right 6406
object 85 23 left 6447
object 85 23 right 6448
object 87 23 left 6404
object 87 23 right 6405
object 99 23 right 6406
object 1 24 left 6407
object 1 24 right 6408
object 5 24 left 6098
object 5 24 right 6099
object 9 24 right 6409
object 54 24 left 6447
object 54 24 right 6448
object 60 24 right 6449
object 61 24 right 6406
object 67 24 left 6407
object 67 24 right 6408
object 68 24 left 6404
object 68 24 right 6405
object 84 24 left 6096
object 84 24 right 6097
object 99 24 left 6404
object 99 24 right 6405
object 9 25 left 6407
object 9 25 right 6408
object 20 25 right 6406
object 23 25 right 6449
object 60 25 left 6447
object 60 25 right 6448
object 61 25 left 6404
object 61 25 right 6405
object 18 26 left 6096
object 18 26 right 6097
object 20 26 left 6404
object 20 26 right 6405
object 23 26 left 6447
object 23 26 right 6448
object 47 26 right 6409
object 60 26 left 6407
object 60 26 right 6408
object 61 26 left 6104
object 61 26 right 6103
object 69 26 left 6100
object 92 26 left 6100
object 47 27 left 6407
object 47 27 right 6408
object 70 27 left 6157
object 70 27 right 6158
object 71 27 left 6100
object 83 27 right 6409
object 98 27 right 6449
object 48 28 right 6406
object 83 28 left 6407
object 83 28 right 6408
object 98 28 left 6447
object 98 28 right 6448
object 23 29 right 6409
object 36 29 right 6409
object 40 29 left 6100
object 48 29 left 6404
object 48 29 right 6405
object 91 29 right 6449
object 0 30 right 6449
object 23 30 left 6407
object 23 30 right 6408
object 27 30 right 6449
object 36 30 left 6407
object 36 30 right 6408
object 54 30 right 6406
object 91 30 left 6447
object 91 30 right 6448
object 0 31 left 6447
object 0 31 right 6448
object 27 31 left 6447
object 27 31 right 6448
object 48 31 left 6096
object 48 31 right 6097
object 54 31 left 6404
object 54 31 right 6405
object 61 31 right 6449
object 97 31 right 6409
object 4 32 left 6096
object 4 32 right 6097
object 10 32 left 6096
object 10 32 right 6097
object 22 32 left 6102
object 24 32 right 6406
object 37 32 right 6449
object 49 32 left 6100
object 61 32 left 6447
object 61 32 right 6448
object 71 32 right 6409
object 97 32 left 6407
object 97 32 right 6408
object 24 33 left 6404
object 24 33 right 6405
object 37 33 left 6447
object 37 33 right 6448
object 71 33 left 6407
object 71 33 right 6408
object 57 34 right 6409
object 98 34 left 6096
object 98 34 right 6097
object 15 35 left 6098
object 15 35 right 6099
object 57 35 left 6407
object 57 35 right 6408
object 91 35 left 6096
object 91 35 right 6097
object 99 35 left 6100
object 5 36 right 6449
object 50 36 left 6096
object 50 36 right 6097
object 73 36 right 6449
object 91 36 left 6104
object 91 36 right 6103
object 92 36 left 6098
object 92 36 right 6099
object 93 36 left 6100
object 5 37 left 6447
object 5 37 right 6448
object 53 37 left 6157
object 53 37 right 6158
object 54 37 left 6102
object 61 37 right 6449
object 73 37 left 6447
object 73 37 right 6448
object 89 37 right 6406
object 1 38 right 6409
object 14 38 right 6449
object 54 38 left 6096
object 54 38 right 6097
object 61 38 left 6447
object 61 38 right 6448
object 69 38 left 6102
object 77 38 left 6104
object 77 38 right 6103
object 87 38 left 6096
object 87 38 right 6097
object 89 38 left 6404
object 89 38 right 6405
object 97 38 right 6409
object 1 39 left 6407
object 1 39 right 6408
object 14 39 left 6447
object 14 39 right 6448
object 19 39 right 6406
object 38 39 right 6449
object 51 39 right 6409
object 52 39 right 6409
object 90 39 right 6409
object 92 39 right 6449
object 97 39 left 6407
object 97 39 right 6408
object 3 40 left 6096
object 3 40 right 6097
object 10 40 left 6102
object 19 40 left 6404
object 19 40 right 6405
object 38 40 left 6447
object 38 40 right 6448
object 51 40 left 6407
object 51 40 right 6408
object 52 40 left 6407
object 52 40 right 6408
object 85 40 right 6409
object 87 40 left 6096
object 87 40 right 6097
object 90 40 left 6407
object 90 40 right 6409
object 92 40 left 6447
object 92 40 right 6448
object 28 41 left 6102
object 28 41 right 6097
object 52 41 right 6043
object 77 41 right 6449
object 85 41 left 6407
object 85 41 right 6408
object 88 41 left 6100
object 90 41 left 6407
object 90 41 right 6408
object 4 42 right 6406
object 19 42 right 6406
object 36 42 left 6104
object 36 42 right 6103
object 43 42 left 6100
object 52 42 right 6042
object 53 42 left 6102
object 77 42 left 6447
object 77 42 right 6448
object 83 42 left 6098
object 83 42 right 6099
object 4 43 left 6404
object 4 43 right 6405
object 6 43 right 6449
object 19 43 left 6404
object 19 43 right 6405
object 22 43 right 6409
object 38 43 left 6096
object 38 43 right 6097
object 52 43 right 6041
object 64 43 left 6100
object 84 43 left 6100
object 6 44 left 6447
object 6 44 right 6448
object 22 44 left 6407
object 22 44 right 6408
object 52 44 right 6040
object 71 44 right 6409
object 93 44 right 6449
object 0 45 right 6409
object 2 45 right 6406
object 10 45 left 6096
object 10 45 right 6097
object 43 45 right 6409
object 52 45 left 6038
object 52 45 right 6039
object 60 45 right 6409
object 71 45 left 6407
object 71 45 right 6408
object 86 45 right 6449
object 91 45 right 6406
object 93 45 left 6447
object 93 45 right 6448
object 98 45 right 6409
object 0 46 left 6407
object 0 46 right 6408
object 2 46 left 6404
object 2 46 right 6405
object 22 46 right 6449
object 32 46 right 6449
object 43 46 left 6407
object 43 46 right 6408
object 51 46 right 6037
object 60 46 left 6407
object 60 46 right 6408
object 86 46 left 6447
object 86 46 right 6448
object 89 46 right 6406
object 91 46 left 6404
object 91 46 right 6405
object 98 46 left 6407
object 98 46 right 6408
object 17 47 left 6104
object 17 47 right 6103
object 22 47 left 6447
object 22 47 right 6448
object 32 47 left 6447
object 32 47 right 6448
object 47 47 left 6031
object 48 47 left 6032
object 49 47 left 6033
object 50 47 left 6034
object 51 47 left 6035
object 51 47 right 6036
object 67 47 left 6102
object 89 47 left 6404
object 89 47 right 6405
object 92 48 left 6096
object 92 48 right 6097
object 91 49 right 6409
object 93 49 left 6098
object 93 49 right 6099
object 8 50 right 6406
object 32 50 right 6409
object 91 50 left 6407
object 91 50 right 6408
object 0 51 left 6096
object 0 51 right 6097
object 8 51 left 6404
object 8 51 right 6405
object 32 51 left 6407
object 32 51 right 6408
object 79 51 right 6449
object 8 52 right 6409
object 41 52 right 6409
object 46 52 right 6409
object 47 52 right 6409
object 79 52 left 6447
object 79 52 right 6448
object 1 53 right 6409
object 8 53 left 6407
object 8 53 right 6408
object 10 53 right 6449
object 18 53 left 6096
object 18 53 right 6097
object 26 53 right 6449
object 41 53 left 6407
object 41 53 right 6408
object 46 53 left 6407
object 46 53 right 6408
object 47 53 left 6407
object 47 53 right 6408
object 77 53 right 6409
object 97 53 right 6409
object 1 54 left 6407
object 1 54 right 6408
object 10 54 left 6447
object 10 54 right 6448
object 13 54 left 6100
object 26 54 left 6447
object 26 54 right 6448
object 35 54 left 6102
object 72 54 right 6449
object 77 54 left 6407
object 77 54 right 6408
object 97 54 left 6407
object 97 54 right 6408
object 18 55 right 6409
object 35 55 left 6098
object 35 55 right 6099
object 72 55 left 6447
object 72 55 right 6448
object 8 56 right 6449
object 18 56 left 6407
object 18 56 right 6408
object 20 56 right 6406
object 96 56 left 6098
object 96 56 right 6099
object 97 56 left 6100
object 99 56 right 6406
object 8 57 left 6447
object 8 57 right 6448
object 20 57 left 6404
object 20 57 right 6405
object 24 57 left 6096
object 24 57 right 6097
object 53 57 right 6449
object 96 57 left 6096
object 96 57 right 6097
object 97 57 left 6104
object 97 57 right 6103
object 99 57 left 6404
object 99 57 right 6405
object 9 58 left 6104
object 9 58 right 6103
object 24 58 left 6102
object 24 58 right 6099
object 53 58 left 6447
object 53 58 right 6448
object 63 58 right 6409
object 89 58 right 6409
object 9 59 right 6409
object 44 59 right 6449
object 57 59 left 6102
object 63 59 left 6407
object 63 59 right 6408
object 89 59 left 6407
object 89 59 right 6408
object 93 59 right 6406
object 9 60 left 6407
object 9 60 right 6408
object 44 60 left 6447
object 44 60 right 6448
object 70 60 left 6096
object 70 60 right 6097
object 93 60 left 6404
object 93 60 right 6405
object 97 60 right 6406
object 91 61 right 6406
object 95 61 left 6102
object 97 61 left 6404
object 97 61 right 6405
object 79 62 left 6098
object 79 62 right 6099
object 89 62 left 6100
object 90 62 left 6096
object 90 62 right 6097
object 91 62 left 6404
object 91 62 right 6405
object 3 63 left 6104
object 3 63 right 6103
object 14 63 left 6104
object 14 63 right 6103
object 21 63 right 6406
object 86 63 right 6449
object 6 64 right 6406
object 21 64 left 6404
object 21 64 right 6405
object 34 64 left 6098
object 34 64 right 6099
object 52 64 left 6104
object 52 64 right 6103
object 53 64 right 6406
object 81 64 left 6102
object 84 64 right 6409
object 86 64 left 6447
object 86 64 right 6448
object 97 64 right 6409
object 6 65 left 6404
object 6 65 right 6405
object 10 65 left 6096
object 10 65 right 6097
object 16 65 right 6409
object 24 65 right 6409
object 49 65 left 6102
object 53 65 left 6404
object 53 65 right 6405
object 81 65 left 6096
object 81 65 right 6097
object 84 65 left 6407
object 84 65 right 6408
object 90 65 right 6449
object 97 65 left 6407
object 97 65 right 6408
object 98 65 left 6096
object 98 65 right 6097
object 16 66 left 6407
object 16 66 right 6408
object 22 66 left 6100
object 24 66 left 6407
object 24 66 right 6408
object 37 66 right 6409
object 90 66 left 6447
object 90 66 right 6448
object 17 67 right 6406
object 37 67 left 6407
object 37 67 right 6408
object 59 67 right 6449
object 71 67 right 6406
object 88 67 right 6406
object 8 68 right 6406
object 17 68 left 6404
object 17 68 right 6405
object 26 68 left 6096
object 26 68 right 6097
object 31 68 left 6096
object 31 68 right 6097
object 40 68 left 6096
object 40 68 right 6097
object 41 68 left 6100
object 54 68 left 6100
object 59 68 left 6447
object 59 68 right 6448
object 71 68 left 6404
object 71 68 right 6405
object 88 68 left 6404
object 88 68 right 6405
object 94 68 right 6406
object 98 68 right 6409
object 8 69 left 6404
object 8 69 right 6405
object 10 69 right 6409
object 32 69 right 6449
object 41 69 left 6100
object 54 69 left 6104
object 54 69 right 6103
object 69 69 right 6449
object 71 69 left 6100
object 79 69 left 6100
object 94 69 left 6404
object 94 69 right 6405
object 98 69 left 6407
object 98 69 right 6408
object 1 70 right 6409
object 10 70 left 6407
object 10 70 right 6408
object 32 70 left 6447
object 32 70 right 6448
object 51 70 right 6406
object 54 70 left 6098
object 54 70 right 6099
object 69 70 left 6447
object 69 70 right 6448
object 71 70 left 6104
object 71 70 right 6103
object 73 70 right 6406
object 1 71 left 6407
object 1 71 right 6408
object 3 71 left 6096
object 3 71 right 6097
object 51 71 left 6404
object 51 71 right 6405
object 54 71 left 6096
object 54 71 right 6097
object 73 71 left 6404
object 73 71 right 6405
object 99 71 left 6100
object 84 72 right 6449
object 96 72 left 6098
object 96 72 right 6099
object 43 73 right 6449
object 49 73 right 6409
object 74 73 right 6409
object 84 73 left 6447
object 84 73 right 6448
object 97 73 left 6104
object 97 73 right 6103
object 8 74 left 6100
object 9 74 right 6449
object 43 74 left 6447
object 43 74 right 6448
object 49 74 left 6407
object 49 74 right 6408
object 56 74 right 6409
object 66 74 left 6104
object 66 74 right 6103
object 74 74 left 6407
object 74 74 right 6408
object 85 74 right 6409
object 92 74 left 6102
object 1 75 right 6406
object 9 75 left 6447
object 9 75 right 6448
object 52 75 right 6406
object 56 75 left 6407
object 56 75 right 6408
object 66 75 right 6406
object 85 75 left 6407
object 85 75 right 6408
object 92 75 left 6096
object 92 75 right 6097
object 1 76 left 6404
object 1 76 right 6405
object 20 76 right 6449
object 44 76 left 6100
object 52 76 left 6404
object 52 76 right 6405
object 66 76 left 6404
object 66 76 right 6405
object 2 77 left 6104
object 2 77 right 6103
object 3 77 right 6406
object 17 77 right 6409
object 20 77 left 6447
object 20 77 right 6448
object 87 77 right 6449
object 3 78 left 6404
object 3 78 right 6405
object 17 78 left 6407
object 17 78 right 6408
object 40 78 left 6098
object 40 78 right 6099
object 87 78 left 6447
object 87 78 right 6448
object 90 78 right 6406
object 93 78 left 6096
object 93 78 right 6097
object 98 78 right 6449
object 40 79 right 6409
object 58 79 left 6100
object 71 79 right 6449
object 87 79 right 6406
object 90 79 left 6404
object 90 79 right 6405
object 98 79 left 6447
object 98 79 right 6448
object 21 80 right 6406
object 30 80 right 6409
object 40 80 left 6407
object 40 80 right 6408
object 42 80 left 6096
object 42 80 right 6097
object 71 80 left 6447
object 71 80 right 6448
object 80 80 right 6449
object 87 80 left 6404
object 87 80 right 6405
object 10 81 left 6102
object 15 81 left 6096
object 15 81 right 6097
object 20 81 right 6449
object 21 81 left 6404
object 21 81 right 6405
object 30 81 left 6407
object 30 81 right 6408
object 44 81 right 6406
object 73 81 left 6096
object 73 81 right 6097
object 78 81 right 6406
object 80 81 left 6447
object 80 81 right 6448
object 83 81 left 6096
object 83 81 right 6097
object 20 82 left 6447
object 20 82 right 6448
object 28 82 left 6096
object 28 82 right 6097
object 29 82 left 6102
object 44 82 left 6404
object 44 82 right 6405
object 78 82 left 6404
object 78 82 right 6405
object 3 83 left 6096
object 3 83 right 6097
object 29 83 left 6104
object 29 83 right 6103
object 30 83 left 6100
object 32 83 right 6406
object 35 83 right 6449
object 81 83 right 6409
object 99 83 right 6409
object 3 84 right 6409
object 24 84 right 6409
object 32 84 left 6404
object 32 84 right 6405
object 35 84 left 6447
object 35 84 right 6448
object 57 84 left 6096
object 57 84 right 6097
object 81 84 left 6407
object 81 84 right 6408
object 86 84 right 6406
object 91 84 right 6406
object 93 84 right 6406
object 99 84 left 6407
object 99 84 right 6408
object 3 85 left 6407
object 3 85 right 6408
object 7 85 right 6449
object 15 85 right 6449
object 24 85 left 6407
object 24 85 right 6408
object 59 85 right 6449
object 86 85 left 6404
object 86 85 right 6405
object 91 85 left 6404
object 91 85 right 6405
object 93 85 left 6404
object 93 85 right 6405
object 97 85 left 6096
object 97 85 right 6097
object 7 86 left 6447
object 7 86 right 6448
object 9 86 left 6157
object 9 86 right 6158
object 15 86 left 6447
object 15 86 right 6448
object 59 86 left 6447
object 59 86 right 6448
object 90 86 right 6449
object 5 87 right 6406
object 10 87 right 6406
object 77 87 left 6104
object 77 87 right 6103
object 90 87 left 6447
object 90 87 right 6448
object 99 87 right 6449
object 5 88 left 6404
object 5 88 right 6405
object 8 88 right 6409
object 10 88 left 6404
object 10 88 right 6405
object 16 88 right 6409
object 41 88 left 6104
object 41 88 right 6103
object 52 88 left 6096
object 52 88 right 6097
object 66 88 right 6409
object 68 88 left 6098
object 68 88 right 6099
object 69 88 left 6104
object 69 88 right 6103
object 94 88 left 6098
object 94 88 right 6099
object 95 88 left 6100
object 96 88 right 6409
object 99 88 left 6447
object 99 88 right 6448
object 6 89 right 6058
object 8 89 left 6407
object 8 89 right 6408
object 11 89 right 6449
object 16 89 left 6407
object 16 89 right 6408
object 41 89 left 6096
object 41 89 right 6097
object 66 89 left 6407
object 66 89 right 6408
object 90 89 right 6409
object 96 89 left 6407
object 96 89 right 6408
object 6 90 right 6057
object 11 90 left 6447
object 11 90 right 6448
object 12 90 left 6100
object 54 90 right 6406
object 78 90 left 6102
object 90 90 left 6407
object 90 90 right 6408
object 40 91 right 6409
object 54 91 left 6404
object 54 91 right 6405
object 78 91 right 6449
object 79 91 left 6096
object 79 91 right 6097
object 80 91 left 6096
object 80 91 right 6097
object 81 91 left 6102
object 88 91 left 6102
object 0 92 right 6409
object 8 92 left 6096
object 8 92 right 6097
object 40 92 left 6407
object 40 92 right 6408
object 44 92 right 6406
object 53 92 right 6409
object 78 92 left 6447
object 78 92 right 6448
object 80 92 left 6104
object 80 92 right 6103
object 81 92 left 6104
object 81 92 right 6103
object 82 92 left 6100
object 88 92 left 6104
object 88 92 right 6103
object 89 92 left 6100
object 95 92 right 6449
object 0 93 left 6407
object 0 93 right 6408
object 8 93 right 6056
object 18 93 right 6406
object 25 93 right 6449
object 31 93 right 6406
object 44 93 left 6404
object 44 93 right 6405
object 53 93 left 6407
object 53 93 right 6408
object 81 93 right 6406
object 95 93 left 6447
object 95 93 right 6448
object 6 94 right 6057
object 8 94 right 6055
object 18 94 left 6404
object 18 94 right 6405
object 19 94 left 6096
object 19 94 right 6097
object 25 94 left 6447
object 25 94 right 6448
object 27 94 right 6406
object 31 94 left 6404
object 31 94 right 6405
object 81 94 left 6404
object 81 94 right 6405
object 6 95 right 6057
object 8 95 right 6054
object 27 95 left 6404
object 27 95 right 6405
object 34 95 right 6409
object 38 95 left 6096
object 38 95 right 6097
object 2 96 left 6046
object 3 96 left 6047
object 4 96 left 6048
object 5 96 left 6049
object 6 96 left 6050
object 7 96 left 6051
object 8 96 left 6052
object 8 96 right 6053
object 32 96 left 6104
object 32 96 right 6103
object 34 96 left 6407
object 34 96 right 6408
object 45 96 right 6449
object 49 96 right 6409
object 58 96 right 6409
object 82 96 right 6409
object 89 96 right 6449
object 3 97 left 6139
object 3 97 right 6140
object 4 97 left 6125
object 4 97 right 6126
object 5 97 left 6512
object 5 97 right 6513
object 10 97 left 6096
object 10 97 right 6097
object 27 97 right 6409
object 32 97 left 6096
object 32 97 right 6097
object 33 97 left 6100
object 45 97 left 6447
object 45 97 right 6448
object 49 97 left 6407
object 49 97 right 6408
object 58 97 left 6407
object 58 97 right 6408
object 61 97 right 6449
object 70 97 right 6409
object 82 97 left 6407
object 82 97 right 6408
object 89 97 left 6447
object 89 97 right 6448
object 92 97 left 6096
object 92 97 right 6097
object 98 97 right 6449
object 11 98 right 6409
object 27 98 left 6407
object 27 98 right 6408
object 52 98 left 6102
object 61 98 left 6447
object 61 98 right 6448
object 70 98 left 6407
object 70 98 right 6408
object 72 98 left 6098
object 72 98 right 6099
object 98 98 left 6447
object 98 98 right 6448
object 5 99 left 6096
object 5 99 right 6097
object 6 99 left 6104
object 6 99 right 6103
object 11 99 left 6407
object 11 99 right 6408
object 25 99 left 6096
object 25 99 right 6097
object 71 99 left 6104
object 72 99 left 6100
