# lod20384 — tools/dat-extract layout 이 만든다. 손으로 고치지 말 것.
size 40 40
blocked
############..##########################
##.........#..........#....#......#....#
#..........................#...........#
#..........................#...........#
#..........................##..........#
#..........................#...........#
#.........................###..........#
#..........................#...........#
####...........#...........#...........#
##.............###.....................#
#..............##......................#
#..............#......................##
#.............##.......................#
##.....................................#
#......................................#
#.............................#........#
##............................###......#
........##....................#........#
.........##...................#........#
#........#...................##........#
#........#............................##
#................##...................##
#.................#...................##
#.................#.....................
#...#.............#.....................
#...##............######...............#
#...#..................#...............#
#...#..................##..............#
#......................#...............#
#......................#...............#
#......................................#
##.........####..................#######
##.................................#...#
#......................................#
#......................................#
#......................................#
#......................................#
#.........#............................#
#.........###........#.................#
#############..#########################
floor
11868 11872 11868 11872 11876 11880 11876 11880 11868 11872 11876 11880 11868 11872 11876 11880 11868 11868 11868 11876 11880 11872 11876 11880 11868 11872 11876 11868 11868 11872 11868 11872 11868 11872 11876 11880 11876 11880 11872 11872
11867 11867 11867 11871 11875 11879 11875 11868 11872 11876 11880 11879 11867 11868 11872 11876 11880 11867 11871 11875 11879 11871 11875 11879 11867 11871 11875 11867 11867 11871 11867 11871 11867 11871 11876 11879 11875 11868 11872 11876
11866 11870 11866 11870 11874 11878 11874 11867 11871 11875 11879 11878 11866 11867 11871 11875 11879 11866 11870 11874 11878 11872 11876 11880 11866 11870 11874 11867 11866 11870 11866 11870 11866 11870 11874 11878 11874 11867 11871 11875
11865 11869 11865 11869 11873 11877 11873 11866 11870 11874 11878 11877 11865 11866 11870 11874 11878 11865 11869 11873 11877 11871 11875 11879 11865 11869 11873 11867 11865 11871 11875 11867 11871 11875 11879 11865 11873 11866 11870 11874
11868 11872 11876 11880 11868 11872 11876 11865 11869 11873 11877 11880 11868 11865 11869 11873 11877 11872 11876 11880 11866 11870 11874 11878 11868 11872 11876 11867 11868 11870 11874 11866 11870 11874 11878 11868 11876 11865 11869 11869
11865 11871 11868 11872 11876 11880 11875 11879 11868 11872 11876 11880 11867 11871 11875 11879 11867 11871 11875 11879 11865 11869 11873 11877 11867 11871 11875 11867 11867 11869 11868 11865 11869 11873 11877 11867 11875 11879 11868 11872
11865 11870 11867 11871 11875 11879 11874 11878 11867 11871 11875 11879 11868 11872 11876 11880 11866 11870 11868 11872 11876 11880 11874 11878 11868 11872 11876 0 11876 11876 11880 11871 11875 11879 11878 11866 11874 11878 11867 11871
11865 11869 11866 11870 11874 11878 11873 11877 11866 11870 11874 11878 11867 11871 11875 11879 11865 11869 11867 11871 11868 11872 11876 11880 11867 11871 11875 0 11865 11875 11879 11870 11874 11878 11877 11865 11873 11877 11866 11870
11868 11867 11867 11868 11873 11877 11876 11880 11865 11869 11873 11877 11866 11870 11874 11867 11868 11872 11866 11870 11867 11871 11869 11879 11866 11870 11874 0 11868 11872 11868 11872 11865 11869 11873 11877 11876 11880 11865 11870
11867 11875 11875 11879 11867 11868 11872 11876 11880 11871 11868 11872 11868 11872 11876 11867 11867 11871 11865 11869 11866 11870 11874 11878 11865 11869 11873 11877 11867 11871 11867 11871 11875 11879 11867 11868 11872 11876 11880 11871
11866 11870 11874 11878 11866 11867 11871 11875 11879 11870 11867 11871 11867 11869 11875 11867 11866 11870 11874 11878 11865 11869 11873 11877 11868 11872 11876 11880 11866 11870 11866 11870 11874 11878 11866 11867 11871 11875 11879 11872
11865 11869 11873 11877 11865 11866 11870 11874 11878 11869 11866 11870 11866 11870 11874 11867 11876 11880 11873 11877 11865 11867 11871 11875 11867 11871 11875 11879 11865 11869 11865 11869 11873 11877 11865 11866 11870 11874 11867 11869
11868 11872 11868 11872 11876 11865 11869 11873 11877 11872 11865 11869 11865 11869 11867 11877 11875 11879 11876 11880 11868 11866 11870 11874 11866 11870 11874 11878 11868 11872 11868 11872 11868 11872 11876 11865 11869 11873 11877 11872
11867 11871 11867 11880 11875 11879 11876 11880 11867 11871 11868 11872 11876 11880 11866 11870 11874 11878 11875 11868 11872 11865 11869 11868 11865 11869 11873 11877 11867 11871 11867 11871 11867 11871 11875 11879 11876 11869 11867 11871
11866 11870 11868 11872 11876 11880 11875 11879 11868 11872 11876 11880 11875 11879 11865 11869 11873 11877 11874 11867 11868 11872 11876 11880 11871 11875 11879 11878 11866 11870 11866 11870 11868 11872 11876 11880 11875 11879 11868 11872
11869 11869 11867 11871 11868 11872 11876 11880 11867 11871 11875 11879 11874 11878 11867 11871 11875 11879 11873 11866 11867 11871 11875 11879 11870 11874 11878 11877 11865 11869 11865 11869 11867 11871 11868 11872 11876 11880 11867 11871
11872 11872 11866 11870 11867 11871 11875 11879 11866 11870 11874 11878 11873 11877 11866 11870 11874 11878 11876 11865 11866 11870 11872 11878 11869 11873 11877 11880 11868 11872 11868 11869 11866 11870 11867 11871 11875 11879 11866 11870
11868 11868 11872 11876 11866 11870 11874 11878 11867 11867 11872 11876 11880 11871 11865 11868 11872 11876 11880 11665 11667 11869 11869 11877 11868 11872 11876 11880 11867 11871 11867 11868 11872 11876 11866 11870 11874 11878 11865 11868
11867 11867 11871 11875 11865 11869 11873 11877 11866 11867 11868 11875 11879 11870 11868 11867 11871 11875 11879 11664 11666 11870 11872 11878 11867 11871 11875 11879 11866 11870 11866 11867 11871 11875 11865 11869 11873 11877 11866 11867
11866 11866 11870 11874 11878 11869 11873 11877 11865 11867 11870 11874 11878 11869 11867 11866 11870 11874 11878 11877 11865 11869 11873 11877 11866 11870 11874 11878 11865 11867 11865 11866 11870 11874 11878 11869 11873 11877 11865 11869
11868 11865 11869 11873 11877 11872 11876 11868 11872 11867 11880 11873 11877 11872 11866 11865 11867 11867 11867 11867 11867 11867 11876 11880 11868 11872 11876 11880 11868 11872 11868 11865 11869 11873 11877 11872 11876 11868 11872 11872
11867 11871 11875 11879 11867 11868 11872 11867 11871 11875 11879 11879 11867 11871 11865 11869 11873 11877 11877 11879 11867 11871 11875 11879 11867 11871 11875 11879 11867 11871 11867 11871 11875 11879 11867 11868 11872 11867 11871 11875
11866 11870 11868 11872 11876 11880 11871 11866 11870 11874 11878 11878 11866 11868 11872 11866 11870 11874 11872 11875 11880 11870 11874 11878 11866 11870 11874 11878 11866 11870 11866 11870 11868 11872 11876 11880 11871 11866 11870 11874
11865 11869 11867 11871 11875 11879 11870 11865 11869 11873 11877 11877 11865 11867 11871 11865 11869 11873 11872 11874 11879 11869 11873 11877 11865 11869 11873 11877 11865 11869 11865 11869 11867 11871 11875 11879 11870 11865 11869 11873
11868 11872 11866 11870 11868 11872 11876 11880 11868 11872 11876 11880 11868 11866 11868 11867 11871 11875 11871 11873 11878 11868 11868 11872 11876 11880 11876 11880 11868 11872 11868 11872 11866 11870 11868 11872 11876 11880 11868 11872
11868 11872 11865 11869 11868 11876 11875 11879 11867 11868 11869 11876 11880 11865 11867 11866 11870 11874 11870 11869 11877 11877 11877 11866 11875 11879 11875 11879 11867 11871 11868 11872 11865 11869 11867 11871 11875 11879 11867 11868
11867 11871 11875 11879 11867 11870 11874 11878 11866 11867 11871 11875 11879 11870 11866 11865 11868 11872 11876 11880 11866 11866 11866 11867 11874 11878 11874 11878 11866 11870 11867 11871 11875 11879 11866 11870 11874 11878 11866 11874
11866 11870 11874 11878 11867 11869 11873 11877 11865 11866 11870 11874 11878 11869 11865 11869 11866 11870 11874 11878 11865 11865 11865 11866 11873 11877 11873 11877 11865 11869 11866 11870 11874 11878 11865 11869 11873 11877 11865 11873
11865 11869 11873 11877 11868 11872 11876 11880 11868 11865 11869 11873 11877 11872 11876 11880 11865 11869 11873 11877 11872 11876 11880 11865 11868 11872 11876 11880 11868 11872 11865 11869 11873 11877 11868 11872 11876 11880 11868 11872
11867 11871 11875 11879 11867 11871 11875 11879 11867 11866 11870 11874 11878 11871 11875 11879 11867 11871 11875 11867 11871 11875 11879 11867 11868 11872 11876 11880 11867 11871 11867 11871 11875 11876 11867 11868 11875 11879 11867 11869
11866 11870 11874 11878 11866 11870 11874 11878 11866 11865 11869 11873 11877 11870 11868 11872 11876 11880 11874 11866 11870 11874 11878 11878 11867 11871 11875 11879 11866 11870 11866 11870 11874 11878 11866 11870 11874 11878 11866 11872
11865 11869 11868 11872 11865 11869 11873 11877 11865 11869 11873 11869 11877 11877 11867 11871 11875 11879 11873 11865 11869 11877 11877 11877 11866 11870 11874 11878 11865 11869 11865 11869 11868 11867 11867 11867 11867 11867 11867 11869
11868 11871 11868 11872 11876 11880 11876 11880 11868 11872 11876 11880 11868 11872 11866 11870 11874 11878 11876 11880 11868 11872 11876 11880 11865 11869 11873 11877 11868 11872 11868 11872 11868 11872 11876 11880 11876 11880 11868 11872
11867 11871 11867 11871 11875 11879 11868 11872 11876 11880 11875 11879 11868 11872 11865 11869 11873 11877 11868 11872 11876 11880 11875 11879 11867 11868 11872 11876 11880 11871 11867 11871 11867 11871 11875 11879 11868 11872 11876 11880
11866 11870 11866 11870 11874 11878 11867 11871 11875 11879 11874 11878 11867 11868 11872 11876 11880 11870 11867 11871 11875 11879 11874 11878 11866 11867 11871 11875 11879 11870 11866 11870 11866 11870 11874 11878 11867 11871 11875 11879
11868 11872 11876 11880 11873 11877 11866 11870 11874 11878 11873 11877 11866 11867 11871 11875 11879 11869 11866 11870 11874 11878 11873 11877 11865 11866 11870 11874 11878 11869 11868 11872 11876 11880 11873 11877 11866 11870 11874 11878
11867 11871 11875 11879 11868 11872 11865 11869 11873 11873 11877 11876 11880 11865 11866 11870 11878 11872 11865 11869 11873 11877 11876 11880 11868 11865 11869 11873 11877 11872 11867 11871 11875 11879 11868 11872 11865 11869 11873 11877
11866 11870 11874 11878 11867 11871 11875 11879 11867 11865 11866 11870 11874 11878 11869 11865 11877 11871 11875 11879 11867 11871 11875 11879 11867 11871 11875 11879 11867 11871 11866 11870 11874 11878 11867 11871 11875 11879 11867 11871
11865 11869 11873 11877 11866 11870 11874 11868 11872 11868 11879 11879 11871 11877 11872 11876 11866 11870 11874 11878 11866 11869 11874 11878 11866 11870 11874 11878 11866 11870 11865 11869 11873 11877 11866 11870 11874 11868 11872 11876
11865 11869 11873 11877 11865 11869 11873 11867 11877 11873 11866 11871 11874 11877 11865 11875 11865 11869 11873 11877 11865 11869 11873 11877 11865 11869 11873 11877 11869 11869 11865 11869 11873 11877 11865 11869 11873 11869 11871 11875
tile 11664 0 0
tile 11665 56 0
tile 11666 112 0
tile 11667 168 0
tile 11865 224 0
tile 11866 0 27
tile 11867 56 27
tile 11868 112 27
tile 11869 168 27
tile 11870 224 27
tile 11871 0 54
tile 11872 56 54
tile 11873 112 54
tile 11874 168 54
tile 11875 224 54
tile 11876 0 81
tile 11877 56 81
tile 11878 112 81
tile 11879 168 81
tile 11880 224 81
picture 11551 56 0 74 0
picture 11552 56 74 74 0
picture 11553 56 148 74 0
picture 11554 56 222 74 0
picture 11555 56 296 74 0
picture 11556 56 370 74 0
picture 11557 56 444 74 0
picture 11558 56 518 74 0
picture 11559 56 592 74 0
picture 11560 56 666 74 0
picture 11561 56 740 74 0
picture 11562 56 814 74 0
picture 11563 28 450 88 0
picture 11564 28 538 88 0
picture 11565 28 626 88 0
picture 11566 28 714 88 0
picture 11567 56 888 74 0
picture 11627 0 0 126 0
picture 11628 28 272 89 0
picture 11629 0 758 94 0
picture 11630 0 663 95 0
picture 11631 28 361 89 0
picture 11632 0 126 125 0
picture 11633 28 802 88 0
picture 11634 0 852 91 0
picture 11635 28 182 90 0
picture 11636 0 356 104 0
picture 11637 0 460 102 0
picture 11638 0 562 101 0
picture 11639 0 251 105 0
picture 11640 28 0 91 0
picture 11641 28 91 91 0
picture 11642 28 890 88 0
picture 12612 56 962 62 0
picture 12613 84 0 43 0
picture 12616 84 43 39 0
picture 12617 84 82 39 0
picture 12618 84 121 35 0
picture 12619 84 156 35 0
object 0 0 left 11560
object 0 0 right 11561
object 1 0 left 11552
object 1 0 right 11553
object 2 0 left 11554
object 2 0 right 11555
object 3 0 left 11556
object 3 0 right 11557
object 4 0 left 11558
object 4 0 right 11559
object 5 0 left 11560
object 5 0 right 11561
object 6 0 left 11552
object 6 0 right 11553
object 7 0 left 11567
object 7 0 right 11553
object 8 0 left 11551
object 8 0 right 11555
object 9 0 left 11562
object 9 0 right 11553
object 10 0 left 11560
object 10 0 right 11561
object 11 0 left 11552
object 11 0 right 11635
object 12 0 right 11636
object 13 0 right 11637
object 14 0 left 11558
object 14 0 right 11559
object 15 0 left 11560
object 15 0 right 11561
object 16 0 left 11552
object 16 0 right 11553
object 17 0 left 11567
object 17 0 right 11553
object 18 0 left 11554
object 18 0 right 11555
object 19 0 left 11562
object 19 0 right 11553
object 20 0 left 11560
object 20 0 right 11561
object 21 0 left 11552
object 21 0 right 11553
object 22 0 left 11554
object 22 0 right 11555
object 23 0 left 11556
object 23 0 right 11557
object 24 0 left 11558
object 24 0 right 11559
object 25 0 left 11560
object 25 0 right 11561
object 26 0 left 11552
object 26 0 right 11553
object 27 0 left 11554
object 27 0 right 11555
object 28 0 left 11554
object 28 0 right 11555
object 29 0 left 11562
object 29 0 right 11553
object 30 0 left 11560
object 30 0 right 11561
object 31 0 left 11552
object 31 0 right 11553
object 32 0 left 11554
object 32 0 right 11555
object 33 0 left 11556
object 33 0 right 11557
object 34 0 left 11558
object 34 0 right 11559
object 35 0 left 11560
object 35 0 right 11561
object 36 0 left 11552
object 36 0 right 11553
object 37 0 left 11567
object 37 0 right 11553
object 38 0 left 11556
object 38 0 right 11557
object 39 0 left 11562
object 39 0 right 11553
object 0 1 left 11558
object 0 1 right 11559
object 1 1 left 11554
object 1 1 right 11555
object 11 1 right 11634
object 22 1 left 12616
object 22 1 right 12617
object 27 1 left 11554
object 27 1 right 11555
object 34 1 left 12618
object 34 1 right 12619
object 39 1 left 11560
object 39 1 right 11561
object 0 2 left 11556
object 0 2 right 11557
object 11 2 right 11633
object 27 2 left 11554
object 27 2 right 11555
object 39 2 left 11558
object 39 2 right 11559
object 0 3 left 11554
object 0 3 right 11555
object 27 3 left 11554
object 27 3 right 11555
object 39 3 left 11556
object 39 3 right 11557
object 0 4 left 11552
object 0 4 right 11553
object 27 4 left 11554
object 27 4 right 11555
object 28 4 left 12612
object 28 4 right 12613
object 39 4 left 11554
object 39 4 right 11564
object 0 5 left 11554
object 0 5 right 11555
object 27 5 left 11554
object 27 5 right 11555
object 39 5 left 11562
object 39 5 right 11563
object 0 6 left 11554
object 0 6 right 11555
object 26 6 left 11556
object 26 6 right 11557
object 27 6 left 11558
object 27 6 right 11559
object 28 6 left 12618
object 28 6 right 12619
object 39 6 right 11557
object 0 7 left 11554
object 0 7 right 11555
object 27 7 left 11560
object 27 7 right 11561
object 39 7 right 11566
object 0 8 right 11564
object 1 8 left 11554
object 1 8 right 11555
object 2 8 left 11554
object 2 8 right 11555
object 3 8 left 11560
object 3 8 right 11561
object 15 8 left 11554
object 15 8 right 11555
object 27 8 left 11558
object 27 8 right 11559
object 39 8 left 11558
object 39 8 right 11565
object 0 9 left 11562
object 0 9 right 11563
object 1 9 left 12616
object 1 9 right 12617
object 15 9 left 11552
object 15 9 right 11553
object 16 9 left 11567
object 16 9 right 11553
object 17 9 left 11551
object 17 9 right 11555
object 39 9 left 11556
object 39 9 right 11557
object 0 10 left 11560
object 0 10 right 11561
object 15 10 left 11560
object 15 10 right 11561
object 16 10 left 12612
object 16 10 right 12613
object 39 10 left 11554
object 39 10 right 11555
object 0 11 left 11554
object 0 11 right 11555
object 15 11 left 11558
object 15 11 right 11559
object 38 11 left 11554
object 38 11 right 11555
object 39 11 left 11560
object 39 11 right 11561
object 0 12 left 11552
object 0 12 right 11553
object 14 12 left 11554
object 14 12 right 11555
object 15 12 left 11556
object 15 12 right 11557
object 39 12 left 11558
object 39 12 right 11559
object 0 13 right 11557
object 1 13 left 12618
object 1 13 right 12619
object 39 13 left 11556
object 39 13 right 11557
object 0 14 right 11566
object 39 14 left 11554
object 39 14 right 11555
object 0 15 right 11565
object 30 15 left 11556
object 30 15 right 11557
object 39 15 left 11552
object 39 15 right 11553
object 0 16 left 11640
object 0 16 right 11564
object 1 16 left 11641
object 2 16 left 11642
object 30 16 left 11556
object 30 16 right 11557
object 31 16 left 11562
object 31 16 right 11553
object 32 16 left 12616
object 32 16 right 12617
object 39 16 right 11557
object 0 17 left 11639
object 8 17 left 11554
object 8 17 right 11555
object 9 17 left 11554
object 9 17 right 11555
object 30 17 left 11562
object 30 17 right 11553
object 39 17 right 11566
object 0 18 left 11638
object 9 18 left 11554
object 9 18 right 11555
object 10 18 left 12612
object 10 18 right 12613
object 30 18 left 11556
object 30 18 right 11564
object 39 18 right 11565
object 0 19 left 11558
object 0 19 right 11559
object 9 19 left 11554
object 9 19 right 11555
object 29 19 left 11554
object 29 19 right 11555
object 30 19 left 11562
object 30 19 right 11563
object 39 19 right 11564
object 0 20 left 11556
object 0 20 right 11557
object 9 20 left 11562
object 9 20 right 11553
object 38 20 left 11552
object 38 20 right 11553
object 39 20 left 11562
object 39 20 right 11563
object 0 21 left 11554
object 0 21 right 11555
object 38 21 left 11552
object 38 21 right 11553
object 39 21 left 11560
object 39 21 right 11561
object 0 22 left 11552
object 0 22 right 11553
object 18 22 right 11557
object 38 22 left 11628
object 38 22 right 11553
object 39 22 left 11629
object 0 23 left 11554
object 0 23 right 11555
object 18 23 right 11566
object 0 24 left 11552
object 0 24 right 11553
object 4 24 left 11562
object 4 24 right 11553
object 18 24 left 11552
object 18 24 right 11565
object 39 24 left 11627
object 0 25 right 11557
object 4 25 left 11560
object 4 25 right 11561
object 5 25 left 12618
object 5 25 right 12619
object 18 25 left 11552
object 18 25 right 11553
object 19 25 left 11552
object 19 25 right 11553
object 20 25 left 11567
object 20 25 right 11553
object 21 25 left 11556
object 21 25 right 11557
object 22 25 left 11558
object 22 25 right 11559
object 23 25 left 11560
object 23 25 right 11561
object 39 25 left 11552
object 39 25 right 11553
object 0 26 right 11566
object 4 26 left 11562
object 4 26 right 11553
object 23 26 left 11562
object 23 26 right 11553
object 39 26 right 11557
object 0 27 right 11565
object 4 27 left 11562
object 4 27 right 11553
object 23 27 left 11562
object 23 27 right 11553
object 24 27 left 12612
object 24 27 right 12613
object 39 27 right 11566
object 0 28 right 11564
object 23 28 left 11562
object 23 28 right 11553
object 39 28 left 11558
object 39 28 right 11565
object 0 29 left 11562
object 0 29 right 11563
object 23 29 left 11562
object 23 29 right 11553
object 39 29 left 11558
object 39 29 right 11564
object 0 30 left 11560
object 0 30 right 11561
object 39 30 left 11562
object 39 30 right 11563
object 0 31 left 11558
object 0 31 right 11559
object 1 31 left 11560
object 1 31 right 11561
object 11 31 left 11552
object 11 31 right 11553
object 12 31 left 11567
object 12 31 right 11553
object 13 31 left 11556
object 13 31 right 11557
object 14 31 left 11562
object 14 31 right 11553
object 33 31 left 11554
object 33 31 right 11555
object 34 31 left 11567
object 34 31 right 11553
object 35 31 left 11556
object 35 31 right 11557
object 36 31 left 11554
object 36 31 right 11555
object 37 31 left 11554
object 37 31 right 11555
object 38 31 left 11554
object 38 31 right 11555
object 39 31 left 11560
object 39 31 right 11561
object 0 32 left 11556
object 0 32 right 11557
object 1 32 left 12618
object 1 32 right 12619
object 35 32 left 12616
object 35 32 right 12617
object 39 32 left 11558
object 39 32 right 11559
object 0 33 left 11554
object 0 33 right 11555
object 39 33 left 11556
object 39 33 right 11557
object 0 34 left 11552
object 0 34 right 11553
object 39 34 left 11554
object 39 34 right 11555
object 0 35 right 11557
object 39 35 left 11552
object 39 35 right 11553
object 0 36 right 11566
object 39 36 left 11552
object 39 36 right 11557
object 0 37 right 11565
object 39 37 right 11566
object 0 38 right 11564
object 12 38 left 11552
object 12 38 right 11631
object 21 38 left 11560
object 21 38 right 11561
object 39 38 right 11565
object 0 39 left 11562
object 0 39 right 11563
object 1 39 left 11552
object 1 39 right 11553
object 2 39 left 11554
object 2 39 right 11555
object 3 39 left 11556
object 3 39 right 11557
object 4 39 left 11558
object 4 39 right 11559
object 5 39 left 11560
object 5 39 right 11561
object 6 39 left 11552
object 6 39 right 11553
object 7 39 left 11567
object 7 39 right 11553
object 8 39 left 11556
object 8 39 right 11557
object 9 39 left 11554
object 9 39 right 11555
object 10 39 left 11562
object 10 39 right 11553
object 11 39 left 11552
object 11 39 right 11553
object 12 39 right 11630
object 14 39 right 11632
object 15 39 left 11558
object 15 39 right 11559
object 16 39 left 11552
object 16 39 right 11553
object 17 39 left 11567
object 17 39 right 11553
object 18 39 left 11551
object 18 39 right 11555
object 19 39 left 11556
object 19 39 right 11557
object 20 39 left 11560
object 20 39 right 11561
object 21 39 left 11552
object 21 39 right 11553
object 22 39 left 11554
object 22 39 right 11555
object 23 39 left 11556
object 23 39 right 11557
object 24 39 left 11558
object 24 39 right 11559
object 25 39 left 11560
object 25 39 right 11561
object 26 39 left 11552
object 26 39 right 11553
object 27 39 left 11567
object 27 39 right 11553
object 28 39 left 11560
object 28 39 right 11561
object 29 39 left 11562
object 29 39 right 11553
object 30 39 left 11560
object 30 39 right 11561
object 31 39 left 11552
object 31 39 right 11553
object 32 39 left 11554
object 32 39 right 11555
object 33 39 left 11556
object 33 39 right 11557
object 34 39 left 11558
object 34 39 right 11559
object 35 39 left 11560
object 35 39 right 11561
object 36 39 left 11552
object 36 39 right 11553
object 37 39 left 11560
object 37 39 right 11561
object 38 39 left 11551
object 38 39 right 11555
object 39 39 left 11562
object 39 39 right 11564
