# lod20380 — tools/dat-extract layout 이 만든다. 손으로 고치지 말 것.
size 40 40
blocked
############..##########################
##.........#............#.....##.......#
##............................#........#
#.............................#........#
#......................................#
#......................................#
#......................................#
#.........######.......................#
#.........#............................#
#.........#............................#
##........................#####........#
#............................#.........#
#............................#........##
##.....................................#
#......................................#
#......................................#
#......................#...............#
#...####...............#...............#
#..................#####...............#
#......................##..............#
#......................#..............##
#......................#..............##
#............####.....................##
##..............##......................
#...............#.......................
#...............#......................#
#......#........##............##.......#
#......#......................#........#
#......##.....................#........#
#...#####.....................#........#
#....#......................#####......#
#......................................#
##.....................................#
#......................................#
#......................................#
#.................#....................#
#.................#....................#
#.................#....................#
#.................#..........#.........#
########################################
floor
11868 11872 11868 11872 11876 11880 11876 11880 11868 11872 11876 11880 11868 11872 11876 11880 11868 11868 11868 11876 11880 11872 11876 11880 11868 11872 11876 11868 11868 11872 11868 11872 11868 11872 11876 11880 11876 11880 11872 11872
11867 11865 11867 11871 11875 11879 11875 11868 11872 11876 11880 11879 11867 11868 11872 11876 11880 11867 11871 11875 11879 11871 11875 11879 11875 11871 11875 11879 11867 11871 11873 11868 11867 11871 11875 11879 11875 11868 11872 11876
11866 11871 11866 11870 11874 11878 11874 11867 11871 11875 11879 11878 11866 11867 11871 11875 11879 11866 11870 11874 11878 11872 11876 11880 11866 11870 11874 11878 11866 11870 11873 11870 11866 11870 11874 11878 11874 11867 11871 11875
11865 11869 11865 11869 11873 11877 11873 11866 11870 11874 11878 11877 11865 11866 11870 11874 11878 11865 11869 11873 11877 11871 11875 11879 11865 11869 11873 11877 11865 11871 11868 11867 11871 11875 11879 11865 11873 11866 11870 11874
11868 11872 11876 11880 11868 11872 11876 11865 11869 11873 11877 11880 11868 11865 11869 11873 11877 11872 11876 11880 11866 11870 11874 11878 11868 11872 11876 11880 11868 11870 11873 11866 11870 11874 11878 11868 11876 11865 11869 11869
11867 11871 11868 11872 11876 11880 11875 11879 11868 11872 11873 11880 11867 11871 11875 11879 11867 11871 11875 11879 11865 11869 11873 11877 11867 11871 11875 11879 11867 11869 11873 11865 11869 11873 11877 11867 11875 11879 11868 11872
11866 11870 11867 11871 11875 11879 11874 11878 11867 11871 11873 11879 11868 11872 11876 11880 11866 11870 11868 11872 11876 11880 11874 11878 11868 11872 11876 11880 11866 11876 11880 11871 11875 11879 11878 11866 11874 11878 11867 11871
11865 11869 11866 11870 11874 11878 11873 11877 11866 11870 11873 11869 11880 11865 11873 11868 11873 11873 11867 11871 11868 11872 11876 11880 11867 11871 11875 11879 11865 11875 11879 11870 11874 11878 11877 11865 11873 11877 11866 11870
11868 11872 11865 11869 11873 11877 11876 11880 11865 11869 11877 11877 11866 11870 11874 11878 11868 11872 11866 11870 11867 11871 11869 11879 11866 11870 11874 11878 11868 11872 11868 11872 11865 11869 11873 11877 11876 11880 11865 11870
11867 11871 11875 11879 11867 11868 11872 11876 11880 11871 11869 11872 11868 11872 11876 11880 11867 11871 11865 11869 11866 11870 11874 11878 11865 11869 11873 11877 11867 11871 11867 11871 11875 11879 11867 11868 11872 11876 11880 11871
11866 11873 11874 11878 11866 11867 11871 11875 11879 11870 11867 11871 11867 11869 11875 11879 11866 11870 11874 11878 11865 11869 11873 11877 11868 11869 11873 11880 11873 11873 11871 11870 11874 11878 11866 11867 11871 11875 11879 11872
11865 11869 11873 11877 11865 11866 11870 11874 11878 11869 11866 11870 11866 11870 11874 11878 11876 11880 11873 11877 11865 11867 11871 11875 11867 11871 11875 11879 11865 11877 11865 11869 11873 11877 11865 11866 11870 11874 11878 11869
11868 11872 11868 11872 11876 11865 11869 11873 11877 11872 11865 11869 11865 11869 11873 11877 11875 11879 11876 11880 11868 11866 11870 11874 11866 11870 11874 11878 11868 11869 11868 11872 11868 11872 11876 11865 11869 11873 11873 11872
11866 11871 11867 11880 11875 11879 11876 11880 11867 11871 11868 11872 11876 11880 11866 11870 11874 11878 11875 11868 11872 11865 11869 11868 11865 11869 11873 11877 11867 11871 11867 11871 11867 11871 11875 11879 11876 11869 11867 11871
11868 11870 11868 11872 11876 11880 11875 11879 11868 11872 11876 11880 11875 11879 11865 11869 11873 11877 11874 11867 11868 11872 11876 11880 11871 11875 11879 11878 11866 11870 11866 11870 11868 11872 11876 11880 11875 11879 11868 11872
11867 11869 11867 11871 11868 11872 11876 11880 11867 11871 11875 11879 11874 11878 11867 11871 11875 11879 11873 11866 11867 11871 11875 11879 11870 11874 11878 11877 11865 11869 11865 11869 11867 11871 11868 11872 11876 11880 11867 11871
11870 11872 11866 11870 11867 11871 11875 11879 11866 11870 11874 11878 11873 11877 11866 11870 11874 11878 11876 11865 11866 11870 11872 0 11869 11873 11877 11880 11868 11872 11868 11872 11866 11870 11867 11871 11875 11879 11866 11870
11868 11873 11873 11873 11873 11873 11871 11867 11865 11868 11872 11876 11880 11871 11865 11868 11872 11876 11880 11879 11865 11869 11869 0 11868 11872 11876 11880 11867 11871 11867 11868 11872 11876 11866 11870 11874 11878 11865 11868
11867 11867 11871 11875 11865 11869 11873 11877 11866 11867 11871 11875 11879 11870 11868 11867 11871 11873 11873 11869 11880 11865 11873 0 11867 11871 11875 11879 11866 11870 11866 11867 11871 11875 11865 11869 11873 11877 11866 11867
11873 11866 11870 11874 11878 11869 11873 11877 11865 11866 11870 11874 11878 11869 11867 11866 11870 11874 11878 11877 11865 11869 11873 11872 11868 11870 11874 11878 11865 11869 11865 11866 11870 11874 11878 11869 11873 11877 11865 11869
11868 11865 11869 11873 11877 11872 11876 11868 11872 11876 11880 11873 11877 11872 11866 11865 11869 11873 11877 11880 11868 11872 11876 11871 11868 11872 11876 11880 11868 11872 11868 11865 11869 11873 11877 11872 11876 11868 11872 11872
11867 11871 11875 11879 11867 11868 11872 11867 11871 11875 11879 11879 11867 11871 11865 11869 11873 11877 11880 11879 11867 11871 11875 11870 11867 11871 11875 11879 11867 11871 11867 11871 11875 11879 11867 11868 11872 11867 11871 11875
11866 11870 11868 11872 11876 11880 11871 11866 11870 11874 11878 11878 11866 11873 11871 11867 11877 11874 11878 11875 11880 11870 11874 11873 11866 11870 11874 11878 11866 11870 11866 11870 11868 11872 11876 11880 11871 11866 11870 11874
11865 11875 11867 11871 11875 11879 11870 11865 11869 11873 11877 11877 11865 11867 11871 11865 11872 11875 11877 11874 11879 11869 11873 11873 11865 11869 11873 11877 11865 11869 11865 11869 11867 11871 11875 11879 11870 11865 11869 11873
11868 11872 11866 11870 11868 11872 11876 11880 11868 11872 11876 11880 11868 11866 11868 11867 11872 11875 11879 11873 11878 11868 11868 11872 11876 11880 11876 11880 11868 11872 11868 11872 11866 11870 11868 11872 11876 11880 11868 11872
11868 11872 11865 11869 11867 11871 11875 11879 11867 11868 11869 11876 11880 11865 11867 11866 11871 11874 11878 11876 11877 11867 11867 11871 11875 11879 11875 11879 11867 11871 11868 11872 11865 11869 11867 11871 11875 11879 11867 11868
11867 11871 11875 11879 11866 11870 11874 11873 11866 11867 11871 11875 11879 11870 11866 11865 11870 11865 11876 11880 11866 11866 11866 11870 11874 11878 11874 11878 11866 11870 11873 11871 11875 11879 11866 11870 11874 11878 11866 11874
11866 11870 11874 11878 11865 11869 11873 11873 11865 11866 11870 11874 11878 11869 11865 11869 11866 11870 11874 11878 11865 11865 11865 11869 11873 11877 11873 11877 11865 11869 11868 11870 11874 11878 11865 11869 11873 11877 11865 11873
11865 11869 11873 11877 11868 11872 11876 11873 11868 11865 11869 11873 11877 11872 11876 11880 11865 11869 11873 11877 11872 11876 11880 11880 11868 11872 11876 11880 11868 11872 11873 11869 11873 11877 11868 11872 11876 11880 11868 11872
11867 11871 11875 11879 11873 11873 11873 11871 11867 11873 11873 11874 11878 11871 11875 11879 11867 11871 11875 11867 11871 11875 11879 11879 11868 11872 11876 11880 11867 11871 11873 11871 11875 11876 11867 11868 11875 11879 11867 11869
11866 11870 11874 11878 11866 11871 11874 11878 11866 11865 11869 11873 11877 11870 11868 11872 11876 11880 11874 11866 11870 11874 11878 11873 11873 11873 11873 11873 11873 11880 11865 11866 11870 11878 11866 11870 11874 11878 11866 11872
11865 11869 11868 11872 11865 11652 11656 11660 11869 11869 11873 11877 11865 11869 11867 11871 11875 11879 11873 11865 11869 11877 11877 11877 11866 11870 11874 11878 11865 11869 11865 11869 11868 11872 11865 11869 11873 11877 11865 11869
11868 11868 11868 11872 11876 11651 11655 11659 11663 11872 11876 11880 11868 11872 11866 11870 11874 11878 11876 11880 11868 11872 11876 11880 11865 11869 11873 11877 11868 11872 11868 11872 11868 11872 11876 11880 11876 11880 11868 11872
11867 11871 11867 11871 11875 11650 11654 11658 11662 11880 11875 11879 11868 11872 11865 11869 11873 11877 11868 11872 11876 11880 11875 11879 11867 11868 11872 11876 11880 11871 11867 11871 11867 11871 11875 11879 11868 11872 11876 11880
11866 11870 11866 11870 11874 11866 11653 11657 11661 11879 11874 11878 11867 11868 11872 11876 11880 11870 11867 11871 11875 11879 11874 11878 11866 11867 11871 11875 11879 11870 11866 11870 11866 11870 11874 11878 11867 11871 11875 11879
11868 11872 11876 11880 11873 11877 11866 11870 11874 11878 11873 11877 11866 11867 11871 11875 11879 11869 11877 11870 11874 11878 11873 11877 11865 11866 11870 11874 11878 11873 11868 11872 11876 11880 11873 11877 11866 11870 11874 11878
11867 11871 11875 11879 11868 11872 11865 11869 11873 11873 11877 11876 11880 11865 11866 11870 11878 11872 11872 11869 11873 11877 11876 11880 11868 11865 11869 11873 11877 11873 11867 11871 11875 11879 11868 11872 11865 11869 11873 11877
11866 11870 11874 11878 11867 11871 11875 11879 11867 11865 11866 11870 11874 11878 11869 11865 11877 11871 11872 11879 11867 11871 11875 11879 11867 11871 11875 11879 11867 11873 11866 11870 11874 11878 11867 11871 11875 11879 11867 11871
11865 11869 11873 11877 11866 11870 11874 11868 11872 11868 11879 11879 11865 11865 11872 11876 11866 11870 11871 11878 11866 11870 11874 11878 11866 11870 11874 11878 11866 11873 11865 11869 11873 11877 11866 11870 11874 11868 11872 11876
11865 11869 11873 11877 11865 11869 11873 11867 11877 11873 11866 11871 11868 11868 11865 11876 11865 11873 11870 11877 11865 11869 11873 11877 11865 11869 11873 11877 11869 11869 11865 11869 11873 11877 11865 11869 11873 11869 11871 11875
tile 11650 0 0
tile 11651 56 0
tile 11652 112 0
tile 11653 168 0
tile 11654 224 0
tile 11655 280 0
tile 11656 0 27
tile 11657 56 27
tile 11658 112 27
tile 11659 168 27
tile 11660 224 27
tile 11661 280 27
tile 11662 0 54
tile 11663 56 54
tile 11865 112 54
tile 11866 168 54
tile 11867 224 54
tile 11868 280 54
tile 11869 0 81
tile 11870 56 81
tile 11871 112 81
tile 11872 168 81
tile 11873 224 81
tile 11874 280 81
tile 11875 0 108
tile 11876 56 108
tile 11877 112 108
tile 11878 168 108
tile 11879 224 108
tile 11880 280 108
picture 11535 56 563 13 0
picture 11536 56 576 13 0
picture 11537 56 589 10 0
picture 11538 56 599 10 0
picture 11539 56 533 15 0
picture 11540 56 548 15 0
picture 11551 28 176 74 0
picture 11552 28 250 74 0
picture 11553 28 324 74 0
picture 11554 28 398 74 0
picture 11555 28 472 74 0
picture 11556 28 546 74 0
picture 11557 28 620 74 0
picture 11558 28 694 74 0
picture 11559 28 768 74 0
picture 11560 28 842 74 0
picture 11561 28 916 74 0
picture 11562 56 0 74 0
picture 11563 0 696 88 0
picture 11564 0 784 88 0
picture 11565 0 872 88 0
picture 11566 28 0 88 0
picture 11567 56 74 74 0
picture 11627 0 0 126 0
picture 11628 0 607 89 0
picture 11629 0 332 94 0
picture 11633 28 88 88 0
picture 11634 0 426 91 0
picture 11635 0 517 90 0
picture 11636 0 126 104 0
picture 11637 0 230 102 0
picture 12612 56 280 62 0
picture 12613 56 342 43 0
picture 12614 56 148 66 0
picture 12615 56 214 66 0
picture 12616 56 385 39 0
picture 12617 56 424 39 0
picture 12618 56 463 35 0
picture 12619 56 498 35 0
object 0 0 left 11560
object 0 0 right 11561
object 1 0 left 11552
object 1 0 right 11553
object 2 0 left 11554
object 2 0 right 11555
object 3 0 left 11556
object 3 0 right 11557
object 4 0 left 11558
object 4 0 right 11559
object 5 0 left 11560
object 5 0 right 11561
object 6 0 left 11552
object 6 0 right 11553
object 7 0 left 11567
object 7 0 right 11553
object 8 0 left 11551
object 8 0 right 11555
object 9 0 left 11562
object 9 0 right 11553
object 10 0 left 11560
object 10 0 right 11561
object 11 0 left 11552
object 11 0 right 11635
object 12 0 right 11636
object 13 0 right 11637
object 14 0 left 11558
object 14 0 right 11559
object 15 0 left 11560
object 15 0 right 11561
object 16 0 left 11552
object 16 0 right 11553
object 17 0 left 11567
object 17 0 right 11553
object 18 0 left 11554
object 18 0 right 11555
object 19 0 left 11562
object 19 0 right 11553
object 20 0 left 11560
object 20 0 right 11561
object 21 0 left 11552
object 21 0 right 11553
object 22 0 left 11554
object 22 0 right 11555
object 23 0 left 11556
object 23 0 right 11557
object 24 0 left 11558
object 24 0 right 11559
object 25 0 left 11560
object 25 0 right 11561
object 26 0 left 11552
object 26 0 right 11553
object 27 0 left 11554
object 27 0 right 11555
object 28 0 left 11554
object 28 0 right 11555
object 29 0 left 11562
object 29 0 right 11553
object 30 0 left 11560
object 30 0 right 11561
object 31 0 left 11552
object 31 0 right 11553
object 32 0 left 11554
object 32 0 right 11555
object 33 0 left 11556
object 33 0 right 11557
object 34 0 left 11558
object 34 0 right 11559
object 35 0 left 11560
object 35 0 right 11561
object 36 0 left 11552
object 36 0 right 11553
object 37 0 left 11567
object 37 0 right 11553
object 38 0 left 11556
object 38 0 right 11557
object 39 0 left 11562
object 39 0 right 11553
object 0 1 left 11558
object 0 1 right 11559
object 1 1 left 12614
object 1 1 right 12615
object 11 1 right 11634
object 24 1 left 12616
object 24 1 right 12617
object 30 1 left 11556
object 30 1 right 11557
object 31 1 left 12612
object 31 1 right 12613
object 39 1 left 11560
object 39 1 right 11561
object 0 2 left 11556
object 0 2 right 11557
object 1 2 left 12618
object 1 2 right 12619
object 11 2 right 11633
object 30 2 left 11558
object 30 2 right 11559
object 39 2 left 11558
object 39 2 right 11559
object 0 3 left 11554
object 0 3 right 11555
object 30 3 left 11560
object 30 3 right 11561
object 39 3 left 11556
object 39 3 right 11557
object 0 4 left 11552
object 0 4 right 11553
object 39 4 left 11554
object 39 4 right 11564
object 0 5 right 11557
object 39 5 left 11562
object 39 5 right 11563
object 0 6 right 11566
object 39 6 right 11557
object 0 7 right 11565
object 10 7 left 11556
object 10 7 right 11557
object 11 7 left 11562
object 11 7 right 11553
object 12 7 left 11552
object 12 7 right 11553
object 13 7 left 11554
object 13 7 right 11555
object 14 7 left 11556
object 14 7 right 11557
object 15 7 left 12612
object 15 7 right 12613
object 39 7 right 11566
object 0 8 right 11564
object 10 8 left 11554
object 10 8 right 11555
object 39 8 left 11558
object 39 8 right 11565
object 0 9 left 11562
object 0 9 right 11563
object 10 9 left 11562
object 10 9 right 11553
object 39 9 left 11556
object 39 9 right 11557
object 0 10 left 11560
object 0 10 right 11561
object 1 10 left 11556
object 1 10 right 11557
object 26 10 left 11552
object 26 10 right 11553
object 27 10 left 11567
object 27 10 right 11553
object 28 10 left 11556
object 28 10 right 11557
object 29 10 left 11556
object 29 10 right 11557
object 30 10 left 12618
object 30 10 right 12619
object 39 10 left 11554
object 39 10 right 11555
object 0 11 left 11554
object 0 11 right 11555
object 29 11 left 11554
object 29 11 right 11555
object 39 11 left 11560
object 39 11 right 11561
object 0 12 left 11552
object 0 12 right 11553
object 29 12 left 11562
object 29 12 right 11553
object 38 12 left 11556
object 38 12 right 11557
object 39 12 left 11558
object 39 12 right 11559
object 0 13 left 11552
object 0 13 right 11553
object 1 13 left 12618
object 1 13 right 12619
object 39 13 left 11556
object 39 13 right 11557
object 0 14 right 11557
object 39 14 left 11554
object 39 14 right 11555
object 0 15 right 11566
object 39 15 left 11552
object 39 15 right 11553
object 0 16 left 11558
object 0 16 right 11565
object 23 16 left 11562
object 23 16 right 11553
object 39 16 right 11557
object 0 17 left 11556
object 0 17 right 11557
object 4 17 left 11556
object 4 17 right 11557
object 5 17 left 11556
object 5 17 right 11557
object 6 17 left 11562
object 6 17 right 11553
object 7 17 left 11560
object 7 17 right 11561
object 23 17 left 11562
object 23 17 right 11553
object 39 17 right 11566
object 0 18 left 11554
object 0 18 right 11555
object 19 18 left 11562
object 19 18 right 11553
object 20 18 left 11552
object 20 18 right 11553
object 21 18 left 11554
object 21 18 right 11555
object 22 18 left 11556
object 22 18 right 11557
object 23 18 right 11565
object 39 18 right 11565
object 0 19 left 11552
object 0 19 right 11553
object 23 19 right 11564
object 24 19 left 12614
object 24 19 right 12615
object 39 19 right 11564
object 0 20 left 11556
object 0 20 right 11557
object 23 20 left 11562
object 23 20 right 11563
object 38 20 left 11552
object 38 20 right 11553
object 39 20 left 11562
object 39 20 right 11563
object 0 21 left 11554
object 0 21 right 11555
object 23 21 left 11560
object 23 21 right 11561
object 38 21 left 11552
object 38 21 right 11553
object 39 21 left 11560
object 39 21 right 11561
object 0 22 left 11552
object 0 22 right 11553
object 13 22 left 11556
object 13 22 right 11557
object 14 22 left 11562
object 14 22 right 11553
object 15 22 left 11560
object 15 22 right 11561
object 16 22 left 11552
object 16 22 right 11553
object 38 22 left 11628
object 38 22 right 11553
object 39 22 left 11629
object 0 23 left 11554
object 0 23 right 11555
object 1 23 left 12616
object 1 23 right 12617
object 16 23 right 11557
object 17 23 left 12616
object 17 23 right 12617
object 0 24 left 11552
object 0 24 right 11553
object 16 24 right 11566
object 39 24 left 11627
object 0 25 right 11557
object 16 25 left 11552
object 16 25 right 11565
object 39 25 left 11552
object 39 25 right 11553
object 0 26 right 11566
object 7 26 left 11556
object 7 26 right 11557
object 16 26 left 11552
object 16 26 right 11553
object 17 26 left 11560
object 17 26 right 11561
object 30 26 left 11558
object 30 26 right 11559
object 31 26 left 12618
object 31 26 right 12619
object 39 26 right 11557
object 0 27 right 11565
object 7 27 left 11556
object 7 27 right 11557
object 30 27 left 11560
object 30 27 right 11561
object 39 27 right 11566
object 0 28 right 11564
object 7 28 left 11556
object 7 28 right 11557
object 8 28 left 12612
object 8 28 right 12613
object 30 28 left 11556
object 30 28 right 11557
object 39 28 left 11558
object 39 28 right 11565
object 0 29 left 11562
object 0 29 right 11563
object 4 29 left 11556
object 4 29 right 11557
object 5 29 left 11556
object 5 29 right 11557
object 6 29 left 11556
object 6 29 right 11557
object 7 29 left 11562
object 7 29 right 11553
object 8 29 left 11560
object 8 29 right 11561
object 30 29 left 11556
object 30 29 right 11557
object 39 29 left 11558
object 39 29 right 11564
object 0 30 left 11560
object 0 30 right 11561
object 5 30 left 12618
object 5 30 right 12619
object 28 30 left 11552
object 28 30 right 11553
object 29 30 left 11567
object 29 30 right 11553
object 30 30 left 11556
object 30 30 right 11557
object 31 30 left 11558
object 31 30 right 11559
object 32 30 left 11560
object 32 30 right 11561
object 39 30 left 11562
object 39 30 right 11563
object 0 31 left 11558
object 0 31 right 11559
object 5 31 left 11537
object 5 31 right 11538
object 7 31 left 11535
object 39 31 left 11560
object 39 31 right 11561
object 0 32 left 11556
object 0 32 right 11557
object 1 32 left 12612
object 1 32 right 12613
object 39 32 left 11558
object 39 32 right 11559
object 0 33 left 11554
object 0 33 right 11555
object 5 33 right 11536
object 7 33 left 11539
object 7 33 right 11540
object 39 33 left 11556
object 39 33 right 11557
object 0 34 left 11552
object 0 34 right 11553
object 39 34 left 11554
object 39 34 right 11555
object 0 35 right 11557
object 18 35 left 11552
object 18 35 right 11553
object 39 35 left 11552
object 39 35 right 11553
object 0 36 right 11566
object 18 36 right 11557
object 39 36 left 11552
object 39 36 right 11557
object 0 37 right 11565
object 18 37 right 11566
object 39 37 right 11566
object 0 38 right 11564
object 18 38 left 11552
object 18 38 right 11565
object 29 38 left 11556
object 29 38 right 11557
object 39 38 right 11565
object 0 39 left 11562
object 0 39 right 11563
object 1 39 left 11552
object 1 39 right 11553
object 2 39 left 11554
object 2 39 right 11555
object 3 39 left 11556
object 3 39 right 11557
object 4 39 left 11558
object 4 39 right 11559
object 5 39 left 11560
object 5 39 right 11561
object 6 39 left 11552
object 6 39 right 11553
object 7 39 left 11567
object 7 39 right 11553
object 8 39 left 11556
object 8 39 right 11557
object 9 39 left 11554
object 9 39 right 11555
object 10 39 left 11560
object 10 39 right 11561
object 11 39 left 11562
object 11 39 right 11553
object 12 39 left 11560
object 12 39 right 11561
object 13 39 left 11554
object 13 39 right 11555
object 14 39 left 11551
object 14 39 right 11555
object 15 39 left 11558
object 15 39 right 11559
object 16 39 left 11552
object 16 39 right 11553
object 17 39 left 11556
object 17 39 right 11557
object 18 39 left 11552
object 18 39 right 11553
object 19 39 left 11556
object 19 39 right 11557
object 20 39 left 11560
object 20 39 right 11561
object 21 39 left 11552
object 21 39 right 11553
object 22 39 left 11554
object 22 39 right 11555
object 23 39 left 11556
object 23 39 right 11557
object 24 39 left 11558
object 24 39 right 11559
object 25 39 left 11560
object 25 39 right 11561
object 26 39 left 11552
object 26 39 right 11553
object 27 39 left 11567
object 27 39 right 11553
object 28 39 left 11560
object 28 39 right 11561
object 29 39 left 11562
object 29 39 right 11553
object 30 39 left 11560
object 30 39 right 11561
object 31 39 left 11552
object 31 39 right 11553
object 32 39 left 11554
object 32 39 right 11555
object 33 39 left 11556
object 33 39 right 11557
object 34 39 left 11558
object 34 39 right 11559
object 35 39 left 11560
object 35 39 right 11561
object 36 39 left 11552
object 36 39 right 11553
object 37 39 left 11560
object 37 39 right 11561
object 38 39 left 11551
object 38 39 right 11555
object 39 39 left 11562
object 39 39 right 11564
