# lod20669 — tools/dat-extract layout 이 만든다. 손으로 고치지 말 것.
size 20 20
blocked
####################
#.....##.###.....#.#
#......#........#.#.
###..............##.
###.................
#...................
#...................
#...................
#...................
#...........#.......
##........#.........
####.......#........
###.................
#...................
#...................
##............#.....
##..................
#...................
#...................
#..........####.....
floor
5046 5050 5054 5058 4970 4974 4978 4982 5014 5018 5022 5026 4970 4974 4977 5046 5050 5054 5058 5042
5025 5080 5082 5053 5041 4985 4977 5014 5018 5022 5026 5047 5051 5055 5026 5045 5049 5053 5057 5029
4980 5079 5081 5052 5040 4984 4988 4992 4964 4968 4972 4976 4980 4984 4988 5044 5048 5052 5056 5040
5038 5043 5047 5020 5024 4975 4987 5030 4963 4967 4971 4975 4979 4983 4987 4991 5043 5047 5020 5024
5026 4998 5002 5019 5023 4994 4971 4975 4979 4983 4987 4991 5014 5018 5022 5026 4998 5002 5019 5023
5025 4997 5001 5005 4991 4993 4993 4965 4969 4973 4977 4981 5013 5017 5021 5025 4997 5001 5005 4991
4980 4984 4996 5000 4988 4992 4992 4964 4968 4972 4976 4980 5012 5016 5020 5024 4996 5000 5004 5008
5038 5042 4995 4999 4987 4991 4991 4963 4967 4971 4975 4979 5011 5015 5019 5023 4995 4999 5003 5007
4998 5002 5006 5010 4998 5002 5006 5010 5046 5050 5054 5058 5030 5034 5038 5042 4982 4986 5014 5018
4997 5001 5005 5001 5005 5001 5005 5009 5045 5049 5053 5057 5029 5033 5037 5041 4981 4985 4980 5012
4996 5000 5004 5000 5004 5000 5004 5008 5044 5048 5052 5056 5028 5032 5036 5040 4980 4984 5007 4981
5038 5042 5003 4999 5003 4999 5003 5007 5043 5047 5051 5055 5027 5031 5035 5039 4979 4983 4987 4980
5014 5018 5022 5026 4982 4986 5002 5006 5006 4986 4990 4994 4966 4970 4974 4978 4982 4986 5010 5046
5013 5017 5021 5025 4981 4985 5001 5005 5005 4985 4989 4993 4965 4969 4973 4977 4981 4985 5009 5045
5012 5016 5020 5024 4980 4984 5000 5004 5004 4984 4988 4992 4964 4968 4972 4976 4980 4984 5008 5044
5011 5015 5019 5023 5029 5033 5037 5041 4979 4983 4987 4991 4963 4967 4971 4975 4979 4983 4987 4991
5030 5034 5038 5042 5028 5032 5036 5040 5006 5002 5006 5002 5006 4986 4990 4994 4998 5002 5006 5084
5029 5033 5037 5041 5027 5031 5035 5039 5005 5001 5005 5001 5005 4985 4989 4993 4997 5001 5005 5083
5028 5032 5036 5040 4996 5000 5004 5000 5004 5000 5004 5000 5004 4984 4988 4992 4996 5000 5004 5008
5027 5085 5086 5039 4995 4999 5003 4999 5046 5050 5054 5058 5030 5034 4987 4991 4995 5007 4979 5007
tile 4963 0 0
tile 4964 56 0
tile 4965 112 0
tile 4966 168 0
tile 4967 224 0
tile 4968 280 0
tile 4969 336 0
tile 4970 392 0
tile 4971 448 0
tile 4972 504 0
tile 4973 560 0
tile 4974 0 27
tile 4975 56 27
tile 4976 112 27
tile 4977 168 27
tile 4978 224 27
tile 4979 280 27
tile 4980 336 27
tile 4981 392 27
tile 4982 448 27
tile 4983 504 27
tile 4984 560 27
tile 4985 0 54
tile 4986 56 54
tile 4987 112 54
tile 4988 168 54
tile 4989 224 54
tile 4990 280 54
tile 4991 336 54
tile 4992 392 54
tile 4993 448 54
tile 4994 504 54
tile 4995 560 54
tile 4996 0 81
tile 4997 56 81
tile 4998 112 81
tile 4999 168 81
tile 5000 224 81
tile 5001 280 81
tile 5002 336 81
tile 5003 392 81
tile 5004 448 81
tile 5005 504 81
tile 5006 560 81
tile 5007 0 108
tile 5008 56 108
tile 5009 112 108
tile 5010 168 108
tile 5011 224 108
tile 5012 280 108
tile 5013 336 108
tile 5014 392 108
tile 5015 448 108
tile 5016 504 108
tile 5017 560 108
tile 5018 0 135
tile 5019 56 135
tile 5020 112 135
tile 5021 168 135
tile 5022 224 135
tile 5023 280 135
tile 5024 336 135
tile 5025 392 135
tile 5026 448 135
tile 5027 504 135
tile 5028 560 135
tile 5029 0 162
tile 5030 56 162
tile 5031 112 162
tile 5032 168 162
tile 5033 224 162
tile 5034 280 162
tile 5035 336 162
tile 5036 392 162
tile 5037 448 162
tile 5038 504 162
tile 5039 560 162
tile 5040 0 189
tile 5041 56 189
tile 5042 112 189
tile 5043 168 189
tile 5044 224 189
tile 5045 280 189
tile 5046 336 189
tile 5047 392 189
tile 5048 448 189
tile 5049 504 189
tile 5050 560 189
tile 5051 0 216
tile 5052 56 216
tile 5053 112 216
tile 5054 168 216
tile 5055 224 216
tile 5056 280 216
tile 5057 336 216
tile 5058 392 216
tile 5079 448 216
tile 5080 504 216
tile 5081 560 216
tile 5082 0 243
tile 5083 56 243
tile 5084 112 243
tile 5085 168 243
tile 5086 224 243
picture 6105 196 792 47 0
picture 6106 196 742 50 0
picture 6107 196 839 46 0
picture 6108 196 931 44 0
picture 6109 224 0 41 0
picture 6110 196 885 46 0
picture 6112 224 73 31 0
picture 6113 224 135 30 0
picture 6114 224 41 32 0
picture 6115 224 104 31 0
picture 6116 196 975 43 0
picture 6117 196 638 52 0
picture 6118 196 690 52 0
picture 6187 168 357 111 0
picture 6188 0 0 168 0
picture 6189 196 0 100 0
picture 6190 196 100 100 0
picture 6197 196 285 78 0
picture 6198 168 789 106 0
picture 6199 168 468 107 0
picture 6200 168 575 107 0
picture 6201 168 895 106 0
picture 6202 196 363 78 0
picture 6213 84 671 123 0
picture 6214 0 168 137 0
picture 6215 0 305 137 0
picture 6216 84 794 123 0
picture 6217 112 0 123 0
picture 6218 0 442 137 0
picture 6219 0 579 137 0
picture 6220 0 716 137 0
picture 6221 112 861 122 0
picture 6232 140 0 122 0
picture 6233 0 853 137 0
picture 6234 28 0 137 0
picture 6235 28 137 137 0
picture 6236 112 123 123 0
picture 6257 112 246 123 0
picture 6258 28 274 137 0
picture 6259 28 411 137 0
picture 6260 28 548 137 0
picture 6261 140 122 122 0
picture 6262 112 369 123 0
picture 6264 28 685 137 0
picture 6265 28 822 137 0
picture 6272 140 244 122 0
picture 6273 56 0 137 0
picture 6274 56 137 137 0
picture 6275 56 274 137 0
picture 6276 112 492 123 0
picture 6280 56 411 137 0
picture 6281 140 366 122 0
picture 6282 112 615 123 0
picture 6283 56 548 137 0
picture 6284 56 685 137 0
picture 6285 56 822 137 0
picture 6286 140 488 122 0
picture 6287 140 610 122 0
picture 6288 84 0 137 0
picture 6289 84 137 137 0
picture 6290 84 274 137 0
picture 6291 112 738 123 0
picture 6292 140 732 122 0
picture 6345 196 582 56 0
picture 6346 168 682 107 0
picture 6347 168 0 119 0
picture 6348 168 119 119 0
picture 6349 168 238 119 0
picture 6350 140 854 121 0
picture 6351 84 411 135 0
picture 6352 84 546 125 0
picture 6437 196 441 71 0
picture 6438 196 200 85 0
picture 6439 196 512 70 0
object 0 0 left 6292
object 1 0 left 6215
object 1 0 right 6216
object 2 0 left 6274
object 3 0 left 6275
object 3 0 right 6276
object 4 0 left 6272
object 5 0 left 6273
object 6 0 left 6274
object 7 0 left 6275
object 7 0 right 6276
object 8 0 left 6287
object 9 0 left 6288
object 10 0 left 6289
object 11 0 left 6290
object 11 0 right 6291
object 12 0 left 6232
object 13 0 left 6233
object 14 0 left 6234
object 14 0 right 6189
object 15 0 left 6235
object 15 0 right 6236
object 16 0 left 6287
object 17 0 left 6288
object 18 0 left 6289
object 19 0 left 6290
object 19 0 right 6291
object 0 1 left 6213
object 0 1 right 6214
object 4 1 right 6352
object 6 1 right 6189
object 7 1 right 6202
object 9 1 left 6114
object 9 1 right 6112
object 10 1 left 6437
object 11 1 left 6438
object 11 1 right 6439
object 14 1 right 6189
object 17 1 left 6187
object 17 1 right 6188
object 19 1 left 6117
object 19 1 right 6118
object 0 2 right 6265
object 3 2 left 6349
object 4 2 left 6350
object 4 2 right 6351
object 7 2 left 6200
object 7 2 right 6201
object 16 2 right 6114
object 18 2 left 6113
object 18 2 right 6113
object 0 3 left 6282
object 0 3 right 6264
object 2 3 right 6348
object 17 3 left 6109
object 17 3 right 6110
object 18 3 left 6114
object 0 4 left 6262
object 0 4 right 6281
object 1 4 left 6345
object 2 4 left 6346
object 2 4 right 6347
object 0 5 right 6280
object 0 6 right 6284
object 0 7 left 6282
object 0 7 right 6283
object 0 8 right 6261
object 0 9 right 6260
object 12 9 left 6115
object 12 9 right 6116
object 0 10 right 6259
object 1 10 left 6190
object 10 10 left 6113
object 0 11 left 6257
object 0 11 right 6258
object 1 11 left 6197
object 2 11 left 6198
object 2 11 right 6199
object 3 11 left 6113
object 11 11 right 6112
object 0 12 right 6286
object 1 12 left 6117
object 1 12 right 6118
object 2 12 left 6109
object 2 12 right 6110
object 0 13 right 6285
object 0 14 right 6284
object 0 15 left 6282
object 0 15 right 6283
object 1 15 left 6105
object 1 15 right 6106
object 14 15 left 6109
object 14 15 right 6110
object 0 16 right 6221
object 1 16 left 6107
object 1 16 right 6108
object 0 17 right 6220
object 0 18 right 6219
object 1 18 left 6190
object 0 19 left 6217
object 0 19 right 6218
object 11 19 left 6115
object 11 19 right 6116
object 12 19 left 6107
object 12 19 right 6108
object 13 19 left 6117
object 13 19 right 6118
object 14 19 right 6113
