# lod20676 — tools/dat-extract layout 이 만든다. 손으로 고치지 말 것.
size 50 20
blocked
#####.#################################.##########
##..........####.........##......................#
#...........######.......#.......................#
#...........##...........#..................#....#
#...........##...........#....#..................#
#...........##...........######..................#
#...........##............###........##..........#
#.......#####.............###........######......#
#.......####.......##.....##..........###........#
#..................##.....#...........##.........#
#..................##................##..........#
######.............#.................##.....#....#
#....#.........#...###...............#......#....#
#...............................#....#...........#
#...........................#........#...........#
#.........#################..........#...........#
#.........#################..........#...........#
#.........#################..........#...........#
#.........#################..........#...........#
##################################################
floor
5259 5225 5228 5231 5231 5234 5259 5275 5296 5299 5302 5305 5251 5254 5257 5260 5263 5266 5269 5251 5305 5251 5228 5231 5263 5263 5260 5275 5296 5299 5302 5305 5251 5254 5257 5260 5263 5231 5231 5234 5259 5251 5228 5263 5254 5263 5263 5254 5275 5251
5258 5286 5289 5289 5292 5295 5295 5274 5273 5276 5279 5295 5252 5295 5274 5261 5264 5259 5261 5264 5237 5240 5270 5258 5261 5232 5255 5238 5273 5276 5279 5295 5252 5295 5274 5261 5264 5259 5261 5264 5237 5240 5289 5238 5253 5256 5295 5274 5273 5254
5257 5232 5255 5238 5273 5276 5294 5273 5279 5282 5285 5237 5240 5293 5273 5264 5237 5240 5243 5255 5285 5288 5259 5261 5264 5231 5234 5237 5272 5275 5285 5237 5240 5293 5273 5264 5237 5240 5243 5255 5285 5288 5266 5295 5274 5300 5225 5252 5263 5294
5286 5231 5234 5237 5272 5275 5272 5275 5278 5281 5284 5236 5266 5295 5274 5300 5225 5252 5263 5263 5249 5239 5287 5293 5234 5259 5262 5265 5268 5271 5284 5236 5239 5242 5245 5274 5300 5225 5252 5263 5249 5239 5287 5293 5273 5299 5224 5298 5301 5238
5285 5259 5262 5265 5268 5271 5235 5238 5253 5256 5259 5229 5287 5293 5273 5299 5224 5298 5301 5301 5304 5307 5301 5226 5229 5258 5261 5264 5256 5259 5237 5229 5229 5232 5226 5273 5299 5224 5298 5301 5304 5307 5257 5295 5287 5290 5273 5276 5279 5259
5287 5258 5261 5264 5256 5259 5234 5259 5229 5270 5258 5261 5257 5295 5287 5290 5273 5276 5279 5279 5303 5306 5300 5225 5228 5257 5260 5263 5270 5258 5258 5261 5264 5259 5261 5287 5290 5273 5276 5279 5303 5306 5286 5268 5271 5293 5272 5275 5278 5236
5257 5257 5260 5263 5270 5258 5252 5263 5251 5259 5261 5264 5286 5268 5271 5293 5272 5275 5278 5250 5257 5296 5299 5224 5227 5230 5233 5236 5251 5259 5261 5264 5237 5240 5243 5255 5285 5288 5252 5250 5257 5296 5286 5267 5270 5252 5268 5271 5253 5250
5286 5287 5293 5273 5299 5224 5298 5301 5253 5266 5295 5274 5286 5267 5270 5252 5268 5271 5253 5271 5286 5261 5264 5237 5240 5243 5266 5295 5274 5300 5225 5252 5263 5225 5252 5263 5266 5295 5274 5300 5225 5252 5270 5294 5257 5288 5288 5257 5271 5271
5286 5257 5295 5287 5290 5273 5276 5279 5253 5287 5293 5273 5270 5294 5257 5288 5288 5257 5271 5270 5286 5252 5255 5285 5288 5252 5287 5293 5273 5299 5224 5298 5301 5224 5298 5301 5287 5293 5273 5299 5224 5298 5282 5238 5286 5287 5287 5301 5270 5270
5285 5286 5268 5271 5293 5272 5275 5278 5261 5264 5259 5261 5282 5238 5286 5287 5287 5301 5270 5269 5285 5259 5229 5229 5232 5242 5257 5295 5287 5290 5273 5276 5279 5273 5276 5279 5257 5295 5287 5290 5273 5276 5279 5236 5239 5242 5245 5248 5258 5269
5284 5286 5267 5270 5252 5268 5271 5253 5264 5237 5240 5243 5255 5285 5288 5284 5236 5305 5251 5253 5284 5232 5255 5238 5273 5276 5286 5268 5271 5293 5272 5275 5278 5272 5275 5278 5286 5268 5271 5293 5272 5275 5278 5304 5307 5253 5256 5259 5257 5286
5259 5270 5294 5257 5288 5288 5257 5271 5274 5300 5225 5252 5263 5249 5239 5275 5278 5281 5284 5252 5259 5231 5234 5237 5272 5275 5286 5267 5270 5252 5268 5271 5253 5268 5271 5253 5286 5267 5270 5252 5268 5271 5253 5303 5278 5252 5255 5258 5253 5256
5258 5282 5238 5286 5287 5237 5301 5270 5273 5299 5224 5298 5301 5304 5307 5271 5253 5256 5253 5251 5258 5259 5262 5265 5268 5271 5270 5294 5257 5288 5288 5257 5271 5288 5257 5271 5270 5256 5257 5288 5288 5257 5271 5237 5240 5243 5278 5290 5281 5255
5257 5261 5264 5259 5261 5264 5237 5240 5287 5290 5273 5276 5279 5303 5306 5270 5252 5255 5258 5257 5257 5258 5261 5264 5256 5259 5282 5238 5286 5287 5287 5301 5270 5287 5301 5270 5282 5238 5286 5287 5287 5301 5270 5232 5255 5238 5273 5276 5279 5257
5286 5264 5237 5240 5243 5255 5285 5288 5278 5281 5284 5287 5290 5304 5307 5269 5251 5261 5264 5259 5261 5257 5260 5263 5270 5258 5272 5275 5278 5281 5259 5285 5298 5301 5307 5269 5251 5254 5257 5286 5286 5225 5228 5231 5234 5237 5272 5275 5278 5286
5285 5274 5300 5225 5252 5263 5249 5239 5253 5256 5253 5253 5256 5259 5262 5265 5268 5264 5237 5240 5243 5255 5285 5288 5262 5265 5268 5271 5253 5256 5253 5253 5256 5259 5262 5265 5268 5271 5253 5256 5285 5257 5256 5259 5262 5265 5268 5271 5253 5256
5284 5273 5299 5224 5298 5301 5304 5307 5252 5255 5258 0 0 0 0 0 0 0 0 0 0 0 0 0 0 0 5267 5270 5252 5255 5258 5252 5255 5258 5261 5264 5267 5270 5252 5255 5284 5252 5255 5258 5261 5264 5256 5259 5229 5255
5268 5287 5290 5273 5276 5279 5303 5306 5251 5254 5257 0 0 0 0 0 0 0 0 0 0 0 0 0 0 0 5266 5269 5251 5254 5257 5251 5254 5257 5260 5263 5266 5269 5251 5254 5268 5251 5254 5257 5260 5263 5270 5258 5261 5254
5267 5238 5273 5276 5279 5282 5285 5288 5291 5294 5301 0 0 0 0 0 0 0 0 0 0 0 0 0 0 0 5285 5288 5291 5294 5301 5238 5273 5276 5279 5282 5285 5240 5252 5294 5267 5238 5273 5276 5279 5282 5259 5261 5264 5294
5266 5237 5272 5275 5278 5281 5284 5287 5281 5281 5284 0 0 0 0 0 0 0 0 0 0 0 0 0 0 0 5284 5287 5281 5281 5284 5287 5290 5275 5278 5281 5284 5287 5290 5304 5266 5231 5275 5296 5299 5281 5284 5287 5281 5304
tile 5224 0 0
tile 5225 56 0
tile 5226 112 0
tile 5227 168 0
tile 5228 224 0
tile 5229 280 0
tile 5230 336 0
tile 5231 392 0
tile 5232 448 0
tile 5233 0 27
tile 5234 56 27
tile 5235 112 27
tile 5236 168 27
tile 5237 224 27
tile 5238 280 27
tile 5239 336 27
tile 5240 392 27
tile 5242 448 27
tile 5243 0 54
tile 5245 56 54
tile 5248 112 54
tile 5249 168 54
tile 5250 224 54
tile 5251 280 54
tile 5252 336 54
tile 5253 392 54
tile 5254 448 54
tile 5255 0 81
tile 5256 56 81
tile 5257 112 81
tile 5258 168 81
tile 5259 224 81
tile 5260 280 81
tile 5261 336 81
tile 5262 392 81
tile 5263 448 81
tile 5264 0 108
tile 5265 56 108
tile 5266 112 108
tile 5267 168 108
tile 5268 224 108
tile 5269 280 108
tile 5270 336 108
tile 5271 392 108
tile 5272 448 108
tile 5273 0 135
tile 5274 56 135
tile 5275 112 135
tile 5276 168 135
tile 5278 224 135
tile 5279 280 135
tile 5281 336 135
tile 5282 392 135
tile 5284 448 135
tile 5285 0 162
tile 5286 56 162
tile 5287 112 162
tile 5288 168 162
tile 5289 224 162
tile 5290 280 162
tile 5291 336 162
tile 5292 392 162
tile 5293 448 162
tile 5294 0 189
tile 5295 56 189
tile 5296 112 189
tile 5298 168 189
tile 5299 224 189
tile 5300 280 189
tile 5301 336 189
tile 5302 392 189
tile 5303 448 189
tile 5304 0 216
tile 5305 56 216
tile 5306 112 216
tile 5307 168 216
picture 6105 280 318 47 0
picture 6106 280 172 50 0
picture 6107 280 365 46 0
picture 6108 280 411 44 0
picture 6113 280 597 30 0
picture 6115 280 566 31 0
picture 6116 280 455 43 0
picture 6117 280 68 52 0
picture 6118 280 120 52 0
picture 6125 280 533 33 0
picture 6126 280 627 29 0
picture 6534 196 218 104 0
picture 6535 28 863 118 0
picture 6536 56 0 118 0
picture 6537 56 118 118 0
picture 6538 196 322 104 0
picture 6539 196 426 104 0
picture 6540 56 236 118 0
picture 6541 56 354 118 0
picture 6542 56 472 118 0
picture 6543 196 530 104 0
picture 6544 196 634 104 0
picture 6548 196 738 104 0
picture 6549 196 842 104 0
picture 6550 56 590 118 0
picture 6551 56 708 118 0
picture 6553 224 0 104 0
picture 6555 56 826 118 0
picture 6556 84 0 118 0
picture 6557 84 118 118 0
picture 6558 224 104 104 0
picture 6564 224 208 104 0
picture 6565 84 236 118 0
picture 6566 84 354 118 0
picture 6567 84 472 118 0
picture 6568 224 312 104 0
picture 6569 224 416 104 0
picture 6570 84 590 118 0
picture 6571 84 708 118 0
picture 6574 224 520 104 0
picture 6575 84 826 118 0
picture 6576 112 0 118 0
picture 6577 112 118 118 0
picture 6578 224 624 104 0
picture 6579 224 728 104 0
picture 6580 112 236 118 0
picture 6581 112 354 118 0
picture 6582 112 472 118 0
picture 6583 224 832 104 0
picture 6584 252 0 104 0
picture 6585 112 590 118 0
picture 6586 112 708 118 0
picture 6587 112 826 118 0
picture 6588 252 104 104 0
picture 6591 140 0 118 0
picture 6592 140 118 118 0
picture 6593 252 208 104 0
picture 6594 252 312 104 0
picture 6596 140 236 118 0
picture 6604 28 377 123 0
picture 6605 0 784 127 0
picture 6606 0 528 128 0
picture 6607 168 708 111 0
picture 6608 168 819 111 0
picture 6609 0 656 128 0
picture 6610 28 0 127 0
picture 6611 28 500 123 0
picture 6614 280 0 68 0
picture 6615 252 936 70 0
picture 6616 280 498 35 0
picture 6628 252 416 104 0
picture 6629 252 520 104 0
picture 6630 252 624 104 0
picture 6631 252 728 104 0
picture 6637 140 354 118 0
picture 6638 140 472 118 0
picture 6639 140 590 118 0
picture 6640 252 832 104 0
picture 6646 196 0 109 0
picture 6647 140 708 118 0
picture 6648 28 127 125 0
picture 6649 140 826 118 0
picture 6650 168 0 118 0
picture 6651 28 623 120 0
picture 6652 0 0 134 0
picture 6653 168 118 118 0
picture 6654 0 268 130 0
picture 6655 280 222 48 0
picture 6656 280 270 48 0
picture 6657 0 398 130 0
picture 6658 168 236 118 0
picture 6659 0 134 134 0
picture 6660 28 743 120 0
picture 6661 168 354 118 0
picture 6662 168 472 118 0
picture 6663 28 252 125 0
picture 6664 168 590 118 0
picture 6665 196 109 109 0
object 0 0 left 6629
object 0 0 right 6630
object 1 0 left 6569
object 2 0 left 6570
object 3 0 left 6571
object 4 0 left 6637
object 5 0 left 6638
object 6 0 left 6639
object 6 0 right 6640
object 7 0 left 6541
object 8 0 left 6557
object 8 0 right 6558
object 9 0 left 6540
object 10 0 left 6541
object 10 0 right 6543
object 11 0 left 6542
object 11 0 right 6543
object 12 0 left 6549
object 12 0 right 6548
object 13 0 left 6550
object 14 0 left 6551
object 14 0 right 6558
object 15 0 left 6534
object 16 0 left 6535
object 17 0 left 6536
object 18 0 left 6537
object 18 0 right 6538
object 19 0 left 6542
object 19 0 right 6628
object 20 0 left 6542
object 20 0 right 6543
object 21 0 left 6549
object 21 0 right 6548
object 22 0 left 6570
object 23 0 left 6571
object 24 0 left 6535
object 25 0 left 6535
object 25 0 right 6558
object 26 0 left 6534
object 26 0 right 6640
object 27 0 left 6541
object 28 0 left 6557
object 28 0 right 6558
object 29 0 left 6540
object 30 0 left 6541
object 30 0 right 6543
object 31 0 left 6542
object 31 0 right 6543
object 32 0 left 6549
object 32 0 right 6548
object 33 0 left 6550
object 34 0 left 6551
object 34 0 right 6558
object 35 0 left 6534
object 36 0 left 6535
object 37 0 left 6571
object 38 0 left 6637
object 39 0 left 6638
object 40 0 left 6639
object 40 0 right 6640
object 41 0 left 6549
object 41 0 right 6548
object 42 0 left 6570
object 43 0 left 6535
object 43 0 right 6640
object 44 0 left 6550
object 44 0 right 6558
object 45 0 left 6535
object 45 0 right 6640
object 46 0 left 6535
object 46 0 right 6558
object 47 0 left 6550
object 47 0 right 6640
object 48 0 left 6541
object 48 0 right 6558
object 49 0 left 6542
object 49 0 right 6628
object 0 1 right 6568
object 1 1 left 6117
object 1 1 right 6118
object 12 1 left 6594
object 12 1 right 6583
object 13 1 left 6604
object 14 1 left 6605
object 15 1 left 6606
object 15 1 right 6607
object 25 1 right 6583
object 26 1 left 6125
object 26 1 right 6126
object 49 1 right 6576
object 0 2 right 6567
object 12 2 right 6611
object 14 2 left 6661
object 15 2 left 6662
object 16 2 left 6663
object 17 2 left 6664
object 17 2 right 6665
object 25 2 right 6586
object 49 2 left 6574
object 49 2 right 6575
object 0 3 right 6566
object 12 3 right 6610
object 13 3 right 6660
object 25 3 left 6584
object 25 3 right 6585
object 44 3 left 6594
object 44 3 right 6583
object 49 3 right 6583
object 0 4 left 6564
object 0 4 right 6565
object 12 4 left 6608
object 12 4 right 6609
object 13 4 right 6659
object 25 4 left 6584
object 25 4 right 6585
object 30 4 left 6549
object 30 4 right 6548
object 49 4 right 6582
object 0 5 right 6583
object 12 5 left 6594
object 12 5 right 6583
object 13 5 right 6658
object 25 5 left 6594
object 25 5 right 6596
object 27 5 left 6661
object 28 5 left 6662
object 29 5 left 6663
object 30 5 left 6664
object 30 5 right 6665
object 49 5 right 6581
object 0 6 right 6586
object 12 6 left 6594
object 12 6 right 6583
object 13 6 left 6656
object 13 6 right 6657
object 26 6 right 6660
object 28 6 right 6616
object 37 6 left 6594
object 37 6 right 6583
object 38 6 left 6594
object 38 6 right 6583
object 49 6 left 6579
object 49 6 right 6580
object 0 7 left 6584
object 0 7 right 6585
object 8 7 left 6544
object 9 7 left 6570
object 9 7 right 6558
object 10 7 left 6534
object 11 7 left 6535
object 12 7 left 6557
object 12 7 right 6558
object 26 7 right 6659
object 28 7 left 6614
object 28 7 right 6615
object 37 7 left 6594
object 37 7 right 6583
object 39 7 left 6651
object 40 7 left 6652
object 41 7 left 6653
object 42 7 left 6654
object 42 7 right 6655
object 49 7 right 6588
object 0 8 left 6584
object 0 8 right 6585
object 8 8 left 6594
object 8 8 right 6583
object 9 8 left 6604
object 10 8 left 6605
object 11 8 left 6606
object 11 8 right 6607
object 19 8 right 6583
object 20 8 right 6611
object 26 8 right 6658
object 27 8 left 6115
object 27 8 right 6116
object 38 8 right 6650
object 39 8 left 6107
object 39 8 right 6108
object 40 8 left 6125
object 40 8 right 6126
object 49 8 right 6587
object 0 9 left 6594
object 0 9 right 6596
object 19 9 right 6586
object 20 9 right 6610
object 26 9 left 6656
object 26 9 right 6657
object 38 9 right 6649
object 39 9 left 6105
object 39 9 right 6106
object 49 9 right 6586
object 0 10 right 6593
object 19 10 left 6584
object 19 10 right 6585
object 20 10 left 6608
object 20 10 right 6609
object 37 10 left 6115
object 37 10 right 6116
object 38 10 right 6648
object 49 10 left 6584
object 49 10 right 6585
object 0 11 right 6592
object 1 11 left 6594
object 1 11 right 6583
object 2 11 left 6604
object 3 11 left 6605
object 4 11 left 6606
object 4 11 right 6607
object 5 11 left 6594
object 5 11 right 6583
object 19 11 left 6584
object 19 11 right 6585
object 37 11 left 6107
object 37 11 right 6108
object 38 11 left 6646
object 38 11 right 6647
object 44 11 left 6113
object 49 11 right 6578
object 0 12 left 6574
object 0 12 right 6591
object 5 12 left 6549
object 5 12 right 6548
object 15 12 left 6125
object 15 12 right 6126
object 19 12 left 6594
object 19 12 right 6596
object 20 12 left 6544
object 21 12 left 6570
object 21 12 right 6558
object 37 12 right 6578
object 49 12 left 6631
object 49 12 right 6577
object 0 13 right 6586
object 32 13 left 6594
object 32 13 right 6583
object 37 13 right 6586
object 49 13 right 6586
object 0 14 left 6584
object 0 14 right 6585
object 28 14 left 6113
object 37 14 left 6584
object 37 14 right 6585
object 49 14 left 6584
object 49 14 right 6585
object 0 15 right 6578
object 10 15 left 6629
object 10 15 right 6630
object 11 15 left 6569
object 12 15 left 6570
object 13 15 left 6557
object 13 15 right 6558
object 14 15 left 6540
object 15 15 left 6541
object 15 15 right 6543
object 16 15 left 6542
object 16 15 right 6628
object 17 15 left 6542
object 17 15 right 6543
object 18 15 left 6549
object 18 15 right 6548
object 19 15 left 6570
object 20 15 left 6535
object 20 15 right 6640
object 21 15 left 6550
object 21 15 right 6558
object 22 15 left 6535
object 22 15 right 6640
object 23 15 left 6535
object 23 15 right 6558
object 24 15 left 6550
object 24 15 right 6640
object 25 15 left 6541
object 25 15 right 6558
object 26 15 left 6542
object 26 15 right 6628
object 37 15 left 6584
object 37 15 right 6585
object 49 15 right 6578
object 0 16 right 6577
object 10 16 right 6568
object 26 16 right 6576
object 37 16 left 6594
object 37 16 right 6596
object 49 16 right 6577
object 0 17 right 6576
object 10 17 left 6564
object 10 17 right 6567
object 26 17 left 6574
object 26 17 right 6575
object 37 17 left 6564
object 37 17 right 6583
object 49 17 right 6576
object 0 18 left 6574
object 0 18 right 6575
object 10 18 right 6566
object 26 18 right 6583
object 37 18 right 6553
object 49 18 left 6574
object 49 18 right 6575
object 0 19 left 6539
object 1 19 left 6540
object 2 19 left 6541
object 3 19 left 6542
object 3 19 right 6543
object 4 19 left 6544
object 5 19 left 6557
object 5 19 right 6558
object 6 19 left 6534
object 7 19 left 6535
object 8 19 left 6557
object 8 19 right 6558
object 9 19 left 6557
object 9 19 right 6558
object 10 19 left 6574
object 10 19 right 6576
object 26 19 left 6534
object 26 19 right 6582
object 27 19 left 6535
object 28 19 left 6557
object 28 19 right 6558
object 29 19 left 6557
object 29 19 right 6558
object 30 19 left 6534
object 31 19 left 6535
object 32 19 left 6536
object 33 19 left 6555
object 34 19 left 6556
object 35 19 left 6557
object 35 19 right 6558
object 36 19 left 6534
object 37 19 left 6535
object 37 19 right 6576
object 38 19 left 6536
object 39 19 left 6537
object 39 19 right 6628
object 40 19 left 6539
object 41 19 left 6571
object 42 19 left 6541
object 43 19 left 6557
object 43 19 right 6558
object 44 19 left 6540
object 45 19 left 6570
object 45 19 right 6558
object 46 19 left 6534
object 47 19 left 6535
object 48 19 left 6557
object 48 19 right 6558
object 49 19 left 6537
object 49 19 right 6628
