# lod20266 — tools/dat-extract layout 이 만든다. 손으로 고치지 말 것.
size 41 47
blocked
..#......................................
.........................................
.........................................
........#................................
.........................................
.##....................................#.
..........................#..............
.................................#.......
..............#..........................
.#..........#............................
.........#...............................
.........................................
................#............#...........
.........................................
...........#.............................
.........................................
................##.......................
........#..........................##....
....................#......#.............
..#......................................
.....................................####
.....................................####
.....................................####
.....###.............................####
.....#.#..............................###
...........#..........................###
.......................................##
.......................................##
.......................................##
.................................#.......
.................................#.......
.........................................
.........................................
.............#...........................
.#.......................................
........#...................#....##......
.........................................
.........................................
.........................................
...........................#.............
......................#................#.
.......#.................................
.........................................
..............#......#...................
............#........#.......#...........
..........................##.............
........#.............................#..
floor
9635 9640 9645 9600 9605 9630 9627 9632 9637 9642 9647 9642 9647 9602 9646 9601 9636 9620 9664 9671 9676 9666 9645 9600 9605 9641 9646 9601 9637 9642 9635 9640 9645 9600 9636 9641 9646 9601 9625 9630 9635
9634 9639 9644 9599 9604 9629 9626 8462 8467 8472 8476 9641 9646 9601 9637 9642 9614 9619 9663 9670 9675 9665 9644 9599 9604 9640 9645 9600 9636 9641 9634 9639 9644 9599 9604 9609 9614 9619 9624 9629 9634
9613 9618 9623 9628 9633 9608 9625 8461 8466 8471 8475 9640 9645 9600 9636 9641 9643 9648 9662 9674 9679 9667 9623 9628 9633 9638 9643 9648 9603 9608 9613 9618 9623 9628 9633 9638 9643 9648 9603 9608 9613
9633 9638 9623 9648 9632 9607 9624 8460 8465 8470 8474 9617 9632 9637 9549 9647 9642 9647 9661 9674 9679 9669 9601 9606 9611 9618 9642 9647 9602 9607 9612 9617 9622 9627 9632 9637 9642 9647 8462 8467 8472
9632 9637 9643 9647 9631 9604 9603 8459 8464 8469 8473 9613 9618 9623 9628 9633 9641 9646 9660 9673 9678 9668 9600 9605 9572 9575 9579 9632 9601 9641 9646 9601 9621 9626 9631 9636 9641 9646 8461 8466 8471
9631 9643 9642 9603 9608 9597 9602 9607 8463 8468 9600 9612 9617 8419 8425 8431 9618 9623 9664 9672 9677 9667 9624 9600 9571 9574 9578 9582 9638 9643 9648 9603 9608 9613 9640 9645 9640 9645 8460 8465 8470
9630 9642 9648 9602 9615 9620 9625 9630 9627 9632 9637 9611 9616 8418 8424 8430 9617 9622 9663 9671 9676 9666 9236 9242 9570 9573 9577 9581 9637 9642 9647 9602 9607 9612 9639 9644 9639 9644 8459 8464 8469
9603 9641 9646 9601 9614 9619 9624 9625 9630 9566 9640 9610 9615 8417 8423 8429 9616 9621 9662 9670 9675 9665 9622 9627 9614 9619 9576 9580 9636 9641 9646 9601 9606 9611 9618 9623 9642 9647 9634 9639 9644
9630 9635 9640 9600 9643 9648 9603 9624 9561 9565 9569 9609 9614 8416 8422 8428 9615 9641 9661 9674 9679 9669 9621 9626 9631 9601 9606 9632 9637 9642 9647 9631 9605 9610 9617 9610 9641 9698 9655 9657 9659
9629 9634 9639 9599 9642 9647 9602 9557 9560 9564 9568 9638 9643 8415 8421 8427 9614 9616 9660 9673 9678 9668 9646 9601 9606 9600 9605 9631 9636 9641 9646 9630 9600 9605 9610 9615 9640 9662 9672 9677 9682
9608 9613 9618 9628 9641 9646 9601 9556 9559 9563 9567 9646 9601 9606 9633 9638 9643 9615 9697 9688 9677 9667 9629 9600 9605 9599 9604 9630 8462 8467 8472 8476 9599 9604 9609 9614 9639 9661 9671 9676 9681
9621 9642 9640 9636 9626 9637 9642 9601 9558 9562 9645 9632 9637 9642 9632 9637 9642 9614 9619 9663 9676 9666 9608 9599 9604 9628 9633 9638 8461 8466 8471 8475 9628 9633 9638 9643 9610 9693 9670 9675 9680
9653 9655 9657 9614 9623 9636 9641 9642 9647 8439 8444 8449 8454 9641 9631 9636 9641 9632 9637 9662 9675 9665 9607 9628 9633 9627 9632 9637 8460 8465 8470 8474 9623 9628 9624 9636 9609 9614 9654 9656 9658
9672 9677 9682 9665 9603 9637 9642 9641 9646 8438 8443 8448 8453 8458 9648 9637 9642 9631 9636 9661 9679 9669 9606 9418 9632 9626 9631 9636 8459 8464 8469 8473 9643 9627 9603 9635 9593 9633 9638 9643 9648
9652 9654 9656 9699 9630 9636 9641 9609 9614 8437 8442 8447 8452 8457 9647 9636 9641 9630 9635 9660 9678 9668 9605 9771 9631 9625 9630 9635 9640 8463 8468 9601 9642 9623 9628 9633 9638 9643 9648 9602 9603
9656 9699 9602 9626 9631 9635 9636 9548 9552 9619 8441 8446 8451 8456 9646 9635 9640 9629 9642 9664 9677 9667 9604 9416 9634 9638 9643 9553 9603 9605 9610 9615 9620 9622 9627 9632 9637 9642 9647 9643 9648
9609 9614 9619 9624 9629 9634 9545 9547 9551 9555 8440 8445 8450 8455 8473 9634 9639 9608 9641 9663 9676 9666 9633 9415 9613 9637 9588 9592 9596 9604 9609 9614 9619 9621 9626 9631 9636 9641 9646 9639 9637
9572 9575 9579 9603 9608 9613 9544 9546 9550 9554 9638 9643 9637 9642 9647 9613 9618 9607 9640 9662 9690 9699 9632 9414 9612 9584 9587 9591 9595 9633 9638 9643 9648 9620 9625 9630 9635 9640 9645 9610 9636
9571 9574 9578 9582 9607 9612 9632 9637 9549 9647 9637 9642 9647 9601 9627 9623 9628 9606 9639 9664 9668 9604 9631 9413 9642 9583 9586 9590 9594 9632 9637 9642 9647 9599 9646 9601 9606 9639 9644 9609 9635
9570 9573 9577 9581 9642 9647 9602 9621 9626 9631 9636 9641 9646 9600 9605 9615 9627 9605 9610 9693 9695 9625 9630 9412 9641 9634 9585 9589 9593 9631 9636 9641 9646 9628 9645 9600 9605 9610 9615 9638 9606
8856 8865 8874 8883 8892 8901 8746 8755 8764 8773 8782 8791 8801 8810 8819 8828 8837 8846 8856 8865 8874 8883 8892 8901 8746 8755 8764 8773 8782 8791 8801 8810 8819 8828 8837 8846 8856 8865 8907 8912 8917
8855 8864 8873 8882 8891 8900 8745 8754 8763 8772 8781 8790 8800 8809 8818 8827 8836 8845 8855 8864 8873 8882 8891 8900 8745 8754 8763 8772 8781 8790 8800 8809 8818 8827 8836 8845 8855 8864 8911 8916 8921
8854 8863 8872 8881 8907 8912 8917 8922 8927 8932 8780 8789 8799 8808 8817 8826 8835 8844 8854 8863 8872 8881 8890 8899 8744 8753 8762 8771 8780 8789 8799 8808 8817 8826 8835 8844 8854 8863 8872 8906 8911
8853 8862 8871 8880 8906 8911 8916 8921 8926 8931 8779 8788 8798 8807 8816 8825 8834 8843 8853 8862 8871 8880 8889 8898 8743 8752 8761 8770 8779 8788 8798 8807 8816 8825 8834 8843 8853 8862 8871 8779 8788
8852 8861 8870 8879 8905 8910 8915 8920 8925 8930 8815 8787 8797 8806 8815 8824 8833 8842 8852 8861 8870 8879 8888 8897 8742 8751 8760 8769 8778 8787 8797 8806 8815 8824 8833 8842 8852 8861 8870 8778 8787
8851 8860 8869 8878 8904 8909 8914 8919 8924 8929 8852 8786 8796 8805 8814 8823 8832 8841 8851 8860 8869 8878 8887 8896 8741 8750 8759 8768 8777 8786 8796 8805 8814 8823 8832 8841 8851 8860 8869 8777 8786
8850 8859 8868 8877 8903 8908 8913 8918 8923 8928 8854 8868 8795 8804 8813 8822 8831 8840 8850 8859 8868 8877 8886 8895 8740 8749 8758 8767 8776 8785 8795 8804 8813 8822 8831 8840 8850 8859 8868 8776 8785
8849 8858 8867 8876 8885 8894 8739 8748 8757 8766 8775 8784 8794 8803 8812 8821 8830 8839 8849 8858 8867 8876 8885 8894 8739 8748 8757 8766 8775 8784 8794 8803 8812 8821 8830 8839 8849 8858 8867 8775 8784
8848 8857 8866 8875 8884 8893 8738 8747 8756 8765 8774 8783 8793 8802 8811 8820 8829 8838 8848 8857 8866 8875 8884 8893 8738 8747 8756 8765 8774 8783 8793 8802 8811 8820 8829 8838 8848 8857 8866 8875 8802
9601 9606 9632 9637 9642 9647 9631 9636 9641 9646 9601 9601 9606 9632 9637 9642 9647 9631 9636 9641 9646 9601 9646 9601 9701 9707 9713 9719 9772 9730 9736 9742 9644 9599 9604 9609 9614 9619 9639 9644 9599
9602 9626 9631 9636 9641 9646 9615 9620 9625 9630 9635 9640 9645 9553 9637 9642 9620 9625 9630 9635 9640 9640 9645 9600 9643 9648 9698 9698 9600 9696 9635 9640 9623 9628 9633 9638 9643 9648 9603 9608 9613
9601 9625 9630 9635 9639 9644 9599 9604 9609 9614 9634 9639 9548 9552 9609 9614 9619 9624 9629 9634 9639 9639 9644 9599 9601 9606 9632 9637 9642 9647 9631 9606 9643 9648 9632 9637 9642 9647 9602 9607 9612
9619 9624 9629 9634 9618 9607 9612 9617 9622 9627 9613 9545 9547 9551 9603 9608 9613 9618 9623 9628 9633 9618 9623 9628 9600 9605 9631 9636 9641 9646 9630 9646 9601 9637 9642 9647 9602 9646 9601 9606 9611
9633 9638 9643 9648 9617 9606 9572 9575 9579 9626 9612 9624 9546 9550 9602 9615 9620 9625 9630 9627 9632 9637 9622 9627 9599 9604 9630 8462 8467 8472 8476 9645 9600 9636 9641 9646 9601 9645 9600 9605 9610
9632 9637 9642 9647 9616 9605 9571 9574 9578 9582 9637 9642 9647 9549 9601 9614 9619 9624 9629 9626 9631 9636 9621 9626 9628 9633 9638 8461 8466 8471 8475 9644 9599 9604 9609 9614 9619 9644 9599 9604 9609
9631 9636 9641 9646 9615 9604 9570 9573 9577 9581 9610 9615 9620 9625 9600 9643 9648 9603 9608 9625 9630 9635 9620 9625 9627 9632 9637 8460 8465 8470 8474 9623 9628 9633 9638 9643 9648 9623 9628 9633 9638
9630 9635 9640 9645 9614 9633 9638 9643 9576 9580 9609 9614 9619 9624 9629 9634 9639 9644 9599 9604 9609 9614 9619 9624 9626 9631 9636 8459 8464 8469 8473 9622 9627 9632 9637 9642 9647 9635 9640 9645 9600
9638 9643 9648 9603 9606 9632 9637 9642 9647 9631 9638 9643 9648 9603 9608 9613 9618 9623 9628 9633 9638 9643 9553 9603 9625 9630 9638 9643 9615 9697 9601 9621 9626 9631 9636 9641 9646 9634 8419 8425 8431
9637 9642 9647 9602 9605 9631 9636 9641 9646 9630 9637 9642 9647 9602 9600 9605 9610 9615 9627 9632 9637 9588 9592 9596 9636 9620 9637 9642 9614 9619 9601 9620 9625 9630 9635 9640 9645 9613 8418 8424 8430
9636 9641 9646 9647 9604 9630 8462 8467 8472 8476 9636 9641 9618 9623 9628 9633 9638 9614 9626 9631 9584 9587 9591 9595 9614 9619 9636 9641 9632 9637 9600 9619 9624 9629 9634 9639 9644 9612 8417 8423 8429
9635 9640 9645 9646 9633 9638 8461 8466 8471 8475 9635 9640 9617 8419 8425 8431 9637 9643 9625 9630 9583 9586 9590 9594 9643 9648 9637 9642 9631 9636 9599 9604 9609 9614 9619 9638 9643 9646 8416 8422 8428
9634 9639 9644 9645 9632 9637 8460 8465 8470 8474 9634 9639 9616 8418 8424 8430 8435 9619 9624 9629 9634 9585 9589 9593 9642 9601 9558 9562 9645 9632 9637 9642 9638 9643 9648 9637 9642 9637 8415 8421 8427
9613 9618 9623 9628 9631 9636 8459 8464 8469 8473 9613 9618 9615 8417 8423 8429 8434 9648 9603 9608 9613 9618 9623 9628 9641 9642 9647 8439 8444 8449 8454 9641 9629 9626 9631 9636 9641 9605 9610 9617 9622
9605 9610 9630 9627 9630 9635 9640 8463 8468 9601 9612 9617 9614 8416 8422 8428 8433 9647 9602 9645 9600 9617 9622 9627 9618 9641 9646 8438 8443 8448 8453 8458 9608 9625 9630 9605 9638 9643 9553 9603 9629
9604 9609 9629 9626 9631 9636 9641 9646 9601 9606 9611 9616 9643 8415 8421 8427 8432 9646 9601 9644 9599 9616 9621 9626 9617 9609 9614 8437 8442 8447 8452 8457 9607 9624 9629 9638 9637 9588 9592 9596 9608
9633 9638 9608 9625 9630 9635 9640 9645 9637 9642 9610 9615 9620 9625 8463 8468 9640 9645 9600 9605 9610 9615 9620 9625 9616 9634 9639 9608 8441 8446 8451 8456 9606 9603 9608 9637 9584 9587 9591 9595 9646
9632 9637 9607 9624 9629 9642 9647 9602 9636 9641 9609 9614 9619 9624 9629 9634 9639 9644 9599 9604 9609 9614 9619 9624 9615 9613 9618 9607 8440 8445 8450 8455 9617 9622 9622 9636 9583 9586 9590 9594 9637
tile 8415 0 0
tile 8416 56 0
tile 8417 112 0
tile 8418 168 0
tile 8419 224 0
tile 8421 280 0
tile 8422 336 0
tile 8423 392 0
tile 8424 448 0
tile 8425 504 0
tile 8427 560 0
tile 8428 616 0
tile 8429 672 0
tile 8430 728 0
tile 8431 784 0
tile 8432 840 0
tile 8433 896 0
tile 8434 952 0
tile 8435 1008 0
tile 8437 1064 0
tile 8438 1120 0
tile 8439 0 27
tile 8440 56 27
tile 8441 112 27
tile 8442 168 27
tile 8443 224 27
tile 8444 280 27
tile 8445 336 27
tile 8446 392 27
tile 8447 448 27
tile 8448 504 27
tile 8449 560 27
tile 8450 616 27
tile 8451 672 27
tile 8452 728 27
tile 8453 784 27
tile 8454 840 27
tile 8455 896 27
tile 8456 952 27
tile 8457 1008 27
tile 8458 1064 27
tile 8459 1120 27
tile 8460 0 54
tile 8461 56 54
tile 8462 112 54
tile 8463 168 54
tile 8464 224 54
tile 8465 280 54
tile 8466 336 54
tile 8467 392 54
tile 8468 448 54
tile 8469 504 54
tile 8470 560 54
tile 8471 616 54
tile 8472 672 54
tile 8473 728 54
tile 8474 784 54
tile 8475 840 54
tile 8476 896 54
tile 8738 952 54
tile 8739 1008 54
tile 8740 1064 54
tile 8741 1120 54
tile 8742 0 81
tile 8743 56 81
tile 8744 112 81
tile 8745 168 81
tile 8746 224 81
tile 8747 280 81
tile 8748 336 81
tile 8749 392 81
tile 8750 448 81
tile 8751 504 81
tile 8752 560 81
tile 8753 616 81
tile 8754 672 81
tile 8755 728 81
tile 8756 784 81
tile 8757 840 81
tile 8758 896 81
tile 8759 952 81
tile 8760 1008 81
tile 8761 1064 81
tile 8762 1120 81
tile 8763 0 108
tile 8764 56 108
tile 8765 112 108
tile 8766 168 108
tile 8767 224 108
tile 8768 280 108
tile 8769 336 108
tile 8770 392 108
tile 8771 448 108
tile 8772 504 108
tile 8773 560 108
tile 8774 616 108
tile 8775 672 108
tile 8776 728 108
tile 8777 784 108
tile 8778 840 108
tile 8779 896 108
tile 8780 952 108
tile 8781 1008 108
tile 8782 1064 108
tile 8783 1120 108
tile 8784 0 135
tile 8785 56 135
tile 8786 112 135
tile 8787 168 135
tile 8788 224 135
tile 8789 280 135
tile 8790 336 135
tile 8791 392 135
tile 8793 448 135
tile 8794 504 135
tile 8795 560 135
tile 8796 616 135
tile 8797 672 135
tile 8798 728 135
tile 8799 784 135
tile 8800 840 135
tile 8801 896 135
tile 8802 952 135
tile 8803 1008 135
tile 8804 1064 135
tile 8805 1120 135
tile 8806 0 162
tile 8807 56 162
tile 8808 112 162
tile 8809 168 162
tile 8810 224 162
tile 8811 280 162
tile 8812 336 162
tile 8813 392 162
tile 8814 448 162
tile 8815 504 162
tile 8816 560 162
tile 8817 616 162
tile 8818 672 162
tile 8819 728 162
tile 8820 784 162
tile 8821 840 162
tile 8822 896 162
tile 8823 952 162
tile 8824 1008 162
tile 8825 1064 162
tile 8826 1120 162
tile 8827 0 189
tile 8828 56 189
tile 8829 112 189
tile 8830 168 189
tile 8831 224 189
tile 8832 280 189
tile 8833 336 189
tile 8834 392 189
tile 8835 448 189
tile 8836 504 189
tile 8837 560 189
tile 8838 616 189
tile 8839 672 189
tile 8840 728 189
tile 8841 784 189
tile 8842 840 189
tile 8843 896 189
tile 8844 952 189
tile 8845 1008 189
tile 8846 1064 189
tile 8848 1120 189
tile 8849 0 216
tile 8850 56 216
tile 8851 112 216
tile 8852 168 216
tile 8853 224 216
tile 8854 280 216
tile 8855 336 216
tile 8856 392 216
tile 8857 448 216
tile 8858 504 216
tile 8859 560 216
tile 8860 616 216
tile 8861 672 216
tile 8862 728 216
tile 8863 784 216
tile 8864 840 216
tile 8865 896 216
tile 8866 952 216
tile 8867 1008 216
tile 8868 1064 216
tile 8869 1120 216
tile 8870 0 243
tile 8871 56 243
tile 8872 112 243
tile 8873 168 243
tile 8874 224 243
tile 8875 280 243
tile 8876 336 243
tile 8877 392 243
tile 8878 448 243
tile 8879 504 243
tile 8880 560 243
tile 8881 616 243
tile 8882 672 243
tile 8883 728 243
tile 8884 784 243
tile 8885 840 243
tile 8886 896 243
tile 8887 952 243
tile 8888 1008 243
tile 8889 1064 243
tile 8890 1120 243
tile 8891 0 270
tile 8892 56 270
tile 8893 112 270
tile 8894 168 270
tile 8895 224 270
tile 8896 280 270
tile 8897 336 270
tile 8898 392 270
tile 8899 448 270
tile 8900 504 270
tile 8901 560 270
tile 8903 616 270
tile 8904 672 270
tile 8905 728 270
tile 8906 784 270
tile 8907 840 270
tile 8908 896 270
tile 8909 952 270
tile 8910 1008 270
tile 8911 1064 270
tile 8912 1120 270
tile 8913 0 297
tile 8914 56 297
tile 8915 112 297
tile 8916 168 297
tile 8917 224 297
tile 8918 280 297
tile 8919 336 297
tile 8920 392 297
tile 8921 448 297
tile 8922 504 297
tile 8923 560 297
tile 8924 616 297
tile 8925 672 297
tile 8926 728 297
tile 8927 784 297
tile 8928 840 297
tile 8929 896 297
tile 8930 952 297
tile 8931 1008 297
tile 8932 1064 297
tile 9236 1120 297
tile 9242 0 324
tile 9412 56 324
tile 9413 112 324
tile 9414 168 324
tile 9415 224 324
tile 9416 280 324
tile 9418 336 324
tile 9544 392 324
tile 9545 448 324
tile 9546 504 324
tile 9547 560 324
tile 9548 616 324
tile 9549 672 324
tile 9550 728 324
tile 9551 784 324
tile 9552 840 324
tile 9553 896 324
tile 9554 952 324
tile 9555 1008 324
tile 9556 1064 324
tile 9557 1120 324
tile 9558 0 351
tile 9559 56 351
tile 9560 112 351
tile 9561 168 351
tile 9562 224 351
tile 9563 280 351
tile 9564 336 351
tile 9565 392 351
tile 9566 448 351
tile 9567 504 351
tile 9568 560 351
tile 9569 616 351
tile 9570 672 351
tile 9571 728 351
tile 9572 784 351
tile 9573 840 351
tile 9574 896 351
tile 9575 952 351
tile 9576 1008 351
tile 9577 1064 351
tile 9578 1120 351
tile 9579 0 378
tile 9580 56 378
tile 9581 112 378
tile 9582 168 378
tile 9583 224 378
tile 9584 280 378
tile 9585 336 378
tile 9586 392 378
tile 9587 448 378
tile 9588 504 378
tile 9589 560 378
tile 9590 616 378
tile 9591 672 378
tile 9592 728 378
tile 9593 784 378
tile 9594 840 378
tile 9595 896 378
tile 9596 952 378
tile 9597 1008 378
tile 9599 1064 378
tile 9600 1120 378
tile 9601 0 405
tile 9602 56 405
tile 9603 112 405
tile 9604 168 405
tile 9605 224 405
tile 9606 280 405
tile 9607 336 405
tile 9608 392 405
tile 9609 448 405
tile 9610 504 405
tile 9611 560 405
tile 9612 616 405
tile 9613 672 405
tile 9614 728 405
tile 9615 784 405
tile 9616 840 405
tile 9617 896 405
tile 9618 952 405
tile 9619 1008 405
tile 9620 1064 405
tile 9621 1120 405
tile 9622 0 432
tile 9623 56 432
tile 9624 112 432
tile 9625 168 432
tile 9626 224 432
tile 9627 280 432
tile 9628 336 432
tile 9629 392 432
tile 9630 448 432
tile 9631 504 432
tile 9632 560 432
tile 9633 616 432
tile 9634 672 432
tile 9635 728 432
tile 9636 784 432
tile 9637 840 432
tile 9638 896 432
tile 9639 952 432
tile 9640 1008 432
tile 9641 1064 432
tile 9642 1120 432
tile 9643 0 459
tile 9644 56 459
tile 9645 112 459
tile 9646 168 459
tile 9647 224 459
tile 9648 280 459
tile 9652 336 459
tile 9653 392 459
tile 9654 448 459
tile 9655 504 459
tile 9656 560 459
tile 9657 616 459
tile 9658 672 459
tile 9659 728 459
tile 9660 784 459
tile 9661 840 459
tile 9662 896 459
tile 9663 952 459
tile 9664 1008 459
tile 9665 1064 459
tile 9666 1120 459
tile 9667 0 486
tile 9668 56 486
tile 9669 112 486
tile 9670 168 486
tile 9671 224 486
tile 9672 280 486
tile 9673 336 486
tile 9674 392 486
tile 9675 448 486
tile 9676 504 486
tile 9677 560 486
tile 9678 616 486
tile 9679 672 486
tile 9680 728 486
tile 9681 784 486
tile 9682 840 486
tile 9688 896 486
tile 9690 952 486
tile 9693 1008 486
tile 9695 1064 486
tile 9696 1120 486
tile 9697 0 513
tile 9698 56 513
tile 9699 112 513
tile 9701 168 513
tile 9707 224 513
tile 9713 280 513
tile 9719 336 513
tile 9730 392 513
tile 9736 448 513
tile 9742 504 513
tile 9771 560 513
tile 9772 616 513
picture 10059 224 420 136 0
picture 10060 196 151 150 0
picture 10061 112 191 189 0
picture 10062 28 447 220 0
picture 10063 56 414 205 0
picture 10064 140 181 176 0
picture 10065 196 740 143 0
picture 10066 252 763 89 0
picture 10067 252 117 116 0
picture 10068 168 0 165 0
picture 10069 84 605 193 0
picture 10070 28 667 209 0
picture 10071 28 225 222 0
picture 10072 84 203 202 0
picture 10073 140 357 170 0
picture 10074 252 0 117 0
picture 10075 252 852 89 0
picture 10076 280 0 84 0
picture 10077 224 0 143 0
picture 10078 112 0 191 0
picture 10079 56 619 205 0
picture 10080 84 405 200 0
picture 10081 112 380 186 0
picture 10082 168 645 153 0
picture 10083 280 84 73 0
picture 10084 280 701 38 0
picture 10141 280 273 46 0
picture 10142 280 365 45 0
picture 10143 280 410 45 0
picture 10144 280 319 46 0
picture 10145 308 229 24 0
picture 10146 280 497 41 0
picture 10147 280 538 41 0
picture 10148 280 579 41 0
picture 10149 280 620 41 0
picture 10150 308 253 23 0
picture 10151 308 276 23 0
picture 10152 308 299 23 0
picture 10153 308 322 23 0
picture 10161 280 226 47 0
picture 10162 280 157 69 0
picture 10163 252 458 104 0
picture 10164 252 562 103 0
picture 10165 252 233 113 0
picture 10166 224 690 125 0
picture 10167 252 346 112 0
picture 10168 280 961 34 0
picture 10169 308 201 28 0
picture 10170 308 170 31 0
picture 10171 280 661 40 0
picture 10172 280 925 36 0
picture 10173 308 0 34 0
picture 10174 280 777 37 0
picture 10175 308 34 34 0
picture 10176 280 814 37 0
picture 10177 308 68 34 0
picture 10178 280 851 37 0
picture 10179 280 739 38 0
picture 10180 308 102 34 0
picture 10181 308 136 34 0
picture 10182 280 455 42 0
picture 10183 280 888 37 0
picture 10231 196 595 145 0
picture 10232 140 527 167 0
picture 10233 84 0 203 0
picture 10234 56 0 207 0
picture 10235 112 566 185 0
picture 10236 168 491 154 0
picture 10238 224 815 118 0
picture 10239 224 556 134 0
picture 10240 196 0 151 0
picture 10241 196 301 148 0
picture 10242 168 798 152 0
picture 10243 224 143 140 0
picture 10244 252 665 98 0
picture 10245 196 449 146 0
picture 10246 140 694 167 0
picture 10247 0 260 246 0
picture 10248 0 0 260 0
picture 10249 0 506 246 0
picture 10250 0 752 226 0
picture 10251 28 0 225 0
picture 10252 56 207 207 0
picture 10483 224 283 137 0
picture 10484 168 329 162 0
picture 10485 112 751 185 0
picture 10486 84 798 193 0
picture 10487 140 0 181 0
picture 10488 168 165 164 0
object 1 0 left 10168
object 1 0 right 10169
object 2 0 left 10141
object 2 0 right 10142
object 8 0 right 10083
object 0 1 left 10178
object 0 1 right 10179
object 1 1 left 10172
object 1 1 right 10173
object 2 1 left 10174
object 2 1 right 10175
object 8 1 right 10082
object 39 1 right 10084
object 0 2 left 10174
object 0 2 right 10175
object 1 2 left 10176
object 1 2 right 10177
object 2 2 left 10180
object 2 2 right 10181
object 8 2 right 10081
object 19 2 left 10152
object 19 2 right 10153
object 39 2 right 10083
object 1 3 left 10168
object 1 3 right 10169
object 2 3 left 10182
object 2 3 right 10183
object 4 3 left 10152
object 4 3 right 10153
object 5 3 left 10076
object 6 3 left 10077
object 7 3 left 10078
object 8 3 left 10079
object 8 3 right 10080
object 22 3 left 10170
object 22 3 right 10171
object 39 3 right 10082
object 1 4 left 10176
object 1 4 right 10177
object 2 4 left 10182
object 2 4 right 10183
object 3 4 left 10180
object 3 4 right 10181
object 14 4 right 10066
object 18 4 left 10182
object 18 4 right 10183
object 26 4 right 10488
object 39 4 right 10081
object 1 5 left 10143
object 1 5 right 10144
object 2 5 left 10148
object 2 5 right 10149
object 4 5 left 10178
object 4 5 right 10179
object 14 5 right 10065
object 26 5 right 10487
object 36 5 left 10076
object 37 5 left 10077
object 38 5 left 10078
object 39 5 left 10079
object 39 5 right 10080
object 2 6 left 10178
object 2 6 right 10179
object 14 6 right 10064
object 23 6 left 10178
object 23 6 right 10179
object 24 6 left 10483
object 25 6 left 10484
object 26 6 left 10485
object 26 6 right 10486
object 33 6 left 10180
object 33 6 right 10181
object 9 7 right 10244
object 14 7 right 10063
object 17 7 left 10176
object 17 7 right 10177
object 33 7 left 10143
object 33 7 right 10144
object 34 7 left 10182
object 34 7 right 10183
object 1 8 left 10152
object 1 8 right 10153
object 9 8 right 10243
object 12 8 left 10059
object 13 8 left 10060
object 14 8 left 10061
object 14 8 right 10062
object 18 8 left 10174
object 18 8 right 10175
object 29 8 right 10084
object 33 8 left 10170
object 33 8 right 10171
object 34 8 left 10178
object 34 8 right 10179
object 1 9 left 10148
object 1 9 right 10149
object 2 9 left 10170
object 2 9 right 10171
object 9 9 right 10242
object 12 9 left 10141
object 12 9 right 10142
object 29 9 right 10083
object 7 10 left 10238
object 8 10 left 10239
object 9 10 left 10240
object 9 10 right 10241
object 17 10 left 10180
object 17 10 right 10181
object 29 10 right 10082
object 11 11 right 10075
object 17 11 left 10152
object 17 11 right 10153
object 29 11 right 10081
object 4 12 left 10178
object 4 12 right 10179
object 11 12 right 10074
object 16 12 left 10143
object 16 12 right 10144
object 17 12 left 10178
object 17 12 right 10179
object 26 12 left 10076
object 27 12 left 10077
object 28 12 left 10078
object 29 12 left 10079
object 29 12 right 10080
object 4 13 left 10180
object 4 13 right 10181
object 11 13 right 10073
object 16 13 left 10174
object 16 13 right 10175
object 17 13 left 10180
object 17 13 right 10181
object 7 14 left 10067
object 8 14 left 10068
object 9 14 left 10069
object 10 14 left 10070
object 11 14 left 10071
object 11 14 right 10072
object 16 14 left 10170
object 16 14 right 10171
object 17 14 left 10182
object 17 14 right 10183
object 35 14 left 10174
object 35 14 right 10175
object 36 14 left 10180
object 36 14 right 10181
object 37 14 left 10168
object 37 14 right 10169
object 0 15 left 10176
object 0 15 right 10177
object 1 15 left 10182
object 1 15 right 10183
object 2 15 left 10170
object 2 15 right 10171
object 8 15 right 10236
object 16 15 left 10152
object 16 15 right 10153
object 27 15 right 10252
object 35 15 left 10170
object 35 15 right 10171
object 36 15 left 10182
object 36 15 right 10183
object 8 16 right 10235
object 16 16 left 10141
object 16 16 right 10142
object 17 16 left 10148
object 17 16 right 10149
object 27 16 right 10251
object 35 16 left 10152
object 35 16 right 10153
object 2 17 right 10488
object 6 17 left 10231
object 7 17 left 10232
object 8 17 left 10233
object 8 17 right 10234
object 16 17 left 10174
object 16 17 right 10175
object 17 17 left 10176
object 17 17 right 10177
object 20 17 left 10152
object 20 17 right 10153
object 27 17 right 10250
object 34 17 left 10168
object 34 17 right 10169
object 35 17 left 10141
object 35 17 right 10142
object 36 17 left 10148
object 36 17 right 10149
object 37 17 left 10170
object 37 17 right 10171
object 2 18 right 10487
object 16 18 left 10180
object 16 18 right 10181
object 17 18 left 10178
object 17 18 right 10179
object 20 18 left 10148
object 20 18 right 10149
object 21 18 left 10170
object 21 18 right 10171
object 24 18 left 10245
object 25 18 left 10246
object 26 18 left 10247
object 27 18 left 10248
object 27 18 right 10249
object 34 18 left 10172
object 34 18 right 10173
object 35 18 left 10174
object 35 18 right 10175
object 36 18 left 10176
object 36 18 right 10177
object 37 18 left 10172
object 37 18 right 10173
object 0 19 left 10483
object 1 19 left 10484
object 2 19 left 10485
object 2 19 right 10486
object 34 19 left 10176
object 34 19 right 10177
object 35 19 left 10180
object 35 19 right 10181
object 36 19 left 10178
object 36 19 right 10179
object 38 19 left 10180
object 38 19 right 10181
object 24 23 left 10180
object 24 23 right 10181
object 40 23 right 10167
object 40 24 right 10166
object 11 25 left 10148
object 11 25 right 10149
object 40 25 right 10165
object 40 26 right 10164
object 40 27 right 10163
object 40 28 left 10161
object 40 28 right 10162
object 28 29 left 10170
object 28 29 right 10171
object 29 29 left 10182
object 29 29 right 10183
object 33 29 left 10143
object 33 29 right 10144
object 34 29 left 10172
object 34 29 right 10173
object 37 29 left 10170
object 37 29 right 10171
object 29 30 left 10168
object 29 30 right 10169
object 33 30 left 10146
object 33 30 right 10147
object 38 30 left 10168
object 38 30 right 10169
object 13 31 right 10236
object 28 31 right 10084
object 33 31 left 10170
object 33 31 right 10171
object 34 31 left 10178
object 34 31 right 10179
object 35 31 left 10150
object 35 31 right 10151
object 13 32 right 10235
object 28 32 right 10083
object 33 32 left 10174
object 33 32 right 10175
object 34 32 left 10180
object 34 32 right 10181
object 35 32 left 10168
object 35 32 right 10169
object 1 33 left 10152
object 1 33 right 10153
object 8 33 right 10488
object 11 33 left 10231
object 12 33 left 10232
object 13 33 left 10233
object 13 33 right 10234
object 28 33 right 10082
object 33 33 left 10170
object 33 33 right 10171
object 34 33 left 10182
object 34 33 right 10183
object 1 34 left 10148
object 1 34 right 10149
object 8 34 right 10487
object 28 34 right 10081
object 33 34 left 10152
object 33 34 right 10153
object 0 35 left 10182
object 0 35 right 10183
object 6 35 left 10483
object 7 35 left 10484
object 8 35 left 10485
object 8 35 right 10486
object 25 35 left 10076
object 26 35 left 10077
object 27 35 left 10078
object 28 35 left 10079
object 28 35 right 10080
object 32 35 left 10168
object 32 35 right 10169
object 33 35 left 10141
object 33 35 right 10142
object 34 35 left 10148
object 34 35 right 10149
object 35 35 left 10170
object 35 35 right 10171
object 0 36 left 10168
object 0 36 right 10169
object 1 36 left 10180
object 1 36 right 10181
object 31 36 left 10178
object 31 36 right 10179
object 32 36 left 10172
object 32 36 right 10173
object 33 36 left 10170
object 33 36 right 10171
object 34 36 left 10182
object 34 36 right 10183
object 35 36 left 10172
object 35 36 right 10173
object 39 36 right 10066
object 2 37 left 10178
object 2 37 right 10179
object 7 37 right 10084
object 22 37 right 10252
object 28 37 left 10180
object 28 37 right 10181
object 31 37 left 10174
object 31 37 right 10175
object 32 37 left 10176
object 32 37 right 10177
object 33 37 left 10180
object 33 37 right 10181
object 34 37 left 10168
object 34 37 right 10169
object 36 37 left 10180
object 36 37 right 10181
object 39 37 right 10065
object 7 38 right 10083
object 22 38 right 10251
object 28 38 left 10152
object 28 38 right 10153
object 31 38 left 10172
object 31 38 right 10173
object 32 38 left 10170
object 32 38 right 10171
object 39 38 right 10064
object 40 38 left 10180
object 40 38 right 10181
object 7 39 right 10082
object 14 39 right 10066
object 22 39 right 10250
object 27 39 left 10143
object 27 39 right 10144
object 28 39 left 10178
object 28 39 right 10179
object 32 39 left 10180
object 32 39 right 10181
object 39 39 right 10063
object 7 40 right 10081
object 14 40 right 10065
object 19 40 left 10245
object 20 40 left 10246
object 21 40 left 10247
object 22 40 left 10248
object 22 40 right 10249
object 27 40 left 10174
object 27 40 right 10175
object 28 40 left 10180
object 28 40 right 10181
object 34 40 left 10170
object 34 40 right 10171
object 37 40 left 10059
object 38 40 left 10060
object 39 40 left 10061
object 39 40 right 10062
object 4 41 left 10076
object 5 41 left 10077
object 6 41 left 10078
object 7 41 left 10079
object 7 41 right 10080
object 14 41 right 10064
object 29 41 right 10075
object 14 42 right 10063
object 20 42 left 10176
object 20 42 right 10177
object 29 42 right 10074
object 11 43 left 10076
object 12 43 left 10059
object 13 43 left 10060
object 14 43 left 10061
object 14 43 right 10062
object 20 43 left 10170
object 20 43 right 10171
object 21 43 right 10145
object 29 43 right 10073
object 32 43 left 10152
object 32 43 right 10153
object 38 43 right 10252
object 12 44 left 10141
object 12 44 right 10142
object 20 44 left 10168
object 20 44 right 10169
object 21 44 left 10143
object 21 44 right 10144
object 25 44 left 10067
object 26 44 left 10068
object 27 44 left 10069
object 28 44 left 10070
object 29 44 left 10071
object 29 44 right 10072
object 32 44 left 10178
object 32 44 right 10179
object 38 44 right 10251
object 3 45 left 10170
object 3 45 right 10171
object 8 45 left 10152
object 8 45 right 10153
object 26 45 left 10141
object 26 45 right 10142
object 27 45 left 10148
object 27 45 right 10149
object 32 45 left 10180
object 32 45 right 10181
object 33 45 left 10168
object 33 45 right 10169
object 38 45 right 10250
object 8 46 left 10148
object 8 46 right 10149
object 9 46 left 10170
object 9 46 right 10171
object 26 46 left 10174
object 26 46 right 10175
object 27 46 left 10176
object 27 46 right 10177
object 32 46 left 10182
object 32 46 right 10183
object 33 46 left 10178
object 33 46 right 10179
object 35 46 left 10245
object 36 46 left 10246
object 37 46 left 10247
object 38 46 left 10248
object 38 46 right 10249
