# lod20588 — tools/dat-extract layout 이 만든다. 손으로 고치지 말 것.
size 50 50
blocked
...............##....##....#######################
...............##....###...#######################
...............##....##....#######################
...........................#######################
...........................#######################
###..............#...........#####################
###............................####..#############
......#...............................############
..........#............................###########
...............#.......................###########
......................................############
###...................................############
######................................############
#####..................................###########
###................................#...###########
###....................................###########
.##..............######................###########
.#................#####................###########
..................#####...............############
..................#####....#.........#############
..................#..................#############
.....#................................############
.......................#..............############
......................................############
......................................############
......................................############
......................................############
.........#.......................#....############
......................................############
...................##.................############
...#........................###.......############
...........................#######################
...........................#######################
...........................#######################
...........................#######################
...........................#######################
..#........................#######################
...........................#######################
..........................########################
..........................########################
...........................#######################
...........#...............#######################
...........................#######################
.....................#.....#######################
........................#..#######################
...............##..........#######################
...............##..........#######################
.............#####.........#######################
.......##....#####.........#######################
.......##....####..........#######################
floor
10422 10430 10438 10446 10454 10462 10470 10478 10301 10309 10317 10325 10333 10341 10349 10357 10985 10989 10993 10997 10454 10462 10470 10478 10301 10309 10133 10141 10149 10157 10165 7945 7950 7955 7945 7950 7955 7960 7965 7945 7950 7955 7945 7950 7955 7960 7965 7945 7950 7955
10421 10429 10437 10445 10453 10461 10469 10477 10300 10308 9888 9897 9903 10340 10348 10356 10984 10988 10992 10996 10453 10461 10469 10799 10300 10308 10132 10140 10148 10156 10164 7944 7949 7954 7944 7949 7954 7959 7964 7944 7949 7954 7944 7949 7954 7959 7964 7944 7949 7954
9775 9778 10736 10444 10452 10460 10468 10476 10299 10307 9887 9896 9902 9906 10347 10355 10983 10987 10991 10995 10452 10460 10468 10476 10299 10307 10131 10139 10147 10155 10163 7943 7948 7953 7943 7948 7953 7958 7963 7943 7948 7953 7943 7948 7953 7958 7963 7943 7948 7953
9774 9777 9780 10443 10451 10459 10467 10475 10298 10306 9886 9895 9901 9905 10346 10354 10982 10986 10990 10994 10451 10459 10467 10475 10733 10306 10130 10138 10146 10154 10162 10170 10175 10180 10074 10079 10084 10092 10100 10108 10116 10124 8179 7947 7952 7957 7962 8179 7947 7952
10418 9776 9779 10442 10450 10458 10466 10474 10297 10305 9885 9894 9900 9904 10345 10353 10418 10426 10356 10442 10450 10458 10466 10474 10297 10305 10129 10137 10145 10153 10161 10169 10174 10179 10073 10078 10083 10091 10099 10107 10115 10123 8178 7946 7951 7956 7961 8178 7946 7951
10417 10425 10433 10441 10449 10457 10465 10473 10296 10304 10312 9893 9899 10336 10344 10352 10417 10425 10433 10441 10449 10457 10465 10473 10296 10304 10128 10136 10144 10152 10160 10168 10173 10178 10072 10077 10082 10090 10098 10106 10114 10122 7945 7950 7955 7960 7965 7945 7950 7955
10416 10424 10432 10440 10448 10456 10464 10472 10295 10303 10311 9892 9898 10335 10343 10351 10416 10735 10432 10440 10448 10456 10464 10472 10295 10303 10127 10135 10143 10151 10159 10167 10172 10177 10071 10076 10081 10089 10097 10105 10113 10121 7944 7949 7954 7959 7964 7944 7949 7954
11002 11006 11010 11014 10447 10455 10341 10471 10294 10302 9884 9891 10326 10334 9830 9835 10415 10423 10431 10439 10447 10455 10463 10471 10294 10302 10126 10134 10142 10150 10158 10166 10171 10176 10070 10075 10080 10088 10096 10104 10112 10120 7943 7948 7953 7958 7963 7943 7948 7953
11001 11005 11009 11013 10333 10348 10452 10357 10422 10430 9883 9890 10454 9825 9829 9834 10301 10309 10317 10325 10333 10732 10349 10357 10422 10430 10438 10446 10454 10462 10470 10478 10301 9860 9864 9871 10333 10087 10095 10103 10111 10119 8179 7947 7952 7957 7962 8179 7947 7952
11000 11004 11008 11012 10332 10340 10348 10356 10421 10429 9882 9889 9821 9824 9828 9833 9837 10308 10316 10324 10332 10340 10348 10356 10421 10429 10437 10445 10453 10461 10469 10477 9856 9859 9863 9870 9877 10086 10094 10102 10110 10118 8178 7946 7951 7956 7961 8178 7946 7951
10999 11003 11007 11011 10797 10801 10347 10355 10420 10733 10436 10444 10452 9823 9827 9832 9836 10307 10315 10323 10331 10339 10347 10355 10420 10428 10436 10444 10452 10460 10468 10476 10299 9858 9862 9869 9876 10085 10093 10101 10109 10117 7945 7950 7955 7960 7965 7945 7950 7955
10298 9789 9791 10322 10796 10800 10346 10354 10419 10427 10435 10443 10451 9822 9826 9831 10298 10306 10314 10322 10330 10338 10346 10354 10419 10427 10435 10443 10451 10459 10467 10475 10298 9857 9861 9868 9875 10543 10551 10559 10567 10575 7944 7949 7954 7959 7964 7944 7949 7954
10297 10305 10313 10321 10329 10799 10345 10353 10418 10426 10434 10442 10450 10458 10466 10474 10297 10305 10313 10321 10329 10337 10345 10353 10418 10426 10434 10442 10450 10458 10466 10474 10297 10305 10313 9867 9874 10542 10550 10558 10566 10574 7943 7948 7953 7958 7963 7943 7948 7953
10296 10304 10312 10320 10328 10798 10344 10352 10417 10425 10433 10441 10449 10457 10465 10473 10296 9845 10312 10320 10328 10336 10344 10352 10417 10425 10433 10441 10736 10457 10465 10473 10296 10304 10312 9866 9873 10541 10549 10557 10565 10573 8179 7947 7952 7957 7962 8179 7947 7952
10295 10303 9785 10319 10327 10335 10343 10351 10416 10424 10432 10440 10448 10456 10464 10472 9841 9844 10311 10319 10327 10335 10343 10351 10416 10824 10831 10440 10448 10456 10464 10472 10295 10303 10311 9865 9872 10540 10548 10556 10564 10572 8178 7946 7951 7956 7961 8178 7946 7951
10294 10302 10310 9860 9864 9871 10342 10350 10415 10423 10431 10439 10447 10455 10463 10471 9840 9843 9846 10318 10326 10334 10342 10350 10817 10823 10830 10837 10842 10455 10463 10471 10294 10302 10310 10318 10326 10539 10547 10555 10563 10571 7945 7950 7955 7960 7965 7945 7950 7955
10422 10430 9856 9859 9863 9870 9877 10478 10301 10309 10317 10325 10333 10341 10349 10357 9839 9842 10438 10446 10454 10889 10888 10478 10816 10822 10829 10836 10841 10341 10349 10357 10422 10430 10438 10446 10454 10538 10546 10554 10562 10570 7944 7949 7954 7959 7964 7944 7949 7954
10421 10429 10437 9858 9862 9869 9876 10477 10300 10308 10316 10324 10332 10340 10348 10356 10421 10429 10437 10445 10453 10461 10887 10431 10815 10821 10828 10835 10840 10340 10348 10356 10421 10429 10437 10737 10453 10537 10545 10553 10561 10569 7943 7948 7953 7958 7963 7943 7948 7953
10420 10428 10436 9857 9861 9868 9875 10476 10299 10307 10734 10323 10331 10339 10347 10355 10420 10428 10436 10444 10452 10460 10886 10317 10814 10820 10827 10834 10839 10339 10347 10355 10420 10428 10436 10444 10452 10536 10544 10552 10560 10568 8179 7947 7952 7957 7962 8179 7947 7952
10419 10427 10435 10443 10451 9867 9874 10475 10298 10306 10314 10322 10330 10338 10346 10354 10419 10427 10435 10443 10451 10459 10885 10316 10813 10819 10826 10833 10838 10338 10346 10354 10419 10427 10435 10443 10451 10584 10592 10600 10608 10616 8178 7946 7951 7956 7961 8178 7946 7951
10418 10426 10434 10442 10450 9866 9873 10474 10297 10305 10313 10321 10329 10337 10345 10353 10418 10426 10799 10442 10450 10458 10853 10856 10858 10818 10825 10832 10329 10337 10345 10353 10418 9888 9897 9903 10450 10583 10591 10599 10607 10615 7945 7950 7955 7960 7965 7945 7950 7955
10417 10425 10433 10441 10449 9865 9872 10473 10296 10304 10312 10320 10328 10336 10344 10352 10417 10425 10433 10441 10449 10457 10465 10855 10857 10304 10312 10320 10328 10336 10344 10352 10417 9887 9896 9902 9906 10582 10590 10598 10606 10614 7944 7949 7954 7959 7964 7944 7949 7954
10416 10424 10432 10440 10448 10456 10464 10779 10784 10790 10311 10319 10327 10335 10343 10351 10416 10424 10432 10440 10448 10456 10464 10854 10295 10303 10311 10319 10327 10335 10343 10351 10416 9886 9895 9901 9905 10581 10589 10597 10605 10613 7943 7948 7953 7958 7963 7943 7948 7953
10415 10423 10431 10439 10447 10455 10463 10778 10783 10789 10793 10318 10326 10334 10342 10350 10415 10423 10431 10439 10447 10455 10463 10471 10294 10302 10310 10318 10326 10334 10342 10350 10415 9885 9894 9900 9904 10580 10588 10596 10604 10612 8179 7947 7952 7957 7962 8179 7947 7952
10301 10309 10317 10325 10333 10341 10349 10777 10782 10788 10438 10446 10454 10462 10470 10478 10301 10309 10317 10325 10333 10341 10349 10357 10422 10430 10438 10732 10454 10462 10470 10478 10301 10309 9893 9899 10333 10579 10587 10595 10603 10611 8178 7946 7951 7956 7961 8178 7946 7951
10300 10779 10784 10790 10332 10340 10348 10356 10781 10787 10792 10794 10453 10461 10469 10477 10300 10308 10316 10324 10332 10340 10348 10356 10736 10429 10437 10445 10453 10461 10469 10477 10300 10308 9892 9898 10332 10578 10586 10594 10602 10610 7945 7950 7955 7960 7965 7945 7950 7955
10299 10778 10783 10789 10793 10339 10347 10355 10780 10786 10791 10444 10452 10460 10468 10476 10299 10307 10315 10323 10331 10339 10347 10355 10420 10428 10436 10444 10452 10460 10468 10476 10299 9884 9891 10323 10331 10577 10585 10593 10601 10609 7944 7949 7954 7959 7964 7944 7949 7954
10298 10777 10782 10788 10330 10338 10346 10354 10736 10785 10435 10443 10451 10459 10467 10475 10298 10306 10314 10322 10330 10338 10346 10354 10419 10427 10435 10443 10451 10459 10467 10475 10298 9883 9890 10322 10330 10640 10648 10656 10664 10672 7943 7948 7953 7958 7963 7943 7948 7953
10297 10305 10781 10787 10792 10794 10345 10353 10418 10426 10733 10442 10450 10458 10466 10474 10297 10305 10313 10769 10770 10337 10345 10353 10418 10426 10434 10442 10450 10735 10466 10474 10297 9882 9889 10321 10731 10639 10647 10655 10663 10671 8179 7947 7952 7957 7962 8179 7947 7952
10296 10304 10780 10786 10791 10336 10344 10352 10417 10425 10433 10441 10449 10457 10465 10473 10296 10304 10312 10320 10328 10336 10344 10352 10417 10425 10433 10441 10449 10457 10465 10473 10296 10304 10312 10320 10730 10638 10646 10654 10662 10670 8178 7946 7951 7956 7961 8178 7946 7951
10295 10303 10311 10785 10327 10335 10343 10351 10416 10424 10432 10440 10448 10456 10464 10472 10295 10303 10311 10319 10327 10335 10343 10351 10416 10424 10366 10374 10382 10390 10398 10403 10408 10413 10622 10627 10632 10637 10645 10653 10661 10669 7945 7950 7955 7960 7965 7945 7950 7955
10294 10302 10310 10318 10326 10334 10342 10350 10415 10423 10431 10439 10447 10455 10463 10471 10294 10302 10310 10318 10326 10334 10342 10350 10415 10423 10365 10373 10381 10389 10397 10402 10407 10412 10621 10626 10631 10636 10644 10652 10660 10668 7944 7949 7954 7959 7964 7944 7949 7954
10422 10430 10438 10446 10454 10462 10470 10478 10301 10309 10317 10325 10333 10341 10349 10357 10422 10430 10438 10446 10454 10462 10470 10478 10301 10309 10364 10372 10380 10388 10396 10401 10406 10411 10620 10625 10630 10635 10643 10651 10659 10667 7943 7948 7953 7958 7963 7943 7948 7953
10421 10429 9845 10445 10453 10461 10469 10477 10300 10308 10316 10324 10332 10340 10348 10356 10421 10429 10437 10445 10453 10461 10469 10477 10300 10308 10363 10371 10379 10387 10395 10400 10405 10410 10619 10624 10629 10634 10642 10650 10658 10666 8179 7947 7952 7957 7962 8179 7947 7952
10420 9841 9844 10444 10452 10460 10468 10476 10299 10307 10315 10323 10331 10339 10347 10355 10420 10428 10436 10444 10452 10460 10468 10476 10731 10307 10362 10370 10378 10386 10394 10399 10404 10409 10618 10623 10628 10633 10641 10649 10657 10665 8178 7946 7951 7956 7961 8178 7946 7951
10419 9840 9843 9846 10451 10459 10467 10475 10298 10306 10314 10322 10330 10338 10346 10354 10419 10427 10737 10443 10451 10459 10467 10475 10730 10306 10361 10369 10377 10385 10393 7945 7950 7955 7945 7950 7955 7960 7965 7945 7950 7955 7960 7965 7945 7950 7955 7960 7965 7945
10418 9839 9842 10442 10450 10458 10466 10474 10297 10305 10313 10321 10329 10337 10345 10353 10418 10426 10434 10442 10450 10458 10466 10474 10297 10305 10360 10368 10376 10384 10392 7944 7949 7954 7944 7949 7954 7959 7964 7944 7949 7954 7959 7964 7944 7949 7954 7959 7964 7944
10417 10425 10433 10441 10449 10457 10465 10473 10296 10304 10312 10320 10328 10336 10344 10352 10417 10425 10433 9860 9864 9871 10465 10473 10296 10304 10359 10367 10375 10383 10391 7943 7948 7953 7943 7948 7953 7958 7963 7943 7948 7953 7958 7963 7943 7948 7953 7958 7963 7943
10416 10424 10432 10440 10736 10456 10464 10472 10295 10732 10311 10319 10327 10335 10343 10351 10416 10424 9856 9859 9863 9870 9877 10472 10295 10303 10584 10592 10600 10608 10616 8179 7947 7952 8179 7947 7952 7957 7962 8179 7947 7952 7957 7962 8179 7947 7952 7957 7962 8179
10415 10423 10431 10439 10447 10455 10463 10471 10294 10302 10310 10318 10326 10334 10342 10350 10415 10423 10431 9858 9862 9869 9876 10471 10294 10302 10583 10591 10599 10607 10615 8178 7946 7951 8178 7946 7951 7956 7961 8178 7946 7951 7956 7961 8178 7946 7951 7956 7961 8178
10301 10309 10317 10325 10333 10341 10349 10357 10422 10430 10438 10446 10454 10462 10470 10478 10301 10309 10317 9857 9861 9868 9875 10357 10422 10430 10582 10590 10598 10606 10614 7944 7949 7954 7945 7950 7955 7960 7965 7945 7950 7955 7960 7965 7945 7950 7955 7960 7965 7945
10300 10308 10316 10324 10332 10340 10348 10356 10421 10429 10437 10445 10453 10461 10469 10477 10300 10308 10316 10324 10332 9867 9874 10356 10421 10429 10581 10589 10597 10605 10613 7943 7948 7953 7944 7949 7954 7959 7964 7944 7949 7954 7959 7964 7944 7949 7954 7959 7964 7944
10299 10307 10315 10323 10331 10339 10347 10355 10420 10428 10436 10444 10452 10460 10468 10476 10299 10307 10315 10323 10331 9866 9873 9830 9835 10428 10580 10588 10596 10604 10612 8179 7947 7952 7943 7948 7953 7958 7963 7943 7948 7953 7958 7963 7943 7948 7953 7958 7963 7943
10298 10306 10314 10322 10330 10338 10346 10354 10419 10427 10435 10443 10451 10459 10467 10753 10298 10306 10314 10322 10330 9865 9872 9829 9834 10427 10579 10587 10595 10603 10611 8178 7946 7951 8179 7947 7952 7957 7962 8179 7947 7952 7957 7962 8179 7947 7952 7957 7962 8179
10297 10305 10313 10321 10329 10337 10345 10353 10418 10426 10434 10442 10450 10458 10466 10752 10754 10305 10313 10321 10329 9821 9824 9828 9833 9837 10578 10586 10594 10602 10610 7945 7950 7955 8178 7946 7951 7956 7961 8178 7946 7951 7956 7961 8178 7946 7951 7956 7961 8178
10296 10731 10312 10320 10328 10336 10344 10352 10417 10425 10433 10441 10449 10457 10465 10473 10797 10801 10312 10320 10328 10336 9823 9827 9832 9836 10577 10585 10593 10601 10609 7944 7949 7954 7945 7950 7955 7960 7965 7945 7950 7955 7960 7965 7945 7950 7955 7960 7965 7945
10295 10730 10311 10319 10327 10335 10343 10351 10416 11019 11023 11027 11031 10456 9788 9790 10796 10800 10311 10319 10327 10335 9822 9826 9831 10424 10133 10141 10149 10157 10165 7943 7948 7953 7944 7949 7954 7959 7964 7944 7949 7954 7959 7964 7944 7949 7954 7959 7964 7944
10294 10302 10310 10318 10326 10334 10342 10350 10415 11018 11022 11026 11030 10455 10463 9789 9791 10799 10310 10318 10326 10737 10342 10350 10415 10423 10132 10140 10148 10156 10164 8179 7947 7952 7943 7948 7953 7958 7963 7943 7948 7953 7958 7963 7943 7948 7953 7958 7963 7943
10422 10430 10438 10446 10454 10462 10470 10478 10301 11017 11021 11025 11029 10341 10349 10357 10422 10809 10811 10446 10454 10462 10470 10478 10301 10309 10131 10139 10147 10155 10163 8178 7946 7951 8179 7947 7952 7957 7962 8179 7947 7952 7957 7962 8179 7947 7952 7957 7962 8179
10421 10429 10437 10445 10453 10461 10469 10477 10300 11016 11020 11024 11028 10340 10348 10356 10421 10808 10437 10445 10453 10461 10469 10477 10300 10308 10130 10138 10146 10154 10162 10170 10175 10180 8178 7946 7951 7956 7961 8178 7946 7951 7956 7961 8178 7946 7951 7956 7961 8178
tile 7943 0 0
tile 7944 56 0
tile 7945 112 0
tile 7946 168 0
tile 7947 224 0
tile 7948 280 0
tile 7949 336 0
tile 7950 392 0
tile 7951 448 0
tile 7952 504 0
tile 7953 560 0
tile 7954 616 0
tile 7955 672 0
tile 7956 728 0
tile 7957 784 0
tile 7958 840 0
tile 7959 896 0
tile 7960 952 0
tile 7961 1008 0
tile 7962 1064 0
tile 7963 1120 0
tile 7964 1176 0
tile 7965 1232 0
tile 8178 1288 0
tile 8179 1344 0
tile 9774 1400 0
tile 9775 0 27
tile 9776 56 27
tile 9777 112 27
tile 9778 168 27
tile 9779 224 27
tile 9780 280 27
tile 9785 336 27
tile 9788 392 27
tile 9789 448 27
tile 9790 504 27
tile 9791 560 27
tile 9821 616 27
tile 9822 672 27
tile 9823 728 27
tile 9824 784 27
tile 9825 840 27
tile 9826 896 27
tile 9827 952 27
tile 9828 1008 27
tile 9829 1064 27
tile 9830 1120 27
tile 9831 1176 27
tile 9832 1232 27
tile 9833 1288 27
tile 9834 1344 27
tile 9835 1400 27
tile 9836 0 54
tile 9837 56 54
tile 9839 112 54
tile 9840 168 54
tile 9841 224 54
tile 9842 280 54
tile 9843 336 54
tile 9844 392 54
tile 9845 448 54
tile 9846 504 54
tile 9856 560 54
tile 9857 616 54
tile 9858 672 54
tile 9859 728 54
tile 9860 784 54
tile 9861 840 54
tile 9862 896 54
tile 9863 952 54
tile 9864 1008 54
tile 9865 1064 54
tile 9866 1120 54
tile 9867 1176 54
tile 9868 1232 54
tile 9869 1288 54
tile 9870 1344 54
tile 9871 1400 54
tile 9872 0 81
tile 9873 56 81
tile 9874 112 81
tile 9875 168 81
tile 9876 224 81
tile 9877 280 81
tile 9882 336 81
tile 9883 392 81
tile 9884 448 81
tile 9885 504 81
tile 9886 560 81
tile 9887 616 81
tile 9888 672 81
tile 9889 728 81
tile 9890 784 81
tile 9891 840 81
tile 9892 896 81
tile 9893 952 81
tile 9894 1008 81
tile 9895 1064 81
tile 9896 1120 81
tile 9897 1176 81
tile 9898 1232 81
tile 9899 1288 81
tile 9900 1344 81
tile 9901 1400 81
tile 9902 0 108
tile 9903 56 108
tile 9904 112 108
tile 9905 168 108
tile 9906 224 108
tile 10070 280 108
tile 10071 336 108
tile 10072 392 108
tile 10073 448 108
tile 10074 504 108
tile 10075 560 108
tile 10076 616 108
tile 10077 672 108
tile 10078 728 108
tile 10079 784 108
tile 10080 840 108
tile 10081 896 108
tile 10082 952 108
tile 10083 1008 108
tile 10084 1064 108
tile 10085 1120 108
tile 10086 1176 108
tile 10087 1232 108
tile 10088 1288 108
tile 10089 1344 108
tile 10090 1400 108
tile 10091 0 135
tile 10092 56 135
tile 10093 112 135
tile 10094 168 135
tile 10095 224 135
tile 10096 280 135
tile 10097 336 135
tile 10098 392 135
tile 10099 448 135
tile 10100 504 135
tile 10101 560 135
tile 10102 616 135
tile 10103 672 135
tile 10104 728 135
tile 10105 784 135
tile 10106 840 135
tile 10107 896 135
tile 10108 952 135
tile 10109 1008 135
tile 10110 1064 135
tile 10111 1120 135
tile 10112 1176 135
tile 10113 1232 135
tile 10114 1288 135
tile 10115 1344 135
tile 10116 1400 135
tile 10117 0 162
tile 10118 56 162
tile 10119 112 162
tile 10120 168 162
tile 10121 224 162
tile 10122 280 162
tile 10123 336 162
tile 10124 392 162
tile 10126 448 162
tile 10127 504 162
tile 10128 560 162
tile 10129 616 162
tile 10130 672 162
tile 10131 728 162
tile 10132 784 162
tile 10133 840 162
tile 10134 896 162
tile 10135 952 162
tile 10136 1008 162
tile 10137 1064 162
tile 10138 1120 162
tile 10139 1176 162
tile 10140 1232 162
tile 10141 1288 162
tile 10142 1344 162
tile 10143 1400 162
tile 10144 0 189
tile 10145 56 189
tile 10146 112 189
tile 10147 168 189
tile 10148 224 189
tile 10149 280 189
tile 10150 336 189
tile 10151 392 189
tile 10152 448 189
tile 10153 504 189
tile 10154 560 189
tile 10155 616 189
tile 10156 672 189
tile 10157 728 189
tile 10158 784 189
tile 10159 840 189
tile 10160 896 189
tile 10161 952 189
tile 10162 1008 189
tile 10163 1064 189
tile 10164 1120 189
tile 10165 1176 189
tile 10166 1232 189
tile 10167 1288 189
tile 10168 1344 189
tile 10169 1400 189
tile 10170 0 216
tile 10171 56 216
tile 10172 112 216
tile 10173 168 216
tile 10174 224 216
tile 10175 280 216
tile 10176 336 216
tile 10177 392 216
tile 10178 448 216
tile 10179 504 216
tile 10180 560 216
tile 10294 616 216
tile 10295 672 216
tile 10296 728 216
tile 10297 784 216
tile 10298 840 216
tile 10299 896 216
tile 10300 952 216
tile 10301 1008 216
tile 10302 1064 216
tile 10303 1120 216
tile 10304 1176 216
tile 10305 1232 216
tile 10306 1288 216
tile 10307 1344 216
tile 10308 1400 216
tile 10309 0 243
tile 10310 56 243
tile 10311 112 243
tile 10312 168 243
tile 10313 224 243
tile 10314 280 243
tile 10315 336 243
tile 10316 392 243
tile 10317 448 243
tile 10318 504 243
tile 10319 560 243
tile 10320 616 243
tile 10321 672 243
tile 10322 728 243
tile 10323 784 243
tile 10324 840 243
tile 10325 896 243
tile 10326 952 243
tile 10327 1008 243
tile 10328 1064 243
tile 10329 1120 243
tile 10330 1176 243
tile 10331 1232 243
tile 10332 1288 243
tile 10333 1344 243
tile 10334 1400 243
tile 10335 0 270
tile 10336 56 270
tile 10337 112 270
tile 10338 168 270
tile 10339 224 270
tile 10340 280 270
tile 10341 336 270
tile 10342 392 270
tile 10343 448 270
tile 10344 504 270
tile 10345 560 270
tile 10346 616 270
tile 10347 672 270
tile 10348 728 270
tile 10349 784 270
tile 10350 840 270
tile 10351 896 270
tile 10352 952 270
tile 10353 1008 270
tile 10354 1064 270
tile 10355 1120 270
tile 10356 1176 270
tile 10357 1232 270
tile 10359 1288 270
tile 10360 1344 270
tile 10361 1400 270
tile 10362 0 297
tile 10363 56 297
tile 10364 112 297
tile 10365 168 297
tile 10366 224 297
tile 10367 280 297
tile 10368 336 297
tile 10369 392 297
tile 10370 448 297
tile 10371 504 297
tile 10372 560 297
tile 10373 616 297
tile 10374 672 297
tile 10375 728 297
tile 10376 784 297
tile 10377 840 297
tile 10378 896 297
tile 10379 952 297
tile 10380 1008 297
tile 10381 1064 297
tile 10382 1120 297
tile 10383 1176 297
tile 10384 1232 297
tile 10385 1288 297
tile 10386 1344 297
tile 10387 1400 297
tile 10388 0 324
tile 10389 56 324
tile 10390 112 324
tile 10391 168 324
tile 10392 224 324
tile 10393 280 324
tile 10394 336 324
tile 10395 392 324
tile 10396 448 324
tile 10397 504 324
tile 10398 560 324
tile 10399 616 324
tile 10400 672 324
tile 10401 728 324
tile 10402 784 324
tile 10403 840 324
tile 10404 896 324
tile 10405 952 324
tile 10406 1008 324
tile 10407 1064 324
tile 10408 1120 324
tile 10409 1176 324
tile 10410 1232 324
tile 10411 1288 324
tile 10412 1344 324
tile 10413 1400 324
tile 10415 0 351
tile 10416 56 351
tile 10417 112 351
tile 10418 168 351
tile 10419 224 351
tile 10420 280 351
tile 10421 336 351
tile 10422 392 351
tile 10423 448 351
tile 10424 504 351
tile 10425 560 351
tile 10426 616 351
tile 10427 672 351
tile 10428 728 351
tile 10429 784 351
tile 10430 840 351
tile 10431 896 351
tile 10432 952 351
tile 10433 1008 351
tile 10434 1064 351
tile 10435 1120 351
tile 10436 1176 351
tile 10437 1232 351
tile 10438 1288 351
tile 10439 1344 351
tile 10440 1400 351
tile 10441 0 378
tile 10442 56 378
tile 10443 112 378
tile 10444 168 378
tile 10445 224 378
tile 10446 280 378
tile 10447 336 378
tile 10448 392 378
tile 10449 448 378
tile 10450 504 378
tile 10451 560 378
tile 10452 616 378
tile 10453 672 378
tile 10454 728 378
tile 10455 784 378
tile 10456 840 378
tile 10457 896 378
tile 10458 952 378
tile 10459 1008 378
tile 10460 1064 378
tile 10461 1120 378
tile 10462 1176 378
tile 10463 1232 378
tile 10464 1288 378
tile 10465 1344 378
tile 10466 1400 378
tile 10467 0 405
tile 10468 56 405
tile 10469 112 405
tile 10470 168 405
tile 10471 224 405
tile 10472 280 405
tile 10473 336 405
tile 10474 392 405
tile 10475 448 405
tile 10476 504 405
tile 10477 560 405
tile 10478 616 405
tile 10536 672 405
tile 10537 728 405
tile 10538 784 405
tile 10539 840 405
tile 10540 896 405
tile 10541 952 405
tile 10542 1008 405
tile 10543 1064 405
tile 10544 1120 405
tile 10545 1176 405
tile 10546 1232 405
tile 10547 1288 405
tile 10548 1344 405
tile 10549 1400 405
tile 10550 0 432
tile 10551 56 432
tile 10552 112 432
tile 10553 168 432
tile 10554 224 432
tile 10555 280 432
tile 10556 336 432
tile 10557 392 432
tile 10558 448 432
tile 10559 504 432
tile 10560 560 432
tile 10561 616 432
tile 10562 672 432
tile 10563 728 432
tile 10564 784 432
tile 10565 840 432
tile 10566 896 432
tile 10567 952 432
tile 10568 1008 432
tile 10569 1064 432
tile 10570 1120 432
tile 10571 1176 432
tile 10572 1232 432
tile 10573 1288 432
tile 10574 1344 432
tile 10575 1400 432
tile 10577 0 459
tile 10578 56 459
tile 10579 112 459
tile 10580 168 459
tile 10581 224 459
tile 10582 280 459
tile 10583 336 459
tile 10584 392 459
tile 10585 448 459
tile 10586 504 459
tile 10587 560 459
tile 10588 616 459
tile 10589 672 459
tile 10590 728 459
tile 10591 784 459
tile 10592 840 459
tile 10593 896 459
tile 10594 952 459
tile 10595 1008 459
tile 10596 1064 459
tile 10597 1120 459
tile 10598 1176 459
tile 10599 1232 459
tile 10600 1288 459
tile 10601 1344 459
tile 10602 1400 459
tile 10603 0 486
tile 10604 56 486
tile 10605 112 486
tile 10606 168 486
tile 10607 224 486
tile 10608 280 486
tile 10609 336 486
tile 10610 392 486
tile 10611 448 486
tile 10612 504 486
tile 10613 560 486
tile 10614 616 486
tile 10615 672 486
tile 10616 728 486
tile 10618 784 486
tile 10619 840 486
tile 10620 896 486
tile 10621 952 486
tile 10622 1008 486
tile 10623 1064 486
tile 10624 1120 486
tile 10625 1176 486
tile 10626 1232 486
tile 10627 1288 486
tile 10628 1344 486
tile 10629 1400 486
tile 10630 0 513
tile 10631 56 513
tile 10632 112 513
tile 10633 168 513
tile 10634 224 513
tile 10635 280 513
tile 10636 336 513
tile 10637 392 513
tile 10638 448 513
tile 10639 504 513
tile 10640 560 513
tile 10641 616 513
tile 10642 672 513
tile 10643 728 513
tile 10644 784 513
tile 10645 840 513
tile 10646 896 513
tile 10647 952 513
tile 10648 1008 513
tile 10649 1064 513
tile 10650 1120 513
tile 10651 1176 513
tile 10652 1232 513
tile 10653 1288 513
tile 10654 1344 513
tile 10655 1400 513
tile 10656 0 540
tile 10657 56 540
tile 10658 112 540
tile 10659 168 540
tile 10660 224 540
tile 10661 280 540
tile 10662 336 540
tile 10663 392 540
tile 10664 448 540
tile 10665 504 540
tile 10666 560 540
tile 10667 616 540
tile 10668 672 540
tile 10669 728 540
tile 10670 784 540
tile 10671 840 540
tile 10672 896 540
tile 10730 952 540
tile 10731 1008 540
tile 10732 1064 540
tile 10733 1120 540
tile 10734 1176 540
tile 10735 1232 540
tile 10736 1288 540
tile 10737 1344 540
tile 10752 1400 540
tile 10753 0 567
tile 10754 56 567
tile 10769 112 567
tile 10770 168 567
tile 10777 224 567
tile 10778 280 567
tile 10779 336 567
tile 10780 392 567
tile 10781 448 567
tile 10782 504 567
tile 10783 560 567
tile 10784 616 567
tile 10785 672 567
tile 10786 728 567
tile 10787 784 567
tile 10788 840 567
tile 10789 896 567
tile 10790 952 567
tile 10791 1008 567
tile 10792 1064 567
tile 10793 1120 567
tile 10794 1176 567
tile 10796 1232 567
tile 10797 1288 567
tile 10798 1344 567
tile 10799 1400 567
tile 10800 0 594
tile 10801 56 594
tile 10808 112 594
tile 10809 168 594
tile 10811 224 594
tile 10813 280 594
tile 10814 336 594
tile 10815 392 594
tile 10816 448 594
tile 10817 504 594
tile 10818 560 594
tile 10819 616 594
tile 10820 672 594
tile 10821 728 594
tile 10822 784 594
tile 10823 840 594
tile 10824 896 594
tile 10825 952 594
tile 10826 1008 594
tile 10827 1064 594
tile 10828 1120 594
tile 10829 1176 594
tile 10830 1232 594
tile 10831 1288 594
tile 10832 1344 594
tile 10833 1400 594
tile 10834 0 621
tile 10835 56 621
tile 10836 112 621
tile 10837 168 621
tile 10838 224 621
tile 10839 280 621
tile 10840 336 621
tile 10841 392 621
tile 10842 448 621
tile 10853 504 621
tile 10854 560 621
tile 10855 616 621
tile 10856 672 621
tile 10857 728 621
tile 10858 784 621
tile 10885 840 621
tile 10886 896 621
tile 10887 952 621
tile 10888 1008 621
tile 10889 1064 621
tile 10982 1120 621
tile 10983 1176 621
tile 10984 1232 621
tile 10985 1288 621
tile 10986 1344 621
tile 10987 1400 621
tile 10988 0 648
tile 10989 56 648
tile 10990 112 648
tile 10991 168 648
tile 10992 224 648
tile 10993 280 648
tile 10994 336 648
tile 10995 392 648
tile 10996 448 648
tile 10997 504 648
tile 10999 560 648
tile 11000 616 648
tile 11001 672 648
tile 11002 728 648
tile 11003 784 648
tile 11004 840 648
tile 11005 896 648
tile 11006 952 648
tile 11007 1008 648
tile 11008 1064 648
tile 11009 1120 648
tile 11010 1176 648
tile 11011 1232 648
tile 11012 1288 648
tile 11013 1344 648
tile 11014 1400 648
tile 11016 0 675
tile 11017 56 675
tile 11018 112 675
tile 11019 168 675
tile 11020 224 675
tile 11021 280 675
tile 11022 336 675
tile 11023 392 675
tile 11024 448 675
tile 11025 504 675
tile 11026 560 675
tile 11027 616 675
tile 11028 672 675
tile 11029 728 675
tile 11030 784 675
tile 11031 840 675
picture 10429 308 559 54 0
picture 10430 308 613 54 0
picture 10431 308 667 54 0
picture 10432 308 721 54 0
picture 10437 308 775 54 0
picture 10438 308 829 54 0
picture 10489 112 204 200 0
picture 10490 84 224 214 0
picture 10491 28 272 271 0
picture 10492 0 333 303 0
picture 10493 0 0 333 0
picture 10494 56 270 261 0
picture 10495 112 404 200 0
picture 10496 84 0 224 0
picture 10497 28 543 271 0
picture 10498 0 636 285 0
picture 10499 28 0 272 0
picture 10500 56 0 270 0
picture 10501 56 531 256 0
picture 10503 224 142 140 0
picture 10504 196 323 156 0
picture 10505 140 384 190 0
picture 10506 140 574 187 0
picture 10507 112 604 200 0
picture 10508 84 652 204 0
picture 10509 224 282 138 0
picture 10510 280 509 94 0
picture 10511 336 324 36 0
picture 10512 308 447 56 0
picture 10513 308 503 56 0
picture 10514 112 0 204 0
picture 10515 56 787 229 0
picture 10516 84 438 214 0
picture 10517 168 185 177 0
picture 10518 168 362 175 0
picture 10519 196 0 163 0
picture 10520 224 550 127 0
picture 10521 308 0 81 0
picture 10522 280 312 102 0
picture 10523 196 479 153 0
picture 10524 140 761 185 0
picture 10525 112 804 200 0
picture 10526 168 0 185 0
picture 10527 168 537 167 0
picture 10528 196 781 146 0
picture 10529 280 105 104 0
picture 10540 280 209 103 0
picture 10541 252 364 118 0
picture 10542 224 677 126 0
picture 10543 252 245 119 0
picture 10544 252 482 113 0
picture 10553 280 884 89 0
picture 10554 280 603 94 0
picture 10555 336 431 29 0
picture 10556 224 803 126 0
picture 10557 224 420 130 0
picture 10558 252 595 113 0
picture 10559 336 156 45 0
picture 10560 308 313 69 0
picture 10561 308 81 80 0
picture 10562 308 883 54 0
picture 10563 308 241 72 0
picture 10564 252 708 107 0
picture 10565 252 815 107 0
picture 10566 308 161 80 0
picture 10567 336 396 35 0
picture 10568 336 460 28 0
picture 10569 336 201 44 0
picture 10570 336 287 37 0
picture 10575 168 704 165 0
picture 10576 140 0 192 0
picture 10577 140 192 192 0
picture 10578 224 0 142 0
picture 10580 308 937 54 0
picture 10581 308 382 65 0
picture 10582 280 791 93 0
picture 10583 280 0 105 0
picture 10584 280 697 94 0
picture 10585 336 107 49 0
picture 10611 336 360 36 0
picture 10612 336 245 42 0
picture 10620 336 488 23 0
picture 10621 336 0 54 0
picture 10622 280 414 95 0
picture 10623 252 123 122 0
picture 10624 196 632 149 0
picture 10625 196 163 160 0
picture 10626 252 0 123 0
picture 10627 336 54 53 0
picture 10628 336 511 20 0
object 10 0 right 10520
object 10 1 right 10519
object 16 1 right 10578
object 22 1 right 10578
object 23 1 left 10553
object 23 1 right 10554
object 10 2 right 10518
object 15 2 left 10575
object 16 2 left 10576
object 16 2 right 10577
object 21 2 left 10575
object 22 2 left 10576
object 22 2 right 10577
object 10 3 right 10517
object 10 4 right 10516
object 2 5 right 10578
object 10 5 right 10515
object 17 5 left 10429
object 17 5 right 10430
object 1 6 left 10575
object 2 6 left 10576
object 2 6 right 10577
object 10 6 right 10514
object 6 7 left 10431
object 6 7 right 10432
object 10 7 right 10513
object 10 8 left 10511
object 10 8 right 10512
object 9 9 left 10503
object 10 9 left 10504
object 11 9 left 10505
object 12 9 left 10506
object 13 9 left 10507
object 14 9 left 10508
object 15 9 left 10509
object 15 9 right 10510
object 2 11 right 10567
object 5 11 right 10555
object 2 12 right 10566
object 4 12 right 10562
object 5 12 left 10553
object 5 12 right 10554
object 35 12 right 10501
object 1 13 left 10563
object 2 13 left 10564
object 2 13 right 10565
object 3 13 left 10559
object 4 13 left 10560
object 4 13 right 10561
object 35 13 right 10500
object 2 14 right 10585
object 33 14 left 10496
object 34 14 left 10497
object 35 14 left 10498
object 35 14 right 10499
object 2 15 right 10584
object 17 15 right 10544
object 2 16 left 10582
object 2 16 right 10583
object 15 16 left 10540
object 16 16 left 10541
object 17 16 left 10542
object 17 16 right 10543
object 22 16 right 10628
object 27 16 right 10529
object 1 17 left 10580
object 1 17 right 10581
object 22 17 right 10627
object 27 17 right 10528
object 22 18 right 10626
object 27 18 right 10527
object 5 19 right 10501
object 18 19 left 10620
object 19 19 left 10621
object 20 19 left 10622
object 21 19 left 10623
object 22 19 left 10624
object 22 19 right 10625
object 23 19 left 10521
object 24 19 left 10522
object 25 19 left 10523
object 26 19 left 10524
object 27 19 left 10525
object 27 19 right 10526
object 33 19 right 10520
object 5 20 right 10500
object 18 20 left 10553
object 18 20 right 10554
object 33 20 right 10519
object 3 21 left 10496
object 4 21 left 10497
object 5 21 left 10498
object 5 21 right 10499
object 23 21 right 10558
object 33 21 right 10518
object 23 22 left 10556
object 23 22 right 10557
object 33 22 right 10517
object 33 23 right 10516
object 33 24 right 10515
object 9 25 right 10495
object 33 25 right 10514
object 9 26 right 10494
object 33 26 right 10513
object 6 27 left 10489
object 7 27 left 10490
object 8 27 left 10491
object 9 27 left 10492
object 9 27 right 10493
object 33 27 left 10511
object 33 27 right 10512
object 3 28 right 10495
object 3 29 right 10494
object 19 29 left 10568
object 20 29 left 10569
object 20 29 right 10570
object 0 30 left 10489
object 1 30 left 10490
object 2 30 left 10491
object 3 30 left 10492
object 3 30 right 10493
object 2 35 right 10544
object 0 36 left 10540
object 1 36 left 10541
object 2 36 left 10542
object 2 36 right 10543
object 11 41 left 10437
object 11 41 right 10438
object 21 41 right 10501
object 21 42 right 10500
object 19 43 left 10496
object 20 43 left 10497
object 21 43 left 10498
object 21 43 right 10499
object 18 44 left 10503
object 19 44 left 10504
object 20 44 left 10505
object 21 44 left 10506
object 22 44 left 10507
object 23 44 left 10508
object 24 44 left 10509
object 24 44 right 10510
object 16 45 right 10562
object 15 46 left 10559
object 16 46 left 10560
object 16 46 right 10561
object 17 46 right 10555
object 14 47 right 10567
object 16 47 right 10567
object 17 47 left 10553
object 17 47 right 10554
object 8 48 right 10578
object 14 48 right 10578
object 16 48 right 10566
object 17 48 left 10611
object 17 48 right 10612
object 7 49 left 10575
object 8 49 left 10576
object 8 49 right 10577
object 13 49 left 10575
object 14 49 left 10576
object 14 49 right 10577
object 15 49 left 10563
object 16 49 left 10564
object 16 49 right 10565
