# lod20680 — tools/dat-extract layout 이 만든다. 손으로 고치지 말 것.
size 100 100
blocked
.....##############.................................................................................
..#.....#######...........#...........#...#.......#...............#...#.#...........................
........##...##..#...#........#....#...................#........................#......#.......#....
...............................................#...#.#............#.......#...............#.......#.
....#....#.........#.....#..............#.....###...###...............#.............................
......#.........#######..#............#........#.....#............#...........##........#.........#.
................#######........................#...................#......#.#.##....................
..#.............#######.............#..#..........................##...........#....................
................#####.#............######.........................##.........................#......
......#.........####..#.............#..#....#......#.......#......##................................
.#..........#..######.............................###....#........##....##..........................
...#...............................................#..............##................................
................................................#.......#.........##...........#.....#..............
..........##..........................#........###.........................................###......
.#....#...##....................................#...................................................
.......................................................................................#............
.......................................#.................#...............#..........................
...................#....................#..........................................................#
#...#.....................#...............#.....................#..#................................
..............#.#............#............#........#......#.........................................
.....#....#.......................#...........................................#..................#..
..........................................................................................##...#....
..#........................#.........................#...................................###.......#
..................#................................................................................#
............##.................................................................#....................
..................................................................................................#.
...#...................................................................#............................
.............................................#......................................................
........#.............................................................#...................#.........
...........................##############....##.....................................................
..#.............#..........#..................#......#..............................................
............#................#....#...........#........#......................#.....................
..............#.........................###...#.......#................................#####.##.....
....#...............#......#....#......##.#..#.......................#.................#####........
...........................#................##................................##.......#####........
.#.........................#.#...............................#......#..................######.......
..............................##.#....#....#...#...............##......................#####.......#
............#..#..........##.###...............##......................................#####........
...........................#...#.........#..#............#.............................#####........
.........#.................#.......#...................................................######.......
...#..#....................#....................................................#.......###........#
..............................##..#.....#....#......................................................
...........................#.....##.#......#...#....................................................
...........#...............#..#....##..........#....................................................
....########...............#..........#...#....#...............................#....................
....########...............############........#...........#........................................
....########..............#....................#..........#.........................................
....########................................#.##.....................#..............................
..#.########.#......................................................................................
.......#...#........................................................................................
....................................................................................................
....##........#.#......................................................#............................
....###..................................########.......#...........................................
##............#..........................########..................#................................
.....#..........#...................#.#..########.............................#............#......#.
.........................................#######................#...................................
.........................................########.........................................#.........
....................................#..#..###...................#...................................
.............#.....................###....###..................................................#....
..............................#........#..###.....#........................................#........
...............................#.......#####.....#..................................................
.........................................#..####.................................................#..
......................................##.....#...........#..........................#...............
..................................................#................................#................
.#................##..............................................#.#...............................
............................................................#..........................#............
...................#................................................................................
.............................................................................................#......
.#..................................................................................................
....................................................................................................
#.##.#..............................................................................................
....###..............#..........................................................................#...
....##..............................................................................................
...............................................#......................##............................
..........................................##........................................................
....................................................................#..#.........................#..
#...............................#....................#................##...#.......#.#....#.........
..........................................................#.........##..............................
...................................................................###..............................
..................#............#.....................................#.........................#....
.........#.........................................................................#................
.............................#......................................................................
..................................#...............................#.......#....................#....
......................................................##.............................#..#...........
....................................................................................................
...................................##............................................#................#.
.....#.............................###....................#............#............................
.......#............................##..............................#........##..##.................
.............................#............................................#.........................
..........#................................................................#.......#................
.................#...............................#..................................................
......#.....................................................................#...#....#..............
...................................#..............#....................#....................#..#.#..
................#...........................................................##......................
..............................................#..........#..........................................
.#.................................#.......................................#........................
......#............#...........#................................................#........#......#...
....#......#.................................#......................................................
......................................#.........#..........#...............#.......#...............#
.#.................#...............................#................................................
floor
4742 5219 5199 5202 4744 5216 5216 5219 5222 4737 4740 4743 4746 4749 4752 4737 4740 4899 5200 4736 5204 5204 5201 4740 5197 5200 5210 5206 5209 5212 5196 5199 5202 5216 5219 5206 5216 5219 5222 4744 5216 5219 5199 5202 4737 4796 4802 5207 5216 5219 5222 4744 5216 5219 5199 5202 4737 5089 5092 4890 4893 4896 4893 5126 5218 5198 5201 5204 5207 5210 5210 5204 5207 5197 5200 4720 5219 5199 5202 5214 5217 5220 5211 5205 5208 5198 5201 4731 5197 5200 5210 5206 5209 5212 5196 5199 5202 5216 5219 5206
4741 5211 5198 5201 4737 5215 5218 5198 5201 4736 4739 4742 4745 4748 4751 4736 4739 4898 4736 4746 4736 5206 5201 4739 5197 4736 5207 5216 5219 5222 4744 5216 5219 5199 5202 4737 5215 5218 5221 5219 5215 5218 5198 5201 4733 4794 4800 4738 5215 5218 5221 5219 5215 5218 5198 5201 4733 5088 5103 5106 4892 4895 4892 5095 5208 5198 5201 5196 5199 5202 5195 5206 5209 5212 5222 4744 5218 5198 5201 5204 5207 5210 5210 5204 5207 5197 5200 4720 5197 4736 5207 5216 5219 5222 4744 5216 5219 5199 5202 4737
4731 5210 5198 5201 4736 5205 5208 5198 5201 5216 5219 5222 4744 5216 5219 5199 5202 5198 4743 4745 5216 5205 5200 4744 4741 4735 4738 5215 5218 5221 5219 5215 5218 5198 5201 4733 5214 5217 5220 5211 5205 5208 5198 5201 4731 5219 5199 5202 5214 5217 5220 5211 5205 5208 5198 5201 4731 5198 5113 5121 4890 5100 5103 5094 5207 5197 5200 5195 5198 5201 5205 5205 5208 5211 5210 5209 5208 5198 5201 5196 5199 5202 5195 5206 5209 5212 5222 4744 4741 4735 4738 5215 5218 5221 5219 5215 5218 5198 5201 4733
4724 5195 5197 5200 5209 5210 5207 5197 5200 4739 5218 5221 5219 5215 5218 5198 5201 4740 4740 5219 5218 5204 5222 4733 5219 5199 5202 5214 5217 5220 5211 5205 5208 5198 5201 4731 5204 5207 5210 5210 5204 5186 5192 5200 4720 5218 5186 5189 5192 5207 5210 5210 5176 5179 5182 5200 4720 5215 5112 5120 4889 5131 5139 5219 5209 5212 4702 5194 5197 5200 4736 5204 5207 5210 4737 5219 5207 5197 5200 5195 5198 5201 5205 5205 5208 5211 5210 5209 5219 5199 5202 5214 5217 5220 5211 5205 5208 5198 5201 4731
4702 4733 5212 5222 5211 5210 4738 4741 4735 5219 5217 5220 5211 5205 5208 5198 5201 4739 4708 5211 5208 4736 5210 4732 5218 5198 5201 5204 5207 5210 5210 5204 5207 5197 5200 4720 5196 5199 5202 5195 5206 5184 5190 5176 5182 5208 5185 5188 5191 5199 5202 5195 5175 5178 5181 5222 4744 5197 4905 4913 4890 5130 5138 5198 5208 5211 5210 5206 5209 4736 4746 4736 4739 4742 5219 5218 5209 5212 5222 5194 5197 5200 4736 5204 5207 5210 4737 5219 5218 5198 5201 5204 5207 5210 5210 5204 5207 5197 5200 4720
4714 4733 4727 4730 4733 4744 4746 4744 5216 5204 5207 5210 5210 5204 5207 5197 5200 4744 4707 4736 5207 5216 4695 4694 5208 5198 5201 5196 5199 5202 5195 5206 5209 5212 5222 4744 5195 5176 5182 5205 5205 5208 5211 5174 5180 5207 5184 5187 5190 5198 5201 5205 5174 5177 5180 5210 5209 5212 4904 4912 4889 5129 5137 5198 5207 5210 5207 4737 4740 4743 4745 5216 5219 5222 4748 5217 5208 5211 5220 5208 5209 4736 4746 4736 4739 4742 5219 5218 5208 5198 5201 5196 5199 5202 5195 5206 5209 5212 5222 4744
4713 4732 4739 4729 4732 4737 4745 5219 5215 5196 5199 5202 5195 5206 5209 5212 5222 4733 5200 4735 4738 5218 4743 4693 5207 5197 5200 5195 5198 5201 5205 5205 5208 5211 5210 5209 5194 5174 5180 4736 5204 5207 5210 4737 5219 5209 5212 5222 5194 5197 5200 4736 5204 5207 5210 4737 5219 5211 4903 4911 4888 5128 5136 5216 4739 4742 5219 4702 4752 4740 5219 5218 5198 5201 5202 5207 5207 5210 5198 5208 4740 4796 4802 5216 5219 5222 4748 5217 5207 5197 5200 5195 5198 5201 5205 5205 5208 5211 5210 5209
4712 4731 5219 4728 4731 4736 4744 5211 5205 5195 5198 5201 5205 5205 5208 5211 5210 4732 5196 5199 5202 5208 5204 4692 5209 5212 5222 5194 5197 5200 4736 5204 5207 5210 4737 5176 5179 5182 5186 5189 5192 4739 4742 5219 5218 5208 5211 5210 5206 5209 4736 4746 4736 4739 4742 5219 5218 5210 4902 4910 4893 5127 5135 5199 5219 5222 5186 5182 4951 4708 5211 5208 5198 5201 5210 5199 4739 4742 5219 4702 4752 4794 4800 5218 5198 5201 5202 5207 5209 5212 5222 5194 5197 5200 4736 5204 5207 5210 4737 5219
4705 4724 4718 4721 4724 4735 5204 5210 5204 5194 5197 5200 4736 5204 5207 5210 4737 4731 4720 4943 5204 5210 5204 4691 5208 5211 5210 5206 5209 4736 4746 4736 4739 4742 5219 5175 5178 5181 5185 5188 5191 5219 5222 4748 5217 5207 5210 4737 4737 4740 4743 4745 5216 5219 5222 4748 5217 4742 4901 4909 4892 5126 5134 5197 5200 5210 5185 5191 5212 5196 5199 5202 5216 5219 5206 5219 5219 5222 4748 4701 4951 4708 5211 5208 5198 5201 5210 5199 5208 5211 5210 5206 5209 4736 4746 4736 4739 4742 5219 5218
4704 4723 4717 4720 4723 4724 4736 5195 4796 4802 5209 4736 4739 4736 4739 4742 5219 4724 4744 5210 4736 4691 4899 4690 5207 5210 4737 4796 4802 4743 4745 5216 5219 5222 4748 5174 5177 5180 5184 5187 5190 5198 5201 5202 5207 4739 4742 5219 4702 4752 5186 5189 5192 5176 5182 5202 5207 5222 4900 4908 4893 5125 5133 4796 4802 5207 5185 5181 5222 4744 5216 5219 5199 5202 4737 5218 5197 4736 5207 5216 5219 5222 4744 5216 5219 5199 5202 4737 5207 5210 4737 4796 4802 4743 4745 5216 5219 5222 4748 5217
4703 4722 4716 4719 4722 4723 4735 5205 4794 4800 4740 4743 5219 5216 5219 5222 4748 4723 5209 5212 5216 4690 4899 4846 4739 4742 5219 4794 4800 4740 5219 5218 5198 5201 5202 5207 4701 4951 5186 5192 5208 5198 5201 5210 5199 5219 5222 4748 4701 4951 5185 5188 5191 5174 5180 5210 5199 5205 4899 4907 4893 4920 4928 4794 4800 4738 5175 5191 5221 5219 5215 5218 5198 4702 4733 5208 4741 4735 4738 5215 5218 5221 5219 5215 5218 5198 5201 4733 4739 4742 5219 4794 4800 4740 5219 5218 5198 5201 5202 5207
4719 4722 4716 4719 4722 4722 4746 4736 5204 4733 4752 4740 5219 5218 5198 5201 5202 4722 5219 5222 5218 4840 4874 4855 5219 5222 4748 5197 5200 5210 5206 5209 5212 5196 5199 5202 5216 5219 5184 5190 5216 5219 5206 5197 5200 5210 5206 5209 5212 5196 5184 5187 5190 5219 5206 5195 5198 5201 4898 4906 4892 4919 4927 5219 5199 5202 5185 5181 5220 5211 5205 5208 5198 5201 4731 5207 5219 5199 5202 5214 5217 5220 5211 5205 5208 5198 5201 4731 5219 5222 4748 4701 4951 4708 5211 5208 5198 5201 5210 5199
4735 4738 4741 4744 4747 4750 4735 4738 4741 4731 4951 4708 5211 5208 5198 5201 5210 4722 5218 5221 4850 4864 4888 4858 4856 5197 5200 5197 4736 5207 5216 5219 5222 4744 5216 5219 5199 5202 4737 5219 5199 5202 4737 4796 4802 5207 5198 5176 5179 5182 5216 5219 5199 5202 4737 4743 4745 5216 5115 5123 4890 5131 5139 5218 5198 5201 5184 5180 5210 5210 5204 5207 5197 5200 4720 5209 5218 5198 5201 5204 5207 5210 5210 5204 5207 5197 5200 4720 5218 5198 5201 5204 5207 5210 5210 5204 5207 5197 5200 4720
4746 4739 4752 4737 4740 4743 4739 4749 4752 4720 4943 4707 4736 5207 5197 5200 5210 4747 5217 5220 4840 4893 4893 4896 4919 5209 4736 4741 4735 4738 5215 5218 5221 5219 5215 5218 5198 5201 4733 5218 5198 5201 4733 4794 4800 4738 5198 5175 5178 5181 5215 5218 5198 5201 4733 4740 5219 5218 5114 5122 4889 5130 5138 5208 5198 5201 5196 5199 5202 5195 5206 5209 5212 5222 4744 5208 5208 5198 5201 5196 5199 5202 5195 5206 5209 5212 5222 4744 5208 5198 5201 5196 5199 5202 5195 5206 5209 5212 5222 4744
4745 5219 4751 4736 4739 4742 5219 4748 4751 4744 5210 5200 4735 4738 5195 5210 4739 4740 5202 4905 4913 4892 4892 4895 4859 4740 4743 5219 5199 5202 5214 5217 5220 5211 5205 5208 5198 5201 4731 5208 5198 5201 4731 5219 5199 5202 5201 5174 5177 5180 5205 5208 5198 5201 4731 4708 5211 5208 5113 5121 4888 5129 5137 5207 5197 5200 5195 5198 5201 5205 5205 5208 5211 5210 5209 5207 5207 5197 5200 5195 5198 5201 5205 5205 5208 5211 5210 5209 5207 5197 5200 5195 5198 5201 5205 5205 5208 5211 5210 5209
4700 4943 4707 4736 5207 5197 5200 5210 5206 5209 5212 5196 5199 5202 5216 5219 5206 5209 4736 4904 4912 4893 4893 4893 5129 4752 4740 5218 5198 5201 5204 5207 5210 5210 5204 5207 5198 5200 4720 5207 5197 5200 4720 5218 5198 5201 5204 5207 5210 5210 5204 5207 5197 5186 5192 5199 5202 5216 5112 5120 4893 5128 5136 5209 5212 5222 5194 5197 5200 4736 5204 5207 5210 4737 5219 4739 5209 5212 5222 5194 5197 5200 4736 5204 5207 5210 4737 5219 5209 5212 5222 5194 5197 5200 4736 5204 5207 5210 4737 5219
4700 4943 4707 4736 5207 5197 4736 5207 5216 5219 5222 4744 5216 5219 5199 5202 4737 4740 4743 4739 4911 4892 4893 4896 5128 4951 4708 5208 5198 5201 5196 5199 5222 5195 5206 5209 5212 5222 5199 5209 5212 5222 5208 5208 5198 5201 5196 5199 5202 5195 5206 5209 5212 5184 5190 5216 5219 5199 5111 5119 4892 5127 5135 5208 5211 5210 5206 5209 4736 4746 4736 4739 4742 5219 5218 5219 5208 5211 5210 5206 5209 4736 4746 4736 4739 4742 5219 5218 5208 5211 5210 5206 5209 4736 4746 4736 4739 4742 5219 5218
4745 4723 4706 4735 4738 4741 4735 4738 5215 5218 5221 5219 5215 5218 5198 5201 4733 4752 4740 5219 4910 4891 4892 4895 5127 5219 5206 5207 5197 5200 5195 5198 5201 5205 5205 5208 5211 5210 5209 5208 5211 5210 5209 5207 5211 5200 5195 5198 5201 5205 5205 5208 5211 5210 5209 5215 5218 5198 5110 5118 4890 5126 5134 5207 5210 4737 4737 4740 4743 4745 5216 5219 5222 4748 5217 5198 5207 5210 4737 4737 4796 4802 4745 5216 5219 5222 4748 5217 5207 5210 4737 4737 4740 4743 4745 5216 5219 5222 4748 5217
5216 5219 5222 4744 5216 5219 5199 5202 5214 5217 5220 5211 5205 5208 5198 5201 4731 4951 4708 4901 4909 4896 4890 4893 5126 5208 5211 5209 5212 5222 5194 5197 5200 5208 5204 5207 5210 4737 5219 5207 5210 5208 5219 5209 5212 5222 5194 5197 5200 4736 5204 5207 5210 4737 5219 5205 5208 5198 5109 5117 4889 5125 5133 4739 4742 5219 4702 4752 4740 5219 5218 5198 5201 5202 5207 5198 4739 4742 5219 4702 4794 4800 5219 5218 5198 5201 5202 5207 4739 4742 5219 4702 4752 4740 5219 5218 5198 5201 5202 5207
5215 5218 5221 5219 5215 5218 5198 5201 5204 5207 4739 5210 5204 5207 5197 5200 4720 4943 4707 4900 4908 4895 4889 4892 5125 5207 5210 5208 5211 5210 5206 5209 4736 4746 4736 4739 4742 5219 5218 4739 4742 5219 5218 5208 5211 5210 5206 5209 4736 4746 4736 4739 4742 5219 5218 5204 5207 5197 5108 5116 4888 5124 5132 5219 5222 4748 4701 4951 5215 5218 5198 5201 4733 5208 4741 4735 5219 5222 4748 4701 4951 4708 5211 5208 5198 5201 5210 5199 5219 5222 4748 4701 4951 4708 5211 5208 5198 5201 5210 5199
5214 5217 5220 5211 5205 5208 5198 5201 5196 5199 5219 5195 5206 5209 5212 5222 4744 5210 5200 4899 4907 4895 4888 4891 4920 4739 4742 5207 5210 4737 4737 4740 4743 4745 5216 5219 5222 4748 5217 5219 5222 4748 5217 5207 5210 4737 4737 4740 4743 4745 5216 5219 5222 4748 5217 5206 5209 5212 5210 4875 4896 4859 5152 5156 5160 5164 5168 4856 5198 4744 5208 5208 5198 5201 5196 5219 5197 5200 5210 5206 5209 5212 5196 5199 5202 5216 5219 5206 5197 4807 4811 4815 4819 5212 5196 5199 5202 5216 5219 5206
5204 5207 5210 5210 5204 5207 5197 5200 5195 5198 5201 5205 5205 5208 5211 5210 5209 5212 5196 5113 5121 4893 4893 4896 4919 5219 5222 4739 4742 5219 4702 4752 4740 5219 5218 5198 5201 5202 5207 5198 5201 5202 5207 4739 4742 5219 4702 4752 4740 5219 5218 5198 5201 5202 5207 4850 5159 5163 5167 4874 4895 4858 5151 5155 5159 5163 5167 4868 4846 5209 5207 5207 5197 5200 5195 4733 5197 4736 5207 5216 5219 5222 4744 5216 5219 5199 5202 4737 5197 4806 4810 4814 4818 5222 4744 5216 5219 5199 5202 4737
5196 5199 5202 5195 5206 5209 5212 5222 5194 5197 5200 4736 5204 5207 5210 4737 5219 5222 4744 5112 5120 4892 4892 4895 4859 5198 5201 5219 5222 4748 4701 4951 4708 5211 5208 5198 5201 5210 5199 5198 5201 5210 5199 5219 5222 4748 4701 4951 4708 5211 5208 5198 5201 5210 5199 4865 4883 4886 4890 4893 4896 4893 4896 4880 4883 4886 4889 4886 4868 5147 5151 5155 5159 5163 4871 4856 4741 4735 4738 5215 5218 5221 5219 5215 5218 5198 5201 4733 4741 4805 4809 4813 4817 5221 5219 5215 5218 5198 5201 4733
5195 5198 5201 5205 5205 5208 5211 5210 5206 5209 4736 4746 4796 4802 4742 5219 5218 5221 5219 4905 4913 4893 4893 4893 4869 5198 5201 5152 5156 5160 5164 5168 5172 4934 4938 4942 4946 4950 4954 4958 4962 5144 5148 5152 5156 5160 5164 5168 5172 5148 5152 5156 5160 5164 5168 4864 4882 4885 4889 4892 4895 4892 4895 4879 4882 4885 4886 4870 4863 4873 5158 5162 4873 4876 4880 5129 5219 5199 5202 5214 5217 5220 5211 5205 5208 5198 5201 4731 5219 4804 4808 4812 4816 5220 5211 5205 5208 5198 5201 4731
5194 5197 5200 4736 4807 4802 5210 4737 4737 4740 4743 4745 4794 4800 5222 4748 5217 5220 5211 4904 4912 4892 4893 4896 4868 5143 5147 5151 5155 5159 5163 5167 5171 4933 4937 4941 4945 4949 4953 4957 4961 5143 5147 5151 5155 5159 5163 5167 5171 5147 5151 5155 5159 5163 5167 4860 5162 5166 5170 5142 5146 5150 5154 5158 5162 5166 5170 4854 5200 5195 5198 5201 4872 4875 4890 5128 5218 5198 5201 5204 5207 5210 5210 5204 5207 5197 5200 4720 5218 5198 5201 5204 5207 5210 5210 5204 5207 5197 5200 4720
5206 5209 4736 4739 4794 4800 4742 5219 4702 4752 4740 5219 5218 5198 5201 5202 5207 5210 5210 4903 4911 4891 4892 4895 4860 4863 5142 5146 5150 5154 5158 5162 5166 5170 5142 5146 5150 5154 5158 5162 5166 5170 5170 4932 4936 4940 4944 4948 4952 4866 5150 5154 5158 5162 5166 4855 5161 5165 5169 5141 5145 5149 5153 5157 5161 5165 5169 5194 5222 5194 5197 5200 5195 5116 4889 5127 5208 5198 5201 5196 5199 5202 5195 5206 5209 5212 5222 4744 5208 5198 5201 5196 5199 5202 5195 5206 5209 5212 5222 4744
4737 4740 4743 5219 5216 5219 5222 4748 4701 4951 4708 5211 5208 5198 5201 5210 5199 5202 5195 4902 4910 4896 4890 4893 4859 4862 5141 5145 5149 5153 5157 5161 5165 5169 5141 5145 5149 5153 5157 5161 5165 5169 5169 4931 4935 4807 4802 4947 5145 5121 4870 5153 5157 5161 5165 4854 5222 5194 5197 5200 4736 5204 5207 5210 4737 5219 5212 5222 5194 5197 5200 4736 5204 4906 4888 5126 5207 5197 5200 5195 5198 5201 5205 5205 5208 5211 5210 5209 5207 5197 5200 5195 5198 5201 5205 5205 5208 5211 5210 5209
4702 4752 4740 5219 5218 5198 5201 5202 4739 4943 4707 4736 5207 5197 5200 5210 5198 5201 5205 4901 4909 4895 4889 4892 5131 5139 5219 5222 4744 5216 5219 5199 5202 4740 4743 5198 5201 5202 5197 4736 5207 5216 5219 5222 4744 4794 4800 5199 5202 5120 5130 5208 5197 5200 5210 5206 5209 5212 5196 5199 5202 5216 5219 4796 4802 4741 4735 4738 5215 5218 5221 5219 5215 4913 4893 5125 5209 5212 5222 5194 5197 5200 4736 5204 5207 5210 4737 5219 5209 5212 5222 5194 5197 5200 4736 5204 5207 5210 4737 5219
4701 4951 4708 5211 5208 5198 5201 5210 5219 4723 4706 4735 4738 4741 4735 4738 5197 5200 4736 4900 4908 4895 4888 4891 5130 5138 5218 5221 5219 5215 5218 5198 5201 4752 4740 5198 5201 5210 4741 4735 4738 5215 5218 5221 5219 5215 5218 5198 5201 5119 5129 5207 5197 4736 5207 5216 5219 5222 4744 5216 5219 5199 5202 4794 4800 5219 5199 5202 5214 5217 5220 5211 5205 5122 4890 4921 5208 5211 5210 5206 5209 4796 4802 4736 4739 4742 5219 5218 5208 5211 5210 5206 5209 4736 4746 4736 4739 4742 5219 5218
4700 4943 4707 4736 5207 5197 5200 5210 5206 5209 5212 5196 5199 5202 5216 5219 4739 4736 4746 4899 4907 4893 4893 4896 5129 5137 5217 5220 5211 5205 5208 5198 5201 4951 4708 5209 5202 5219 5219 5199 5202 5214 5217 5220 5211 5205 5208 5198 5201 5118 5128 4739 4741 4735 4738 5215 5218 5221 5219 5215 5218 5198 5201 5219 5199 5218 5198 5201 5204 5207 5210 5210 5204 5121 4889 4920 5207 5210 4737 4737 4740 4794 4800 5216 5219 5222 4748 5217 5207 5210 4737 4737 4740 4743 4745 5216 5219 5222 4748 5217
4745 4723 4706 4735 4738 4741 4735 4738 5216 5219 5222 4744 5216 5219 5199 5202 5219 4743 4745 4898 4906 4892 4892 4895 5128 5136 5207 5210 5210 5204 5207 5197 5200 4943 4707 5216 5219 5215 5161 5198 5201 5204 5207 5210 5210 5204 5207 5197 5200 5117 5127 5219 5219 5199 5202 5214 5217 5220 5211 5205 5208 5198 5201 5218 5198 5208 5198 5201 5196 5199 5202 5195 5206 5120 4888 4919 4739 4742 5219 4702 4752 4740 5219 5218 5198 5201 5202 5207 4739 4742 5219 4702 4752 4740 5219 5218 5198 5201 5202 5207
5206 5209 5212 5196 5199 5202 5216 5219 5215 5218 5221 5219 5215 5218 5198 5201 4752 4740 5219 5115 5123 4891 4890 4893 5127 5135 5199 5202 5195 5216 5209 5212 5222 4723 5216 5199 5202 5214 5208 5219 4811 4815 5199 5202 5195 5206 5209 5212 5222 5116 5126 5198 5218 5198 5201 5204 5207 5210 5210 5204 5207 5197 5200 5208 5198 5207 5197 5200 5195 5198 5201 5205 5205 5105 4893 5099 5219 5222 4748 4701 4951 4708 5211 5208 5198 5201 5210 5199 5219 5222 4748 4701 4951 5208 5198 5208 5198 5201 5210 5199
5216 5219 5222 4744 5216 5219 5199 5202 5214 5217 5220 5211 5205 5208 5198 5201 4951 4708 5211 5114 5122 4896 4889 4892 5126 5134 5198 5201 5205 5205 5208 5211 5210 5209 5212 5198 5201 5204 5207 4806 4810 4814 4818 5201 5161 5205 5208 5211 5210 4906 5127 5198 5208 5198 5201 5196 5199 5202 5195 5206 5209 5212 5222 5207 5197 5209 5212 5222 5194 5197 5200 4736 5204 4848 4876 4855 5220 5198 5201 4731 5219 5199 5202 4748 4751 4736 4739 4742 0 0 0 4695 4694 5199 5202 5210 5209 5196 5199 5202
5215 5218 5221 5219 5215 5218 5198 5201 5204 5207 5210 5210 5204 5207 5197 5200 4943 4707 4736 5113 5121 4895 4888 4891 5125 5133 5197 5200 4736 5204 5207 5219 5198 4740 5219 5198 5201 5196 5205 4805 4809 4813 4817 4938 4942 4946 4950 4954 4958 5104 5126 5201 5207 5197 5200 5195 5198 5201 5205 5205 5208 5211 5210 5209 5212 5208 5211 5210 5206 5209 4736 4746 4736 5114 5122 4869 5210 5197 5200 4720 5218 5198 5201 5216 5219 5199 5202 4748 4751 4736 4739 4742 4693 5216 5219 4737 5219 5195 5198 5201
5214 4739 5220 5211 5205 5208 5198 5201 5196 5199 5202 5195 5206 5209 5212 5222 4723 4706 4735 5112 5120 4893 4893 4893 4920 4928 5210 5206 5209 4736 4746 4736 4739 4742 5219 5197 5200 5195 5219 4804 4808 4812 4816 5222 4748 5217 5207 5210 5102 5089 5098 4856 5209 5212 5222 5194 5197 5200 4736 5204 5207 5210 4737 5219 5198 5207 5210 4737 4737 4740 4743 4745 5216 5113 5121 5130 5138 5212 5222 4744 5208 5198 5201 5215 5218 5198 5201 5216 5219 5199 5202 4744 4692 5215 5218 5219 5218 4746 4736 4739
5204 5219 5210 5210 5204 5207 5197 5200 5195 5198 5201 5205 5205 5208 5211 5210 5209 5212 5196 5111 5119 4892 4893 4896 4919 4927 4737 5217 4740 4807 4811 4815 4819 5222 4748 5217 5198 5201 5198 5201 5202 5207 5198 5201 5202 5207 4739 4742 5217 5088 5106 5095 5208 5211 5210 5206 5209 4796 4802 4736 4739 4742 5219 5218 4850 4739 4742 5219 4786 4789 4792 5219 5218 5112 5120 5129 5137 5211 5210 5209 5207 5197 5200 5205 5208 5198 5201 5215 5218 5198 5201 4737 4691 5205 5208 4840 4846 4745 5216 5219
5196 5199 5202 5195 5206 5209 5212 5222 5194 5197 5200 4736 5204 5207 5210 4739 4740 5219 5218 5110 5118 4891 4892 4895 5131 5139 5219 4702 4752 4806 4810 4814 4818 5209 5202 5207 5198 5199 5202 5214 5219 5220 5211 5205 5208 5198 5201 4731 5215 4959 5105 5130 5207 5210 4737 4737 4740 4794 4800 5216 5219 5222 4748 5218 4849 5219 5222 4748 4785 4788 4791 5211 5208 5111 5119 5128 5136 5147 5151 5155 5159 5163 4856 5204 5207 5197 5200 5205 5208 5198 5201 4736 4695 4695 4840 4864 4845 5219 5218 5198
5195 5198 5201 5205 5205 5208 5211 5210 5206 5209 4736 4746 4736 4739 4742 5219 4708 5211 5208 5109 5117 4896 4890 4893 5130 5138 4748 4701 4951 4805 4809 4813 4817 5201 5210 5199 5149 5219 5201 5204 5207 5161 5210 5204 5207 5197 5200 4720 5214 5115 5123 5129 4739 4742 5219 4702 4752 4740 5219 5218 5198 5201 5202 5207 4848 5197 4736 5207 4784 4787 4790 4744 5216 5110 5118 5127 4863 4863 4873 5158 5162 4866 4855 5206 5209 5212 5222 5204 5207 5197 5200 5209 4745 4695 5118 5120 4920 5211 5208 5198
5194 5197 5200 4736 5204 5207 5210 4737 4737 4739 4743 4745 5216 5219 5222 4748 4707 4736 5207 5108 5116 4895 4889 4892 5129 5137 5201 5196 5199 4804 4808 4812 4816 5212 5222 4744 5222 5198 5201 5196 5199 5202 5195 5206 5209 5212 5222 4744 5204 5114 5122 5128 5219 5222 4748 4701 4951 4708 5211 5208 5198 5201 5210 5199 5198 4741 4735 4738 5215 5218 5221 5219 5215 5115 5123 5126 5134 5219 5199 5202 4862 4865 4845 5205 5208 5211 5210 5206 5209 5212 5222 5211 5219 4695 4839 5119 4919 4736 5207 5197
5206 5209 4736 4739 4736 4739 4742 5219 4702 5219 4740 5219 5218 5198 5201 5202 4706 4735 4738 5090 5104 4895 4888 4891 5128 5136 5206 5209 5212 5196 5199 5202 5216 5219 5215 5202 5221 5197 5200 5195 5198 5201 5205 5205 5208 5211 5210 5209 5196 5113 5121 5096 5197 4736 5207 5216 5219 5222 4701 5216 5219 5199 5201 5216 5219 5219 5199 5202 5214 5217 5220 5211 5205 5114 5122 5125 5133 5218 5198 5201 5115 5123 5131 5139 5206 5209 5212 5205 5208 5211 5210 5209 5211 4720 4838 4866 4918 4735 4738 5204
4737 4740 4743 5219 5216 5219 5222 4748 4701 4951 4708 5211 5208 5198 5201 5210 5220 5211 5115 5123 4890 4893 4893 4896 5127 5135 5216 4701 5222 4744 5216 5219 5199 5202 5214 5217 5220 5212 5222 5194 5197 5200 4736 5204 5207 5210 4737 5219 5195 5112 5120 5131 4741 4735 4738 5215 5218 5221 5219 5215 5218 5198 5219 5215 5218 5218 5198 5201 5204 5207 5210 5210 5204 5113 5121 5124 5132 5215 5218 5221 5114 5122 5130 5138 5205 5208 5211 5210 5209 4741 4731 4951 5205 5208 5198 5117 4917 5206 5209 4736
4702 4752 4740 5219 5218 5198 5201 5202 4700 4943 4707 4736 5207 5197 5200 5210 5210 5210 5114 5122 4889 4892 4892 4895 5126 5134 5215 5218 5221 5219 5198 5216 5198 5201 4739 4742 4743 5211 5210 5206 5209 4736 4746 5219 4739 4742 5219 5218 5194 5111 5119 5130 5219 5199 5202 5214 5217 5220 5211 5205 5208 5198 5211 5205 5208 5208 5198 5201 5196 5199 5202 5195 5206 5112 5120 5131 5139 5214 5217 5220 5113 5121 5129 5137 5144 5148 5152 5156 5160 5164 5168 5172 5204 5207 5197 5116 4916 4724 4735 5211
4701 4951 4708 5211 5208 5198 5201 5210 4745 4723 4706 4739 4738 4741 4735 4738 5202 5195 5113 5121 4888 4891 4890 4893 5125 5133 5214 5217 5220 5211 5205 5208 5198 5202 4738 4741 4742 5210 4737 4737 4740 4743 4745 5216 5219 5222 4748 5217 5206 5110 5118 5129 5218 5198 5201 5204 5207 5210 5210 5204 5207 5197 5210 5206 5209 5212 5196 5199 5202 5216 5219 5206 5219 5111 5119 5130 5138 5216 5202 5216 5219 5120 5128 5136 5143 5147 5151 5155 5159 5163 5167 5171 5151 5155 4861 4864 4845 4723 4724 5210
4700 4943 4707 4736 5207 5197 5200 5210 5206 5209 5212 5219 5199 5202 5216 5219 5201 5205 5112 5120 4893 4896 4889 4892 5124 5132 5204 5207 5210 5210 5209 5207 5197 5200 4749 4752 4738 4742 5219 4702 4752 4740 5219 5218 5198 5219 5202 4796 4802 5109 5117 5128 5208 5198 5201 5196 5199 5202 5195 5206 5209 5212 5207 5216 5219 5222 5219 5216 5219 5199 5202 4737 5216 5110 5118 5129 5137 5215 5218 5198 5111 5119 5127 5135 5142 5146 5150 5154 5158 5162 5166 5170 4863 4873 4863 4841 4844 4744 4747 5195
4745 4723 4706 4735 4738 4741 4735 4738 4721 4724 4718 4695 5210 5206 5209 4736 5200 4736 5111 5119 4892 4895 4888 4891 5099 5205 5196 5199 5202 5195 5206 5209 5212 5222 4748 4751 4749 5222 4748 4701 4951 4708 5211 5208 5198 5201 5210 4794 4800 5108 5116 5127 5207 5211 5200 5195 5198 5201 5205 5205 5208 5211 4738 5215 5218 5221 5219 5215 5218 5198 5201 4733 5215 5109 5117 5131 5139 5205 5208 5198 5110 5118 5126 5134 5141 5145 5149 5153 5157 5161 5165 5169 4736 4739 4742 4745 4748 4737 4740 5205
5206 5209 5212 5196 5199 5202 5216 5219 4733 4723 4717 4695 5195 5206 5209 5212 5222 5194 5110 5118 4892 4895 4892 4892 5131 5139 5195 5198 5201 5205 5205 5208 5211 5210 5206 5209 4736 5198 5201 5196 5199 5202 5195 5206 5209 5212 5222 4744 4701 4898 4906 5126 5209 5212 5222 5194 5197 4738 4750 4736 5207 5210 5202 5186 5192 5220 5211 5205 5208 5198 5201 4731 5205 5108 5116 5130 5138 5204 5207 5197 5109 5117 5125 5133 4704 4723 4717 4720 4723 4724 4736 5195 5206 5206 5209 4736 4746 4736 4739 4742
5218 5221 5219 5215 5218 5198 4726 4729 4732 4722 4716 4695 5219 5222 4744 5216 5219 5199 5109 5117 4890 4893 4892 4893 5130 5138 5194 5197 5200 4736 5204 5207 5210 4737 4737 4740 4743 4745 5202 5195 5206 5209 5212 5222 5194 5195 5206 5209 5212 4905 4913 5125 5208 5211 5210 5206 5209 4749 4736 4739 4739 4742 5201 5184 5190 5210 5210 5204 5207 5197 5200 4720 5204 4850 4893 5129 5137 5144 4740 4746 5108 5116 5124 5132 4703 4722 4716 4719 4722 4723 4735 5205 5205 4737 4740 4743 4745 5216 5219 5222
5217 5220 5211 5205 5208 5198 4727 4730 4733 4714 4718 4695 5218 4739 5219 5215 5218 5198 5108 5116 4889 4892 4891 4892 5129 5137 5144 5148 5152 5156 5160 5164 5168 5172 5210 5206 5209 4736 4746 4736 4739 4742 5219 5218 5219 5205 5202 5208 5211 4904 4912 4921 5207 5210 4737 4737 4740 4786 4789 4792 5219 5222 5201 5196 5199 5202 5195 5206 5209 5212 5222 4744 5206 4849 4890 5128 5136 5143 4843 4874 4861 4874 4869 5198 4719 4722 4716 4719 4722 4722 4746 4736 5204 4733 4752 4740 5219 5218 5198 5201
5207 5210 5210 5204 5207 5197 4726 4729 4732 4713 4717 4695 5217 5219 5211 5205 5208 5198 4905 4913 4888 4891 4896 4890 5128 5136 5143 5147 5151 5155 5159 5163 5167 5171 4737 4737 4740 4743 4745 5216 5219 5222 4748 5217 5200 4736 5204 5198 5210 4903 4911 4920 4739 4742 5219 4702 4752 4785 4788 4791 5212 5201 5200 5195 5198 5201 5205 5205 5208 5211 5210 5209 5205 5122 4889 4870 4873 4863 4873 5158 5162 5166 4854 5198 4735 4738 4741 4744 4796 4802 4735 4738 4741 4731 4951 4708 5211 5208 5198 5201
5199 5202 5195 5206 5209 5212 5195 5206 4727 4712 4716 4695 5207 5210 5210 5204 5207 5197 4904 4912 4893 4896 4895 4889 5127 5135 5142 5146 5150 5154 5158 5162 5166 5170 5219 4702 4752 4740 5219 5218 5198 5201 5202 5207 4736 4746 4736 4739 4742 4902 4910 4919 5201 5221 5219 5215 4901 4784 4787 4790 5211 5212 5222 5194 5197 5200 4736 5204 5207 5210 4737 5219 5204 5121 4888 4869 4872 4718 4709 5157 5161 5165 4720 5197 4746 4749 4752 4737 4794 4800 4746 4749 4752 4720 4943 4707 4736 5207 5197 5200
5198 5201 5205 5205 5208 5211 5205 5205 5199 5198 4695 4695 5199 5202 5195 5206 5209 5212 4903 4911 4892 4895 4895 4888 5126 5134 5141 5145 5149 5153 5157 5161 5165 5169 4748 4701 4951 4708 5211 5208 5198 5201 5210 5199 4743 4745 5216 5219 5222 4901 4909 5130 5138 5220 5211 5205 4900 5216 5219 5207 5210 5211 5210 5206 5209 4736 4746 4736 4739 4742 5219 5218 4902 5120 4890 4921 4929 4736 5204 4733 4752 4740 5219 5218 5198 4748 4751 4736 4739 4742 4745 4748 4751 4744 5210 5200 4735 4738 5195 5210
5197 5200 4736 5204 5207 5210 4750 4735 5198 5198 5090 5096 5198 5201 5205 5205 5208 5211 4902 4910 4890 4893 4893 4893 5125 5133 5197 5200 5210 5206 5209 5212 5196 5199 5202 5216 5219 5206 5215 5215 5215 5215 5215 5215 5215 5215 5215 5215 4695 4694 4876 5129 5137 5210 5210 5204 4899 5215 5218 4739 4742 5210 4737 4737 4740 4743 4745 5216 5219 5222 4748 5217 4901 4909 4889 4920 4928 4738 4741 4731 4951 4708 5211 5208 5198 5216 5219 5199 5202 4744 4747 4750 4735 4738 4951 5198 5206 5209 5219 5222
4796 4802 4736 4739 4742 4749 5198 4739 5198 5102 5089 5095 5197 5200 4736 5204 5207 5210 4901 4909 4889 4892 4892 4892 4920 4928 5197 4736 5207 5216 5219 5222 4744 5216 5219 5199 5202 4737 5215 5215 5215 5215 5215 5215 5215 5215 5215 5215 5215 4693 5123 5128 5136 5202 5195 5206 4898 5214 5217 5219 5222 4742 5219 4702 4752 4740 5219 5218 5198 5201 5202 5207 4900 4908 4888 4919 4927 4749 4752 4720 4943 4707 4736 5207 5197 5215 5218 5198 5201 4737 4740 4743 4746 4749 4943 5198 4724 4735 5211 5208
4794 4800 5216 5219 5222 4748 5199 5202 5216 5115 5123 5127 5139 4746 4736 4739 4742 4749 4900 4908 4888 4891 4888 4891 4919 4927 4741 4735 4738 5215 5218 5221 5219 5215 5218 5198 5201 4733 5216 5219 5222 4744 5215 5215 5215 5215 5215 5215 5215 4693 5122 5127 5135 5201 5205 5205 4905 5204 5207 5198 5201 5222 4748 4701 4951 4708 5211 5208 5198 5201 5210 5199 4899 4907 4893 4918 4926 4748 5204 4744 5210 5200 4735 4738 5195 5205 5208 5198 5201 4736 4739 4742 4745 4748 4747 5197 4723 4724 5204 5207
5137 5219 5218 5198 5201 5202 5198 5201 5215 5114 5122 5130 5138 4745 5216 5219 5222 4748 4899 4849 4852 4893 4893 4896 5131 5139 5219 5199 5202 5214 5217 5220 5211 5205 5208 5198 5201 4731 5215 5218 5221 5219 5215 5215 5215 5215 5215 5215 5215 4691 5121 5126 5134 5200 4736 5204 4904 5196 5199 5198 5201 5197 5200 5210 5206 5209 5212 5196 5199 5202 5216 5219 5206 4906 4892 4917 4925 4750 4736 4738 4951 5198 5206 5209 5219 5204 5207 5197 5200 5209 4744 4747 4750 4735 4738 4741 4744 4747 4736 5209
5136 5211 5208 5198 5201 5210 5198 5201 5205 5113 5121 5129 5137 5219 5218 5198 5201 5202 4898 4848 4851 4866 4892 4895 5130 5138 5218 5198 5201 5204 5207 5210 5210 5204 5207 5197 5200 4720 5214 5217 5220 5211 5215 5215 5215 5215 5215 5215 5215 4691 4874 5098 5101 5096 5096 5202 4903 5195 5198 5199 5202 5197 4736 5207 5216 5219 5222 4744 5216 5219 5199 5202 4737 4913 4892 4916 4924 4743 4746 4749 4943 5198 4724 4796 4802 5206 5209 5212 5222 5211 4737 4740 4727 4746 4749 4752 4737 4740 5205 5208
5135 4736 5207 5197 5200 5210 5197 5200 5210 5112 5120 5128 5136 5211 5208 5198 5201 5210 5199 5102 4862 4865 4890 4893 5129 5137 5208 5198 5201 5196 5199 5202 5195 5206 5209 5212 5222 4744 5204 5207 5210 5210 5215 5215 5215 5215 5215 5215 5215 4690 4848 4873 4876 4893 5131 5219 5218 5221 5219 5215 5218 5198 4735 4738 5215 5218 5221 5219 5215 5218 5198 5201 4733 4912 4880 4915 4923 4742 4745 4748 4747 5197 4723 4794 4800 5205 5208 5211 5210 5209 4736 4739 4727 4730 4727 4730 4736 4739 4742 5207
5134 5204 5207 5210 5217 5220 5212 5222 5210 5111 5119 5127 5135 4739 5207 5197 5200 5210 5090 5096 4905 4913 4889 4892 5128 5136 5207 5197 5200 5195 5198 5201 5205 5205 5208 5211 5210 5209 5196 5199 5202 5195 5215 5215 5215 4802 4958 5195 5198 5201 4732 4872 4875 4892 5130 5218 5217 5220 5211 5205 5208 5198 5199 5202 5214 5217 5220 5176 5182 5208 5198 5201 4731 4911 4890 4914 4722 4747 4750 4735 4738 4741 4744 4747 5195 5204 5207 5210 4737 4740 4746 4749 4717 4699 4702 4705 4735 4738 4741 4743
5219 5199 5202 4739 4742 4724 5207 5197 4744 5110 5118 5126 5134 5219 5207 5210 5217 5220 5088 5094 4904 4912 4888 4891 5127 5135 5209 5212 5222 5194 5197 5200 4736 5204 5207 5210 4737 5219 5195 5198 5201 5205 5215 5215 5215 4800 5215 5218 5198 5201 4733 5102 5118 4880 5129 5208 5207 5210 5210 5204 5207 5197 5198 5201 5204 5207 5210 5174 5180 5207 5197 5200 4720 5118 4889 5130 4747 4740 4727 4746 4749 4752 4737 4740 5205 4736 4739 4742 5219 4752 4748 4748 4718 4709 4729 4721 4724 4718 4721 4724
5090 5093 5096 5216 4744 4749 4752 4736 4737 5102 5116 5124 5144 5148 5152 5156 5160 5164 5168 5172 4903 4911 4880 4883 5126 5134 5208 5211 5210 5206 5209 4736 4746 4736 4739 4742 5219 5218 5194 5197 5200 4736 5215 5215 4695 4690 5205 5208 5198 5201 4731 5215 5117 4890 5128 5207 5199 5202 5195 5206 5209 5212 5198 5201 5196 5199 5202 5195 5206 5209 5212 5222 4744 5117 4888 5129 4740 4739 4727 4730 4727 4730 4736 4739 4742 5216 5219 5222 4748 5195 5215 5205 4727 4702 4702 4720 4723 4717 4720 4704
5089 5092 5095 5215 5219 4748 4751 4735 5199 5096 5089 5098 5143 5147 5151 5155 5159 5163 5167 5171 4871 4874 4879 4882 5125 5133 5207 5210 4737 4737 4740 4743 4745 5216 5219 5222 4748 5217 5206 5209 4736 4746 5215 5215 4694 5199 5201 5205 5205 5208 5211 5210 5116 4889 5127 5209 5198 5201 5205 5205 5208 5211 5197 5200 5195 5198 5201 5205 5205 5208 5211 5210 5209 5116 4893 5128 4739 4749 4717 4699 4702 4705 4735 4738 4741 5222 4748 5195 5215 5205 4727 4702 4702 4720 4723 4741 4744 4747 4750 4735
5088 5091 5094 5205 5211 4750 4735 4724 5198 5090 5088 5091 5142 5146 5150 5154 5158 5162 5166 5170 4863 4866 4878 4881 5124 5132 4739 4742 5219 4702 4752 4740 5219 5218 5198 5201 5202 5207 4796 4802 4743 4745 5215 4850 5210 5198 5200 4736 5204 5207 5210 4737 4906 4888 5126 5208 5197 4796 4802 5204 5207 5210 5212 5222 5194 5197 5200 4736 5204 5207 5210 4737 5219 4906 4890 5127 5202 4748 4718 4709 4729 4721 4724 4718 4721 5209 4736 4746 4736 4739 4742 5219 4724 4746 4749 4752 4737 4740 4743 4746
5205 5208 5198 5209 4736 4736 4739 4742 5198 5088 5094 5199 5141 5145 5149 5153 5157 5161 5165 5169 4900 4908 4890 4893 5099 5200 5219 5222 4748 4701 4951 4708 5211 5208 5198 5201 5210 5199 4794 4800 4740 5219 5112 5120 5130 5138 5217 4736 4746 4736 4739 4742 4913 4893 5125 5207 5209 4794 4800 4736 4739 4742 5211 5210 5206 5209 4736 4746 4736 4739 4742 5219 5218 4913 4889 5126 5201 5205 4727 4702 4702 4720 4723 4717 4720 4740 4743 4745 5216 5219 5222 4748 4723 4745 4748 4751 4736 4739 4742 4745
4741 4736 4739 4742 5219 5199 5202 4744 5216 5216 5219 5222 4737 4740 4743 4746 4749 4752 4796 4802 4899 4907 4889 4892 5098 5096 5208 5198 5201 5196 5199 5202 5195 5206 5209 5212 5222 4744 4701 4824 4817 5211 5111 5119 5129 5137 5207 4743 4745 5216 5219 5222 5122 4890 4921 4929 4740 4743 4745 5216 5219 5222 5210 4737 4737 4740 4743 4745 5216 5219 5222 4748 5217 5122 4888 5125 5201 4702 4702 4720 4723 4741 4744 4747 4750 4752 4740 5219 5218 5198 5201 5202 4722 4744 5216 5219 5199 5202 4744 4747
4752 4735 4786 4789 4792 5198 5201 4737 5215 5218 5198 5201 4736 4739 4742 4745 4748 4751 4794 4800 4898 4849 4888 4891 4894 5099 5102 4946 4950 4954 4958 5144 5148 5206 4928 5197 4736 5207 5216 4834 5222 5198 5110 5118 5128 5136 5199 4740 5219 5218 5198 5201 5121 4889 4920 4928 4752 4740 5219 5218 5198 5201 4742 5219 4702 4752 4740 5219 5218 5198 5201 5202 5207 5121 4893 4921 5200 5219 4724 4746 4749 4752 4737 4740 4743 4951 4708 5211 5208 5198 5201 5210 4722 5219 5215 5218 5198 5201 4737 4740
4751 4725 4785 4788 4791 5198 5201 4736 5205 5208 5198 5201 5216 5219 5222 4744 5216 5219 5199 5202 5198 4848 4851 4876 4891 5098 5101 4945 4949 4953 4957 5143 5147 4856 4927 4741 4735 4738 5215 5218 5221 5198 5109 5117 5127 5135 4744 4708 5211 5208 5198 5201 5120 4888 4919 4927 4951 4708 5211 5208 5198 5201 5222 4748 4701 4951 4708 5211 5208 5198 5201 5210 5199 5120 4892 4920 5222 4748 4723 4745 4748 4751 4736 4739 4742 4943 4707 4736 5207 5197 5200 5210 4747 5211 5205 5208 5198 5201 4736 4739
4738 4718 4784 4787 4790 5197 5200 5209 5210 5207 5197 5200 5215 5218 5221 5219 5215 5218 5198 5201 4740 4743 5215 4875 4893 4892 4894 4890 4893 4896 4880 4883 4886 4858 4846 5144 5148 5152 5156 5160 5164 5168 5108 5116 5126 5134 4934 4938 4942 4946 4950 5102 5105 4893 5099 5102 5219 4702 4752 4740 5219 5218 5198 5201 5144 5148 5152 5156 5160 5164 5168 5108 4872 4875 4883 4919 5210 5202 4722 4744 5216 5219 5199 5202 4744 5210 5200 4735 4738 5195 5210 4739 4740 5210 5204 5207 5197 5200 5209 4744
4749 5204 4699 4702 4733 5212 5222 5211 5210 4738 4741 4735 5214 5217 5220 5211 5205 5208 5198 5201 4739 4742 4905 4913 4890 4893 5092 4889 4892 4895 4879 4882 4885 4842 4868 5143 5147 5151 5155 5159 5163 5167 5171 4864 4868 4871 4933 4937 4941 4945 4949 5101 5104 4892 5098 5101 5143 5147 5151 5155 5159 5163 5167 5171 5143 5147 5151 5155 5159 5163 5167 5171 4871 4874 4882 5099 4737 5210 4722 5219 5215 5218 5198 5201 4737 4951 5198 5206 5209 5219 5222 5211 4739 5195 5206 5209 5212 5222 5211 4737
4727 4736 4711 4714 4733 4727 4730 4776 4779 4782 4744 5216 5204 5207 5210 5210 5204 5207 5197 5200 4744 4747 4904 4912 4889 4892 4895 4894 4890 4893 4896 4880 4883 4886 4883 4890 4883 4896 4890 4893 4896 4880 4883 4886 4890 4893 4896 4883 4886 4890 4893 4896 4880 4883 4886 4890 4890 4893 4896 4880 4883 4886 4890 4893 4896 4893 4896 4880 4883 4886 4889 4892 4895 4892 4881 4855 5207 5197 5200 4736 5204 5207 5210 4723 4749 4943 5198 4724 4735 5211 5208 5198 5201 5205 5205 5208 5211 4796 4802 4736
4740 4707 4796 4802 4732 4726 4729 4775 4778 4781 5219 5215 5196 5199 5202 5195 5206 5209 5212 5222 4733 4744 4903 4911 4888 4891 4894 5092 4889 4892 4895 4879 4882 4885 4882 4889 4882 4895 4889 4892 4895 4879 4882 4885 4889 4892 4895 4882 4880 4883 4886 4895 4879 4882 4880 4883 4889 4892 4895 4879 4882 4885 4889 4892 4895 4892 4895 4879 4882 4885 4886 4870 4873 5162 5166 4844 5209 5212 5222 4746 4736 4739 4742 4722 4716 4719 4722 4723 4735 5205 5205 4737 4740 4743 4745 5216 5219 4794 4800 4723
4739 4706 4794 4800 4796 4799 4802 4774 4777 4780 5211 5205 5195 5198 5201 5205 5205 5208 5211 5210 4732 5204 4902 4910 4880 4883 4852 4881 4888 4891 4894 4878 4881 4884 4881 4888 4881 4894 4888 4891 4894 4878 4881 4884 4888 4880 4883 4886 4879 4882 4885 4894 4878 4881 4884 4880 4888 4891 4894 4860 5162 5166 5170 5142 5146 5150 5154 5158 5162 5166 5170 4854 5198 4724 4735 5211 5208 5211 5210 4745 5216 5219 5222 4722 4716 4796 4802 4722 4746 4736 5204 4733 4752 4740 5219 5218 5198 5201 5202 4722
4702 4699 4702 4705 4795 4798 4801 4724 4735 4737 5210 5204 5194 5197 5200 4736 5204 5207 5210 4737 4731 4736 4901 4909 4879 4882 4870 4932 4936 4940 4944 4948 4952 4956 4960 5142 5146 5150 5154 5158 5162 5166 5170 5142 5146 5150 5154 5158 5162 5166 5170 4932 4936 4940 4944 4948 4952 4956 4960 4844 5161 5165 5169 5141 5145 5149 5153 5157 5161 5165 5169 4745 5216 5219 5222 4748 5195 5215 5205 4727 4702 4702 4720 4723 4741 4794 4800 4750 4735 4738 4741 4731 4951 4708 5211 5208 5198 5201 5210 4722
4732 4698 4701 4704 4794 4797 4800 4723 4724 4736 5195 5206 5206 5209 4736 4746 4736 4739 4742 5219 4724 4735 4900 4908 4878 4881 4869 4931 4935 4939 4943 4947 4951 4955 4959 5141 5145 5149 5153 5157 5161 5165 5169 5141 5145 5149 5153 5157 5161 5165 5169 4742 4745 4748 4751 4744 5210 5200 4735 4738 5195 5210 4739 5198 4704 4723 4717 4720 4723 4724 4736 5195 5206 5206 5209 4736 4746 4736 4739 4742 5219 4724 4746 4749 4752 4737 4740 4743 4746 4749 4752 4720 4943 4707 4736 5207 5197 5200 5210 4747
4731 4697 4776 4779 4782 4786 4789 4792 4723 4766 4769 4772 4737 4740 4743 4745 5216 5219 5222 4748 4723 4724 4899 4907 4890 4893 4921 4929 4727 4730 4733 4718 4721 4724 4731 4735 4746 4736 4739 4727 4730 4733 4726 4711 4732 4732 4737 4740 4743 4745 4748 4744 4747 4750 4735 4738 4951 5198 5206 5209 5219 5222 5211 5198 4703 4722 4716 4719 4722 4723 4735 5205 5205 4737 4740 4743 4745 5216 5219 5222 4748 4723 4745 4748 4751 4736 4739 4742 4745 4748 4751 4744 5210 5200 4735 4738 5195 5210 4739 4740
4726 4701 4775 4778 4781 4785 4788 4791 4722 4765 4768 4771 4733 4752 4740 5219 5218 5198 5201 5202 4722 4723 4898 4906 4889 4892 4920 4928 4726 4729 4732 4717 4720 4704 4726 4905 4745 5216 5219 4726 4729 4732 4720 4710 4713 4731 4736 4739 4742 4744 4747 4737 4740 4743 4746 4749 4943 5198 4724 4735 5211 5208 5198 5197 4719 4722 4716 4719 4722 4722 4746 4736 5204 4733 4752 4740 5219 5218 5198 5201 5202 4722 4744 5216 5219 5199 5202 4744 4747 4750 4735 4738 4951 5198 5206 5209 5219 5222 5211 4739
5204 4747 4774 4777 4780 4784 4787 4790 4750 4764 4767 4770 4731 4951 4708 5211 5208 5198 5201 5210 4722 4722 4905 4913 4888 4891 4919 4927 4725 4728 4731 4716 4719 4722 4725 4904 5219 5218 5198 4725 4728 4731 4706 4709 4712 4724 4735 4738 4741 4737 4740 4736 4739 4742 4745 4748 4747 5197 4723 4724 5210 5207 5197 5212 4735 4738 4741 4744 4747 4750 4735 4738 4741 4731 4951 4708 5211 5208 5198 5201 5210 4722 5219 5215 5218 5198 5201 4737 4740 4743 5204 4749 4943 5198 4724 4735 5211 5208 5198 5201
4736 4740 4743 4746 4749 4752 4737 4740 4743 4746 4749 4752 4720 4943 4707 4736 5207 5197 5200 5210 4747 4750 4904 4912 4893 4896 4918 4926 4704 4723 4717 4720 4723 4724 4736 5195 5206 5206 5209 4736 4746 4736 4739 4742 5219 4724 4704 4723 4717 4720 4723 5209 4744 4747 4750 4735 4738 4741 4744 4747 5195 5209 5212 4724 4746 4749 4752 4807 4811 4815 4819 4749 4752 4720 4943 4707 4736 5207 5197 5200 5210 4747 5211 5205 5208 5198 5201 4736 4739 4742 4736 4748 4747 5197 4723 4724 5210 5207 5197 5200
4736 4739 4742 4745 4748 4751 4736 4739 4742 4745 4748 4751 4744 5210 5200 4735 4738 5195 5210 4739 4740 4743 4903 4911 4892 4895 4917 4925 4703 4722 4716 4719 4722 4723 4796 4802 5205 4737 4740 4743 4745 5216 5219 5222 4748 4723 4703 4722 4716 4719 4722 4796 4802 5205 5205 4737 4740 4743 4745 5216 5219 5222 4748 4723 4745 4748 4751 4806 4810 4814 4818 4748 4751 4744 5210 5200 4735 4738 5195 5210 4739 4740 5210 5204 5207 5197 5200 5209 4744 4747 4750 4735 4738 4741 4744 4747 5195 5209 5212 5222
5216 5219 5222 4744 5216 5219 5199 5202 4744 4747 4750 4735 4738 4951 5198 5206 5209 5219 5222 5211 4739 4742 4902 4910 4891 4894 4916 4924 4719 4722 4716 4719 4722 4722 4794 4800 5204 4733 4752 4740 5219 5218 5198 5201 5202 4722 4719 4722 4716 4719 4722 4794 4800 4736 5204 4733 4752 4740 5219 5218 5198 5201 5202 4722 4744 5216 5219 4805 4809 4813 4817 4750 4735 4738 4951 5198 5206 5209 5219 5222 5211 4739 5195 5206 5209 5212 5222 5211 4737 4740 4727 4746 4749 4752 4737 4740 5205 5208 5211 5210
5215 5218 5221 5219 5215 5218 5198 5201 4737 4740 4743 4746 4749 4943 5198 4724 4735 5211 5208 5198 5201 4736 4901 4909 4880 4883 4915 4923 4735 4738 4741 4744 4747 4750 4735 4738 4741 4731 4951 4708 5211 5208 5198 5201 5210 4722 4735 4738 4741 4744 4747 4750 4735 4738 4741 4731 4951 4708 5211 5208 5198 5201 5210 4722 5219 5215 5218 4804 4808 4812 4816 4743 4746 4749 4943 5198 4724 4735 5211 5208 5198 5201 5205 5205 5208 5211 5210 5209 4736 4739 4727 4730 4727 4730 4736 4739 4742 5207 5210 4737
5214 5217 5220 5211 5205 5208 5198 5201 4736 4739 4742 4745 4748 4747 5197 4723 4724 5210 5207 5197 5200 5209 4900 4908 4879 4882 4914 4922 4746 5204 4752 4737 4740 4743 4746 4749 4752 4766 4769 4772 4736 5207 5197 5200 5210 4747 4746 4749 4752 4737 4740 4743 4746 4749 4752 4720 4943 4707 4736 5207 5197 5200 5210 4747 5211 5205 5208 5198 5201 4736 4739 4742 4745 4748 4747 5197 4723 4724 5210 5207 5197 5200 4736 5204 5207 5210 4737 4740 4746 4749 4717 4699 4702 4705 4735 4738 4741 4743 4746 4749
5204 5207 5210 5210 5204 5207 5197 5200 5209 4744 4747 4750 4735 4738 4741 4744 4747 5195 5209 5212 5222 5211 4899 4907 4878 4881 4918 4926 4745 4736 4751 4736 4739 4742 4745 4748 4751 4765 4768 4771 4735 4738 5195 5210 4739 4740 4745 4748 4751 4736 4739 4742 4745 4786 4789 4792 5210 5200 4735 4738 5195 5210 4739 4740 5210 5204 5207 5197 5200 5209 4744 4747 4750 4735 5204 4741 4744 4747 5195 5209 5212 5222 4746 4736 4739 4742 5219 4752 4748 4748 4718 4709 4729 4721 4724 4718 4721 4724 4731 4735
5196 5199 5202 5195 5206 5209 5212 5222 5211 4737 4740 4727 4746 4749 4752 4737 4740 5205 5208 5211 5210 5209 4898 4906 4890 4893 4917 4925 4744 5216 5219 5199 5202 4744 4747 4750 4735 4764 4767 4770 5206 5209 5219 5222 5211 4739 4744 5216 5219 5199 5202 4744 4747 4785 4788 4791 4951 5198 5206 5209 5219 5222 5211 4739 5195 5206 5209 5212 5222 5211 4737 4740 4727 4746 4736 4752 4737 4740 5205 5208 5211 5210 4745 5216 5219 5222 4748 5195 5215 5205 4727 4702 4702 4720 4723 4717 4720 4704 4726 4905
5195 5198 5201 5205 5205 5208 5211 5210 5209 4736 4786 4789 4792 4727 4766 4769 4772 4742 5207 5210 4737 4740 4752 4865 4889 4892 4916 4924 5219 5215 5218 5198 5201 4737 4740 4743 4746 4749 4943 5198 4724 4735 5211 5208 5198 5201 5219 5215 5218 5198 5201 4737 4740 4784 4787 4790 4943 5198 4724 4735 5211 5208 5198 5201 5205 5205 5208 5211 5210 5209 4736 4739 4727 4730 4727 4730 4736 4739 4742 5207 5210 4737 5219 5218 5198 5201 5202 5219 5205 4740 4726 4701 4732 4719 4722 4716 4719 4722 4725 4904
5194 5197 5200 4736 5204 5207 5210 4737 4740 4746 4785 4788 4791 4702 4765 4768 4771 4741 4743 4746 4749 4840 4843 4864 4888 4891 4915 4923 5211 5205 5208 5198 5201 4796 4802 4742 5209 4748 4747 5197 4723 4724 5210 5207 5197 5200 5211 5205 5208 5198 5201 4736 4739 4742 4745 4748 4747 5197 4723 4724 5210 5207 5197 5200 4736 5204 5207 5210 4737 4740 4746 4749 4717 4699 4702 4705 4735 4738 4741 4743 4746 4749 4704 4723 4717 4720 4723 4724 4736 5195 5206 5206 5209 4736 4746 4736 4739 4742 5204 4724
5206 5209 4736 4746 4736 4739 4742 5219 4752 4748 4784 4787 4790 4729 4764 4767 4770 4721 4724 4731 4735 4839 4842 4880 4883 4886 4914 4922 5210 5204 5207 5197 5200 4794 4800 4796 4799 4802 4836 4741 4744 4747 5195 5209 5212 5222 5210 5204 5207 5197 5200 5209 4744 4747 4750 4735 4738 4741 5204 4747 5195 5209 5212 5222 4746 4736 4739 4742 5219 4752 4748 4748 4718 4709 4729 4721 4724 4718 4721 4724 4731 4735 4703 4722 4716 4719 4722 4723 4735 5205 5205 4737 4740 4743 4745 5216 5219 5222 4736 4723
4737 4740 4743 4745 5216 5219 5222 4748 5195 5215 5205 4727 4702 4702 4720 4723 4717 4720 4704 4726 4905 4913 4886 4879 4882 4885 4921 4929 5195 5206 5209 5212 5222 5211 5198 4805 4827 4831 4835 4752 4737 4740 5205 4786 4789 4792 5195 5206 5209 5212 5222 5211 4737 4740 4727 4746 4749 4752 4736 4740 5205 5208 5211 5210 4745 5216 5219 5222 4748 5195 5215 5205 4727 4702 4702 4720 4723 4717 4720 4704 4726 4905 4719 4722 4716 4719 4722 4722 4746 4736 5204 4733 4752 4740 5219 5218 5198 5201 5202 4722
4702 4752 4740 5219 5218 5198 5201 5202 5219 5205 4740 4726 4701 4732 4719 4722 4716 4719 4722 4725 4904 4912 4885 4878 4881 4884 4920 4928 5205 5205 5208 5211 5210 5209 5195 4822 4826 4830 4834 5209 4736 4739 4742 4785 4788 4791 5205 5205 5208 5211 5210 5209 4736 4739 4727 4730 4727 4730 4736 4739 4742 5207 5210 4737 5219 5218 5198 5201 5202 5219 5205 4740 4726 4701 4732 4719 4722 4716 4719 4722 4725 4904 4735 4738 4741 4744 4747 4750 4735 4738 4741 4731 4951 4708 5211 5208 5198 5201 5210 4722
4701 4951 4708 5211 5208 5198 5201 5210 4743 4736 4739 4725 4700 4731 4730 4733 4746 4746 4749 4752 4903 4911 4890 4893 4896 4893 4919 4927 4736 5204 5207 5210 4737 4740 4746 4821 4825 4829 4833 4705 4735 4738 4741 4784 4787 4790 4736 5204 5207 5210 4737 4740 4746 4749 4717 5197 5200 5210 5206 5209 5212 5196 5199 5202 5216 5219 5206 4720 4723 4724 4736 5195 5206 5206 5209 4796 4802 4736 4739 4742 5219 4724 4746 4749 4752 4737 4740 4743 4746 4749 4752 4720 4943 4707 4736 5207 5197 5200 5210 4747
4700 4943 4707 4736 5207 5197 5200 5210 4742 4735 4738 4718 4745 4726 4729 4732 4745 4745 4748 4751 4902 4910 4889 4892 4895 4892 4918 4926 4746 4736 4739 4742 5219 4752 4748 4748 4718 4807 4729 4721 4724 4718 4721 4724 4731 4735 4746 4736 4739 4742 5219 4752 4786 4789 4792 5197 4736 5207 5216 5219 5222 4744 5216 5219 5199 5202 4737 4719 4722 4723 4735 5205 5205 4737 4740 4794 4800 5216 5219 5222 4748 4723 4745 4748 4751 4736 4796 4802 4745 4748 4751 4744 5210 5200 4735 4738 5195 5210 4739 4740
4745 4723 4706 4735 4738 4741 4735 4738 4741 5216 5219 5199 5202 4725 4728 4731 4744 4744 4747 4750 4901 4909 4888 4891 4894 4891 4917 4925 4745 5216 5219 5222 4748 5195 5215 5205 4727 4702 4702 4720 4723 4717 4720 4704 4726 4905 4745 5216 5219 5222 4748 5195 4785 4788 4791 4741 4735 4738 5215 5218 5221 5219 5215 5218 5198 5201 4733 4719 4722 4722 4746 4736 5204 4733 4752 4740 5219 5218 5198 5201 5202 4722 4744 5216 5219 5199 4794 4800 4747 4750 4735 4738 4951 5198 5206 5209 5219 5222 5211 4739
5206 5209 5212 5196 5199 5202 5216 5219 5222 5215 5218 5198 5201 4718 4721 4724 4737 4737 4740 4743 4900 4908 4880 4883 4886 4880 4916 4924 5219 5218 5198 5201 5202 5219 5205 4740 4726 4701 4732 4719 4722 4716 4719 4722 4725 4904 5219 5218 5198 5201 5202 5219 4784 4787 4790 5219 5199 5202 5214 5217 5220 5211 5205 5208 5198 5201 4731 4744 4747 4750 4735 4738 4741 4731 4951 4708 5211 5208 5198 5201 5210 4722 5219 5215 5218 5198 5201 4737 4740 4743 4746 4749 4943 5198 4724 4735 5211 5208 5198 5201
5205 5208 5211 5195 5198 5201 5215 5218 5221 5205 5208 5198 5201 4717 4720 4723 4736 4736 4739 4742 4899 4907 4879 4882 4885 4879 4915 4923 5208 5198 5201 4736 5197 5200 5210 5206 5209 5212 5196 5199 5202 5216 5219 5206 5197 5200 5210 5206 5209 5212 5196 5199 5202 5216 5219 5218 5198 5201 5204 5207 5210 5210 5204 5207 5197 5200 4720 4737 4740 4743 4746 4749 4752 4720 4943 4707 4736 5207 5197 5200 5210 4747 5211 5205 5208 5198 5201 4736 4739 4742 4745 4748 4747 5197 4723 4724 5210 5207 5197 5200
5204 5207 5210 5194 5197 5200 5214 5217 5220 5204 5207 5197 5200 4716 4719 4722 4735 4735 4738 4741 4898 4906 4878 4881 4884 4878 4914 4922 5207 5197 5200 5209 5197 4736 5207 5216 5219 5222 4744 5216 5219 5199 5202 4737 5197 4736 5207 5216 5219 5222 4744 5216 5219 5199 5202 5208 5198 5201 5196 5199 5202 5195 5206 5209 5212 5222 4744 4736 4739 4742 4745 4748 4751 4744 5210 5200 4735 4738 5195 5210 4739 4740 5210 5204 5207 5197 5200 5209 4744 4747 4750 4735 4738 4741 4744 4747 5195 5209 5212 5222
4741 4736 4739 4742 4723 4706 4709 4709 4720 4720 4745 4748 4751 4942 4707 4751 4739 4742 4739 4742 4732 4838 4876 4889 4885 4888 4919 4927 4745 4748 4751 4737 4741 4735 4738 5215 5218 5221 5219 5215 5218 5198 5201 4733 4741 4735 4738 5215 5218 5221 5219 5215 5218 5198 5201 5207 5197 5200 5195 5198 5201 5205 5205 5208 5211 5210 5209 5199 5202 4744 4747 4750 4735 4738 4951 5198 5206 5209 5219 5222 5211 4739 5195 5206 5209 5212 5222 5211 4737 4740 4727 4746 4749 4752 4737 4740 5205 5208 5211 5210
4749 4752 4744 4737 4740 4699 4702 4702 4752 4740 4749 4736 4739 4742 4741 4736 4739 4742 4723 4706 4709 4903 4911 4888 4884 4882 4918 4926 4746 4749 4752 4752 5219 5199 5202 5214 5217 5220 5211 5205 5208 5198 5201 4731 5219 5199 5202 5214 5217 5220 5211 5205 5208 5198 5201 5209 5212 5222 5194 5197 5200 4736 5204 5207 5210 4737 5219 5198 5201 4737 4740 4743 4746 4749 4943 5198 4724 4735 5211 5208 5198 5201 5205 5205 5208 5211 5210 5209 4736 5204 4727 4730 4727 4730 4736 4739 4742 5207 5210 4737
4751 4752 4737 4736 4739 4698 4701 4701 4951 4708 4743 4747 4732 4746 4749 4752 4744 4737 4740 4699 4702 4902 4910 4882 4893 4881 4917 4925 4748 4736 4739 4742 5218 5198 5201 5204 5207 5210 5210 5204 5207 5197 5200 4720 5218 5198 5201 5204 5207 5210 5210 5204 5207 5197 5200 5208 5211 5210 5206 5209 4736 4746 4736 4739 4742 5219 5218 5198 5201 4736 4739 4742 4745 4748 4747 5197 4723 4724 5210 5207 5197 5200 4736 5204 5207 5210 4737 4740 4746 4736 4717 4699 4702 4705 4735 4738 4741 4743 4746 4749
4709 4720 4749 4752 4748 4697 4700 4700 4943 4707 4742 4739 4745 4748 4751 4752 4737 4736 4739 4698 4701 4901 4909 4881 4895 4886 4916 4924 4732 4714 4729 4738 5208 5198 5201 5196 5199 5202 5195 5206 5209 4766 4769 4772 5208 5198 5201 5196 5199 5202 5195 5206 5209 5212 5222 5207 5210 4737 4737 5204 4743 4745 5216 5219 5222 4748 5217 5197 5200 5209 4744 4747 4750 4735 4738 4741 4744 4747 5195 5209 5212 5222 4746 4736 4739 4742 5219 4752 4748 4748 4718 4709 4729 4721 4724 4718 4721 4724 4731 5204
4702 4752 4748 4751 4740 4739 4745 4745 4723 4706 4737 4737 4746 4749 4752 4746 4749 4752 4748 4697 4700 4900 4908 4886 4894 4885 4915 4923 4751 4739 4742 4739 5207 5197 5200 5195 5198 5201 5205 5205 5208 4765 4768 4771 5207 5197 5200 5195 5198 5201 5205 5205 5208 5211 5210 4739 4742 5219 4702 4736 4740 5219 5218 5198 5201 5202 5207 5212 5222 5211 4737 4740 4727 4746 4749 4752 4737 4740 5205 5208 5211 5210 4745 5216 5219 5222 4748 5195 5215 5205 4727 4702 4702 4720 4723 4717 4720 4704 4726 4736
4701 4951 4747 4750 4739 4727 4730 4730 4740 4699 4736 4939 4943 4947 4951 4745 4748 4751 4740 4739 4745 4899 4911 4885 4890 4884 4914 4922 4746 4738 4741 4738 5209 5212 5222 5194 5197 5200 4736 5204 5207 4764 4767 4770 5209 5212 5222 5194 5197 5200 4736 5204 5207 5210 4737 5219 5222 4748 4701 4951 4708 5211 5208 5198 5201 5210 5199 5211 5210 5209 4736 4739 4727 4730 4727 4730 4736 4739 4742 5207 5210 4737 5219 5218 5198 5201 5202 5219 5205 4740 4726 4701 4732 4719 4722 4716 4719 4722 4725 4904
tile 4690 0 0
tile 4691 56 0
tile 4692 112 0
tile 4693 168 0
tile 4694 224 0
tile 4695 280 0
tile 4697 336 0
tile 4698 392 0
tile 4699 448 0
tile 4700 504 0
tile 4701 560 0
tile 4702 616 0
tile 4703 672 0
tile 4704 728 0
tile 4705 784 0
tile 4706 840 0
tile 4707 896 0
tile 4708 952 0
tile 4709 1008 0
tile 4710 1064 0
tile 4711 0 27
tile 4712 56 27
tile 4713 112 27
tile 4714 168 27
tile 4716 224 27
tile 4717 280 27
tile 4718 336 27
tile 4719 392 27
tile 4720 448 27
tile 4721 504 27
tile 4722 560 27
tile 4723 616 27
tile 4724 672 27
tile 4725 728 27
tile 4726 784 27
tile 4727 840 27
tile 4728 896 27
tile 4729 952 27
tile 4730 1008 27
tile 4731 1064 27
tile 4732 0 54
tile 4733 56 54
tile 4735 112 54
tile 4736 168 54
tile 4737 224 54
tile 4738 280 54
tile 4739 336 54
tile 4740 392 54
tile 4741 448 54
tile 4742 504 54
tile 4743 560 54
tile 4744 616 54
tile 4745 672 54
tile 4746 728 54
tile 4747 784 54
tile 4748 840 54
tile 4749 896 54
tile 4750 952 54
tile 4751 1008 54
tile 4752 1064 54
tile 4764 0 81
tile 4765 56 81
tile 4766 112 81
tile 4767 168 81
tile 4768 224 81
tile 4769 280 81
tile 4770 336 81
tile 4771 392 81
tile 4772 448 81
tile 4774 504 81
tile 4775 560 81
tile 4776 616 81
tile 4777 672 81
tile 4778 728 81
tile 4779 784 81
tile 4780 840 81
tile 4781 896 81
tile 4782 952 81
tile 4784 1008 81
tile 4785 1064 81
tile 4786 0 108
tile 4787 56 108
tile 4788 112 108
tile 4789 168 108
tile 4790 224 108
tile 4791 280 108
tile 4792 336 108
tile 4794 392 108
tile 4795 448 108
tile 4796 504 108
tile 4797 560 108
tile 4798 616 108
tile 4799 672 108
tile 4800 728 108
tile 4801 784 108
tile 4802 840 108
tile 4804 896 108
tile 4805 952 108
tile 4806 1008 108
tile 4807 1064 108
tile 4808 0 135
tile 4809 56 135
tile 4810 112 135
tile 4811 168 135
tile 4812 224 135
tile 4813 280 135
tile 4814 336 135
tile 4815 392 135
tile 4816 448 135
tile 4817 504 135
tile 4818 560 135
tile 4819 616 135
tile 4821 672 135
tile 4822 728 135
tile 4824 784 135
tile 4825 840 135
tile 4826 896 135
tile 4827 952 135
tile 4829 1008 135
tile 4830 1064 135
tile 4831 0 162
tile 4833 56 162
tile 4834 112 162
tile 4835 168 162
tile 4836 224 162
tile 4838 280 162
tile 4839 336 162
tile 4840 392 162
tile 4841 448 162
tile 4842 504 162
tile 4843 560 162
tile 4844 616 162
tile 4845 672 162
tile 4846 728 162
tile 4848 784 162
tile 4849 840 162
tile 4850 896 162
tile 4851 952 162
tile 4852 1008 162
tile 4854 1064 162
tile 4855 0 189
tile 4856 56 189
tile 4858 112 189
tile 4859 168 189
tile 4860 224 189
tile 4861 280 189
tile 4862 336 189
tile 4863 392 189
tile 4864 448 189
tile 4865 504 189
tile 4866 560 189
tile 4868 616 189
tile 4869 672 189
tile 4870 728 189
tile 4871 784 189
tile 4872 840 189
tile 4873 896 189
tile 4874 952 189
tile 4875 1008 189
tile 4876 1064 189
tile 4878 0 216
tile 4879 56 216
tile 4880 112 216
tile 4881 168 216
tile 4882 224 216
tile 4883 280 216
tile 4884 336 216
tile 4885 392 216
tile 4886 448 216
tile 4888 504 216
tile 4889 560 216
tile 4890 616 216
tile 4891 672 216
tile 4892 728 216
tile 4893 784 216
tile 4894 840 216
tile 4895 896 216
tile 4896 952 216
tile 4898 1008 216
tile 4899 1064 216
tile 4900 0 243
tile 4901 56 243
tile 4902 112 243
tile 4903 168 243
tile 4904 224 243
tile 4905 280 243
tile 4906 336 243
tile 4907 392 243
tile 4908 448 243
tile 4909 504 243
tile 4910 560 243
tile 4911 616 243
tile 4912 672 243
tile 4913 728 243
tile 4914 784 243
tile 4915 840 243
tile 4916 896 243
tile 4917 952 243
tile 4918 1008 243
tile 4919 1064 243
tile 4920 0 270
tile 4921 56 270
tile 4922 112 270
tile 4923 168 270
tile 4924 224 270
tile 4925 280 270
tile 4926 336 270
tile 4927 392 270
tile 4928 448 270
tile 4929 504 270
tile 4931 560 270
tile 4932 616 270
tile 4933 672 270
tile 4934 728 270
tile 4935 784 270
tile 4936 840 270
tile 4937 896 270
tile 4938 952 270
tile 4939 1008 270
tile 4940 1064 270
tile 4941 0 297
tile 4942 56 297
tile 4943 112 297
tile 4944 168 297
tile 4945 224 297
tile 4946 280 297
tile 4947 336 297
tile 4948 392 297
tile 4949 448 297
tile 4950 504 297
tile 4951 560 297
tile 4952 616 297
tile 4953 672 297
tile 4954 728 297
tile 4955 784 297
tile 4956 840 297
tile 4957 896 297
tile 4958 952 297
tile 4959 1008 297
tile 4960 1064 297
tile 4961 0 324
tile 4962 56 324
tile 5088 112 324
tile 5089 168 324
tile 5090 224 324
tile 5091 280 324
tile 5092 336 324
tile 5093 392 324
tile 5094 448 324
tile 5095 504 324
tile 5096 560 324
tile 5098 616 324
tile 5099 672 324
tile 5100 728 324
tile 5101 784 324
tile 5102 840 324
tile 5103 896 324
tile 5104 952 324
tile 5105 1008 324
tile 5106 1064 324
tile 5108 0 351
tile 5109 56 351
tile 5110 112 351
tile 5111 168 351
tile 5112 224 351
tile 5113 280 351
tile 5114 336 351
tile 5115 392 351
tile 5116 448 351
tile 5117 504 351
tile 5118 560 351
tile 5119 616 351
tile 5120 672 351
tile 5121 728 351
tile 5122 784 351
tile 5123 840 351
tile 5124 896 351
tile 5125 952 351
tile 5126 1008 351
tile 5127 1064 351
tile 5128 0 378
tile 5129 56 378
tile 5130 112 378
tile 5131 168 378
tile 5132 224 378
tile 5133 280 378
tile 5134 336 378
tile 5135 392 378
tile 5136 448 378
tile 5137 504 378
tile 5138 560 378
tile 5139 616 378
tile 5141 672 378
tile 5142 728 378
tile 5143 784 378
tile 5144 840 378
tile 5145 896 378
tile 5146 952 378
tile 5147 1008 378
tile 5148 1064 378
tile 5149 0 405
tile 5150 56 405
tile 5151 112 405
tile 5152 168 405
tile 5153 224 405
tile 5154 280 405
tile 5155 336 405
tile 5156 392 405
tile 5157 448 405
tile 5158 504 405
tile 5159 560 405
tile 5160 616 405
tile 5161 672 405
tile 5162 728 405
tile 5163 784 405
tile 5164 840 405
tile 5165 896 405
tile 5166 952 405
tile 5167 1008 405
tile 5168 1064 405
tile 5169 0 432
tile 5170 56 432
tile 5171 112 432
tile 5172 168 432
tile 5174 224 432
tile 5175 280 432
tile 5176 336 432
tile 5177 392 432
tile 5178 448 432
tile 5179 504 432
tile 5180 560 432
tile 5181 616 432
tile 5182 672 432
tile 5184 728 432
tile 5185 784 432
tile 5186 840 432
tile 5187 896 432
tile 5188 952 432
tile 5189 1008 432
tile 5190 1064 432
tile 5191 0 459
tile 5192 56 459
tile 5194 112 459
tile 5195 168 459
tile 5196 224 459
tile 5197 280 459
tile 5198 336 459
tile 5199 392 459
tile 5200 448 459
tile 5201 504 459
tile 5202 560 459
tile 5204 616 459
tile 5205 672 459
tile 5206 728 459
tile 5207 784 459
tile 5208 840 459
tile 5209 896 459
tile 5210 952 459
tile 5211 1008 459
tile 5212 1064 459
tile 5214 0 486
tile 5215 56 486
tile 5216 112 486
tile 5217 168 486
tile 5218 224 486
tile 5219 280 486
tile 5220 336 486
tile 5221 392 486
tile 5222 448 486
picture 6016 420 0 201 0
picture 6017 308 0 254 0
picture 6018 196 618 306 0
picture 6019 84 670 332 0
picture 6020 84 0 337 0
picture 6021 112 658 323 0
picture 6022 252 289 287 0
picture 6023 280 562 261 0
picture 6024 336 248 242 0
picture 6025 336 0 248 0
picture 6026 336 720 226 0
picture 6027 476 0 172 0
picture 6028 532 305 144 0
picture 6045 588 0 95 0
picture 6046 532 723 127 0
picture 6047 504 627 155 0
picture 6048 420 201 197 0
picture 6049 364 0 225 0
picture 6050 308 254 253 0
picture 6051 280 0 281 0
picture 6052 196 0 309 0
picture 6053 140 0 322 0
picture 6054 168 0 316 0
picture 6055 224 0 306 0
picture 6056 224 612 289 0
picture 6057 392 436 202 0
picture 6058 504 315 156 0
picture 6061 504 471 156 0
picture 6062 392 638 202 0
picture 6063 252 0 289 0
picture 6064 224 306 306 0
picture 6065 168 316 316 0
picture 6066 140 322 322 0
picture 6067 196 309 309 0
picture 6068 280 281 281 0
picture 6069 308 507 253 0
picture 6070 364 225 225 0
picture 6071 420 398 197 0
picture 6072 504 782 155 0
picture 6073 532 850 127 0
picture 6075 616 277 44 0
picture 6076 672 552 21 0
picture 6077 616 50 47 0
picture 6078 672 635 19 0
picture 6079 616 629 43 0
picture 6080 616 801 42 0
picture 6081 644 80 39 0
picture 6082 616 672 43 0
picture 6083 672 615 20 0
picture 6084 644 497 36 0
picture 6085 672 481 25 0
picture 6086 672 308 29 0
picture 6087 644 349 37 0
picture 6088 588 252 58 0
picture 6089 672 453 28 0
picture 6090 588 310 56 0
picture 6091 588 586 53 0
picture 6092 672 66 31 0
picture 6093 672 506 23 0
picture 6094 672 529 23 0
picture 6095 672 97 31 0
picture 6096 672 746 14 0
picture 6097 672 774 13 0
picture 6098 672 787 13 0
picture 6099 672 760 14 0
picture 6100 672 573 21 0
picture 6101 672 594 21 0
picture 6102 672 692 18 0
picture 6103 672 710 18 0
picture 6104 672 654 19 0
picture 6121 616 321 44 0
picture 6122 616 97 45 0
picture 6123 588 366 55 0
picture 6124 616 843 42 0
picture 6125 644 957 33 0
picture 6126 672 337 29 0
picture 6129 644 677 35 0
picture 6130 644 712 35 0
picture 6131 588 949 50 0
picture 6132 588 796 51 0
picture 6133 644 533 36 0
picture 6134 644 569 36 0
picture 6135 644 197 38 0
picture 6136 644 386 37 0
picture 6139 616 365 44 0
picture 6140 616 142 45 0
picture 6141 588 421 55 0
picture 6142 616 885 42 0
picture 6143 644 990 33 0
picture 6144 672 366 29 0
picture 6145 672 128 30 0
picture 6146 672 158 30 0
picture 6147 644 747 35 0
picture 6148 644 782 35 0
picture 6149 616 0 50 0
picture 6150 588 847 51 0
picture 6151 644 605 36 0
picture 6152 644 641 36 0
picture 6153 644 235 38 0
picture 6154 644 423 37 0
picture 6155 644 460 37 0
picture 6156 644 273 38 0
picture 6157 616 409 44 0
picture 6158 616 453 44 0
picture 6165 672 673 19 0
picture 6166 616 715 43 0
picture 6167 588 898 51 0
picture 6168 644 311 38 0
picture 6169 644 0 40 0
picture 6170 588 692 52 0
picture 6171 616 758 43 0
picture 6172 672 728 18 0
picture 6177 616 497 44 0
picture 6178 588 639 53 0
picture 6179 644 119 39 0
picture 6180 644 158 39 0
picture 6181 588 744 52 0
picture 6182 644 40 40 0
picture 6183 560 246 118 0
picture 6184 476 841 159 0
picture 6185 476 678 163 0
picture 6186 588 95 95 0
picture 6394 448 0 190 0
picture 6395 364 675 223 0
picture 6396 336 490 230 0
picture 6397 420 791 192 0
picture 6398 560 475 110 0
picture 6399 448 748 179 0
picture 6400 364 450 225 0
picture 6401 392 0 223 0
picture 6402 448 380 185 0
picture 6403 560 695 103 0
picture 6404 476 172 172 0
picture 6405 448 190 190 0
picture 6406 532 591 132 0
picture 6407 476 344 167 0
picture 6408 420 595 196 0
picture 6409 532 449 142 0
picture 6411 560 0 124 0
picture 6412 532 0 153 0
picture 6413 504 0 158 0
picture 6414 476 511 167 0
picture 6415 560 901 100 0
picture 6417 560 124 122 0
picture 6418 504 158 157 0
picture 6419 532 153 152 0
picture 6420 560 364 111 0
picture 6447 560 585 110 0
picture 6448 560 798 103 0
picture 6449 588 190 62 0
picture 6498 644 817 35 0
picture 6499 644 852 35 0
picture 6500 672 188 30 0
picture 6501 672 218 30 0
picture 6502 672 395 29 0
picture 6503 672 0 33 0
picture 6504 616 927 42 0
picture 6505 588 476 55 0
picture 6506 616 187 45 0
picture 6507 616 541 44 0
picture 6508 644 887 35 0
picture 6509 644 922 35 0
picture 6510 672 248 30 0
picture 6511 672 278 30 0
picture 6512 672 424 29 0
picture 6513 672 33 33 0
picture 6514 616 969 42 0
picture 6515 588 531 55 0
picture 6516 616 232 45 0
picture 6517 616 585 44 0
picture 6519 448 565 183 0
picture 6520 392 223 213 0
picture 6521 56 351 339 0
picture 6522 28 0 369 0
picture 6523 0 0 397 0
picture 6524 0 397 396 0
picture 6525 28 369 366 0
picture 6526 56 0 351 0
picture 6527 112 0 329 0
picture 6528 112 329 329 0
picture 6529 168 632 315 0
picture 6530 140 644 319 0
picture 6531 84 337 333 0
picture 6532 252 576 282 0
picture 6533 308 760 252 0
object 2 0 right 6409
object 5 0 left 6143
object 5 0 right 6144
object 6 0 left 6143
object 6 0 right 6144
object 7 0 left 6512
object 7 0 right 6513
object 8 0 left 6121
object 8 0 right 6122
object 9 0 left 6123
object 9 0 right 6124
object 10 0 left 6139
object 10 0 right 6140
object 11 0 left 6141
object 11 0 right 6142
object 12 0 left 6121
object 12 0 right 6122
object 13 0 left 6141
object 13 0 right 6142
object 14 0 left 6123
object 14 0 right 6124
object 15 0 left 6139
object 15 0 right 6140
object 16 0 left 6123
object 16 0 right 6124
object 17 0 left 6512
object 17 0 right 6513
object 18 0 left 6143
object 18 0 right 6144
object 26 0 right 6449
object 38 0 right 6406
object 42 0 right 6409
object 50 0 right 6409
object 64 0 left 6104
object 65 0 left 6100
object 66 0 right 6449
object 70 0 right 6406
object 72 0 right 6409
object 2 1 left 6407
object 2 1 right 6408
object 8 1 left 6151
object 8 1 right 6152
object 9 1 left 6153
object 9 1 right 6154
object 10 1 left 6504
object 10 1 right 6505
object 11 1 left 6504
object 11 1 right 6505
object 12 1 left 6504
object 12 1 right 6505
object 13 1 left 6151
object 13 1 right 6152
object 14 1 left 6514
object 14 1 right 6515
object 17 1 right 6409
object 21 1 right 6449
object 26 1 left 6447
object 26 1 right 6448
object 30 1 right 6409
object 35 1 right 6409
object 38 1 left 6404
object 38 1 right 6405
object 42 1 left 6407
object 42 1 right 6408
object 50 1 left 6407
object 50 1 right 6408
object 55 1 right 6449
object 66 1 left 6447
object 66 1 right 6448
object 70 1 left 6404
object 70 1 right 6405
object 72 1 left 6407
object 72 1 right 6408
object 80 1 right 6449
object 87 1 right 6409
object 95 1 right 6406
object 8 2 left 6155
object 8 2 right 6156
object 9 2 left 6149
object 9 2 right 6150
object 13 2 left 6155
object 13 2 right 6156
object 14 2 left 6149
object 14 2 right 6150
object 17 2 left 6407
object 17 2 right 6408
object 21 2 left 6447
object 21 2 right 6448
object 30 2 left 6407
object 30 2 right 6408
object 35 2 left 6407
object 35 2 right 6408
object 51 2 right 6406
object 55 2 left 6447
object 55 2 right 6448
object 74 2 right 6449
object 80 2 left 6447
object 80 2 right 6448
object 87 2 left 6407
object 87 2 right 6408
object 90 2 right 6406
object 95 2 left 6404
object 95 2 right 6405
object 98 2 right 6406
object 4 3 right 6406
object 9 3 right 6449
object 19 3 right 6406
object 25 3 right 6406
object 40 3 right 6409
object 51 3 left 6404
object 51 3 right 6405
object 66 3 left 6098
object 66 3 right 6099
object 74 3 left 6447
object 74 3 right 6448
object 90 3 left 6404
object 90 3 right 6405
object 98 3 left 6404
object 98 3 right 6405
object 4 4 left 6404
object 4 4 right 6405
object 6 4 right 6409
object 9 4 left 6447
object 9 4 right 6448
object 19 4 left 6404
object 19 4 right 6405
object 25 4 left 6404
object 25 4 right 6405
object 38 4 right 6409
object 40 4 left 6407
object 40 4 right 6408
object 70 4 left 6512
object 70 4 right 6513
object 78 4 left 6104
object 78 4 right 6103
object 88 4 right 6449
object 98 4 right 6409
object 6 5 left 6407
object 6 5 right 6408
object 22 5 right 6028
object 25 5 left 6157
object 25 5 right 6158
object 38 5 left 6407
object 38 5 right 6408
object 66 5 left 6096
object 66 5 right 6097
object 67 5 right 6409
object 74 5 right 6409
object 78 5 left 6151
object 78 5 right 6152
object 79 5 left 6135
object 79 5 right 6136
object 80 5 left 6102
object 88 5 left 6447
object 88 5 right 6448
object 98 5 left 6407
object 98 5 right 6408
object 2 6 right 6449
object 22 6 right 6027
object 47 6 left 6447
object 47 6 right 6448
object 67 6 left 6407
object 67 6 right 6408
object 74 6 left 6407
object 74 6 right 6408
object 76 6 left 6096
object 76 6 right 6097
object 78 6 left 6155
object 78 6 right 6156
object 79 6 left 6131
object 79 6 right 6132
object 80 6 left 6102
object 2 7 left 6447
object 2 7 right 6448
object 22 7 right 6026
object 79 7 left 6098
object 79 7 right 6099
object 80 7 left 6100
object 80 7 right 6103
object 93 7 right 6406
object 6 8 right 6406
object 22 8 right 6025
object 44 8 right 6409
object 59 8 right 6406
object 71 8 left 6104
object 72 8 left 6100
object 93 8 left 6404
object 93 8 right 6405
object 1 9 right 6406
object 6 9 left 6404
object 6 9 right 6405
object 12 9 right 6449
object 15 9 right 6406
object 21 9 left 6022
object 22 9 left 6023
object 22 9 right 6024
object 44 9 left 6407
object 44 9 right 6408
object 57 9 right 6409
object 59 9 left 6404
object 59 9 right 6405
object 72 9 right 6406
object 1 10 left 6404
object 1 10 right 6405
object 3 10 right 6409
object 12 10 left 6447
object 12 10 right 6448
object 15 10 left 6404
object 15 10 right 6405
object 16 10 left 6016
object 17 10 left 6017
object 18 10 left 6018
object 19 10 left 6019
object 20 10 left 6020
object 20 10 right 6021
object 57 10 left 6407
object 57 10 right 6408
object 72 10 left 6404
object 72 10 right 6405
object 73 10 left 6098
object 73 10 right 6099
object 3 11 left 6407
object 3 11 right 6408
object 78 11 left 6104
object 79 11 left 6100
object 79 11 right 6449
object 85 11 right 6409
object 38 12 right 6409
object 56 12 left 6143
object 56 12 right 6144
object 79 12 left 6447
object 79 12 right 6448
object 85 12 left 6407
object 85 12 right 6408
object 1 13 right 6449
object 6 13 right 6449
object 10 13 left 6151
object 10 13 right 6152
object 11 13 left 6153
object 11 13 right 6154
object 38 13 left 6407
object 38 13 right 6408
object 91 13 left 6133
object 91 13 right 6134
object 92 13 left 6131
object 92 13 right 6132
object 93 13 left 6502
object 93 13 right 6503
object 1 14 left 6447
object 1 14 right 6448
object 6 14 left 6447
object 6 14 right 6448
object 10 14 left 6155
object 10 14 right 6156
object 11 14 left 6149
object 11 14 right 6150
object 87 14 right 6406
object 57 15 right 6406
object 87 15 left 6404
object 87 15 right 6405
object 19 16 right 6449
object 39 16 left 6125
object 39 16 right 6126
object 40 16 right 6406
object 57 16 left 6404
object 57 16 right 6405
object 67 16 right 6406
object 73 16 left 6512
object 73 16 right 6513
object 99 16 right 6449
object 0 17 right 6409
object 4 17 right 6406
object 19 17 left 6447
object 19 17 right 6448
object 40 17 left 6404
object 40 17 right 6405
object 42 17 right 6449
object 64 17 right 6409
object 67 17 left 6404
object 67 17 right 6406
object 99 17 left 6447
object 99 17 right 6448
object 0 18 left 6407
object 0 18 right 6408
object 4 18 left 6404
object 4 18 right 6405
object 14 18 right 6406
object 16 18 right 6409
object 26 18 left 6125
object 26 18 right 6126
object 29 18 right 6409
object 42 18 left 6447
object 42 18 right 6448
object 51 18 right 6406
object 58 18 right 6449
object 64 18 left 6407
object 64 18 right 6408
object 67 18 left 6404
object 67 18 right 6405
object 84 18 left 6092
object 84 18 right 6093
object 85 18 left 6094
object 85 18 right 6095
object 5 19 right 6409
object 10 19 right 6449
object 14 19 left 6404
object 14 19 right 6405
object 16 19 left 6407
object 16 19 right 6408
object 29 19 left 6407
object 29 19 right 6408
object 42 19 left 6125
object 42 19 right 6126
object 51 19 left 6404
object 51 19 right 6405
object 58 19 left 6447
object 58 19 right 6448
object 78 19 right 6406
object 97 19 right 6406
object 5 20 left 6407
object 5 20 right 6408
object 10 20 left 6447
object 10 20 right 6448
object 34 20 left 6512
object 34 20 right 6513
object 78 20 left 6404
object 78 20 right 6405
object 95 20 right 6449
object 97 20 left 6404
object 97 20 right 6405
object 2 21 right 6409
object 27 21 right 6449
object 53 21 right 6409
object 95 21 left 6447
object 95 21 right 6448
object 2 22 left 6407
object 2 22 right 6408
object 18 22 right 6409
object 27 22 left 6447
object 27 22 right 6448
object 53 22 left 6407
object 53 22 right 6408
object 99 22 right 6179
object 18 23 left 6407
object 18 23 right 6408
object 79 23 right 6409
object 99 23 left 6177
object 99 23 right 6178
object 12 24 left 6088
object 13 24 left 6090
object 13 24 right 6091
object 79 24 left 6407
object 79 24 right 6408
object 98 24 right 6409
object 3 25 right 6449
object 98 25 left 6407
object 98 25 right 6408
object 3 26 left 6447
object 3 26 right 6448
object 71 26 left 6157
object 71 26 right 6158
object 8 27 right 6449
object 70 27 right 6449
object 90 27 right 6406
object 8 28 left 6447
object 8 28 right 6448
object 70 28 left 6447
object 70 28 right 6448
object 90 28 left 6404
object 90 28 right 6405
object 2 29 right 6409
object 16 29 right 6449
object 27 29 left 6151
object 27 29 right 6152
object 28 29 left 6121
object 28 29 right 6122
object 29 29 left 6141
object 29 29 right 6142
object 30 29 left 6123
object 30 29 right 6124
object 31 29 left 6139
object 31 29 right 6140
object 32 29 left 6139
object 32 29 right 6140
object 33 29 left 6141
object 33 29 right 6142
object 34 29 left 6143
object 34 29 right 6144
object 35 29 left 6145
object 35 29 right 6146
object 36 29 left 6147
object 36 29 right 6148
object 37 29 left 6143
object 37 29 right 6144
object 38 29 left 6143
object 38 29 right 6144
object 39 29 left 6145
object 39 29 right 6146
object 40 29 left 6147
object 40 29 right 6148
object 45 29 left 6147
object 45 29 right 6148
object 46 29 left 6135
object 46 29 right 6136
object 53 29 right 6409
object 2 30 left 6407
object 2 30 right 6408
object 12 30 right 6406
object 16 30 left 6447
object 16 30 right 6448
object 27 30 left 6512
object 27 30 right 6513
object 46 30 left 6500
object 46 30 right 6501
object 53 30 left 6407
object 53 30 right 6408
object 55 30 right 6449
object 78 30 right 6406
object 12 31 left 6404
object 12 31 right 6405
object 14 31 right 6409
object 29 31 left 6079
object 34 31 left 6079
object 41 31 left 6092
object 41 31 right 6093
object 42 31 left 6094
object 42 31 right 6095
object 46 31 left 6498
object 46 31 right 6499
object 54 31 right 6406
object 55 31 left 6447
object 55 31 right 6448
object 78 31 left 6404
object 78 31 right 6405
object 93 31 right 6409
object 4 32 right 6406
object 14 32 left 6407
object 14 32 right 6408
object 42 32 left 6098
object 42 32 right 6099
object 46 32 left 6512
object 46 32 right 6513
object 54 32 left 6404
object 54 32 right 6405
object 69 32 right 6449
object 91 32 right 6058
object 93 32 left 6407
object 93 32 right 6408
object 94 32 left 6157
object 94 32 right 6158
object 4 33 left 6404
object 4 33 right 6405
object 20 33 left 6125
object 20 33 right 6126
object 27 33 left 6506
object 27 33 right 6507
object 32 33 left 6080
object 32 33 right 6081
object 41 33 left 6100
object 41 33 right 6103
object 42 33 left 6096
object 42 33 right 6097
object 45 33 right 6172
object 69 33 left 6447
object 69 33 right 6448
object 78 33 right 6449
object 79 33 right 6409
object 91 33 right 6057
object 1 34 right 6449
object 27 34 left 6504
object 27 34 right 6505
object 40 34 left 6102
object 44 34 left 6169
object 45 34 left 6170
object 45 34 right 6171
object 61 34 right 6409
object 78 34 left 6447
object 78 34 right 6448
object 79 34 left 6407
object 79 34 right 6408
object 1 35 left 6447
object 1 35 right 6448
object 27 35 left 6512
object 27 35 right 6513
object 29 35 left 6088
object 29 35 right 6089
object 61 35 left 6407
object 61 35 right 6408
object 64 35 right 6449
object 68 35 left 6080
object 68 35 right 6081
object 99 35 right 6449
object 12 36 right 6406
object 15 36 right 6449
object 32 36 left 6094
object 32 36 right 6095
object 33 36 left 6075
object 33 36 right 6076
object 38 36 left 6082
object 38 36 right 6083
object 43 36 left 6079
object 47 36 left 6502
object 47 36 right 6503
object 63 36 left 6125
object 63 36 right 6126
object 64 36 left 6447
object 64 36 right 6448
object 93 36 right 6056
object 99 36 left 6447
object 99 36 right 6448
object 12 37 left 6404
object 12 37 right 6405
object 15 37 left 6447
object 15 37 right 6448
object 26 37 left 6125
object 26 37 right 6126
object 27 37 left 6502
object 27 37 right 6503
object 32 37 left 6092
object 32 37 right 6093
object 47 37 left 6500
object 47 37 right 6501
object 48 37 left 6512
object 48 37 right 6513
object 57 37 right 6449
object 91 37 right 6057
object 93 37 right 6055
object 9 38 right 6449
object 27 38 left 6500
object 27 38 right 6501
object 31 38 left 6098
object 31 38 right 6099
object 32 38 left 6102
object 41 38 left 6080
object 41 38 right 6081
object 44 38 left 6075
object 44 38 right 6076
object 57 38 left 6447
object 57 38 right 6448
object 91 38 right 6057
object 93 38 right 6054
object 3 39 right 6449
object 9 39 left 6447
object 9 39 right 6448
object 27 39 left 6498
object 27 39 right 6499
object 35 39 left 6082
object 35 39 right 6083
object 80 39 right 6449
object 86 39 left 6045
object 87 39 left 6046
object 88 39 left 6047
object 89 39 left 6048
object 90 39 left 6049
object 91 39 left 6050
object 92 39 left 6051
object 93 39 left 6052
object 93 39 right 6053
object 99 39 right 6406
object 3 40 left 6447
object 3 40 right 6448
object 6 40 left 6125
object 6 40 right 6126
object 27 40 left 6502
object 27 40 right 6503
object 80 40 left 6447
object 80 40 right 6448
object 88 40 left 6139
object 88 40 right 6140
object 89 40 left 6125
object 89 40 right 6126
object 90 40 left 6512
object 90 40 right 6513
object 99 40 left 6404
object 99 40 right 6405
object 30 41 left 6080
object 30 41 right 6081
object 31 41 left 6079
object 34 41 right 6179
object 40 41 left 6084
object 40 41 right 6085
object 45 41 left 6086
object 45 41 right 6087
object 47 41 right 6449
object 11 42 right 6449
object 27 42 left 6512
object 27 42 right 6513
object 33 42 left 6082
object 33 42 right 6083
object 34 42 left 6177
object 34 42 right 6178
object 35 42 left 6104
object 35 42 right 6103
object 36 42 right 6172
object 43 42 left 6079
object 47 42 left 6447
object 47 42 right 6448
object 11 43 left 6447
object 11 43 right 6448
object 27 43 left 6510
object 27 43 right 6511
object 30 43 left 6075
object 30 43 right 6076
object 34 43 left 6102
object 35 43 left 6169
object 36 43 left 6170
object 36 43 right 6171
object 47 43 left 6516
object 47 43 right 6517
object 79 43 right 6420
object 11 44 right 6073
object 27 44 left 6508
object 27 44 right 6509
object 38 44 left 6080
object 38 44 right 6081
object 42 44 left 6075
object 42 44 right 6076
object 47 44 left 6514
object 47 44 right 6515
object 78 44 left 6417
object 79 44 left 6418
object 79 44 right 6419
object 11 45 right 6072
object 26 45 right 6449
object 27 45 left 6155
object 27 45 right 6156
object 28 45 left 6129
object 28 45 right 6130
object 29 45 left 6139
object 29 45 right 6140
object 30 45 left 6121
object 30 45 right 6122
object 31 45 left 6123
object 31 45 right 6124
object 32 45 left 6139
object 32 45 right 6140
object 33 45 left 6141
object 33 45 right 6142
object 34 45 left 6121
object 34 45 right 6122
object 35 45 left 6141
object 35 45 right 6142
object 36 45 left 6123
object 36 45 right 6124
object 37 45 left 6139
object 37 45 right 6140
object 38 45 left 6123
object 38 45 right 6124
object 47 45 left 6512
object 47 45 right 6513
object 59 45 left 6414
object 59 45 right 6415
object 11 46 right 6071
object 26 46 left 6447
object 26 46 right 6448
object 47 46 left 6510
object 47 46 right 6511
object 57 46 left 6411
object 58 46 left 6412
object 58 46 right 6413
object 69 46 right 6420
object 2 47 right 6420
object 11 47 right 6070
object 13 47 right 6449
object 44 47 left 6143
object 44 47 right 6144
object 46 47 left 6147
object 46 47 right 6148
object 47 47 left 6131
object 47 47 right 6132
object 68 47 left 6417
object 69 47 left 6418
object 69 47 right 6419
object 1 48 left 6417
object 2 48 left 6418
object 2 48 right 6419
object 4 48 left 6061
object 5 48 left 6062
object 9 48 right 6057
object 10 48 right 6057
object 11 48 right 6069
object 13 48 left 6447
object 13 48 right 6448
object 11 49 right 6068
object 8 50 left 6063
object 9 50 left 6064
object 10 50 left 6065
object 11 50 left 6066
object 11 50 right 6067
object 14 50 right 6420
object 16 50 right 6420
object 71 50 right 6420
object 4 51 left 6151
object 4 51 right 6152
object 5 51 left 6153
object 5 51 right 6154
object 13 51 left 6417
object 14 51 left 6418
object 14 51 right 6419
object 15 51 left 6417
object 16 51 left 6418
object 16 51 right 6419
object 56 51 right 6420
object 70 51 left 6417
object 71 51 left 6418
object 71 51 right 6419
object 4 52 left 6155
object 4 52 right 6156
object 5 52 left 6149
object 5 52 right 6150
object 6 52 left 6157
object 6 52 right 6158
object 55 52 left 6417
object 56 52 left 6418
object 56 52 right 6419
object 67 52 right 6449
object 91 52 right 6403
object 0 53 left 6088
object 1 53 left 6090
object 1 53 right 6091
object 5 53 right 6449
object 14 53 left 6125
object 14 53 right 6126
object 16 53 right 6449
object 36 53 right 6420
object 38 53 right 6420
object 49 53 right 6533
object 67 53 left 6447
object 67 53 right 6448
object 78 53 right 6406
object 91 53 right 6402
object 98 53 right 6406
object 5 54 left 6447
object 5 54 right 6448
object 16 54 left 6447
object 16 54 right 6448
object 35 54 left 6417
object 36 54 left 6418
object 36 54 right 6419
object 37 54 left 6417
object 38 54 left 6418
object 38 54 right 6419
object 49 54 right 6532
object 64 54 right 6420
object 78 54 left 6404
object 78 54 right 6405
object 90 54 left 6399
object 91 54 left 6400
object 91 54 right 6401
object 98 54 left 6404
object 98 54 right 6405
object 49 55 left 6530
object 49 55 right 6531
object 63 55 left 6417
object 64 55 left 6418
object 64 55 right 6419
object 90 55 right 6420
object 39 56 right 6420
object 46 56 left 6526
object 47 56 left 6527
object 48 56 left 6528
object 48 56 right 6529
object 64 56 right 6420
object 89 56 left 6417
object 90 56 left 6418
object 90 56 right 6419
object 95 56 right 6398
object 13 57 right 6449
object 36 57 left 6125
object 36 57 right 6126
object 38 57 left 6417
object 39 57 left 6418
object 39 57 right 6419
object 45 57 right 6525
object 63 57 left 6417
object 64 57 left 6418
object 64 57 right 6419
object 95 57 right 6397
object 13 58 left 6447
object 13 58 right 6448
object 30 58 right 6420
object 35 58 left 6125
object 35 58 right 6126
object 36 58 left 6180
object 37 58 left 6181
object 37 58 right 6182
object 39 58 right 6449
object 45 58 left 6523
object 45 58 right 6524
object 94 58 left 6394
object 95 58 left 6395
object 95 58 right 6396
object 29 59 left 6417
object 30 59 left 6418
object 30 59 right 6419
object 39 59 left 6447
object 39 59 right 6448
object 44 59 right 6522
object 49 59 right 6420
object 50 59 left 6157
object 50 59 right 6158
object 91 59 left 6125
object 91 59 right 6126
object 31 60 left 6125
object 31 60 right 6126
object 39 60 left 6123
object 39 60 right 6124
object 40 60 left 6139
object 40 60 right 6140
object 41 60 left 6153
object 41 60 right 6154
object 43 60 left 6519
object 44 60 left 6520
object 44 60 right 6521
object 48 60 left 6417
object 49 60 left 6418
object 49 60 right 6419
object 84 60 right 6398
object 97 60 right 6420
object 41 61 left 6514
object 41 61 right 6515
object 44 61 left 6125
object 44 61 right 6126
object 45 61 left 6153
object 45 61 right 6154
object 46 61 left 6139
object 46 61 right 6140
object 47 61 left 6131
object 47 61 right 6132
object 50 61 right 6403
object 84 61 right 6397
object 96 61 left 6417
object 97 61 left 6418
object 97 61 right 6419
object 38 62 left 6088
object 39 62 left 6090
object 39 62 right 6091
object 45 62 left 6514
object 45 62 right 6515
object 50 62 right 6402
object 68 62 right 6403
object 83 62 left 6394
object 83 62 right 6420
object 84 62 left 6395
object 84 62 right 6396
object 1 63 right 6449
object 49 63 left 6399
object 50 63 left 6400
object 50 63 right 6401
object 66 63 right 6420
object 68 63 right 6402
object 82 63 left 6417
object 83 63 left 6418
object 83 63 right 6419
object 1 64 left 6447
object 1 64 right 6448
object 18 64 left 6088
object 19 64 left 6090
object 19 64 right 6091
object 60 64 right 6449
object 65 64 left 6417
object 66 64 left 6418
object 66 64 right 6419
object 67 64 left 6399
object 68 64 left 6400
object 68 64 right 6401
object 87 64 right 6420
object 19 65 right 6449
object 60 65 left 6447
object 60 65 right 6448
object 86 65 left 6417
object 87 65 left 6418
object 87 65 right 6419
object 19 66 left 6447
object 19 66 right 6448
object 93 66 right 6420
object 1 67 right 6406
object 92 67 left 6417
object 93 67 left 6418
object 93 67 right 6419
object 1 68 left 6404
object 1 68 right 6405
object 0 69 right 6449
object 96 69 right 6403
object 0 70 left 6447
object 0 70 right 6448
object 2 70 left 6088
object 3 70 left 6090
object 3 70 right 6091
object 21 70 right 6406
object 96 70 right 6402
object 21 71 left 6404
object 21 71 right 6405
object 95 71 left 6399
object 96 71 left 6400
object 96 71 right 6401
object 72 72 left 6102
object 42 73 left 6100
object 43 73 left 6102
object 43 73 right 6449
object 47 73 left 6096
object 47 73 right 6097
object 48 73 left 6102
object 50 73 left 6104
object 50 73 right 6103
object 70 73 left 6096
object 70 73 right 6097
object 71 73 left 6098
object 71 73 right 6099
object 72 73 left 6100
object 72 73 right 6103
object 42 74 left 6098
object 42 74 right 6099
object 43 74 left 6447
object 43 74 right 6448
object 85 74 right 6403
object 97 74 right 6420
object 0 75 right 6406
object 32 75 right 6420
object 43 75 right 6101
object 46 75 left 6100
object 48 75 left 6100
object 68 75 left 6088
object 68 75 right 6089
object 71 75 right 6168
object 83 75 right 6420
object 85 75 right 6402
object 90 75 right 6406
object 96 75 left 6417
object 97 75 left 6418
object 97 75 right 6419
object 0 76 left 6404
object 0 76 right 6405
object 31 76 left 6417
object 32 76 left 6418
object 32 76 right 6419
object 46 76 left 6100
object 46 76 right 6103
object 53 76 left 6098
object 53 76 right 6099
object 54 76 left 6104
object 54 76 right 6103
object 69 76 left 6092
object 69 76 right 6093
object 70 76 left 6165
object 71 76 left 6166
object 71 76 right 6167
object 75 76 left 6125
object 75 76 right 6126
object 82 76 left 6417
object 83 76 left 6418
object 83 76 right 6419
object 84 76 left 6399
object 85 76 left 6400
object 85 76 right 6401
object 90 76 left 6404
object 90 76 right 6405
object 31 77 right 6403
object 58 77 left 6125
object 58 77 right 6126
object 18 78 right 6420
object 31 78 right 6402
object 70 78 left 6102
object 71 78 right 6101
object 9 79 right 6449
object 17 79 left 6417
object 18 79 left 6418
object 18 79 right 6419
object 30 79 left 6399
object 31 79 left 6400
object 31 79 right 6401
object 69 79 left 6098
object 69 79 right 6099
object 70 79 left 6100
object 70 79 right 6103
object 83 79 right 6420
object 95 79 left 6125
object 95 79 right 6126
object 9 80 left 6447
object 9 80 right 6448
object 29 80 right 6406
object 82 80 left 6417
object 83 80 left 6418
object 83 80 right 6419
object 29 81 left 6404
object 29 81 right 6405
object 34 81 right 6420
object 74 81 right 6406
object 88 81 right 6398
object 95 81 right 6420
object 33 82 left 6417
object 34 82 left 6418
object 34 82 right 6419
object 66 82 left 6079
object 74 82 left 6404
object 74 82 right 6405
object 85 82 right 6449
object 88 82 right 6397
object 94 82 left 6417
object 95 82 left 6418
object 95 82 right 6419
object 54 83 left 6096
object 54 83 right 6097
object 55 83 left 6098
object 55 83 right 6099
object 85 83 left 6447
object 85 83 right 6448
object 87 83 left 6394
object 88 83 left 6395
object 88 83 right 6396
object 5 84 right 6403
object 98 84 right 6406
object 5 85 right 6402
object 58 85 right 6406
object 81 85 left 6079
object 98 85 left 6404
object 98 85 right 6405
object 4 86 left 6399
object 5 86 left 6400
object 5 86 right 6401
object 7 86 right 6420
object 58 86 left 6404
object 58 86 right 6405
object 71 86 left 6080
object 71 86 right 6081
object 83 86 left 6102
object 6 87 left 6417
object 7 87 left 6418
object 7 87 right 6419
object 29 87 right 6420
object 68 87 left 6075
object 68 87 right 6076
object 77 87 left 6077
object 77 87 right 6078
object 78 87 left 6080
object 78 87 right 6081
object 81 87 left 6096
object 81 87 right 6097
object 82 87 left 6098
object 82 87 right 6099
object 83 87 left 6100
object 83 87 right 6103
object 10 88 right 6449
object 28 88 left 6417
object 29 88 left 6418
object 29 88 right 6419
object 49 88 right 6403
object 74 88 left 6090
object 74 88 right 6091
object 75 88 left 6094
object 75 88 right 6095
object 80 88 right 6101
object 81 88 left 6104
object 81 88 right 6103
object 10 89 left 6447
object 10 89 right 6448
object 17 89 right 6420
object 49 89 right 6402
object 81 89 left 6104
object 82 89 left 6100
object 83 89 left 6077
object 83 89 right 6078
object 6 90 right 6420
object 16 90 left 6417
object 17 90 left 6418
object 17 90 right 6419
object 48 90 left 6399
object 49 90 left 6400
object 49 90 right 6401
object 71 90 right 6398
object 95 90 right 6398
object 5 91 left 6417
object 6 91 left 6418
object 6 91 right 6419
object 16 91 right 6403
object 35 91 right 6449
object 50 91 right 6420
object 71 91 right 6397
object 76 91 left 6079
object 80 91 left 6075
object 80 91 right 6076
object 85 91 left 6080
object 85 91 right 6081
object 92 91 right 6420
object 95 91 right 6397
object 97 91 right 6420
object 16 92 right 6402
object 35 92 left 6447
object 35 92 right 6448
object 49 92 left 6417
object 50 92 left 6418
object 50 92 right 6419
object 70 92 left 6394
object 71 92 left 6395
object 71 92 right 6396
object 78 92 left 6102
object 91 92 left 6417
object 92 92 left 6418
object 92 92 right 6419
object 94 92 left 6394
object 95 92 left 6395
object 95 92 right 6396
object 96 92 left 6417
object 97 92 left 6418
object 97 92 right 6419
object 15 93 left 6399
object 16 93 left 6400
object 16 93 right 6401
object 35 93 right 6398
object 46 93 right 6420
object 57 93 right 6420
object 76 93 left 6096
object 76 93 right 6097
object 77 93 left 6098
object 77 93 right 6099
object 78 93 left 6100
object 78 93 right 6103
object 1 94 right 6420
object 6 94 right 6403
object 35 94 right 6397
object 45 94 left 6417
object 46 94 left 6418
object 46 94 right 6419
object 56 94 left 6417
object 57 94 left 6418
object 57 94 right 6419
object 75 94 right 6420
object 96 94 right 6403
object 0 95 left 6417
object 1 95 left 6418
object 1 95 right 6419
object 4 95 right 6398
object 6 95 right 6402
object 11 95 right 6403
object 19 95 right 6186
object 31 95 right 6420
object 34 95 left 6394
object 35 95 left 6395
object 35 95 right 6396
object 74 95 left 6417
object 75 95 left 6418
object 75 95 right 6419
object 80 95 right 6449
object 89 95 right 6406
object 96 95 right 6402
object 4 96 right 6397
object 5 96 left 6399
object 6 96 left 6400
object 6 96 right 6401
object 11 96 right 6402
object 18 96 left 6183
object 19 96 left 6184
object 19 96 right 6185
object 30 96 left 6417
object 31 96 left 6418
object 31 96 right 6419
object 45 96 right 6420
object 48 96 right 6398
object 75 96 right 6403
object 80 96 left 6447
object 80 96 right 6448
object 89 96 left 6404
object 89 96 right 6405
object 95 96 left 6399
object 96 96 left 6400
object 96 96 right 6401
object 3 97 left 6394
object 4 97 left 6395
object 4 97 right 6396
object 10 97 left 6399
object 11 97 left 6400
object 11 97 right 6401
object 19 97 right 6403
object 38 97 right 6420
object 44 97 left 6417
object 45 97 left 6418
object 45 97 right 6419
object 48 97 right 6397
object 51 97 right 6403
object 59 97 right 6406
object 75 97 right 6402
object 83 97 right 6420
object 99 97 right 6406
object 1 98 right 6420
object 19 98 right 6402
object 37 98 left 6417
object 38 98 left 6418
object 38 98 right 6419
object 47 98 left 6394
object 48 98 left 6395
object 48 98 right 6396
object 51 98 right 6402
object 59 98 left 6404
object 59 98 right 6405
object 74 98 left 6399
object 75 98 left 6400
object 75 98 right 6401
object 82 98 left 6417
object 83 98 left 6418
object 83 98 right 6419
object 99 98 left 6404
object 99 98 right 6405
object 0 99 left 6417
object 1 99 left 6418
object 1 99 right 6419
object 12 99 right 6403
object 18 99 left 6399
object 19 99 left 6400
object 19 99 right 6401
object 50 99 left 6399
object 51 99 left 6400
object 51 99 right 6401
