# lod20269 — tools/dat-extract layout 이 만든다. 손으로 고치지 말 것.
size 20 20
blocked
....................
....................
............#.......
.......#............
..#..............#..
...........#........
........#...........
....................
....#.........#.....
....................
....................
..#..............#..
....................
....................
....................
...#................
....................
....................
..................#.
....................
floor
9603 9608 9613 9618 9623 9628 9633 9553 9643 9648 9572 9575 9579 9618 9623 9628 9633 9638 9643 9648
9602 8419 8425 8431 9622 9627 9588 9592 9596 9647 9571 9574 9578 9582 9630 9627 9632 9637 9642 9647
9601 8418 8424 8430 8435 9584 9587 9591 9595 9598 9570 9573 9577 9581 9629 8439 8444 8449 8454 9646
9600 8417 8423 8429 8434 9583 9586 9590 9594 9572 9575 9579 9576 9580 9608 8438 8443 8448 8453 8458
9599 8416 8422 8428 8433 9624 9585 8462 8467 8472 8476 9578 9582 9602 9607 8437 8442 8447 8452 8457
9628 8415 8421 8427 9566 9603 9608 8461 8466 8471 8475 9577 9581 8419 8425 8431 8441 8446 8451 8456
9627 9632 8420 9561 9565 9569 9646 8460 8465 8470 8474 9576 9580 8418 8424 8430 8435 8445 8450 8455
9626 9631 9557 9560 9564 9568 9637 8459 8464 8469 8473 9631 9636 8417 8423 8429 8434 9639 9644 9599
9625 9630 9556 9559 9563 9567 9636 9641 8463 8468 9625 9630 9635 8416 8422 8428 8433 9553 9615 9620
9572 9575 9579 9558 9562 9599 9604 9609 9614 9619 9624 9629 9634 8415 8421 8427 9588 9592 9596 9619
9571 9574 9578 9582 9623 9628 9633 9638 9643 9648 9603 9608 9613 9618 8420 9584 9587 9591 9595 9598
9570 9573 9577 9581 9622 9627 9632 9637 9642 9647 9602 9607 9633 9638 9643 9583 9586 9590 9594 9597
9601 9641 9576 9580 9621 9626 9631 9636 9641 9646 9601 9606 9632 9637 9642 9647 9585 9589 9593 9646
9600 9632 9548 9552 9620 9625 9630 9635 9640 9645 9600 9605 9631 9636 9641 9646 9630 9635 9640 9645
9599 9545 9547 9551 9555 9624 9629 9634 9639 9644 9599 9604 9630 9635 9640 9645 9629 9634 9639 9644
9628 9544 9546 9550 9554 9618 9623 9628 9641 9646 9628 9633 9638 9643 9648 9603 9608 9613 9566 9623
9627 9632 9637 9549 9647 9606 9603 9627 9632 9637 9627 9632 9637 9642 9647 9602 9607 9561 9565 9569
9626 9631 9636 9641 9646 9647 9602 9626 9631 9636 9626 9631 9636 9641 9646 9647 9557 9560 9564 9568
9625 9630 9635 9640 9645 9646 9601 9625 9630 9698 9700 9630 9635 9640 9645 9646 9556 9559 9563 9567
9624 9629 9634 9639 9644 9599 9604 9609 9614 9664 9669 9629 9634 9639 9644 9645 9600 9558 9562 9619
tile 8415 0 0
tile 8416 56 0
tile 8417 112 0
tile 8418 168 0
tile 8419 224 0
tile 8420 280 0
tile 8421 336 0
tile 8422 392 0
tile 8423 448 0
tile 8424 504 0
tile 8425 560 0
tile 8427 616 0
tile 8428 672 0
tile 8429 0 27
tile 8430 56 27
tile 8431 112 27
tile 8433 168 27
tile 8434 224 27
tile 8435 280 27
tile 8437 336 27
tile 8438 392 27
tile 8439 448 27
tile 8441 504 27
tile 8442 560 27
tile 8443 616 27
tile 8444 672 27
tile 8445 0 54
tile 8446 56 54
tile 8447 112 54
tile 8448 168 54
tile 8449 224 54
tile 8450 280 54
tile 8451 336 54
tile 8452 392 54
tile 8453 448 54
tile 8454 504 54
tile 8455 560 54
tile 8456 616 54
tile 8457 672 54
tile 8458 0 81
tile 8459 56 81
tile 8460 112 81
tile 8461 168 81
tile 8462 224 81
tile 8463 280 81
tile 8464 336 81
tile 8465 392 81
tile 8466 448 81
tile 8467 504 81
tile 8468 560 81
tile 8469 616 81
tile 8470 672 81
tile 8471 0 108
tile 8472 56 108
tile 8473 112 108
tile 8474 168 108
tile 8475 224 108
tile 8476 280 108
tile 9544 336 108
tile 9545 392 108
tile 9546 448 108
tile 9547 504 108
tile 9548 560 108
tile 9549 616 108
tile 9550 672 108
tile 9551 0 135
tile 9552 56 135
tile 9553 112 135
tile 9554 168 135
tile 9555 224 135
tile 9556 280 135
tile 9557 336 135
tile 9558 392 135
tile 9559 448 135
tile 9560 504 135
tile 9561 560 135
tile 9562 616 135
tile 9563 672 135
tile 9564 0 162
tile 9565 56 162
tile 9566 112 162
tile 9567 168 162
tile 9568 224 162
tile 9569 280 162
tile 9570 336 162
tile 9571 392 162
tile 9572 448 162
tile 9573 504 162
tile 9574 560 162
tile 9575 616 162
tile 9576 672 162
tile 9577 0 189
tile 9578 56 189
tile 9579 112 189
tile 9580 168 189
tile 9581 224 189
tile 9582 280 189
tile 9583 336 189
tile 9584 392 189
tile 9585 448 189
tile 9586 504 189
tile 9587 560 189
tile 9588 616 189
tile 9589 672 189
tile 9590 0 216
tile 9591 56 216
tile 9592 112 216
tile 9593 168 216
tile 9594 224 216
tile 9595 280 216
tile 9596 336 216
tile 9597 392 216
tile 9598 448 216
tile 9599 504 216
tile 9600 560 216
tile 9601 616 216
tile 9602 672 216
tile 9603 0 243
tile 9604 56 243
tile 9605 112 243
tile 9606 168 243
tile 9607 224 243
tile 9608 280 243
tile 9609 336 243
tile 9613 392 243
tile 9614 448 243
tile 9615 504 243
tile 9618 560 243
tile 9619 616 243
tile 9620 672 243
tile 9621 0 270
tile 9622 56 270
tile 9623 112 270
tile 9624 168 270
tile 9625 224 270
tile 9626 280 270
tile 9627 336 270
tile 9628 392 270
tile 9629 448 270
tile 9630 504 270
tile 9631 560 270
tile 9632 616 270
tile 9633 672 270
tile 9634 0 297
tile 9635 56 297
tile 9636 112 297
tile 9637 168 297
tile 9638 224 297
tile 9639 280 297
tile 9640 336 297
tile 9641 392 297
tile 9642 448 297
tile 9643 504 297
tile 9644 560 297
tile 9645 616 297
tile 9646 672 297
tile 9647 0 324
tile 9648 56 324
tile 9664 112 324
tile 9669 168 324
tile 9698 224 324
tile 9700 280 324
picture 10059 224 137 136 0
picture 10060 196 151 150 0
picture 10061 112 191 189 0
picture 10062 28 447 220 0
picture 10063 56 414 205 0
picture 10064 140 181 176 0
picture 10065 196 594 143 0
picture 10066 224 856 89 0
picture 10067 224 642 116 0
picture 10068 168 0 165 0
picture 10069 84 605 193 0
picture 10070 28 667 209 0
picture 10071 28 225 222 0
picture 10072 84 203 202 0
picture 10073 140 357 170 0
picture 10074 224 525 117 0
picture 10075 252 0 89 0
picture 10076 252 176 84 0
picture 10077 196 737 143 0
picture 10078 112 0 191 0
picture 10079 56 619 205 0
picture 10080 84 405 200 0
picture 10081 112 380 186 0
picture 10082 168 645 153 0
picture 10083 252 260 73 0
picture 10084 252 333 38 0
picture 10231 196 449 145 0
picture 10232 140 527 167 0
picture 10233 84 0 203 0
picture 10234 56 0 207 0
picture 10235 112 566 185 0
picture 10236 168 491 154 0
picture 10237 252 89 87 0
picture 10238 224 407 118 0
picture 10239 224 273 134 0
picture 10240 196 0 151 0
picture 10241 196 301 148 0
picture 10242 168 798 152 0
picture 10243 196 880 140 0
picture 10244 224 758 98 0
picture 10246 140 694 167 0
picture 10247 0 260 246 0
picture 10248 0 0 260 0
picture 10249 0 506 246 0
picture 10250 0 752 226 0
picture 10251 28 0 225 0
picture 10252 56 207 207 0
picture 10483 224 0 137 0
picture 10484 168 329 162 0
picture 10485 112 751 185 0
picture 10486 84 798 193 0
picture 10487 140 0 181 0
picture 10488 168 165 164 0
object 2 0 right 10066
object 7 0 right 10252
object 12 0 right 10488
object 2 1 right 10065
object 7 1 right 10251
object 12 1 right 10487
object 17 1 right 10075
object 2 2 right 10064
object 7 2 right 10250
object 8 2 right 10084
object 10 2 left 10483
object 11 2 left 10484
object 12 2 left 10485
object 12 2 right 10486
object 17 2 right 10074
object 2 3 right 10063
object 5 3 left 10246
object 6 3 left 10247
object 7 3 left 10248
object 7 3 right 10249
object 8 3 right 10083
object 11 3 right 10488
object 17 3 right 10073
object 0 4 left 10059
object 1 4 left 10060
object 2 4 left 10061
object 2 4 right 10062
object 8 4 right 10082
object 11 4 right 10487
object 13 4 left 10067
object 14 4 left 10068
object 14 4 right 10066
object 15 4 left 10069
object 16 4 left 10070
object 17 4 left 10071
object 17 4 right 10072
object 4 5 right 10244
object 8 5 right 10081
object 9 5 left 10483
object 10 5 left 10484
object 11 5 left 10485
object 11 5 right 10486
object 14 5 right 10065
object 4 6 right 10243
object 5 6 left 10076
object 6 6 left 10077
object 7 6 left 10078
object 8 6 left 10079
object 8 6 right 10080
object 14 6 right 10064
object 4 7 right 10242
object 14 7 right 10063
object 1 8 left 10237
object 2 8 left 10238
object 3 8 left 10239
object 4 8 left 10240
object 4 8 right 10241
object 12 8 left 10059
object 13 8 left 10060
object 14 8 left 10061
object 14 8 right 10062
object 17 8 right 10252
object 2 9 right 10488
object 17 9 right 10251
object 2 10 right 10487
object 17 10 right 10250
object 0 11 left 10483
object 1 11 left 10484
object 2 11 left 10485
object 2 11 right 10486
object 15 11 left 10246
object 16 11 left 10247
object 17 11 left 10248
object 17 11 right 10249
object 3 13 right 10236
object 3 14 right 10235
object 1 15 left 10231
object 2 15 left 10232
object 3 15 left 10233
object 3 15 right 10234
object 18 15 right 10244
object 18 16 right 10243
object 18 17 right 10242
object 15 18 left 10237
object 16 18 left 10238
object 17 18 left 10239
object 18 18 left 10240
object 18 18 right 10241
