# lod20267 — tools/dat-extract layout 이 만든다. 손으로 고치지 말 것.
size 30 30
blocked
........######................
........########..............
........#########.............
........###...................
........###.#...........#.....
........###...#...............
.........##..............#....
.###......#...................
.###......#..#................
.##..........#................
.##....................#......
.#............................
.##...................#.......
......##..............##......
...........................##.
..............................
..............................
...................#..........
...................#..........
..............................
.......#.......#..............
.................###..........
........#........###..........
.................##...........
...............#.##...........
..............................
#######.............###.......
#########...........###.......
############..................
############..................
floor
9045 9051 9057 9063 9069 9075 9081 9020 9026 9032 9038 9144 9148 9152 9049 9046 9052 9058 8944 8950 8956 8962 8968 8974 8980 8986 8992 8998 9004 9010
9044 9050 9056 9062 9068 9074 9080 9019 9038 9031 9037 9143 9147 9151 9070 9045 9051 9057 8943 8949 8955 8961 8967 8973 8979 8985 8991 8997 9003 9009
9043 9049 9055 9061 9067 9073 9079 9085 9092 8845 8855 0 0 0 0 0 0 8936 8942 8948 8954 8960 8966 8972 8978 8984 8990 8996 9002 9008
8993 8999 9005 9011 9017 9023 9029 9035 9041 8844 8854 9045 9051 9057 9063 8899 8950 8956 8941 8947 8953 8959 8965 8971 8977 8983 8989 8995 9001 9007
8992 8998 9004 9010 9016 9022 9028 9034 9040 8843 8853 9044 9050 9056 9062 8898 8949 8955 8940 8946 8952 8958 8964 8970 8976 8982 8988 8994 9000 9006
8991 8997 9003 9009 9015 9021 9027 9033 9039 8842 8852 9043 9049 9055 9061 8897 8948 8954 8755 8764 8773 8782 8791 8801 8810 8819 8828 8837 8846 8856
8907 8912 9002 9008 9014 9020 9026 9032 9038 8841 8851 8993 8999 9005 9011 8896 8947 8953 8754 8763 8772 8781 8790 8800 8809 8818 8827 8836 8845 8855
8906 8911 8916 8921 8926 9019 9025 9031 9037 9056 9062 8992 8998 9004 8837 8846 8856 8865 8874 8851 9131 8853 8789 8799 8808 8817 8826 8835 8844 8854
8905 8910 8915 8920 8925 9018 9024 9030 9036 9055 9061 8991 8997 9003 8836 8845 8855 8864 8873 9123 9130 8779 8788 8798 8807 8816 8825 8834 8843 8853
8904 8909 9149 8919 8924 8853 8862 8871 8880 8862 8871 8880 9023 9029 8835 8844 8854 8863 8872 8991 8904 8778 8787 8797 8806 8815 8824 8833 8842 8852
8907 9134 9115 9121 9127 8881 8890 8899 8890 8861 8870 8879 9045 9051 8834 8968 8974 8980 8986 8992 8998 8777 8786 8796 8805 8814 8823 8832 8841 8851
8906 8911 9114 9120 9126 8880 8889 8898 8889 8860 8869 8878 9044 9050 8833 8967 8973 8979 8985 8991 8997 8776 8785 8795 8804 8813 8822 8831 8840 8850
8905 8910 9113 9119 9125 8879 8888 8897 8888 8859 8868 8877 9043 9049 8832 8966 8972 8978 8984 8990 8996 8906 8911 9114 9120 9126 8880 8889 8898 8889
9100 9106 9112 9118 9124 9131 9134 9137 9140 8858 8867 8876 8993 8999 8831 8965 8971 8977 8983 8989 8995 8905 8910 9113 9119 9125 8879 8888 8897 8888
9655 9657 9614 9117 9123 9130 9133 9136 9139 8857 8866 8875 8992 8998 9004 8964 8970 8976 8982 8988 8994 9100 9106 9112 9118 9124 9131 9134 9137 9140
9677 9682 9665 8957 8963 8969 8975 8981 8987 8993 8999 9005 8991 8997 9003 8791 8801 8810 8819 8828 8837 9099 9105 9111 9117 9123 9130 9133 9136 9139
9654 9656 9699 8956 8962 8968 8974 8980 8986 8992 8998 9004 9010 9016 9022 9028 8772 8781 8809 8827 8845 8855 9048 9054 9060 9066 9072 9078 9084 9091
8937 8943 8949 8955 8961 8967 8973 8979 8985 8991 8997 9003 9009 9015 9021 9027 8906 8780 8789 9149 8754 9050 9047 9053 9059 9065 9071 9077 9083 9090
8936 8942 8948 8954 8960 8966 8972 8978 8984 8990 8996 9002 9008 9014 9020 9026 9032 9038 9144 9148 9152 9049 9046 9052 9058 9064 9070 9076 9082 9089
8935 8941 8947 8953 8959 8965 8971 8977 8983 8989 8995 9001 9007 9013 9019 9038 9031 9037 9143 9147 9151 9070 9045 9051 9057 9063 9069 9075 9081 9088
8934 8940 8946 8952 8958 8964 8970 8976 8982 8988 8994 9000 9006 9012 9018 9024 8866 8912 9002 9008 9014 9058 9044 9050 9056 9062 9068 9074 9080 9087
8746 8755 8764 8773 8782 8791 8801 8810 8819 8828 8837 8846 8856 8865 8874 9038 8906 8911 8916 8921 8926 9057 9043 9049 9055 9061 9067 9073 9079 9085
8745 8754 8763 8772 8781 8790 8800 8809 8818 8827 8836 8845 8855 8864 8873 8882 8905 8910 8915 8920 8925 9056 8891 8900 8891 9047 9053 9059 9065 9071
8744 8753 8762 8771 8780 8789 8799 8808 8817 8826 8835 8844 8854 8863 8872 8881 8904 8909 9149 8919 8924 8881 8890 8899 8890 9046 9052 9058 9064 9070
8743 8752 8761 8770 8779 8788 8798 8807 8816 8825 8834 8843 8853 8862 8871 8880 8907 9134 9115 9121 9127 8880 8889 8898 8889 9045 9051 9057 9063 9069
8742 8751 8760 8769 8778 8787 8797 8806 8815 8824 8833 8842 8852 8861 8870 8879 8888 8897 8888 8907 8912 8917 8922 8927 8932 9044 9050 9056 9062 9068
8741 8750 8759 8768 8777 8786 8796 8805 8814 8823 8832 8841 8851 8860 8869 8878 8887 8896 8887 8906 8911 8916 8921 8926 8931 9043 9049 9055 9061 9067
8740 8749 8758 8767 8776 8785 8795 8804 8813 8822 8831 8840 8850 8859 8868 8877 8886 8895 8886 8905 8910 8915 8920 8925 8930 9014 9020 9026 9032 9038
8739 8748 8757 8766 8775 8784 8794 8803 8812 8821 8830 8839 8849 8858 8867 8876 8885 8894 8885 8904 8909 8914 8919 8924 8929 9013 9019 9025 9031 9037
0 0 0 0 0 0 0 0 0 0 0 0 8848 8857 8866 8875 8884 8893 8884 8903 8908 8913 8918 8923 8928 9012 9018 9024 9030 9036
tile 8739 0 0
tile 8740 56 0
tile 8741 112 0
tile 8742 168 0
tile 8743 224 0
tile 8744 280 0
tile 8745 336 0
tile 8746 392 0
tile 8748 448 0
tile 8749 504 0
tile 8750 560 0
tile 8751 616 0
tile 8752 672 0
tile 8753 728 0
tile 8754 784 0
tile 8755 840 0
tile 8757 896 0
tile 8758 952 0
tile 8759 1008 0
tile 8760 1064 0
tile 8761 0 27
tile 8762 56 27
tile 8763 112 27
tile 8764 168 27
tile 8766 224 27
tile 8767 280 27
tile 8768 336 27
tile 8769 392 27
tile 8770 448 27
tile 8771 504 27
tile 8772 560 27
tile 8773 616 27
tile 8775 672 27
tile 8776 728 27
tile 8777 784 27
tile 8778 840 27
tile 8779 896 27
tile 8780 952 27
tile 8781 1008 27
tile 8782 1064 27
tile 8784 0 54
tile 8785 56 54
tile 8786 112 54
tile 8787 168 54
tile 8788 224 54
tile 8789 280 54
tile 8790 336 54
tile 8791 392 54
tile 8794 448 54
tile 8795 504 54
tile 8796 560 54
tile 8797 616 54
tile 8798 672 54
tile 8799 728 54
tile 8800 784 54
tile 8801 840 54
tile 8803 896 54
tile 8804 952 54
tile 8805 1008 54
tile 8806 1064 54
tile 8807 0 81
tile 8808 56 81
tile 8809 112 81
tile 8810 168 81
tile 8812 224 81
tile 8813 280 81
tile 8814 336 81
tile 8815 392 81
tile 8816 448 81
tile 8817 504 81
tile 8818 560 81
tile 8819 616 81
tile 8821 672 81
tile 8822 728 81
tile 8823 784 81
tile 8824 840 81
tile 8825 896 81
tile 8826 952 81
tile 8827 1008 81
tile 8828 1064 81
tile 8830 0 108
tile 8831 56 108
tile 8832 112 108
tile 8833 168 108
tile 8834 224 108
tile 8835 280 108
tile 8836 336 108
tile 8837 392 108
tile 8839 448 108
tile 8840 504 108
tile 8841 560 108
tile 8842 616 108
tile 8843 672 108
tile 8844 728 108
tile 8845 784 108
tile 8846 840 108
tile 8848 896 108
tile 8849 952 108
tile 8850 1008 108
tile 8851 1064 108
tile 8852 0 135
tile 8853 56 135
tile 8854 112 135
tile 8855 168 135
tile 8856 224 135
tile 8857 280 135
tile 8858 336 135
tile 8859 392 135
tile 8860 448 135
tile 8861 504 135
tile 8862 560 135
tile 8863 616 135
tile 8864 672 135
tile 8865 728 135
tile 8866 784 135
tile 8867 840 135
tile 8868 896 135
tile 8869 952 135
tile 8870 1008 135
tile 8871 1064 135
tile 8872 0 162
tile 8873 56 162
tile 8874 112 162
tile 8875 168 162
tile 8876 224 162
tile 8877 280 162
tile 8878 336 162
tile 8879 392 162
tile 8880 448 162
tile 8881 504 162
tile 8882 560 162
tile 8884 616 162
tile 8885 672 162
tile 8886 728 162
tile 8887 784 162
tile 8888 840 162
tile 8889 896 162
tile 8890 952 162
tile 8891 1008 162
tile 8893 1064 162
tile 8894 0 189
tile 8895 56 189
tile 8896 112 189
tile 8897 168 189
tile 8898 224 189
tile 8899 280 189
tile 8900 336 189
tile 8903 392 189
tile 8904 448 189
tile 8905 504 189
tile 8906 560 189
tile 8907 616 189
tile 8908 672 189
tile 8909 728 189
tile 8910 784 189
tile 8911 840 189
tile 8912 896 189
tile 8913 952 189
tile 8914 1008 189
tile 8915 1064 189
tile 8916 0 216
tile 8917 56 216
tile 8918 112 216
tile 8919 168 216
tile 8920 224 216
tile 8921 280 216
tile 8922 336 216
tile 8923 392 216
tile 8924 448 216
tile 8925 504 216
tile 8926 560 216
tile 8927 616 216
tile 8928 672 216
tile 8929 728 216
tile 8930 784 216
tile 8931 840 216
tile 8932 896 216
tile 8934 952 216
tile 8935 1008 216
tile 8936 1064 216
tile 8937 0 243
tile 8940 56 243
tile 8941 112 243
tile 8942 168 243
tile 8943 224 243
tile 8944 280 243
tile 8946 336 243
tile 8947 392 243
tile 8948 448 243
tile 8949 504 243
tile 8950 560 243
tile 8952 616 243
tile 8953 672 243
tile 8954 728 243
tile 8955 784 243
tile 8956 840 243
tile 8957 896 243
tile 8958 952 243
tile 8959 1008 243
tile 8960 1064 243
tile 8961 0 270
tile 8962 56 270
tile 8963 112 270
tile 8964 168 270
tile 8965 224 270
tile 8966 280 270
tile 8967 336 270
tile 8968 392 270
tile 8969 448 270
tile 8970 504 270
tile 8971 560 270
tile 8972 616 270
tile 8973 672 270
tile 8974 728 270
tile 8975 784 270
tile 8976 840 270
tile 8977 896 270
tile 8978 952 270
tile 8979 1008 270
tile 8980 1064 270
tile 8981 0 297
tile 8982 56 297
tile 8983 112 297
tile 8984 168 297
tile 8985 224 297
tile 8986 280 297
tile 8987 336 297
tile 8988 392 297
tile 8989 448 297
tile 8990 504 297
tile 8991 560 297
tile 8992 616 297
tile 8993 672 297
tile 8994 728 297
tile 8995 784 297
tile 8996 840 297
tile 8997 896 297
tile 8998 952 297
tile 8999 1008 297
tile 9000 1064 297
tile 9001 0 324
tile 9002 56 324
tile 9003 112 324
tile 9004 168 324
tile 9005 224 324
tile 9006 280 324
tile 9007 336 324
tile 9008 392 324
tile 9009 448 324
tile 9010 504 324
tile 9011 560 324
tile 9012 616 324
tile 9013 672 324
tile 9014 728 324
tile 9015 784 324
tile 9016 840 324
tile 9017 896 324
tile 9018 952 324
tile 9019 1008 324
tile 9020 1064 324
tile 9021 0 351
tile 9022 56 351
tile 9023 112 351
tile 9024 168 351
tile 9025 224 351
tile 9026 280 351
tile 9027 336 351
tile 9028 392 351
tile 9029 448 351
tile 9030 504 351
tile 9031 560 351
tile 9032 616 351
tile 9033 672 351
tile 9034 728 351
tile 9035 784 351
tile 9036 840 351
tile 9037 896 351
tile 9038 952 351
tile 9039 1008 351
tile 9040 1064 351
tile 9041 0 378
tile 9043 56 378
tile 9044 112 378
tile 9045 168 378
tile 9046 224 378
tile 9047 280 378
tile 9048 336 378
tile 9049 392 378
tile 9050 448 378
tile 9051 504 378
tile 9052 560 378
tile 9053 616 378
tile 9054 672 378
tile 9055 728 378
tile 9056 784 378
tile 9057 840 378
tile 9058 896 378
tile 9059 952 378
tile 9060 1008 378
tile 9061 1064 378
tile 9062 0 405
tile 9063 56 405
tile 9064 112 405
tile 9065 168 405
tile 9066 224 405
tile 9067 280 405
tile 9068 336 405
tile 9069 392 405
tile 9070 448 405
tile 9071 504 405
tile 9072 560 405
tile 9073 616 405
tile 9074 672 405
tile 9075 728 405
tile 9076 784 405
tile 9077 840 405
tile 9078 896 405
tile 9079 952 405
tile 9080 1008 405
tile 9081 1064 405
tile 9082 0 432
tile 9083 56 432
tile 9084 112 432
tile 9085 168 432
tile 9087 224 432
tile 9088 280 432
tile 9089 336 432
tile 9090 392 432
tile 9091 448 432
tile 9092 504 432
tile 9099 560 432
tile 9100 616 432
tile 9105 672 432
tile 9106 728 432
tile 9111 784 432
tile 9112 840 432
tile 9113 896 432
tile 9114 952 432
tile 9115 1008 432
tile 9117 1064 432
tile 9118 0 459
tile 9119 56 459
tile 9120 112 459
tile 9121 168 459
tile 9123 224 459
tile 9124 280 459
tile 9125 336 459
tile 9126 392 459
tile 9127 448 459
tile 9130 504 459
tile 9131 560 459
tile 9133 616 459
tile 9134 672 459
tile 9136 728 459
tile 9137 784 459
tile 9139 840 459
tile 9140 896 459
tile 9143 952 459
tile 9144 1008 459
tile 9147 1064 459
tile 9148 0 486
tile 9149 56 486
tile 9151 112 486
tile 9152 168 486
tile 9614 224 486
tile 9654 280 486
tile 9655 336 486
tile 9656 392 486
tile 9657 448 486
tile 9665 504 486
tile 9677 560 486
tile 9682 616 486
tile 9699 672 486
picture 10141 28 335 46 0
picture 10142 28 427 45 0
picture 10143 28 472 45 0
picture 10144 28 381 46 0
picture 10145 56 161 24 0
picture 10148 28 559 41 0
picture 10149 28 600 41 0
picture 10152 56 185 23 0
picture 10153 56 208 23 0
picture 10154 0 476 112 0
picture 10155 0 0 125 0
picture 10156 0 250 113 0
picture 10157 0 908 103 0
picture 10158 0 700 104 0
picture 10159 28 103 69 0
picture 10160 28 241 47 0
picture 10161 28 288 47 0
picture 10162 28 172 69 0
picture 10163 0 804 104 0
picture 10164 28 0 103 0
picture 10165 0 363 113 0
picture 10166 0 125 125 0
picture 10167 0 588 112 0
picture 10168 28 903 34 0
picture 10169 56 133 28 0
picture 10170 56 102 31 0
picture 10171 28 641 40 0
picture 10172 28 867 36 0
picture 10173 28 937 34 0
picture 10174 28 719 37 0
picture 10175 28 971 34 0
picture 10176 28 756 37 0
picture 10177 56 0 34 0
picture 10178 28 793 37 0
picture 10179 28 681 38 0
picture 10180 56 34 34 0
picture 10181 56 68 34 0
picture 10182 28 517 42 0
picture 10183 28 830 37 0
object 7 1 left 10176
object 7 1 right 10177
object 9 1 right 10179
object 11 2 left 10154
object 12 2 left 10155
object 13 2 left 10156
object 14 2 left 10157
object 15 2 left 10158
object 16 2 left 10159
object 16 2 right 10160
object 10 3 right 10167
object 11 3 left 10182
object 11 3 right 10183
object 12 3 left 10176
object 12 3 right 10177
object 14 3 left 10178
object 14 3 right 10179
object 15 3 left 10168
object 15 3 right 10169
object 24 3 left 10152
object 24 3 right 10153
object 10 4 right 10166
object 11 4 left 10168
object 11 4 right 10169
object 12 4 left 10141
object 12 4 right 10142
object 13 4 left 10168
object 13 4 right 10169
object 14 4 left 10182
object 14 4 right 10183
object 24 4 left 10148
object 24 4 right 10149
object 25 4 left 10170
object 25 4 right 10171
object 10 5 right 10165
object 11 5 left 10172
object 11 5 right 10173
object 12 5 left 10174
object 12 5 right 10175
object 13 5 left 10176
object 13 5 right 10177
object 14 5 left 10148
object 14 5 right 10149
object 15 5 left 10180
object 15 5 right 10181
object 22 5 left 10170
object 22 5 right 10171
object 23 5 left 10182
object 23 5 right 10183
object 10 6 right 10164
object 11 6 left 10176
object 11 6 right 10177
object 12 6 left 10180
object 12 6 right 10181
object 14 6 left 10178
object 14 6 right 10179
object 23 6 left 10168
object 23 6 right 10169
object 25 6 left 10148
object 25 6 right 10149
object 10 7 right 10163
object 11 7 left 10170
object 11 7 right 10171
object 10 8 left 10161
object 10 8 right 10162
object 13 8 right 10145
object 1 9 left 10148
object 1 9 right 10149
object 13 9 left 10143
object 13 9 right 10144
object 23 10 left 10148
object 23 10 right 10149
object 7 19 left 10152
object 7 19 right 10153
object 14 19 left 10176
object 14 19 right 10177
object 16 19 left 10178
object 16 19 right 10179
object 7 20 left 10148
object 7 20 right 10149
object 8 20 left 10170
object 8 20 right 10171
object 14 20 left 10176
object 14 20 right 10177
object 15 20 left 10143
object 15 20 right 10144
object 5 21 left 10170
object 5 21 right 10171
object 6 21 left 10182
object 6 21 right 10183
object 6 22 left 10168
object 6 22 right 10169
object 8 22 left 10148
object 8 22 right 10149
object 15 22 left 10170
object 15 22 right 10171
object 14 23 left 10168
object 14 23 right 10169
object 15 23 left 10152
object 15 23 right 10153
object 17 23 left 10148
object 17 23 right 10149
object 13 24 left 10178
object 13 24 right 10179
object 14 24 left 10168
object 14 24 right 10169
object 15 24 left 10141
object 15 24 right 10142
object 13 25 left 10178
object 13 25 right 10179
object 14 25 left 10172
object 14 25 right 10173
object 15 25 left 10174
object 15 25 right 10175
object 16 25 left 10176
object 16 25 right 10177
object 17 25 left 10172
object 17 25 right 10173
object 6 26 left 10148
object 6 26 right 10149
object 13 26 left 10174
object 13 26 right 10175
object 14 26 left 10176
object 14 26 right 10177
object 15 26 left 10180
object 15 26 right 10181
object 16 26 left 10178
object 16 26 right 10179
object 13 27 left 10172
object 13 27 right 10173
object 14 27 left 10170
object 14 27 right 10171
object 21 27 left 10148
object 21 27 right 10149
object 14 28 left 10180
object 14 28 right 10181
object 0 29 left 10154
object 1 29 left 10155
object 2 29 left 10156
object 3 29 left 10154
object 4 29 left 10155
object 5 29 left 10156
object 6 29 left 10154
object 7 29 left 10155
object 8 29 left 10156
object 9 29 left 10157
object 10 29 left 10158
object 11 29 left 10159
object 11 29 right 10160
