# lod20675 — tools/dat-extract layout 이 만든다. 손으로 고치지 말 것.
size 50 20
blocked
##################################################
##..............#####.....##.......######........#
#..................##.....##...#...##............#
#..................##.....##.......##............#
#.............#######.....#.........#............#
#####.........###...................#......#######
#...#.........##...........................#####.#
#.............##...........................#.....#
#.............................###................#
#.............................#........##........#
#.........#...........#.......#........##........#
#.........#...........##......#........##........#
###########...........#########.........#........#
#######.###...#......####........................#
##..................##...........................#
##..................##...........................#
##.................###...........................#
##........#........##................#...........#
#.........#........##................#...........#
######.####################################.######
floor
5259 5225 5228 5231 5299 5302 5305 5275 5296 5299 5302 5305 5251 5254 5257 5260 5263 5266 5269 5251 5305 5251 5228 5231 5263 5263 5260 5275 5296 5299 5302 5305 5251 5254 5257 5260 5263 5266 5269 5251 5305 5251 5228 5263 5254 5263 5263 5254 5275 5251
5258 5286 5289 5289 5292 5295 5295 5274 5273 5276 5279 5295 5252 5295 5274 5300 5225 5282 5285 5254 5258 5286 5270 5258 5261 5295 5295 5274 5273 5276 5279 5295 5252 5295 5274 5300 5225 5282 5285 5254 5258 5286 5289 5238 5253 5256 5295 5274 5273 5254
5257 5288 5288 5288 5291 5294 5294 5273 5279 5282 5285 5237 5240 5293 5273 5299 5224 5281 5284 5294 5257 5288 5259 5261 5264 5294 5294 5273 5279 5282 5285 5237 5240 5293 5273 5299 5224 5281 5284 5294 5257 5288 5288 5259 5229 5255 5294 5273 5279 5294
5286 5287 5287 5293 5234 5253 5272 5275 5278 5281 5284 5236 5239 5242 5245 5238 5253 5256 5259 5238 5286 5287 5287 5293 5234 5253 5272 5275 5278 5281 5284 5236 5239 5242 5245 5238 5253 5256 5259 5238 5286 5287 5287 5293 5234 5253 5272 5275 5278 5238
5285 5298 5301 5226 5229 5232 5235 5238 5253 5256 5259 5229 5229 5232 5226 5259 5229 5255 5258 5259 5285 5298 5301 5226 5229 5232 5235 5238 5253 5256 5259 5229 5229 5232 5226 5259 5229 5255 5258 5259 5285 5298 5301 5226 5229 5232 5235 5238 5253 5259
5287 5261 5300 5225 5228 5231 5234 5259 5229 5270 5258 5261 5264 5259 5261 5264 5237 5240 5243 5236 5287 5261 5300 5225 5228 5231 5234 5259 5229 5270 5258 5261 5264 5259 5261 5264 5237 5240 5243 5236 5287 5261 5300 5225 5228 5231 5234 5259 5229 5236
5257 5296 5299 5224 5227 5230 5233 5236 5251 5259 5261 5264 5237 5240 5243 5255 5285 5288 5252 5250 5257 5296 5299 5224 5227 5230 5233 5236 5251 5259 5261 5264 5237 5240 5243 5255 5285 5288 5252 5250 5257 5296 5299 5224 5227 5230 5233 5236 5251 5250
5286 5261 5264 5237 5240 5243 5247 5250 5253 5266 5295 5274 5300 5225 5252 5263 5249 5239 5242 5271 5286 5261 5264 5237 5240 5243 5247 5250 5253 5266 5295 5274 5300 5225 5252 5263 5249 5239 5242 5271 5286 5261 5264 5237 5240 5243 5247 5250 5253 5271
5286 5252 5255 5285 5288 5252 5246 5249 5253 5287 5293 5273 5299 5224 5298 5301 5304 5307 5253 5270 5286 5252 5255 5285 5288 5252 5246 5249 5253 5287 5293 5273 5299 5224 5298 5301 5304 5307 5253 5270 5238 5253 5256 5285 5288 5252 5246 5249 5253 5270
5285 5260 5263 5236 5239 5242 5245 5248 5258 5257 5295 5287 5290 5259 5282 5285 5237 5306 5252 5269 5285 5259 5229 5229 5232 5242 5245 5248 5258 5257 5295 5287 5290 5273 5276 5279 5303 5306 5252 5269 5259 5229 5255 5236 5239 5242 5245 5248 5258 5269
5284 5298 5301 5304 5307 5253 5256 5259 5257 5286 5268 5271 5293 5258 5281 5284 5236 5305 5251 5253 5284 5258 5261 5264 5259 5253 5256 5259 5257 5286 5268 5271 5293 5272 5275 5278 5302 5305 5251 5253 5284 5298 5301 5304 5307 5253 5256 5259 5257 5286
5259 5240 5300 5303 5306 5252 5255 5258 5253 5286 5267 5270 5252 5255 5258 5275 5278 5281 5284 5252 5259 5261 5264 5237 5240 5252 5255 5258 5253 5286 5267 5270 5252 5268 5271 5253 5278 5281 5284 5252 5231 5234 5300 5303 5306 5252 5255 5258 5253 5256
5258 5288 5264 5237 5240 5243 5278 5290 5281 5270 5284 5269 5251 5254 5257 5271 5253 5256 5253 5251 5258 5261 5264 5237 5240 5243 5278 5290 5281 5270 5294 5257 5288 5288 5257 5271 5253 5256 5253 5251 5230 5233 5264 5237 5240 5243 5278 5290 5281 5255
5257 5239 5229 5232 5255 5238 5273 5276 5279 5282 5285 5288 5291 5294 5301 5270 5252 5255 5258 5257 5257 5226 5229 5232 5255 5238 5273 5276 5279 5282 5238 5286 5287 5287 5301 5270 5252 5255 5258 5257 5243 5247 5229 5232 5255 5238 5273 5276 5279 5257
5286 5225 5228 5231 5234 5237 5272 5275 5278 5281 5284 5287 5290 5304 5307 5269 5251 5254 5257 5286 5286 5225 5228 5231 5234 5237 5272 5275 5278 5281 5259 5285 5298 5301 5307 5269 5251 5254 5257 5286 5286 5225 5228 5231 5234 5237 5272 5275 5278 5286
5285 5257 5256 5259 5262 5265 5268 5271 5253 5256 5253 5253 5256 5259 5262 5265 5268 5271 5253 5256 5285 5257 5256 5259 5262 5265 5268 5271 5253 5256 5253 5253 5256 5259 5262 5265 5268 5271 5253 5256 5285 5257 5256 5259 5262 5265 5268 5271 5253 5256
5284 5252 5255 5258 5261 5264 5267 5270 5252 5255 5258 5252 5255 5258 5261 5264 5267 5270 5252 5255 5284 5252 5255 5258 5261 5264 5267 5270 5252 5255 5258 5252 5255 5258 5261 5264 5267 5270 5252 5255 5284 5252 5255 5258 5261 5264 5256 5259 5229 5255
5268 5251 5254 5257 5260 5263 5266 5269 5251 5254 5257 5251 5254 5257 5260 5263 5266 5294 5257 5288 5288 5251 5254 5257 5260 5263 5266 5269 5251 5254 5257 5251 5254 5257 5260 5263 5266 5269 5251 5254 5268 5251 5254 5257 5260 5263 5270 5258 5261 5254
5267 5238 5273 5276 5279 5282 5285 5288 5291 5294 5301 5238 5273 5276 5279 5282 5285 5238 5286 5287 5287 5238 5273 5276 5279 5282 5285 5288 5291 5294 5301 5238 5273 5276 5279 5282 5285 5240 5252 5294 5267 5238 5273 5276 5279 5282 5259 5261 5264 5294
5266 5237 5272 5275 5231 5231 5234 5259 5275 5281 5284 5287 5290 5275 5278 5281 5284 5287 5290 5304 5266 5237 5272 5275 5278 5281 5284 5287 5281 5281 5284 5287 5290 5275 5278 5281 5284 5287 5290 5304 5266 5231 5231 5234 5259 5281 5284 5287 5281 5304
tile 5224 0 0
tile 5225 56 0
tile 5226 112 0
tile 5227 168 0
tile 5228 224 0
tile 5229 280 0
tile 5230 336 0
tile 5231 392 0
tile 5232 448 0
tile 5233 0 27
tile 5234 56 27
tile 5235 112 27
tile 5236 168 27
tile 5237 224 27
tile 5238 280 27
tile 5239 336 27
tile 5240 392 27
tile 5242 448 27
tile 5243 0 54
tile 5245 56 54
tile 5246 112 54
tile 5247 168 54
tile 5248 224 54
tile 5249 280 54
tile 5250 336 54
tile 5251 392 54
tile 5252 448 54
tile 5253 0 81
tile 5254 56 81
tile 5255 112 81
tile 5256 168 81
tile 5257 224 81
tile 5258 280 81
tile 5259 336 81
tile 5260 392 81
tile 5261 448 81
tile 5262 0 108
tile 5263 56 108
tile 5264 112 108
tile 5265 168 108
tile 5266 224 108
tile 5267 280 108
tile 5268 336 108
tile 5269 392 108
tile 5270 448 108
tile 5271 0 135
tile 5272 56 135
tile 5273 112 135
tile 5274 168 135
tile 5275 224 135
tile 5276 280 135
tile 5278 336 135
tile 5279 392 135
tile 5281 448 135
tile 5282 0 162
tile 5284 56 162
tile 5285 112 162
tile 5286 168 162
tile 5287 224 162
tile 5288 280 162
tile 5289 336 162
tile 5290 392 162
tile 5291 448 162
tile 5292 0 189
tile 5293 56 189
tile 5294 112 189
tile 5295 168 189
tile 5296 224 189
tile 5298 280 189
tile 5299 336 189
tile 5300 392 189
tile 5301 448 189
tile 5302 0 216
tile 5303 56 216
tile 5304 112 216
tile 5305 168 216
tile 5306 224 216
tile 5307 280 216
picture 6105 252 269 47 0
picture 6106 252 171 50 0
picture 6107 252 316 46 0
picture 6108 252 362 44 0
picture 6113 252 513 30 0
picture 6115 252 482 31 0
picture 6116 252 406 43 0
picture 6117 252 67 52 0
picture 6118 252 119 52 0
picture 6125 252 449 33 0
picture 6126 252 543 29 0
picture 6534 168 0 104 0
picture 6535 28 243 118 0
picture 6536 28 361 118 0
picture 6537 28 479 118 0
picture 6538 168 104 104 0
picture 6539 168 208 104 0
picture 6540 28 597 118 0
picture 6541 28 715 118 0
picture 6542 28 833 118 0
picture 6543 168 312 104 0
picture 6544 168 416 104 0
picture 6548 168 520 104 0
picture 6549 168 624 104 0
picture 6550 56 0 118 0
picture 6551 56 118 118 0
picture 6553 168 728 104 0
picture 6555 56 236 118 0
picture 6556 56 354 118 0
picture 6557 56 472 118 0
picture 6558 168 832 104 0
picture 6564 196 0 104 0
picture 6565 56 590 118 0
picture 6566 56 708 118 0
picture 6567 56 826 118 0
picture 6568 196 104 104 0
picture 6569 196 208 104 0
picture 6570 84 0 118 0
picture 6571 84 118 118 0
picture 6574 196 312 104 0
picture 6575 84 236 118 0
picture 6576 84 354 118 0
picture 6577 84 472 118 0
picture 6578 196 416 104 0
picture 6579 196 520 104 0
picture 6580 84 590 118 0
picture 6581 84 708 118 0
picture 6582 84 826 118 0
picture 6583 196 624 104 0
picture 6584 196 728 104 0
picture 6585 112 0 118 0
picture 6586 112 118 118 0
picture 6587 112 236 118 0
picture 6588 196 832 104 0
picture 6591 112 354 118 0
picture 6592 112 472 118 0
picture 6593 224 0 104 0
picture 6594 224 104 104 0
picture 6596 112 590 118 0
picture 6604 0 899 123 0
picture 6605 0 520 127 0
picture 6606 0 264 128 0
picture 6607 140 590 111 0
picture 6608 140 701 111 0
picture 6609 0 392 128 0
picture 6610 0 647 127 0
picture 6611 28 0 123 0
picture 6617 224 815 85 0
picture 6618 224 728 87 0
picture 6619 224 900 79 0
picture 6620 252 0 67 0
picture 6628 224 208 104 0
picture 6629 224 312 104 0
picture 6630 224 416 104 0
picture 6631 224 520 104 0
picture 6637 112 708 118 0
picture 6638 112 826 118 0
picture 6639 140 0 118 0
picture 6640 224 624 104 0
picture 6646 140 812 109 0
picture 6647 140 118 118 0
picture 6648 0 774 125 0
picture 6649 140 236 118 0
picture 6650 140 354 118 0
picture 6651 28 123 120 0
picture 6652 0 0 134 0
picture 6653 140 472 118 0
picture 6654 0 134 130 0
picture 6655 252 221 48 0
object 0 0 left 6629
object 0 0 right 6630
object 1 0 left 6569
object 2 0 left 6570
object 3 0 left 6571
object 4 0 left 6540
object 5 0 left 6541
object 5 0 right 6543
object 6 0 left 6542
object 6 0 right 6543
object 7 0 left 6541
object 8 0 left 6557
object 8 0 right 6558
object 9 0 left 6540
object 10 0 left 6541
object 10 0 right 6543
object 11 0 left 6542
object 11 0 right 6543
object 12 0 left 6549
object 12 0 right 6548
object 13 0 left 6550
object 14 0 left 6551
object 14 0 right 6558
object 15 0 left 6534
object 16 0 left 6535
object 17 0 left 6536
object 18 0 left 6537
object 18 0 right 6538
object 19 0 left 6542
object 19 0 right 6628
object 20 0 left 6542
object 20 0 right 6543
object 21 0 left 6549
object 21 0 right 6548
object 22 0 left 6570
object 23 0 left 6571
object 24 0 left 6535
object 25 0 left 6535
object 25 0 right 6558
object 26 0 left 6534
object 26 0 right 6640
object 27 0 left 6541
object 28 0 left 6557
object 28 0 right 6558
object 29 0 left 6540
object 30 0 left 6541
object 30 0 right 6543
object 31 0 left 6542
object 31 0 right 6543
object 32 0 left 6549
object 32 0 right 6548
object 33 0 left 6550
object 34 0 left 6551
object 34 0 right 6558
object 35 0 left 6534
object 36 0 left 6535
object 37 0 left 6536
object 38 0 left 6537
object 38 0 right 6538
object 39 0 left 6542
object 39 0 right 6628
object 40 0 left 6542
object 40 0 right 6543
object 41 0 left 6549
object 41 0 right 6548
object 42 0 left 6570
object 43 0 left 6535
object 43 0 right 6640
object 44 0 left 6550
object 44 0 right 6558
object 45 0 left 6535
object 45 0 right 6640
object 46 0 left 6535
object 46 0 right 6558
object 47 0 left 6550
object 47 0 right 6640
object 48 0 left 6541
object 48 0 right 6558
object 49 0 left 6542
object 49 0 right 6628
object 0 1 right 6568
object 1 1 left 6117
object 1 1 right 6118
object 16 1 left 6604
object 17 1 left 6605
object 18 1 left 6606
object 18 1 right 6607
object 19 1 left 6564
object 19 1 right 6583
object 20 1 left 6105
object 20 1 right 6106
object 35 1 left 6564
object 35 1 right 6583
object 37 1 left 6651
object 38 1 left 6652
object 39 1 left 6653
object 40 1 left 6654
object 40 1 right 6655
object 49 1 right 6576
object 0 2 right 6567
object 19 2 right 6582
object 20 2 left 6115
object 20 2 right 6116
object 28 2 left 6619
object 28 2 right 6620
object 31 2 left 6113
object 35 2 right 6582
object 36 2 right 6650
object 49 2 left 6574
object 49 2 right 6575
object 0 3 right 6566
object 19 3 left 6574
object 19 3 right 6576
object 20 3 left 6564
object 20 3 right 6583
object 26 3 left 6113
object 27 3 left 6617
object 27 3 right 6618
object 35 3 left 6574
object 35 3 right 6576
object 36 3 right 6649
object 49 3 right 6583
object 0 4 left 6564
object 0 4 right 6565
object 14 4 left 6539
object 15 4 left 6540
object 16 4 left 6541
object 17 4 left 6542
object 17 4 right 6543
object 18 4 left 6544
object 19 4 left 6570
object 19 4 right 6558
object 20 4 left 6540
object 20 4 right 6553
object 26 4 left 6564
object 26 4 right 6583
object 36 4 right 6648
object 49 4 right 6582
object 0 5 right 6583
object 1 5 left 6604
object 2 5 left 6605
object 3 5 left 6606
object 3 5 right 6607
object 4 5 left 6594
object 4 5 right 6583
object 14 5 right 6583
object 15 5 right 6611
object 16 5 left 6113
object 36 5 left 6646
object 36 5 right 6647
object 43 5 left 6539
object 43 5 right 6583
object 44 5 left 6540
object 45 5 left 6541
object 46 5 left 6542
object 46 5 right 6543
object 47 5 left 6544
object 48 5 left 6570
object 48 5 right 6558
object 49 5 right 6581
object 0 6 right 6586
object 4 6 left 6107
object 4 6 right 6108
object 14 6 right 6582
object 15 6 right 6610
object 43 6 left 6564
object 43 6 right 6582
object 44 6 left 6115
object 44 6 right 6116
object 45 6 left 6604
object 46 6 left 6605
object 47 6 left 6606
object 47 6 right 6607
object 49 6 left 6579
object 49 6 right 6580
object 0 7 left 6584
object 0 7 right 6585
object 14 7 left 6574
object 14 7 right 6576
object 15 7 left 6608
object 15 7 right 6609
object 43 7 left 6574
object 43 7 right 6576
object 49 7 right 6588
object 0 8 left 6584
object 0 8 right 6585
object 30 8 left 6604
object 31 8 left 6605
object 32 8 left 6606
object 32 8 right 6607
object 49 8 right 6587
object 0 9 left 6594
object 0 9 right 6596
object 30 9 left 6564
object 30 9 right 6583
object 39 9 right 6583
object 40 9 left 6125
object 40 9 right 6126
object 49 9 right 6586
object 0 10 right 6593
object 10 10 left 6564
object 10 10 right 6583
object 22 10 right 6583
object 30 10 right 6582
object 39 10 right 6582
object 40 10 right 6611
object 49 10 left 6584
object 49 10 right 6585
object 0 11 right 6592
object 10 11 right 6582
object 22 11 right 6582
object 23 11 left 6564
object 23 11 right 6583
object 30 11 left 6574
object 30 11 right 6576
object 39 11 left 6574
object 39 11 right 6576
object 40 11 right 6610
object 49 11 right 6578
object 0 12 left 6574
object 0 12 right 6591
object 1 12 left 6539
object 2 12 left 6540
object 3 12 left 6541
object 4 12 left 6542
object 4 12 right 6543
object 5 12 left 6544
object 6 12 left 6570
object 6 12 right 6558
object 7 12 left 6564
object 7 12 right 6583
object 8 12 left 6564
object 8 12 right 6583
object 9 12 left 6541
object 9 12 right 6583
object 10 12 left 6574
object 10 12 right 6576
object 22 12 left 6574
object 22 12 right 6576
object 23 12 left 6540
object 23 12 right 6553
object 24 12 left 6539
object 25 12 left 6540
object 26 12 left 6541
object 27 12 left 6542
object 27 12 right 6543
object 28 12 left 6544
object 29 12 left 6570
object 29 12 right 6558
object 30 12 left 6540
object 30 12 right 6553
object 40 12 left 6608
object 40 12 right 6609
object 49 12 left 6631
object 49 12 right 6577
object 0 13 right 6586
object 2 13 left 6651
object 3 13 left 6652
object 4 13 left 6653
object 5 13 left 6654
object 5 13 right 6655
object 6 13 left 6107
object 6 13 right 6108
object 8 13 left 6564
object 8 13 right 6583
object 9 13 left 6557
object 9 13 right 6558
object 10 13 left 6571
object 10 13 right 6553
object 14 13 left 6125
object 14 13 right 6126
object 21 13 left 6651
object 22 13 left 6652
object 23 13 left 6653
object 24 13 left 6654
object 24 13 right 6655
object 49 13 right 6586
object 0 14 left 6584
object 0 14 right 6585
object 1 14 right 6650
object 20 14 right 6650
object 21 14 right 6611
object 49 14 left 6584
object 49 14 right 6585
object 0 15 right 6578
object 1 15 right 6649
object 20 15 right 6649
object 21 15 right 6610
object 49 15 right 6578
object 0 16 right 6577
object 1 16 right 6648
object 19 16 right 6583
object 20 16 right 6648
object 21 16 left 6608
object 21 16 right 6609
object 49 16 right 6577
object 0 17 right 6576
object 1 17 left 6646
object 1 17 right 6647
object 10 17 left 6564
object 10 17 right 6583
object 19 17 left 6564
object 19 17 right 6582
object 20 17 left 6646
object 20 17 right 6647
object 37 17 left 6564
object 37 17 right 6583
object 49 17 right 6576
object 0 18 left 6574
object 0 18 right 6575
object 10 18 right 6582
object 19 18 left 6574
object 19 18 right 6576
object 20 18 left 6646
object 20 18 right 6647
object 37 18 right 6553
object 49 18 left 6574
object 49 18 right 6575
object 0 19 left 6539
object 1 19 left 6540
object 2 19 left 6541
object 3 19 left 6542
object 3 19 right 6543
object 4 19 left 6571
object 5 19 left 6637
object 6 19 left 6638
object 7 19 left 6639
object 7 19 right 6640
object 8 19 left 6541
object 9 19 left 6557
object 9 19 right 6558
object 10 19 left 6574
object 10 19 right 6576
object 11 19 left 6535
object 12 19 left 6536
object 13 19 left 6555
object 14 19 left 6556
object 15 19 left 6557
object 15 19 right 6558
object 16 19 left 6534
object 17 19 left 6535
object 18 19 left 6536
object 19 19 left 6537
object 19 19 right 6628
object 20 19 left 6539
object 21 19 left 6540
object 22 19 left 6541
object 23 19 left 6542
object 23 19 right 6543
object 24 19 left 6544
object 25 19 left 6570
object 25 19 right 6558
object 26 19 left 6534
object 27 19 left 6535
object 28 19 left 6557
object 28 19 right 6558
object 29 19 left 6557
object 29 19 right 6558
object 30 19 left 6534
object 31 19 left 6535
object 32 19 left 6536
object 33 19 left 6555
object 34 19 left 6556
object 35 19 left 6557
object 35 19 right 6558
object 36 19 left 6534
object 37 19 left 6535
object 37 19 right 6576
object 38 19 left 6536
object 39 19 left 6537
object 39 19 right 6628
object 40 19 left 6539
object 41 19 left 6571
object 42 19 left 6637
object 43 19 left 6638
object 44 19 left 6639
object 44 19 right 6640
object 45 19 left 6570
object 45 19 right 6558
object 46 19 left 6534
object 47 19 left 6535
object 48 19 left 6557
object 48 19 right 6558
object 49 19 left 6537
object 49 19 right 6628
