# lod20834 — tools/dat-extract layout 이 만든다. 손으로 고치지 말 것.
size 100 100
blocked
#############..............###################............................##########################
#############..............###################............................##########################
#############..............##################.............................##########################
#############..............###################............................##########################
#############...............##################...........................########################...
#########...#.................#############..#............................######################....
########......................###########.................................###############.####......
.###.#.........................###.##.#......................................###########..#.........
..#.............................#..#.........................................#######.#..............
..............................................................................###.#.................
...............................................................................#..#.................
....................................................................................................
....................................................................................................
....................................................................................................
....................................................................................................
....................................................................................................
....................................................................................................
....................................................................................................
....................................................................................................
....................................................................................................
....................................................................................................
....#####...................................#####...................................#####...........
....#####...................................#####...................................#####...........
....######..................................######..................................######..........
.....#####...................................#####...................................#####..........
.....######..................................######..................................######.........
......############............................############............................############..
.......############............................############..........................###############
........############............................############.........................###############
.......##############..........................##############........................###############
.......##############..........................##############........................###############
.......###############.........................###############......................################
.......################........................################......................###############
.......#################.......................#################.....................###############
........#################.......................#################.....................##############
..........################........................################....................##############
..........#################.......................#################....................#############
#.........##################......................##################....................############
##........###################.....................###################....................###########
##.......####################....................####################...................############
##........###################....................####################...................############
###.......###################.....................####################..................############
###........##################.......................###################.................############
##.........##################.......................####################................############
##..........################........................####################.................###########
###..........###############.........................###################...................#########
###...........###############........................###################...................#########
..#..........################.........................##################....................########
.............################.........................##################.....................#######
.............################..........................################.......................######
#............###############............................###############.........................####
##...........################............................###############........................####
##............###############...........................################........................####
##..............#########...#...........................################........................####
###.............########................................################........................####
###..............###.#..................................###############.........................####
..#...............#.....................................################.......................#####
.........................................................###############.......................#####
...........................................................#########...#.......................#####
...........................................................########.............................####
............................................................###.#...............................####
............................................#####............#..................................####
............................................#####...............................................####
............................................######................................................#.
............................................######..................................................
.............................................######.................................................
.............................................#############..........................................
..............................................#############.........................................
...............................................#############........................................
...............................................##############.......................................
...............................................##############.......................................
...............................................###############......................................
...............................................################.....................................
...............................................#################....................................
...............................................##################...................................
................................................##################..................................
..................................................#################.................................
..................................................##################................................
..................................................###################...............................
.................................................####################...............................
.................................................####################...............................
..................................................###################...............................
#..................................................##################...............................
##.................................................##################...............................
##..................................................################................................
###..................................................###############................................
####..................................................###############...............................
#####................................................################...............................
######...............................................################...............................
#######..............................................################...............................
########.............................................###############................................
#########............................................################...............................
##########............................................###############...............................
##########..............................................#########...#...............................
##########..............................................########....................................
##########...............................................###.#......................................
##########................................................#.........................................
##########..........................................................................................
#########...........................................................................................
#########...........................................................................................
floor
2957 2958 2934 2957 2958 2980 2956 2940 2940 2955 2955 2955 2997 2865 2865 2882 2880 2875 2875 2868 2868 2865 2865 2882 2880 2875 2875 3044 3039 3008 2957 2958 2934 2957 2958 2934 2957 2958 2980 2956 2940 2940 2955 2955 2955 2997 2868 2868 2865 2865 2875 2875 2868 2868 2865 2865 2882 2880 2926 2881 2882 2880 2866 2875 2875 2868 2868 2865 3000 3001 2879 2875 2883 2874 3044 3056 3008 2959 2940 2949 2957 2958 2934 2934 2957 2958 2980 2955 2940 2940 2955 2955 3008 2955 2955 2956 2956 2940 2940 2940
2940 2956 2955 2940 2940 2955 2955 2956 2956 2940 2940 2940 2997 2872 2865 2865 2876 2868 2868 2874 2865 2925 2870 2865 2876 2872 2926 3011 3039 2962 2940 2956 2955 2940 2940 2955 2940 2940 2955 2955 2956 2956 2940 2940 2940 2997 2868 2868 2875 2927 2875 2865 2876 2872 2865 2865 2876 2868 2868 2874 2865 2925 2870 2865 2876 2872 2926 2865 2919 2868 2872 2865 2867 2874 3011 3040 2962 2934 2957 2958 2980 2956 2940 2955 2940 2940 3008 2940 2956 2956 3008 2940 2980 2940 2940 2980 2956 2956 2955 2955
2941 2940 2940 2956 2956 2940 2940 2980 2956 2956 2955 2955 2924 2881 2868 2868 2868 2868 2868 2868 2865 2865 2882 2880 2866 2881 2868 3049 3008 3008 2941 2940 2940 2956 2956 2940 2956 2956 2940 2940 2980 2956 2956 2955 2955 2924 2868 2868 2874 2872 3000 2880 2866 2881 2868 2868 2868 2868 2868 2868 2865 2865 2882 2880 2866 2881 2868 2865 2919 2867 2868 2876 2879 2865 3044 2941 3008 2955 2940 2940 2955 2955 3008 2940 2956 2956 3008 2956 2980 2956 3008 2955 2940 2956 2955 2940 2980 2941 3008 3039
2981 2956 2956 2980 2956 2956 2955 2940 2980 2941 3008 3039 2928 2868 2875 2875 2875 2868 2868 2868 2876 2876 2865 2867 2874 2868 2865 2968 3054 2981 2981 2956 2956 2980 2956 2956 2980 2956 2956 2955 2940 2980 2941 3008 3039 2928 2874 2865 2874 2872 2919 2867 2874 2868 2875 2875 2875 2868 2868 2868 2876 2876 2865 2867 2874 2868 2865 2867 2919 2925 2874 2876 2875 2865 3005 2940 2981 2940 2956 3008 2940 2940 2980 2956 3008 2956 3008 2955 2940 2956 2955 2955 3008 2941 3008 2940 2961 3008 3008 3008
3054 3039 3012 2940 2980 2941 3008 2940 2961 3008 3008 3008 2997 2865 2868 2868 2874 2874 2865 2881 2876 2876 2879 2876 2865 2871 2919 2868 3037 3031 3054 3039 3012 2940 2980 3012 2940 2980 2941 3008 2940 2961 3008 3008 3008 2997 2925 2865 2918 2920 2921 2865 2925 2865 2868 2868 2874 2874 2865 2881 2876 2876 2879 2876 2865 2871 2919 2920 2921 2867 2868 2871 2879 3044 3049 3008 3008 2956 2980 2956 3008 2955 2940 3008 2956 2956 2955 2940 2980 2941 3008 3039 3008 3008 3008 3008 2997 3037 3030 2968
3044 2940 2940 2940 2961 3008 3008 3008 2997 3037 3030 2968 2904 2872 2868 2868 2868 2874 2874 2865 2871 2872 2865 2875 2990 2918 3001 2868 2876 2874 3044 2940 2940 2940 2961 2940 2940 2961 3008 3008 3008 2997 3037 3030 2968 2904 2917 2921 2977 2867 2876 2865 2876 2872 2868 2868 2868 2874 2874 2865 2871 2872 2865 2875 2990 2918 3001 2872 3009 2868 2868 2881 2868 2868 2968 3054 2981 2981 2956 2956 2980 2956 2956 2940 2980 2941 3008 2940 2961 3008 3008 3008 3008 2956 2997 2968 2904 2874 2874 2865
3044 2940 2980 2956 2956 2956 2997 2968 2904 2874 2874 2865 2865 2881 2868 2868 2926 2868 2926 2925 2865 2872 3000 2994 2917 2991 2925 2867 2873 2874 3044 2940 2980 2956 2956 2980 2956 2956 2956 2997 2968 2904 2874 2874 2865 2865 2871 2876 2874 2875 2868 2868 2868 2881 2868 2868 2926 2868 2926 2925 2865 2872 3000 2994 2917 2991 2925 2871 2871 2865 2881 2877 2874 2865 2868 3037 3031 3054 3039 3012 2940 2980 3012 2940 2961 3008 3008 3008 2997 3037 3030 2968 2904 2968 2904 2926 3022 2868 2868 3021
2865 2930 2940 2997 2968 2968 2904 2880 3022 2868 2868 3021 2874 2877 2874 2865 2881 2877 2875 2875 2927 2872 2919 2868 2875 2927 2875 2865 2867 2865 2865 2930 2940 2997 2968 2940 2997 2968 2968 2904 2926 3022 2868 2868 3021 2874 3009 2881 2876 2874 2874 2865 2881 2877 2874 2865 2881 2877 2875 2875 2927 2872 2919 2868 2875 2927 2875 2875 2927 2875 2875 2874 2875 2874 2868 2876 2874 3044 2940 2940 2940 2961 2940 2956 2956 2956 2997 2968 2904 2874 2874 2865 2865 2865 2867 2865 2865 2875 2868 2926
2876 2875 2968 2904 2865 2926 2867 2926 2999 2875 2868 2926 2881 2865 2926 2925 2865 2865 2986 2920 2921 2920 2921 2867 2876 2875 2867 2881 2865 2865 2876 2875 2968 2904 2865 2968 2904 2868 2865 2873 2876 2865 2871 2919 2921 2871 2876 2874 2867 2868 2926 2925 2865 2865 2926 2925 2865 2865 2986 2920 2921 2920 2921 2867 2876 2875 2867 2867 2867 2874 3006 2990 2999 2874 2867 2873 2874 3044 2940 2980 2956 2956 2980 2997 2968 2968 2904 2865 3022 2868 2868 3021 2874 2865 2926 2925 2865 2865 2986 2920
2874 2868 2868 2868 2875 2876 2875 2867 2868 2865 2867 2868 2865 2876 2985 2917 2921 2991 2925 2881 2871 2872 2875 2871 2871 2876 2985 2986 2994 2998 2872 3000 3001 2879 2871 2874 2872 2882 2868 2865 2875 2990 2918 3001 2872 3009 2881 2876 2998 2865 2867 2868 2865 2876 2985 2917 2921 2991 2925 2881 2871 2872 2875 2871 2871 2876 2985 2986 2994 2998 2872 3000 3001 2879 2865 2867 2865 2865 2930 2940 2997 2968 2940 2904 2865 2865 2867 2926 2999 2875 2868 2926 2881 2876 2985 2917 2921 2991 2925 2881
2926 2868 2868 2868 2881 2867 2875 2868 2865 2873 2876 2865 2871 2919 2921 2871 2876 2874 2868 2874 2872 3017 2994 2972 2974 2925 2978 2973 2872 2872 2872 2919 2868 2872 2871 2874 2872 3003 2993 2913 2994 2917 2991 2925 2871 2871 2989 2867 2865 2873 2876 2865 2871 2919 2921 2871 2876 2874 2868 2874 2872 3017 2994 2972 2974 2925 2978 2973 2872 2872 2872 2919 2868 2872 2881 2865 2865 2876 2875 2968 2904 2865 2968 2868 2881 2867 2875 2868 2865 2873 2876 2865 2871 2919 2921 2871 2876 2874 2868 2874
2871 2874 2865 2881 2877 2867 2880 2882 2868 2865 2875 2990 2918 3001 2872 3009 2881 2876 2875 2881 2876 2987 2991 3003 2993 2922 2977 2918 2872 2918 2920 2921 2867 2871 2874 2918 2920 2996 3001 3021 3015 3021 2868 2872 2865 2871 2872 2998 2868 2865 2875 2990 2918 3001 2872 3009 2881 2876 2875 2881 2876 2987 2991 3003 2993 2922 2977 2918 2872 2918 2920 2921 2867 2871 2874 2918 2920 2921 2867 2875 2875 2874 2865 2881 2877 2867 2880 2882 2868 2865 2875 2990 2918 3001 2872 3009 2881 2876 2875 2881
2870 2926 2925 2865 2865 2872 2881 3003 2993 2913 2994 2917 2991 2925 2871 2871 2989 2867 2998 2865 2985 2978 2914 2996 3001 2868 2868 2868 2868 2865 2876 2868 2876 2876 2987 2977 2867 2876 2871 2868 2868 2926 2925 2865 2865 2872 2881 3003 2993 2913 2994 2917 2991 2925 2871 2871 2989 2867 2998 2865 2985 2978 2914 2996 3001 2868 2868 2868 2868 2865 2876 2868 2876 2876 2987 2977 2867 2876 2871 2868 2874 2926 2925 2865 2865 2872 2881 3003 2993 2913 2994 2917 2991 2925 2871 2871 2989 2867 2998 2865
2882 2865 2865 2867 2876 2868 2987 2996 3001 3021 3015 3021 2868 2872 2865 2871 2872 2998 3009 2990 2976 2977 2874 2872 2977 2875 2868 2872 2865 2865 2867 2865 2871 2872 2978 3022 2865 2876 2874 2875 2875 2865 2865 2867 2876 2868 2987 2996 3001 3021 3015 3021 2868 2872 2865 2871 2872 2998 3009 2990 2976 2977 2874 2872 2977 2875 2868 2872 2865 2865 2867 2865 2871 2872 2978 3022 2865 2876 2874 2926 2868 2865 2865 2867 2876 2868 2987 2996 3001 3021 3015 3021 2868 2872 2865 2871 2872 2998 3009 2990
2865 2925 2873 2876 2875 2871 3009 3021 2995 2990 2999 2868 2868 2865 2871 2872 2865 2871 2993 3032 3003 2978 2871 2987 2977 2874 2874 2865 2865 2881 2865 2865 2867 2865 3043 2999 2880 2866 2871 2868 2874 2925 2873 2876 2875 2871 3009 3021 2995 2990 2999 2868 2868 2865 2871 2872 2865 2871 2993 3032 3003 2978 2871 2987 2977 2874 2874 2865 2865 2881 2865 2865 2867 2865 3043 2999 2880 2866 2871 2876 2875 2925 2873 2876 2875 2871 3009 3021 2995 2990 2999 2868 2868 2865 2871 2872 2865 2871 2993 3032
2879 2868 2865 2875 2867 2871 2993 2871 2871 2925 2926 2874 2871 2865 2867 2865 2865 2882 3003 3004 2865 3043 2865 2978 3022 2868 2868 3021 2874 2867 2880 2876 2876 2874 2978 2865 2871 2987 2918 2926 2868 2868 2865 2875 2867 2871 2993 2871 2871 2925 2926 2874 2871 2865 2867 2865 2865 2882 3003 3004 2865 3043 2865 2978 3022 2868 2868 3021 2874 2867 2880 2876 2876 2874 2978 2865 2871 2987 2918 2867 2875 2868 2865 2875 2867 2871 2993 2871 2871 2925 2926 2874 2871 2865 2867 2865 2865 2882 3003 3004
2865 2868 2865 2865 2918 2918 2991 2868 2868 2871 2871 2876 2876 2881 2865 2865 2876 2875 2870 2876 2865 2978 2867 3043 2999 2875 2868 2926 2881 2871 2867 2871 2872 2876 2964 2882 2865 2978 3022 2876 2875 2868 2865 2865 2918 2918 2991 2868 2868 2871 2871 2876 2876 2881 2865 2865 2876 2875 2870 2876 2865 2978 2867 3043 2999 2875 2868 2926 2881 2871 2867 2871 2872 2876 2964 2882 2865 2978 3022 2867 2880 2868 2865 2865 2918 2918 2991 2868 2868 2871 2871 2876 2876 2881 2865 2865 2876 2875 2870 2876
2868 2874 2865 2865 2919 2867 3006 2868 2867 2873 2868 2868 2868 2867 2880 2876 2867 2874 2872 2870 2871 2964 2874 2978 3022 2874 2874 2865 2925 2870 2865 2867 2865 2872 2977 2874 2867 3043 2999 2867 2875 2874 2865 2865 2919 2867 3006 2868 2867 2873 2868 2868 2868 2867 2880 2876 2867 2874 2872 2870 2871 2964 2874 2978 3022 2874 2874 2865 2925 2870 2865 2867 2865 2872 2977 2874 2867 3043 2999 2876 2875 2874 2865 2865 2919 2867 3006 2868 2867 2873 2868 2868 2868 2867 2880 2876 2867 2874 2872 2870
2868 2874 2865 2867 2919 2925 2867 2867 2867 2865 2868 2868 2868 2868 2868 2877 2871 2925 3006 3015 3017 2977 2876 2964 2873 2874 2871 2865 2865 2882 2880 2866 2999 2987 2977 2865 2874 2978 3022 2867 2880 2874 2865 2867 2919 2925 2867 2867 2867 2865 2868 2868 2868 2868 2868 2877 2871 2925 3006 3015 3017 2977 2876 2964 2873 2874 2871 2865 2865 2882 2880 2866 2999 2987 2977 2865 2874 2978 3022 2867 2875 2874 2865 2867 2919 2925 2867 2867 2867 2865 2868 2868 2868 2868 2868 2877 2871 2925 3006 3015
2874 2871 2918 2920 2921 2867 2868 2868 2867 2868 2865 2876 2868 2868 2874 2875 2867 2871 2872 3021 2919 2963 2872 2977 2871 2925 2870 2876 2876 2865 2867 2874 3003 2978 3022 2865 2876 2964 2873 2874 2874 2871 2918 2920 2921 2867 2868 2868 2867 2868 2865 2876 2868 2868 2874 2875 2867 2871 2872 3021 2919 2963 2872 2977 2871 2925 2870 2876 2876 2865 2867 2874 3003 2978 3022 2865 2876 2964 2873 2867 2880 2871 2918 2920 2921 2867 2868 2868 2867 2868 2865 2876 2868 2868 2874 2875 2867 2871 2872 3021
2926 2918 2991 2948 2865 2948 3002 2990 3002 2868 2868 2868 2868 2868 2868 2875 2867 2871 2871 2870 3029 2999 2987 2977 2865 2865 2882 2876 2876 2879 2865 2925 2865 3043 2999 2865 2872 2977 2871 2868 2926 2918 2991 2948 2865 2948 3002 2990 3002 2868 2868 2868 2868 2868 2868 2875 2867 2871 2871 2870 3029 2999 2987 2977 2865 2865 2882 2876 2876 2879 2865 2925 2865 3043 2999 2865 2872 2977 2871 2874 2874 2918 2991 2948 2865 2948 3002 2990 3002 2868 2868 2868 2868 2868 2868 2875 2867 2871 2871 2870
2919 2867 3006 3044 3008 3056 2923 2947 2929 3002 2875 2875 2868 2868 2868 2881 2867 2871 2865 2875 2964 3003 2978 3022 2882 2870 2865 2871 2872 2865 2865 2876 2865 2978 3022 2999 2987 2977 2865 2868 2868 2867 3006 3044 3008 3056 2923 2947 2929 3002 2875 2875 2868 2868 2868 2881 2867 2871 2865 2875 2964 3003 2978 3022 2882 2870 2865 2871 2872 2865 2865 2876 2865 2978 3022 2999 2987 2977 2865 2868 2926 2867 3006 3044 3008 3056 2923 2947 2929 3002 2875 2875 2868 2868 2868 2881 2867 2871 2865 2875
2919 2925 2867 3011 2945 2945 3051 3008 2937 2924 2868 2874 2874 2865 2881 2877 2875 2871 2874 2865 2964 2865 3043 2999 2872 2865 2865 2867 2865 2925 2870 2875 2865 2964 2873 3003 2978 3022 2882 2875 2875 2925 2867 3011 2945 2945 3051 3008 2937 2924 2868 2874 2874 2865 2881 2877 2875 2871 2874 2865 2964 2865 3043 2999 2872 2865 2865 2867 2865 2925 2870 2875 2865 2964 2873 3003 2978 3022 2882 2868 2868 2925 2867 3011 2945 2945 3051 3008 2937 2924 2868 2874 2874 2865 2881 2877 2875 2871 2874 2865
2921 2867 2868 3044 2935 3055 2943 3056 2935 2929 2926 2868 2926 2925 2865 2865 2874 3015 2873 2919 2963 2865 2978 3022 2865 2865 2881 2865 2865 2865 2882 2868 3017 2977 2871 2865 3043 2999 2872 2868 2874 2867 2868 3044 2935 3055 2943 3056 2935 2929 2926 2868 2926 2925 2865 2865 2874 3015 2873 2919 2963 2865 2978 3022 2865 2865 2881 2865 2865 2865 2882 2868 3017 2977 2871 2865 3043 2999 2872 2875 2875 2867 2868 3044 2935 3055 2943 3056 2935 2929 2926 2868 2926 2925 2865 2865 2874 3015 2873 2919
2871 2865 2865 3021 3037 2934 2942 3008 3012 3039 2924 2865 2926 2927 3006 2865 2865 2868 2868 3053 2977 2865 2964 2873 3021 2874 2867 2880 2876 2865 2867 2926 2919 2963 2990 2865 2978 3022 2865 2926 2868 2865 2865 3021 3037 2934 2942 3008 3012 3039 2924 2865 2926 2927 3006 2865 2865 2868 2868 3053 2977 2865 2964 2873 3021 2874 2867 2880 2876 2865 2867 2926 2919 2963 2990 2865 2978 3022 2865 2868 2874 2865 2865 3021 3037 2934 2942 3008 3012 3039 2924 2865 2926 2927 3006 2865 2865 2868 2868 3053
2868 2879 2865 2877 2968 3031 2935 2942 2962 2941 2923 2948 2947 3002 3015 2948 3027 2868 2868 3003 2998 3017 2977 2871 2926 2881 2871 2867 2876 2879 2879 2865 3029 2999 2873 2865 2964 2873 3021 2876 2875 2879 2865 2877 2968 3031 2935 2942 2962 2941 2923 2948 2947 3002 3015 2948 3027 2868 2868 3003 2998 3017 2977 2871 2926 2881 2871 2867 2876 2879 2879 2865 3029 2999 2873 2865 2964 2873 3021 2926 2868 2879 2865 2877 2968 3031 2935 2942 2962 2941 2923 2948 2947 3002 3015 2948 3027 2868 2868 3003
2867 2865 2867 2865 2871 2883 3037 2934 2962 3008 2941 2941 2945 3033 2947 3034 2949 3035 3053 3010 2990 2919 2963 2990 2865 2925 2870 2865 2876 2872 2875 2865 2978 2999 2868 3017 2977 2871 2926 2867 2875 2865 2867 2865 2871 2883 3037 2934 2962 3008 2941 2941 2945 3033 2947 3034 2949 3035 3053 3010 2990 2919 2963 2990 2865 2925 2870 2865 2876 2872 2875 2865 2978 2999 2868 3017 2977 2871 2926 2876 2875 2865 2867 2865 2871 2883 3037 2934 2962 3008 2941 2941 2945 3033 2947 3034 2949 3035 3053 3010
2867 2875 2867 2883 2870 2883 2871 3031 3008 2935 2935 2941 2943 3056 3039 2949 3040 2940 3041 2868 2868 3029 2999 2873 2865 2865 2882 2880 2866 2881 2870 2948 2976 2999 2868 2919 2963 2990 2865 2874 2874 2875 2867 2883 2870 2883 2871 3031 3008 2935 2935 2941 2943 3056 3039 2949 3040 2940 3041 2868 2868 3029 2999 2873 2865 2865 2882 2880 2866 2881 2870 2948 2976 2999 2868 2919 2963 2990 2865 2867 2875 2875 2867 2883 2874 3044 3056 3008 2957 2958 2934 2957 2958 2934 2934 2962 2940 3008 2962 3008
2867 2875 2867 2867 2868 2868 2867 2867 3049 2936 2935 2941 2941 2942 2945 3046 2931 3040 2940 3047 2868 2978 2999 2868 2876 2876 2865 2867 2874 2868 2883 2987 2977 2979 2927 3029 2999 2873 2865 2868 2926 2875 2867 2867 2868 2868 2867 2867 3049 2936 2935 2941 2941 2942 2945 3046 2931 3040 2940 3047 2868 2978 2999 2868 2876 2876 2865 2867 2874 2868 2883 2987 2977 2979 2927 3029 2999 2873 2865 2867 2880 2875 2867 2867 2874 3011 3040 2962 2940 2956 2955 2940 2956 2955 2940 2940 3008 2962 2967 3008
2871 2875 2875 2879 2868 2868 2867 3011 3039 2941 2935 2936 2941 2949 3050 2945 3051 2940 3039 2940 3052 2976 2999 2868 2876 2876 2879 2872 2927 2871 2990 2919 2979 2882 3021 2978 2999 2868 2876 2868 2868 2875 2875 2879 2868 2868 2867 3011 3039 2941 2935 2936 2941 2949 3050 2945 3051 2940 3039 2940 3052 2976 2999 2868 2876 2876 2879 2872 2927 2871 2990 2919 2979 2882 3021 2978 2999 2868 2876 2874 2874 2875 2875 2879 2865 3044 2941 3008 2941 2940 3008 2941 2940 2940 2955 2955 2955 3008 2962 2960
2870 2878 2876 2875 2875 2868 2867 3044 3039 3039 2958 2958 2941 2941 2959 3055 2943 3056 2967 2940 2959 2995 2868 2868 2871 2872 2865 3026 2868 2871 2872 2964 3026 3026 2926 2976 2999 2868 2876 2875 2875 2878 2876 2875 2875 2868 2867 3044 3039 3039 2958 2958 2941 2941 2959 3055 2943 3056 2967 2940 2959 2995 2868 2868 2871 2872 2865 3026 2868 2871 2872 2964 3026 3026 2926 2976 2999 2868 2876 2868 2926 2878 2876 2875 2865 3005 2940 2981 2981 2956 2956 2981 3008 2956 2940 3008 2940 3008 3008 2962
2882 2867 2876 2879 2875 2867 2867 3011 3039 3039 3012 2958 2981 2961 2940 2934 2945 2942 3008 3008 3008 2952 3002 2872 2878 2871 2871 2871 2868 2875 2875 2964 2874 3021 3015 3029 3026 2865 2882 2868 2874 2867 2876 2879 2875 2867 2867 3011 3039 3039 3012 2958 2981 2961 2940 2934 2945 2942 3008 3008 3008 2952 3002 2872 2878 2871 2871 2871 2868 2875 2875 2964 2874 3021 3015 3029 3026 2865 2882 2868 2868 2867 2876 2879 3044 3008 3056 2962 2980 2980 2956 2980 2980 2956 2956 2955 2955 2955 2955 2955
2865 2865 2876 2872 2867 2867 2868 3049 3008 3008 3008 2958 3008 3008 2970 2970 2932 2945 2944 3008 2962 3008 2951 3002 2868 2872 2871 2868 2874 2868 2874 2964 2979 2871 3026 3053 2977 2867 3006 2926 2868 2865 2876 2872 2867 2867 2868 3049 3008 3008 3008 2958 3008 3008 2970 2970 2932 2945 2944 3008 2962 3008 2951 3002 2868 2872 2871 2868 2874 2868 2874 2964 2979 2871 3026 3053 2977 2867 3006 2875 2875 2865 2876 2872 3011 2945 2945 3051 3008 2937 3008 3039 2945 2945 3051 3008 2937 2940 2980 2941
2879 2880 2866 2881 2867 2867 2867 2968 3054 3008 3008 3039 3008 3039 2940 2980 2941 2949 2943 2945 3008 2961 3008 2932 3045 2868 2870 2871 3015 2870 2993 2963 2865 2881 2867 3029 3026 2867 2990 2876 2875 2880 2866 2881 2867 2867 2867 2968 3054 3008 3008 3039 3008 3039 2940 2980 2941 2949 2943 2945 3008 2961 3008 2932 3045 2868 2870 2871 3015 2870 2993 2963 2865 2881 2867 3029 3026 2867 2990 2868 2874 2880 2866 2881 3044 2935 3055 2943 3056 2935 3008 3008 2935 3055 2943 3056 2935 2955 2961 3008
2865 2871 2867 2876 2879 2867 2872 2868 3037 3031 3054 3039 3008 3008 2940 2959 2940 2949 2942 2942 2962 2962 2962 3008 3052 2871 2868 2865 3004 2870 3017 2977 2990 2865 2880 2978 3006 2867 2866 2867 2875 2871 2867 2876 2879 2867 2872 2868 3037 3031 3054 3039 3008 3008 2940 2959 2940 2949 2942 2942 2962 2962 2962 3008 3052 2871 2868 2865 3004 2870 3017 2977 2990 2865 2880 2978 3006 2867 2866 2926 2868 2871 2867 2876 3021 3037 2934 2942 3008 3012 3008 2957 2940 2934 2942 3008 3012 2940 2962 2962
2868 2870 2872 2927 2871 2990 2872 2868 2876 2874 3044 3056 3008 2957 2958 2934 2957 2958 2934 2934 2962 2940 3008 2962 3008 3052 3002 2914 2996 2988 2921 2927 2865 2865 2865 2978 2979 2865 2865 2867 2880 2870 2872 2927 2871 2990 2872 2868 2876 2874 3044 3056 3008 3008 3008 3008 2957 2958 2934 2934 2962 2940 3008 2962 3008 3052 3002 2914 2996 2988 2921 2927 2865 2865 2865 2978 2979 2865 2865 2876 2875 2870 2872 2927 2877 2968 3031 2935 2942 2962 2962 2940 2940 2940 2935 2942 2945 2942 3008 3008
3053 2882 3026 2868 2871 2872 2872 2867 2873 2874 3011 3040 2962 2940 2956 2955 2940 2956 2955 2940 2940 3008 2962 2967 3008 3008 3033 3006 2926 2919 2870 2927 2877 2870 2871 3043 2999 2926 2865 2874 2874 2882 3026 2868 2871 2872 2872 2867 2873 2874 3011 3040 3023 3012 3008 2962 2940 2956 2955 2940 2940 3008 2962 2967 3008 3008 3033 3006 2926 2919 2870 2927 2877 2870 2871 3043 2999 2926 2865 2867 2875 2882 3026 2868 2865 2871 2883 3037 2934 2962 3008 2941 2940 2940 2980 2941 2932 2945 2944 3008
3041 2868 2868 2868 2875 2875 2875 2867 2882 2865 3044 2941 3008 2941 2940 2940 2941 2940 2940 2955 2955 2955 3008 2962 2960 2980 3008 3052 2926 3006 2865 3015 2871 2871 2993 2977 2882 3010 2925 2868 2926 2865 2871 2868 2875 2875 2872 2867 2882 2865 3044 2941 3039 3056 3012 3008 2941 2940 2940 2955 2955 2955 3008 2962 2960 2980 3008 3052 2926 3006 2865 3015 2871 2871 2993 2977 2882 3010 2925 2867 2880 2865 2871 2868 2883 2870 2883 2871 3031 3008 2981 2981 2956 2940 2961 3008 2941 2949 2943 2945
2940 3047 2865 2874 2868 2874 2874 2883 2870 2865 3005 2940 2981 2981 2956 2956 2981 2956 2956 2940 2940 2940 3008 3008 2962 2980 3008 3008 3047 3010 2865 3003 2985 2972 2978 2977 2990 2871 3009 2868 2868 2879 2868 2874 2868 2874 2872 2883 2870 2865 3005 2940 2949 3056 3023 2981 2981 2956 2956 2940 2940 2940 3008 3008 2962 2980 3008 3008 3047 3010 2865 3003 2985 2972 2978 2977 2990 2871 3009 2874 2874 2879 2868 2874 2867 2868 2868 2867 2867 3049 3008 3039 2940 2980 2941 2949 2940 2949 2942 2942
3039 2940 2925 2876 2872 2865 2872 2880 2865 3044 3008 3056 2962 2980 2980 2956 2980 2980 2956 2956 2955 2955 2955 2955 2955 3008 3008 2962 3041 3004 2865 3010 3004 2991 3004 3026 3015 2998 2998 2875 2875 2865 2865 2876 2872 2865 2872 2880 2865 3007 3023 2957 2958 2934 3056 2962 2980 2980 2956 2956 2955 2955 2955 2955 2955 3008 3013 2967 3041 3004 2865 3010 3004 2991 3004 3026 3015 2998 2998 2868 2926 2865 2865 2876 2879 2868 2868 2867 3011 3039 3008 3008 2940 2959 2940 2949 2957 2958 2934 2934
2955 2955 2924 2925 2865 2868 2874 2874 2868 3011 2945 2945 3051 3008 2937 3008 3039 2945 2945 3051 3008 2937 2940 2980 2941 2949 2962 2967 3047 2874 2865 2881 2877 2874 2865 2881 2877 2875 2875 2868 2874 2925 2865 2868 2874 2874 2868 2874 2874 2968 3054 3008 3008 3039 3056 3008 2957 2958 2934 2957 2958 2934 2934 2962 2940 3008 2962 3008 3052 3002 2914 2996 2865 2881 2879 2865 2925 2865 2868 2868 2868 2868 2874 2874 2875 2875 2868 2867 3044 3039 3008 2957 2958 2934 2957 2958 2980 2956 2940 2940
3008 3039 2928 2868 2868 2868 2868 2868 2865 3044 2935 3055 2943 3056 2935 3008 3008 2935 3055 2943 3056 2935 2955 2961 3008 2949 3008 2962 3041 2918 2991 2865 2865 2882 2880 2866 2881 2925 2865 2926 2868 2868 2868 2868 2868 2868 2868 2868 2865 2868 3037 3031 3054 3039 3040 2962 2940 2956 2955 2940 2956 2955 2940 2940 3008 2962 2967 3008 3008 3033 3006 2926 2865 2882 2880 2866 2881 2925 2865 2875 2875 2868 2868 2868 2879 2875 2867 2867 3011 3039 2962 2940 2956 2955 2940 2940 2955 2955 3008 2956
3008 3008 2997 2881 2875 2875 2868 2868 2865 3021 3037 2934 2942 3008 3012 3008 2957 2940 2934 2942 3008 3012 2940 2962 2962 2958 3008 3008 3042 2867 2868 2876 2876 2865 2867 2874 2868 2868 2868 2876 2875 2874 2865 2881 2875 2875 2868 2868 2865 2868 2876 2874 3044 3056 2941 3008 2941 2940 2940 2941 2940 2940 2955 2955 2955 3008 2962 2960 2980 3008 3052 2926 2876 2865 2867 2874 2868 2868 2868 2868 2874 2874 2865 2881 2872 2867 2867 2868 3049 3008 3008 2941 2940 2940 2956 2956 2940 2940 2980 2956
3039 2940 2925 2876 2879 2874 2874 2865 2876 2877 2968 3031 2935 2942 2962 2962 2940 2940 2940 2935 2942 2945 2942 3008 3008 3008 2955 2955 3047 2925 2874 2876 2876 2879 2865 2925 2865 2868 2874 2867 2875 2871 2867 2876 2879 2874 2874 2865 2876 2867 2873 2874 3011 3040 2940 2981 2981 2956 2956 2981 2956 2956 2940 2940 2940 3008 3008 2962 2980 3008 3008 3047 2876 2879 2865 2925 2865 2868 2874 2926 2868 2871 2867 2876 2865 2875 2990 2867 2968 3054 2981 2981 2956 2956 2980 2956 3008 2955 2940 2980
2955 2955 2924 2876 2872 2868 2926 2925 2876 2865 2871 2883 3037 2934 2962 3008 2941 2940 2940 2980 2941 2932 2945 2944 3008 2962 2940 2940 3025 2867 2868 2871 2872 2865 2865 2876 2872 2868 2868 2867 2880 2870 2865 2876 2872 2868 2926 2925 2876 2876 2879 2865 3044 3008 3056 2962 2980 2980 2956 2980 2980 2956 2956 2955 2955 2955 2955 2955 3008 3008 2962 3041 2872 2865 2865 2876 2872 2868 2868 2876 2875 2870 2865 2876 2913 2994 2917 2872 2868 3037 3031 3054 3039 3012 2940 2980 2941 3008 2940 3008
3008 3039 2928 2866 2881 2868 2868 2868 2871 2883 2870 2883 2871 3031 3008 2981 2981 2956 2940 2961 3008 2941 2949 2943 2945 3008 2955 2955 3025 2868 2868 2881 2868 2868 2868 2881 2868 2868 2868 2874 2874 2882 2880 2866 2881 2868 2868 2868 2871 2872 2865 2865 3011 2945 2945 3051 3008 2937 3008 3039 2945 2945 3051 3008 2937 2940 2980 2941 2949 2962 2967 3047 2868 2868 2868 2881 2868 2868 2868 2867 2875 2882 2880 2866 3021 3015 3021 2872 2868 2876 2874 3044 2940 2940 2940 2961 3008 3008 3008 3008
3008 3008 2997 2874 2868 2875 2875 2868 2875 2867 2868 2868 2867 2867 3049 3008 3039 2940 2980 2941 2949 2940 2949 2942 2942 2962 3008 3039 3047 2865 2881 2877 2874 2865 2881 2877 2874 2865 2881 2868 2926 2865 2867 2874 2868 2875 2875 2868 2875 2875 2868 2868 3044 2935 3055 2943 3056 2935 3008 3008 2935 3055 2943 3056 2935 2955 2961 3008 2949 3008 2962 3041 2874 2865 2881 2877 2874 2865 2881 2867 2880 2865 2867 2874 2990 2999 2868 2872 2867 2873 2874 3044 2940 2980 2956 2956 2956 2959 2940 2940
3030 2968 2904 2925 2865 2868 2874 2874 2868 2879 2868 2868 2867 3011 3039 3008 3008 2940 2959 2940 2949 2957 2958 2934 2934 2962 3008 3008 3041 2875 2875 2874 2875 2874 2875 2875 2927 2875 2875 2868 2868 2879 2865 2925 2865 2868 2874 2874 2868 2874 2874 2865 3021 3037 2934 2942 3008 3012 3008 2957 2940 2934 2942 3008 3012 2940 2962 2962 2958 3008 3008 3042 2875 2874 2875 2875 2927 2875 2875 2868 2926 2879 2865 2925 2925 2926 2874 2871 2865 2867 2865 2865 2930 3049 3008 3008 3008 3008 2940 2956
2868 3003 2865 2876 2872 2926 2868 2926 2926 2875 2875 2868 2867 3044 3039 3008 2957 2958 2934 2957 2958 2980 2956 2940 2940 2955 2955 2955 2997 2874 3006 2990 2999 2874 2875 2875 2927 2875 2875 2875 2875 2865 2865 2876 2872 2926 2868 2926 2926 2868 2926 2925 2877 2968 3031 2935 2942 2962 2962 2940 2940 2940 2935 2942 2945 2942 3008 3008 3008 2955 2955 3047 2999 2874 2875 2875 2927 2875 2875 2868 2868 2865 2865 2876 2871 2871 2876 2876 2881 2865 2865 2876 2875 2968 3054 2981 2981 2956 2956 2980
3053 3010 2868 2868 2875 2876 2875 2867 2868 2879 2875 2867 2867 3011 3039 2962 2940 2956 2955 2940 2940 2955 2955 2956 2956 2940 2940 2940 2997 2998 2872 3000 3001 2879 2871 2874 2872 3000 3001 2868 2874 2868 2868 2868 2875 2876 2875 2867 2868 2865 2867 2868 2865 2871 2883 3037 2934 2962 3008 2941 2940 2940 2980 2941 2932 2945 2944 3008 2962 2940 2940 3025 3001 2879 2871 2874 2872 3000 3001 2875 2875 2868 2868 2868 2875 2876 2875 2867 2868 2865 2867 2868 2865 2868 3037 3031 3054 3039 3012 2940
3041 2868 2868 2868 2881 2867 2875 2868 2865 2872 2867 2867 2868 3049 3008 3008 2941 2940 2940 2956 2956 2940 2940 2980 2956 2956 2955 2955 2924 2872 2872 2919 2868 2872 2871 2874 2872 2919 2868 2926 2868 2868 2868 2868 2881 2867 2875 2868 2865 2873 2876 2865 2883 2870 2883 2871 3031 3008 2981 2981 2956 2940 2961 3008 2941 2949 2943 2945 3008 2955 2955 3025 2868 2872 2871 2874 2872 2919 2868 2868 2874 2868 2868 2868 2881 2867 2875 2868 2865 2873 2876 2865 2871 2868 2876 2874 3031 3008 2981 2940
2940 3047 2865 2881 2877 2867 2880 2882 2868 2865 2875 2990 2867 2968 3054 2981 2981 2956 2956 2980 2956 2956 2955 2940 2980 2941 3008 3039 2928 2918 2920 2921 2867 2871 2874 2918 2920 2921 2867 2876 2875 2874 2865 2881 2877 2867 2880 2882 2868 2865 2875 2990 2867 2868 2868 2867 2867 3049 3008 3039 2940 2980 2941 2949 2940 2949 2942 2942 2962 3008 3039 3047 2867 2871 2874 2918 2920 2921 2867 2926 2868 2874 2865 2881 2877 2867 2880 2882 2868 2865 2875 2990 2918 2867 2873 2874 2867 3049 3008 2956
3039 2940 2925 2865 2865 2872 2881 3003 2993 2913 2994 2917 2872 2868 3037 3031 3054 3039 3012 2940 2980 2941 3008 2940 2961 3008 3008 3008 2997 2865 2876 2868 2876 2876 2987 2977 2867 2876 2871 2867 2875 2926 2925 2865 2865 2872 2881 3003 2993 2913 2994 2917 2879 2868 2868 2867 3011 3039 3008 3008 2940 2959 2940 2949 2957 2958 2934 2934 2962 3008 3008 3041 2876 2876 2987 2977 2867 2876 2871 2876 2875 2926 2925 2865 2865 2872 2881 3003 2993 2913 2994 2917 2991 2865 2867 2865 3011 3039 3008 2997
2955 2955 2924 2872 2876 2868 2987 2996 3001 3021 3015 3021 2872 2868 2876 2874 3044 2940 2940 2940 2961 3008 3008 3008 2997 3037 3030 2968 2904 2865 2867 2865 2871 2872 2978 3022 2865 2876 2874 2867 2880 2865 2865 2867 2876 2868 2987 2996 3001 3021 3015 3021 2875 2875 2868 2867 3044 3039 3008 2957 2958 2934 2957 2958 2980 2956 2940 2940 2955 2955 2955 2997 2871 2872 2978 3022 2865 2876 2874 2867 2875 2865 2865 2867 2876 2868 2987 2996 3001 3021 3015 3021 2868 2881 2865 2865 3044 3039 2957 2958
3008 3039 2928 2918 2875 2871 3009 3021 2995 2990 2999 2868 2872 2867 2873 2874 3044 2940 2980 2956 2956 2956 2997 2968 2904 2874 2874 2865 2865 2881 2865 2865 2867 2865 3043 2999 2880 2866 2871 2874 2874 2925 2873 2876 2875 2871 3009 3021 2995 2990 2999 2868 2879 2875 2867 2867 3011 3039 2962 2940 2956 2955 2940 2940 2955 2955 2956 2956 2940 2940 2940 2997 2867 2865 3043 2999 2880 2866 2871 2867 2880 2925 2873 2876 2875 2871 3009 3021 2995 2990 2999 2868 2868 2865 2871 2872 3011 3039 2980 2956
3008 3008 2997 2865 2867 2871 2993 2871 2871 2925 2926 2874 2871 2865 2867 2865 2865 2930 2940 2997 2968 2968 2904 2978 3022 2868 2868 3021 2874 2867 2880 2876 2876 2874 2978 2865 2871 2987 2918 2868 2926 2868 2865 2875 2867 2871 2993 2871 2871 2925 2926 2874 2872 2867 2867 2868 3049 3008 3008 2941 2940 2940 2956 2956 2940 2940 2980 2956 2956 2955 2955 2924 2876 2874 2978 2865 2871 2987 2918 2874 2874 2868 2865 2875 2867 2871 2993 2871 2871 2925 2926 2874 2871 2865 2867 3015 3049 3008 2955 2955
3030 2968 2904 2865 2918 2918 2991 2868 2868 2871 2871 2876 2876 2881 2865 2865 2876 2875 2968 2904 2865 2978 2867 3043 2999 2875 2868 2926 2881 2871 2867 2871 2872 2876 2964 2882 2865 2978 3022 2868 2868 2868 2865 2865 2918 2918 2991 2868 2868 2871 2871 2876 2865 2875 2990 2867 2968 3054 2981 2981 2956 2956 2980 2956 2956 2955 2940 2980 2941 3008 3039 2928 2872 2876 2964 2882 2865 2978 3022 2868 2926 2868 2865 2865 2918 2918 2991 2868 2868 2871 2871 2876 2876 2881 3011 2947 3039 3054 2940 2940
2874 2865 2865 2881 2919 2867 3006 2868 2867 2873 2868 2868 2868 2867 2880 2876 2867 2874 2872 2870 2871 2964 2874 2978 3022 2874 2874 2865 2925 2870 2865 2867 2865 2872 2977 2874 2867 3043 2999 2875 2875 2874 2865 2865 2919 2867 3006 2868 2867 2873 2868 2868 2913 2994 2917 2872 2868 3037 3031 3054 3039 3012 2940 2980 2941 3008 2940 2961 3008 3008 3008 2997 2865 2872 2977 2874 2867 3043 2999 2868 2868 2874 2865 2865 2919 2867 3006 2868 2867 2873 2868 2868 2868 2867 3011 2945 2945 3051 3008 2962
2874 2874 2865 2867 2919 2925 2867 2867 2867 2865 2868 2868 2868 2868 2868 2877 2871 2925 3006 3015 3017 2977 2876 2964 2873 2874 2871 2865 2865 2882 2880 2866 2999 2987 2977 2865 2874 2978 3022 2868 2874 2874 2865 2867 2919 2925 2867 2867 2867 2865 2868 2868 3021 3015 3021 2872 2868 2876 2874 3044 2940 2940 2940 2961 3008 3008 3008 2997 3037 3030 2968 2904 2999 2987 2977 2865 2874 2978 3022 2875 2875 2874 2865 2867 2919 2925 2867 2867 2867 2865 2868 2868 2868 2868 3044 2935 3055 2943 3056 2935
2926 2871 2918 2920 2921 2867 2868 2868 2867 2868 2865 2876 2868 2868 2874 2875 2867 2871 2872 3021 2919 2963 2872 2977 2871 2925 2870 2876 2876 2865 2867 2874 3003 2978 3022 2865 2876 2964 2873 2926 2868 2871 2918 2920 2921 2867 2868 2868 2867 2868 2865 2876 2990 2999 2868 2872 2867 2873 2874 3044 2940 2980 2956 2956 2956 2997 2968 2904 2874 2874 2865 2865 3003 2978 3022 2865 2876 2964 2873 2868 2874 2871 2918 2920 2921 2867 2868 2868 2867 2868 2865 2876 2868 2868 3021 3037 2934 2942 3012 2940
2918 2918 2991 2927 2875 2875 2927 2875 2875 2874 2875 2868 2868 2868 2868 2875 2867 2871 2871 2870 3029 2999 2987 2977 2865 2865 2882 2876 2876 2879 2865 2925 2865 3043 2999 2865 2872 2977 2871 2876 2875 2918 2991 2948 2865 2948 3002 2990 3002 2868 2868 2868 2925 2926 2874 2871 2865 2867 2865 2865 2930 2940 2997 2968 2968 2904 2880 3022 2868 2868 3021 2874 2865 3043 2999 2865 2872 2977 2871 2926 2868 2918 2991 2876 2876 2865 2867 2874 2868 2865 2867 2919 2925 2874 2877 2968 3031 2935 2940 2940
2919 2867 3006 2875 2867 2867 2867 2874 3006 2990 2999 2875 2868 2868 2868 2881 2867 2871 2865 2875 2964 3003 2978 3022 2882 2870 2865 2871 2872 2865 2865 2876 2865 2978 3022 2999 2987 2977 2865 2867 2875 2867 3006 3044 3008 3056 2923 2947 2929 3002 2875 2875 2871 2871 2876 2876 2881 2865 2865 2876 2875 2968 2904 2865 2880 2867 2926 2999 2875 2868 2926 2881 2865 2978 3022 2999 2987 2977 2865 2876 2875 2867 3006 2876 2876 2879 2876 2865 2871 2919 2920 2921 2867 2868 2865 2871 3011 2981 2980 2956
2919 2925 2867 2926 2871 2986 2994 2998 2872 3000 3001 2874 2874 2865 2881 2877 2875 2871 2874 2865 2964 2865 3043 2999 2872 2865 2865 2867 2865 2925 2870 2875 2865 2964 2873 3003 2978 3022 2882 2867 2880 2925 2867 3011 2945 2945 3051 3008 2937 2924 2868 2874 2874 2865 2881 2877 2875 2871 2874 2865 2964 2865 3043 2999 2872 2865 2865 2867 2865 2925 2870 2875 2865 2964 2873 3003 2978 3022 2882 2867 2875 2925 2867 2871 2872 2865 2875 2990 2918 3001 2872 3009 2868 2868 2883 2874 3044 3056 2940 2997
2921 2867 2868 2918 2918 2973 2872 2872 2872 2919 2868 2868 2926 2925 2865 2865 2874 3015 2873 2919 2963 2865 2978 3022 2865 2865 2881 2865 2865 2865 2882 2868 3017 2977 2871 2865 3043 2999 2872 2874 2874 2867 2868 3044 2935 3055 2943 3056 2935 2929 2926 2868 2926 2925 2865 2865 2874 3015 2873 2919 2963 2865 2978 3022 2865 2865 2881 2865 2865 2865 2882 2868 3017 2977 2871 2865 3043 2999 2872 2867 2880 2867 2868 2865 2872 3000 2994 2917 2991 2925 2871 2871 2865 2881 2877 2874 2865 2968 2968 2904
2871 2865 2925 2919 2867 2918 2872 2918 2920 2921 2867 2868 2874 2865 2925 2870 2865 2876 2872 2926 2865 2918 2918 2991 2865 2865 2882 2880 2876 2865 2867 2926 2919 2963 2990 2865 2978 3022 2865 2868 2926 2865 2865 3021 3037 2934 2942 3008 3012 3039 2924 2865 2926 2927 3006 2865 2865 2868 2868 3053 2977 2865 2964 2873 3021 2874 2867 2880 2876 2865 2867 2926 2919 2963 2990 2865 2978 3022 2865 2874 2874 2865 2865 2927 2872 2919 2868 2875 2927 2875 2875 2927 2875 2875 2874 2875 2874 2875 2876 2985
2868 2865 2865 2919 2925 2868 2868 2865 2876 2868 2876 2868 2868 2865 2865 2882 2880 2866 2881 2868 2865 2919 2867 2868 2876 2876 2865 2867 2876 2879 2879 2865 3029 2999 2873 2865 2964 2873 3021 2868 2868 2879 2865 2877 2968 3031 2935 2942 2962 2941 2923 2948 2947 3002 3015 2948 3027 2868 2868 3003 2998 3017 2977 2871 2926 2881 2871 2867 2876 2879 2879 2865 3029 2999 2873 2865 2964 2873 3021 2868 2926 2879 2865 2921 2920 2921 2867 2876 2875 2867 2867 2867 2874 3006 2990 2999 2874 2875 2868 2875
2867 2876 2876 2865 2867 2874 2868 2875 2875 2875 2868 2868 2868 2876 2876 2865 2867 2874 2868 2865 2867 2919 2925 2874 2876 2876 2879 2865 2876 2872 2875 2865 2978 2999 2868 3017 2977 2871 2926 2875 2875 2865 2867 2865 2871 2883 3037 2934 2962 3008 2941 2941 2945 3033 2947 3034 2949 3035 3053 3010 2990 2919 2963 2990 2865 2925 2870 2865 2876 2872 2875 2865 2978 2999 2868 3017 2977 2871 2926 2868 2868 2865 2867 2871 2872 2875 2871 2871 2876 2985 2986 2994 2998 2872 3000 3001 2879 2871 2874 2868
2867 2876 2876 2879 2865 2925 2865 2868 2868 2874 2874 2865 2881 2876 2876 2879 2876 2865 2871 2919 2920 2921 2867 2868 2871 2872 2865 2865 2866 2881 2870 2948 2976 2999 2868 2919 2963 2990 2865 2868 2874 2875 2867 2883 2870 2883 2871 3031 3008 2935 2935 2941 2943 3056 3039 2949 3040 2940 3041 2868 2868 3029 2999 2873 2865 2865 2882 2880 2866 2881 2870 2948 2976 2999 2868 2919 2963 2990 2865 2875 2875 2875 2867 2872 3017 2994 2972 2974 2925 2978 2973 2872 2872 2872 2919 2868 2872 2871 3015 2870
2867 2871 2872 2865 2865 2876 2872 2868 2868 2868 2874 2874 2865 2871 2872 2865 2875 2990 2918 3001 2872 3009 2868 2868 2881 2868 2868 2868 2874 2868 2883 2987 2977 2979 2927 3029 2999 2873 2865 2926 2868 2875 2867 2867 2868 2868 2867 2867 3049 2936 2935 2941 2941 2942 2945 3046 2931 3040 2940 3047 2868 2978 2999 2868 2876 2876 2865 2867 2874 2868 2883 2987 2977 2979 2927 3029 2999 2873 2865 2868 2874 2875 2867 2876 2987 2991 3003 2993 2922 2977 2918 2872 2918 2920 2921 2867 2871 2874 3004 2870
2871 2875 2875 2868 2868 2868 2881 2868 2868 2926 2868 2926 2925 2865 2872 3000 2994 2917 2991 2925 2871 2871 2865 2881 2877 2874 2865 2881 2927 2871 2990 2919 2979 2882 3021 2978 2999 2868 2876 2876 2875 2875 2875 2879 2868 2868 2867 3011 3039 2941 2935 2936 2941 2949 3050 2945 3051 2940 3039 2940 3052 2976 2999 2868 2876 2876 2879 2872 2927 2871 2990 2919 2979 2882 3021 2978 2999 2868 2876 2926 2868 2875 2875 2985 2978 2914 2996 3001 2868 2868 2868 2868 2865 2876 2868 2876 2876 2987 2996 2988
2870 2868 2874 2874 2865 2881 2877 2874 2865 2881 2877 2875 2875 2927 2872 2919 2868 2875 2927 2875 2875 2927 2875 2875 2874 2875 2874 2875 2868 2871 2872 2964 3026 3026 2926 2976 2999 2868 2876 2867 2875 2878 2876 2875 2875 2868 2867 3044 3039 3039 2958 2958 2941 2941 2959 3055 2943 3056 2967 2940 2959 2995 2868 2868 2871 2872 2865 3026 2868 2871 2872 2964 3026 3026 2926 2976 2999 2868 2876 2876 2875 2878 2876 2976 2977 2874 2872 2977 2875 2868 2872 2865 2865 2867 2865 2871 2872 2978 2926 2919
2882 2926 2868 2926 2925 2865 2865 2926 2925 2865 2865 2986 2920 2921 2920 2921 2867 2876 2875 2867 2867 2867 2874 3006 2990 2999 2874 2875 2868 2875 2875 2964 2874 3021 3015 3029 3026 2865 2882 2867 2880 2867 2876 2879 2875 2867 2867 3011 3039 3039 3012 2958 2981 2961 2940 2934 2945 2942 3008 3008 3008 2952 3002 2872 2878 2871 2871 2871 2868 2875 2875 2964 2874 3021 3015 3029 3026 2865 2882 2867 2875 2867 2876 3003 2978 2871 2987 2977 2874 2874 2865 2865 2881 2865 2865 2867 2865 3043 2926 3006
2865 2868 2865 2867 2868 2865 2876 2985 2917 2921 2991 2925 2881 2871 2872 2875 2871 2871 2876 2985 2986 2994 2998 2872 3000 3001 2879 2871 2874 2868 2874 2964 2979 2871 3026 3053 2977 2867 3006 2874 2874 2865 2876 2872 2867 2867 2868 3049 3008 3008 3008 2958 3008 3008 2970 2970 2932 2945 2944 3008 2962 3008 2951 3002 2868 2872 2871 2868 2874 2868 2874 2964 2979 2871 3026 3053 2977 2867 3006 2867 2880 2865 2876 2865 3043 2865 2978 3022 2868 2868 3021 2874 2867 2880 2876 2876 2874 2978 2876 3010
2879 2865 2873 2876 2865 2871 2919 2921 2871 2876 2874 2868 2874 2872 3017 2994 2972 2974 2925 2978 2973 2872 2872 2872 2919 2868 2872 2871 3015 2870 2993 2963 2865 2881 2867 3029 3026 2867 2990 2868 2926 2880 2866 2881 2867 2867 2867 2968 3054 3008 3008 3039 3008 3039 2940 2980 2941 2949 2943 2945 3008 2961 3008 2932 3045 2868 2870 2871 3015 2870 2993 2963 2865 2881 2867 3029 3026 2867 2990 2874 2874 2880 2866 2865 2978 2867 3043 2999 2875 2868 2926 2881 2871 2867 2871 2872 2876 2964 2868 3004
2865 2868 2865 2875 2990 2918 3001 2872 3009 2881 2876 2875 2881 2876 2987 2991 3003 2993 2922 2977 2918 2872 2918 2920 2921 2867 2871 2874 3004 2870 3017 2977 2990 2865 2880 2978 3006 2867 2866 2868 2868 2871 2867 2876 2879 2867 2872 2868 3037 3031 3054 3039 3008 3008 2940 2959 2940 2949 2942 2942 2962 2962 2962 3008 3052 2871 2868 2865 3004 2870 3017 2977 2990 2865 2880 2978 3006 2867 2866 2868 2926 2871 2867 2871 2964 2874 2978 3022 2874 2874 2865 2925 2870 2865 2867 2865 2872 2977 2874 2874
2871 2993 2913 2994 2917 2991 2925 2871 2871 2989 2867 2998 2865 2985 2978 2914 2996 3001 2868 2868 2868 2868 2865 2876 2868 2876 2876 2987 2996 2988 2921 2927 2865 2865 2865 2978 2979 2865 2865 2875 2875 2870 2872 2927 2871 2990 2872 2868 2876 2874 3044 3056 3008 2957 2958 2934 2957 2958 2934 2934 2962 2940 3008 2962 3008 3052 3002 2914 2996 2988 2921 2927 2865 2865 2865 2978 2979 2865 2865 2868 2868 2870 2872 3017 2977 2876 2964 2873 2874 2871 2865 2865 2882 2880 2866 2999 2987 2977 2918 2918
2918 3001 3021 3015 3021 2868 2872 2865 2871 2872 2998 3009 2990 2976 2977 2874 2872 2977 2875 2868 2872 2865 2865 2867 2865 2871 2872 2978 2926 2919 2870 2927 2877 2870 2871 3043 2999 2926 2865 2868 2874 2882 3026 2868 2871 2872 2872 2867 2873 2874 3011 3040 2962 2940 2956 2955 2940 2956 2955 2940 2940 3008 2962 2967 3008 3008 3033 3006 2926 2919 2870 2927 2877 2870 2871 3043 2999 2926 2865 2875 2875 2882 3026 2919 2963 2872 2977 2871 2925 2870 2876 2876 2865 2867 2874 3003 2978 3022 2919 2867
2867 2995 2990 2999 2868 2868 2865 2871 2872 2865 2871 2993 3032 3003 2978 2871 2987 2977 2874 2874 2865 2865 2881 2865 2865 2867 2865 3043 2926 3006 2865 3015 2871 2871 2993 2977 2882 3010 2925 2926 2868 2865 2871 2868 2875 2875 2872 2867 2882 2865 3044 2941 3008 2941 2940 2940 2941 2940 2940 2955 2955 2955 3008 2962 2960 2980 3008 3052 2926 3006 2865 3015 2871 2871 2993 2977 2882 3010 2925 2868 2874 2865 2871 2918 2991 2865 2875 2868 2868 2868 2876 2876 2865 2867 2874 2868 2865 2867 2919 2925
2925 2871 2925 2926 2874 2871 2865 2867 2865 2865 2882 3003 3004 2865 3043 2865 2978 3022 2868 2868 3021 2874 2867 2880 2876 2876 2874 2978 2876 3010 2865 3003 2985 2972 2978 2977 2990 2871 3009 2876 2875 2879 2868 2874 2868 2874 2872 2883 2870 2865 3005 2940 2981 2981 2956 2956 2981 2956 2956 2940 2940 2940 3008 3008 2962 2980 3008 3008 3047 3010 2865 3003 2985 2972 2978 2977 2990 2871 3009 2926 2868 2879 2868 2867 2868 2876 2874 2874 2865 2881 2876 2876 2879 2876 2865 2871 2919 2920 2921 2867
3003 2998 3017 2977 2871 2926 2881 2871 2867 2876 2875 2870 2876 2865 2978 2867 3043 2999 2875 2868 2926 2881 2871 2867 2871 2872 2876 2964 2868 3004 2865 3010 3004 2991 3004 3026 3015 2998 2998 2867 2875 2865 2865 2876 2872 2865 2872 2880 2865 3044 3008 3056 2962 2980 2980 2956 2980 2980 2956 2956 2955 2955 2955 2955 2955 3008 3008 2962 3041 3004 2865 3010 3004 2991 3004 3026 3015 2998 2998 2876 2875 2865 2865 2925 2874 2876 2868 2874 2874 2865 2871 2872 2865 2875 2990 2918 3001 2872 3009 2868
3010 2990 2919 2963 2990 2865 2925 2870 2865 2876 2874 2872 2870 2871 2964 2874 2978 3022 2874 2874 2865 2925 2870 2865 2867 2865 2872 2977 2874 2874 2865 2881 2877 2874 2865 2881 2879 2865 2925 2867 2880 2874 2874 2868 2874 2874 2865 2881 2877 3011 2945 2945 3051 3008 2937 3008 3039 2945 2945 3051 3008 2937 2940 2980 2941 2949 2962 2967 3047 2879 2865 2925 2865 2868 2874 2874 2868 2874 2874 2867 2875 2877 2874 2867 2868 2871 2926 2868 2926 2925 2865 2872 3000 2994 2917 2991 2925 2871 2871 2865
2868 2868 3029 2999 2873 2865 2865 2882 2880 2866 2925 3006 3015 3017 2977 2876 2964 2873 2874 2871 2865 2865 2882 2880 2866 2999 2987 2977 2918 2918 2991 2865 2865 2882 2880 2866 2881 2925 2865 2874 2874 2868 2868 2868 2868 2868 2868 2868 2865 3044 2935 3055 2943 3056 2935 3008 3008 2935 3055 2943 3056 2935 2955 2961 3008 2949 3008 2962 3041 2918 2991 2865 2865 2882 2880 2866 2881 2925 2865 2867 2880 2868 2868 2868 2868 2868 2868 2868 2865 2925 2870 2865 2876 2872 2865 2865 2876 2868 2868 2874
3047 2868 2978 2999 2868 2876 2876 2865 2867 2874 2871 2872 3021 2919 2963 2872 2977 2871 2925 2870 2876 2876 2865 2867 2874 3003 2978 3022 2919 2867 2868 2876 2876 2865 2867 2874 2868 2868 2868 2868 2926 2874 2865 2881 2875 2875 2868 2868 2865 3021 3037 2934 2942 3008 3012 3008 2957 2940 2934 2942 3008 3012 2940 2962 2962 2958 3008 3008 3042 2867 2868 2876 2876 2865 2867 2874 2868 2868 2868 2874 2874 2874 2865 2881 2875 2875 2868 2868 2865 2865 2882 2880 2866 2881 2868 2868 2868 2868 2868 2868
2940 3052 2976 2999 2868 2876 2876 2879 2872 2927 2926 2865 2918 2918 2991 2865 2875 2868 2868 2868 2876 2876 2865 2867 2874 2868 2865 2867 2919 2925 2874 2876 2876 2879 2865 2925 2865 2868 2874 2868 2868 2871 2867 2876 2879 2874 2874 2865 2876 2877 2968 3031 2935 2942 2962 2962 2940 2940 2940 2935 2942 2945 2942 3008 3008 3008 2955 2955 3047 2925 2874 2876 2876 2879 2865 2925 2865 2868 2874 2868 2926 2871 2867 2876 2879 2874 2874 2865 2876 2876 2865 2867 2874 2868 2875 2875 2875 2868 2868 2868
2940 2959 2995 2868 2868 2871 2872 2865 3026 2868 2868 2865 2919 2867 2868 2876 2874 2874 2865 2881 2876 2876 2879 2876 2865 2871 2919 2920 2921 2867 2868 2871 2872 2865 2865 2876 2872 2868 2868 2875 2875 2870 2865 2876 2872 2868 2926 2925 2876 2865 2871 2883 3037 2934 2962 3008 2941 2940 2940 2980 2941 2932 2945 2944 3008 2962 2940 2940 3025 2867 2868 2871 2872 2865 2865 2876 2872 2868 2868 2868 2868 2870 2865 2876 2872 2868 2926 2925 2876 2876 2879 2865 2925 2865 2868 2868 2874 2874 2865 2881
3008 3008 2952 3002 2872 2878 2871 2871 2871 2868 2865 2867 2919 2925 2874 2876 2868 2874 2874 2865 2871 2872 2865 2875 2990 2918 3001 2872 3009 2868 2868 2881 2868 2868 2868 2881 2868 2868 2868 2868 2874 2882 2880 2866 2881 2868 2868 2868 2871 2883 2870 2883 2871 3031 3008 2981 2981 2956 2940 2961 3008 2941 2949 2943 2945 3008 2955 2955 3025 2868 2868 2881 2868 2868 2868 2881 2868 2868 2868 2875 2875 2882 2880 2866 2881 2868 2868 2868 2871 2872 2865 2865 2876 2872 2868 2868 2868 2874 2874 2865
3008 2962 3008 2951 3002 2868 2872 2871 2868 2874 2919 2920 2921 2867 2868 2871 2926 2868 2926 2925 2865 2872 3000 2994 2917 2991 2925 2871 2871 2865 2881 2877 2874 2865 2881 2877 2874 2865 2881 2926 2868 2865 2867 2874 2868 2875 2875 2868 2875 2867 2868 2868 2867 2867 3049 3008 3039 2940 2980 2941 2949 2940 2949 2942 2942 2962 3008 3039 3047 2865 2881 2877 2874 2865 2881 2877 2874 2865 2881 2868 2874 2865 2867 2874 2868 2875 2875 2868 2875 2875 2868 2868 2868 2881 2868 2868 2926 2868 2926 2925
2945 3008 2961 3008 2932 3045 2868 2870 2871 3015 3001 2872 3009 2868 2868 2881 2881 2877 2875 2875 2927 2872 2919 2868 2875 2927 2875 2875 2927 2875 2875 2874 2875 2874 2875 2875 2927 2875 2875 2876 2875 2879 2865 2925 2865 2868 2874 2874 2868 2879 2868 2868 2867 3011 3039 3008 3008 2940 2959 2940 2949 2957 2958 2934 2934 2962 3008 3008 3041 2875 2875 2874 2875 2874 2875 2875 2927 2875 2875 2926 2868 2879 2865 2925 2865 2868 2874 2874 2868 2874 2874 2865 2881 2877 2874 2865 2881 2877 2875 2875
2942 2962 2962 2962 3008 3052 2871 2868 2865 3004 2925 2871 2871 2865 2881 2877 2865 2865 2986 2920 2921 2920 2921 2867 2876 2875 2867 2867 2867 2874 3006 2990 2999 2874 2875 2875 2927 2875 2875 2867 2875 2865 2865 2876 2872 2926 2868 2926 2926 2875 2875 2868 2867 3044 3039 3008 2957 2958 2934 2957 2958 2980 2956 2940 2940 2955 2955 2955 2997 2874 3006 2990 2999 2874 2875 2875 2927 2875 2875 2876 2875 2865 2865 2876 2872 2926 2868 2926 2926 2868 2926 2925 2865 2865 2926 2925 2865 2865 2986 2920
2934 2962 2940 3008 2962 3008 3052 3002 2914 2996 2867 2868 2865 2876 2985 2917 2921 2991 2925 2881 2871 2872 2875 2871 2871 2876 2985 2986 2994 2998 2872 3000 3001 2879 2871 2874 2872 3000 3001 2867 2880 2868 2868 2868 2875 2876 2875 2867 2868 2879 2875 2867 2867 3011 3039 2962 2940 2956 2955 2940 2940 2955 2955 2956 2956 2940 2940 2940 2997 2998 2872 3000 3001 2879 2871 2874 2872 3000 3001 2867 2875 2868 2868 2868 2875 2876 2875 2867 2868 2865 2867 2868 2865 2876 2985 2917 2921 2991 2925 2881
2940 2940 3008 2962 2967 3008 3008 3033 3006 2926 2876 2865 2871 2919 2921 2871 2876 2874 2868 2874 2872 3017 2994 2972 2974 2925 2978 2973 2872 2872 2872 2919 2868 2872 2871 2874 2872 2919 2868 2874 2874 2868 2868 2868 2881 2867 2875 2868 2865 2872 2867 2867 2868 3049 3008 3008 2941 2940 2940 2956 2956 2940 2940 2980 2956 2956 2955 2955 2924 2872 2872 2919 2868 2872 2871 2874 2872 2919 2868 2867 2880 2868 2868 2868 2881 2867 2875 2868 2865 2873 2876 2865 2871 2919 2921 2871 2876 2874 2868 2874
2955 2955 2955 3008 2962 2960 2980 3008 3052 2926 2875 2990 2918 3001 2872 3009 2881 2876 2875 2881 2876 2987 2991 3003 2993 2922 2977 2918 2872 2918 2920 2921 2867 2871 2874 2918 2920 2921 2867 2868 2926 2874 2865 2881 2877 2867 2880 2882 2868 2865 2875 2990 2867 2968 3054 2981 2981 2956 2956 2980 2956 2956 2955 2940 2980 2941 3008 3039 2928 2918 2920 2921 2867 2871 2874 2918 2920 2921 2867 2874 2874 2874 2865 2881 2877 2867 2880 2882 2868 2865 2875 2990 2918 3001 2872 3009 2881 2876 2875 2881
2940 2940 2940 3008 3008 2962 2980 3008 3008 3047 2994 2917 2991 2925 2871 2871 2989 2867 2998 2865 2985 2978 2914 2996 3001 2868 2868 2868 2868 2865 2876 2868 2876 2876 2987 2977 2867 2876 2871 2868 2868 2926 2925 2865 2865 2872 2881 3003 2993 2913 2994 2917 2872 2868 3037 3031 3054 3039 3012 2940 2980 2941 3008 2940 2961 3008 3008 3008 2997 2865 2876 2868 2876 2876 2987 2977 2867 2876 2871 2868 2926 2926 2925 2865 2865 2872 2881 3003 2993 2913 2994 2917 2991 2925 2871 2871 2989 2867 2998 2865
2956 2955 2955 2955 2955 2955 3008 3008 2962 3041 3015 3021 2868 2872 2865 2871 2872 2998 3009 2990 2976 2977 2874 2872 2977 2875 2868 2872 2865 2865 2867 2865 2871 2872 2978 3022 2865 2876 2874 2875 2875 2865 2865 2867 2876 2868 2987 2996 3001 3021 3015 3021 2872 2868 2876 2874 3044 2940 2940 2940 2961 3008 3008 3008 2997 3037 3030 2968 2904 2865 2867 2865 2871 2872 2978 3022 2865 2876 2874 2868 2868 2865 2865 2867 2876 2868 2987 2996 3001 3021 3015 3021 2868 2872 2865 2871 2872 2998 3009 2990
3051 3008 2937 2940 2980 2941 2949 2962 2967 3047 2999 2868 2868 2865 2871 2872 2865 2871 2993 3032 3003 2978 2871 2987 2977 2874 2874 2865 2865 2881 2865 2865 2867 2865 3043 2999 2880 2866 2871 2868 2874 2925 2873 2876 2875 2871 3009 3021 2995 2990 2999 2868 2872 2867 2873 2874 3044 2940 2980 2956 2956 2956 2997 2968 2904 2874 2874 2865 2865 2881 2865 2865 2867 2865 3043 2999 2880 2866 2871 2875 2875 2925 2873 2876 2875 2871 3009 3021 2995 2990 2999 2868 2868 2865 2871 2872 2865 2871 2993 3032
2943 3056 2935 2955 2961 3008 2949 3008 2962 3041 2926 2874 2871 2865 2867 2865 2865 2882 3003 3004 2865 3043 2865 2978 3022 2868 2868 3021 2874 2867 2880 2876 2876 2874 2978 2865 2871 2987 2918 2926 2868 2868 2865 2875 2867 2871 2993 2871 2871 2925 2926 2874 2871 2865 2867 2865 2865 2930 2940 2997 2968 2968 2904 2978 3022 2868 2868 3021 2874 2867 2880 2876 2876 2874 2978 2865 2871 2987 2918 2868 2874 2868 2865 2875 2867 2871 2993 2871 2871 2925 2926 2874 2871 2865 2867 2865 2865 2882 3003 3004
2942 3008 3012 2940 2962 2962 2958 3008 3008 3042 2871 2876 2876 2881 2865 2865 2876 2875 2870 2876 2865 2978 2867 3043 2999 2875 2868 2926 2881 2871 2867 2871 2872 2876 2964 2882 2865 2978 3022 2874 2874 2868 2865 2865 2918 2918 2991 2868 2868 2871 2871 2876 2876 2881 2865 2865 2876 2875 2968 2904 2865 2978 2867 3043 2999 2875 2868 2926 2881 2871 2867 2871 2872 2876 2964 2882 2865 2978 3022 2926 2868 2868 2865 2865 2918 2918 2991 2868 2868 2871 2871 2876 2876 2881 2865 2865 2876 2875 2870 2876
2935 2942 2945 2942 3008 3008 3008 2955 2955 3047 2868 2868 2868 2867 2880 2876 2867 2874 2872 2870 2871 2964 2874 2978 3022 2874 2874 2865 2925 2870 2865 2867 2865 2872 2977 2874 2867 3043 2999 2868 2926 2874 2865 2865 2919 2867 3006 2868 2867 2873 2868 2868 2868 2867 2880 2876 2867 2874 2872 2870 2871 2964 2874 2978 3022 2874 2874 2865 2925 2870 2865 2867 2865 2872 2977 2874 2867 3043 2999 2876 2875 2874 2865 2865 2919 2867 3006 2868 2867 2873 2868 2868 2868 2867 2880 2876 2867 2874 2872 2870
2980 2941 2932 2945 2944 3008 2962 2940 2940 3025 2868 2868 2868 2868 2868 2877 2871 2925 3006 3015 3017 2977 2876 2964 2873 2874 2871 2865 2865 2882 2880 2866 2999 2987 2977 2865 2874 2978 3022 2868 2868 2874 2865 2867 2919 2925 2867 2867 2867 2865 2868 2868 2868 2868 2868 2877 2871 2925 3006 3015 3017 2977 2876 2964 2873 2874 2871 2865 2865 2882 2880 2866 2999 2987 2977 2865 2874 2978 3022 2867 2875 2874 2865 2867 2919 2925 2867 2867 2867 2865 2868 2868 2868 2868 2868 2877 2871 2925 3006 3015
2961 3008 2941 2949 2943 2945 3008 2955 2955 3025 2865 2876 2868 2868 2874 2875 2867 2871 2872 3021 2919 2963 2872 2977 2871 2925 2870 2876 2876 2865 2867 2874 3003 2978 3022 2865 2876 2964 2873 2875 2875 2871 2918 2920 2921 2867 2868 2868 2867 2868 2865 2876 2868 2868 2874 2875 2867 2871 2872 3021 2919 2963 2872 2977 2871 2925 2870 2876 2876 2865 2867 2874 3003 2978 3022 2865 2876 2964 2873 2867 2880 2871 2918 2920 2921 2867 2868 2868 2867 2868 2865 2876 2868 2868 2874 2875 2867 2871 2872 3021
tile 2865 0 0
tile 2866 56 0
tile 2867 112 0
tile 2868 168 0
tile 2870 224 0
tile 2871 280 0
tile 2872 336 0
tile 2873 392 0
tile 2874 448 0
tile 2875 504 0
tile 2876 560 0
tile 2877 616 0
tile 2878 0 27
tile 2879 56 27
tile 2880 112 27
tile 2881 168 27
tile 2882 224 27
tile 2883 280 27
tile 2904 336 27
tile 2913 392 27
tile 2914 448 27
tile 2917 504 27
tile 2918 560 27
tile 2919 616 27
tile 2920 0 54
tile 2921 56 54
tile 2922 112 54
tile 2923 168 54
tile 2924 224 54
tile 2925 280 54
tile 2926 336 54
tile 2927 392 54
tile 2928 448 54
tile 2929 504 54
tile 2930 560 54
tile 2931 616 54
tile 2932 0 81
tile 2934 56 81
tile 2935 112 81
tile 2936 168 81
tile 2937 224 81
tile 2940 280 81
tile 2941 336 81
tile 2942 392 81
tile 2943 448 81
tile 2944 504 81
tile 2945 560 81
tile 2947 616 81
tile 2948 0 108
tile 2949 56 108
tile 2951 112 108
tile 2952 168 108
tile 2955 224 108
tile 2956 280 108
tile 2957 336 108
tile 2958 392 108
tile 2959 448 108
tile 2960 504 108
tile 2961 560 108
tile 2962 616 108
tile 2963 0 135
tile 2964 56 135
tile 2967 112 135
tile 2968 168 135
tile 2970 224 135
tile 2972 280 135
tile 2973 336 135
tile 2974 392 135
tile 2976 448 135
tile 2977 504 135
tile 2978 560 135
tile 2979 616 135
tile 2980 0 162
tile 2981 56 162
tile 2985 112 162
tile 2986 168 162
tile 2987 224 162
tile 2988 280 162
tile 2989 336 162
tile 2990 392 162
tile 2991 448 162
tile 2993 504 162
tile 2994 560 162
tile 2995 616 162
tile 2996 0 189
tile 2997 56 189
tile 2998 112 189
tile 2999 168 189
tile 3000 224 189
tile 3001 280 189
tile 3002 336 189
tile 3003 392 189
tile 3004 448 189
tile 3005 504 189
tile 3006 560 189
tile 3007 616 189
tile 3008 0 216
tile 3009 56 216
tile 3010 112 216
tile 3011 168 216
tile 3012 224 216
tile 3013 280 216
tile 3015 336 216
tile 3017 392 216
tile 3021 448 216
tile 3022 504 216
tile 3023 560 216
tile 3025 616 216
tile 3026 0 243
tile 3027 56 243
tile 3029 112 243
tile 3030 168 243
tile 3031 224 243
tile 3032 280 243
tile 3033 336 243
tile 3034 392 243
tile 3035 448 243
tile 3037 504 243
tile 3039 560 243
tile 3040 616 243
tile 3041 0 270
tile 3042 56 270
tile 3043 112 270
tile 3044 168 270
tile 3045 224 270
tile 3046 280 270
tile 3047 336 270
tile 3049 392 270
tile 3050 448 270
tile 3051 504 270
tile 3052 560 270
tile 3053 616 270
tile 3054 0 297
tile 3055 56 297
tile 3056 112 297
