# lod20378 — tools/dat-extract layout 이 만든다. 손으로 고치지 말 것.
size 20 20
blocked
####################
####...#####........
####...#............
###....##...........
##.....#............
##...###............
##...#..............
###..##.............
##...#..............
###..#..............
###..#..............
###..##.............
####.#..............
###..#..............
###..#..............
##...##.............
##...#..............
####.#..............
######..............
######..............
floor
9160 9165 9170 9165 9170 9205 9210 9215 9160 9165 9170 9175 9200 9205 9210 9215 9160 9165 9170 9160
9159 9164 9169 9174 9199 9204 9209 9214 9159 9164 9169 9174 9199 9204 9209 9214 9159 9164 9169 9159
9158 9163 9168 9173 9198 9203 9208 9213 9158 9163 9168 9173 9198 9203 9208 9213 9158 9163 9168 9158
9157 9162 9167 9172 9197 9202 9207 9212 9157 9162 9167 9172 9197 9202 9207 9212 9157 9162 9167 9157
9156 9161 9166 9171 9196 9201 9206 9211 9156 9161 9166 9171 9196 9201 9206 9211 9156 9161 9166 9156
9200 9205 9210 9215 9160 9165 9170 9175 9200 9205 9210 9215 9160 9165 9170 9175 9200 9205 9210 9200
9199 9204 9209 9214 9159 9164 9169 9174 9199 9204 9209 9214 9159 9164 9169 9174 9199 9204 9209 9199
9159 9203 9208 9213 9158 9163 9168 9173 9198 9203 9208 9213 9158 9163 9168 9173 9198 9203 9208 9198
9158 9202 9207 9212 9157 9162 9167 9172 9197 9202 9207 9212 9157 9162 9167 9172 9197 9162 9167 9197
9196 9201 9206 9211 9156 9161 9166 9171 9196 9201 9206 9211 9156 9161 9166 9171 9160 9161 9166 9196
9160 9165 9170 9175 9200 9205 9210 9215 9180 9185 9190 9195 9200 9205 9210 9215 9159 9205 9210 9160
9159 9164 9169 9174 9199 9204 9209 9214 9179 9184 9189 9194 9199 9204 9209 9214 9158 9204 9209 9159
9158 9163 9168 9173 9198 9203 9208 9213 9178 9183 9188 9193 9198 9203 9208 9213 9157 9162 9167 9158
9157 9162 9167 9172 9197 9202 9207 9212 9177 9182 9187 9192 9197 9202 9207 9212 9156 9161 9166 9157
9156 9161 9166 9171 9196 9201 9206 9211 9176 9181 9186 9191 9196 9201 9206 9211 9200 9205 9210 9156
9200 9205 12353 9215 9160 9165 9170 9175 9200 9205 9210 9215 9180 9185 9190 9195 9199 9204 9209 9200
9199 9204 12352 9214 9159 9164 9169 9174 9199 9204 9209 9214 9179 9219 9222 9194 9198 9203 9208 9199
9198 9203 9208 9213 9158 9204 9209 9214 9179 9203 9208 9213 9178 9218 9221 9224 9197 9202 9207 9198
9197 9202 9207 9212 9157 9203 9208 9213 7941 7936 7936 7938 9177 9217 9220 9223 9160 9165 9170 9197
9160 9165 9170 9175 9200 9205 9210 9215 7932 7925 7925 7929 9200 9205 9210 9215 9160 9165 9170 9160
tile 7925 0 0
tile 7929 56 0
tile 7932 112 0
tile 7936 168 0
tile 7938 224 0
tile 7941 280 0
tile 9156 336 0
tile 9157 392 0
tile 9158 448 0
tile 9159 0 27
tile 9160 56 27
tile 9161 112 27
tile 9162 168 27
tile 9163 224 27
tile 9164 280 27
tile 9165 336 27
tile 9166 392 27
tile 9167 448 27
tile 9168 0 54
tile 9169 56 54
tile 9170 112 54
tile 9171 168 54
tile 9172 224 54
tile 9173 280 54
tile 9174 336 54
tile 9175 392 54
tile 9176 448 54
tile 9177 0 81
tile 9178 56 81
tile 9179 112 81
tile 9180 168 81
tile 9181 224 81
tile 9182 280 81
tile 9183 336 81
tile 9184 392 81
tile 9185 448 81
tile 9186 0 108
tile 9187 56 108
tile 9188 112 108
tile 9189 168 108
tile 9190 224 108
tile 9191 280 108
tile 9192 336 108
tile 9193 392 108
tile 9194 448 108
tile 9195 0 135
tile 9196 56 135
tile 9197 112 135
tile 9198 168 135
tile 9199 224 135
tile 9200 280 135
tile 9201 336 135
tile 9202 392 135
tile 9203 448 135
tile 9204 0 162
tile 9205 56 162
tile 9206 112 162
tile 9207 168 162
tile 9208 224 162
tile 9209 280 162
tile 9210 336 162
tile 9211 392 162
tile 9212 448 162
tile 9213 0 189
tile 9214 56 189
tile 9215 112 189
tile 9217 168 189
tile 9218 224 189
tile 9219 280 189
tile 9220 336 189
tile 9221 392 189
tile 9222 448 189
tile 9223 0 216
tile 9224 56 216
tile 12352 112 216
tile 12353 168 216
picture 10255 168 0 53 0
picture 10256 168 53 53 0
picture 10259 140 523 56 0
picture 10260 140 579 56 0
picture 10261 196 432 34 0
picture 10262 196 466 34 0
picture 10280 196 45 43 0
picture 10281 196 568 31 0
picture 10286 112 88 85 0
picture 10287 112 173 85 0
picture 10288 112 809 74 0
picture 10289 112 428 77 0
picture 10300 196 291 36 0
picture 10301 168 583 50 0
picture 10302 196 599 31 0
picture 10303 196 88 43 0
picture 10304 168 106 53 0
picture 10305 168 159 53 0
picture 10306 112 258 85 0
picture 10307 112 343 85 0
picture 10344 140 690 54 0
picture 10345 168 212 53 0
picture 10348 140 744 54 0
picture 10349 140 798 54 0
picture 10350 140 852 54 0
picture 10351 140 906 54 0
picture 10352 140 960 54 0
picture 10353 140 635 55 0
picture 10358 196 327 35 0
picture 10359 196 131 43 0
picture 10364 168 733 49 0
picture 10365 140 71 70 0
picture 10366 168 782 48 0
picture 10367 140 211 65 0
picture 10372 168 265 53 0
picture 10373 168 318 53 0
picture 10374 168 371 53 0
picture 10375 168 424 53 0
picture 10376 168 973 45 0
picture 10377 196 0 45 0
picture 10380 168 477 53 0
picture 10381 168 530 53 0
picture 10394 140 276 65 0
picture 10395 140 0 71 0
picture 10396 112 659 75 0
picture 10397 112 734 75 0
picture 10999 84 236 115 0
picture 11000 84 351 114 0
picture 11015 112 883 72 0
picture 11016 140 141 70 0
picture 11025 196 254 37 0
picture 11026 196 216 38 0
picture 11211 84 806 112 0
picture 11212 28 659 128 0
picture 11213 84 465 114 0
picture 11271 84 579 114 0
picture 11272 28 787 127 0
picture 11273 0 439 137 0
picture 11321 112 505 77 0
picture 11322 112 582 77 0
picture 11345 196 362 35 0
picture 11346 196 397 35 0
picture 11547 84 918 90 0
picture 11548 112 0 88 0
picture 11731 196 500 34 0
picture 11732 168 926 47 0
picture 11733 168 830 48 0
picture 11734 168 878 48 0
picture 11735 196 534 34 0
picture 11812 84 693 113 0
picture 11813 0 0 149 0
picture 11814 0 296 143 0
picture 11815 0 149 147 0
picture 11816 28 528 131 0
picture 12059 56 0 118 0
picture 12060 0 576 132 0
picture 12061 56 118 118 0
picture 12126 168 633 50 0
picture 12127 140 341 64 0
picture 12143 140 465 58 0
picture 12144 196 630 28 0
picture 12377 196 658 26 0
picture 12378 196 684 12 0
picture 12634 196 174 42 0
picture 12635 140 405 60 0
picture 12636 168 683 50 0
picture 12642 56 236 118 0
picture 12643 0 708 132 0
picture 12644 56 354 118 0
picture 12645 56 472 118 0
picture 12646 0 840 132 0
picture 12647 56 590 118 0
picture 12648 56 708 118 0
picture 12649 28 0 132 0
picture 12650 56 826 118 0
picture 12651 84 0 118 0
picture 12652 28 132 132 0
picture 12653 84 118 118 0
picture 12654 28 264 132 0
picture 12655 28 396 132 0
object 1 0 left 12655
object 1 0 right 12653
object 2 0 left 12652
object 2 0 right 12653
object 3 0 left 12651
object 4 0 left 12652
object 4 0 right 12653
object 5 0 left 12651
object 6 0 left 12652
object 6 0 right 12653
object 7 0 left 12648
object 8 0 left 12649
object 8 0 right 12650
object 9 0 left 12651
object 10 0 left 12652
object 10 0 right 12653
object 11 0 left 12648
object 12 0 left 12649
object 12 0 right 12650
object 13 0 left 12651
object 14 0 left 12652
object 14 0 right 12653
object 15 0 left 12648
object 16 0 left 12649
object 16 0 right 12650
object 17 0 left 12648
object 18 0 left 12652
object 18 0 right 12653
object 19 0 left 12649
object 19 0 right 12650
object 0 1 left 12645
object 0 1 right 12654
object 1 1 right 11816
object 2 1 left 10999
object 2 1 right 11000
object 3 1 left 11321
object 3 1 right 11322
object 4 1 right 11271
object 5 1 right 11272
object 6 1 right 11273
object 7 1 left 10348
object 7 1 right 10349
object 8 1 left 10259
object 8 1 right 10260
object 9 1 left 10255
object 9 1 right 10256
object 10 1 left 10374
object 10 1 right 10375
object 11 1 left 10304
object 11 1 right 10305
object 0 2 left 12645
object 0 2 right 12646
object 1 2 right 11815
object 2 2 left 10364
object 2 2 right 10365
object 3 2 left 10366
object 3 2 right 10367
object 7 2 left 10350
object 7 2 right 10351
object 0 3 right 12647
object 1 3 right 11814
object 2 3 left 10364
object 2 3 right 10365
object 7 3 left 10352
object 7 3 right 10353
object 8 3 left 10358
object 8 3 right 10359
object 0 4 left 12645
object 0 4 right 12646
object 1 4 left 11812
object 1 4 right 11813
object 7 4 left 10350
object 7 4 right 10351
object 0 5 right 12061
object 1 5 left 10394
object 1 5 right 10395
object 5 5 left 10348
object 5 5 right 10349
object 6 5 left 10344
object 6 5 right 10345
object 7 5 left 10344
object 7 5 right 10345
object 0 6 left 12059
object 0 6 right 12060
object 1 6 left 10259
object 1 6 right 10260
object 5 6 left 10350
object 5 6 right 10351
object 0 7 right 12644
object 1 7 left 10306
object 1 7 right 10307
object 2 7 left 11025
object 2 7 right 11026
object 5 7 left 10352
object 5 7 right 10353
object 6 7 left 10358
object 6 7 right 10359
object 0 8 left 12642
object 0 8 right 12643
object 1 8 left 10396
object 1 8 right 10397
object 5 8 left 10350
object 5 8 right 10351
object 0 9 right 12647
object 1 9 left 11015
object 1 9 right 11016
object 2 9 left 12143
object 2 9 right 12144
object 5 9 left 10352
object 5 9 right 10353
object 0 10 left 12645
object 0 10 right 12646
object 1 10 left 11547
object 1 10 right 11548
object 2 10 left 10261
object 2 10 right 10262
object 5 10 left 10350
object 5 10 right 10351
object 0 11 right 12644
object 1 11 left 12634
object 2 11 left 12635
object 2 11 right 12636
object 5 11 left 10352
object 5 11 right 10353
object 6 11 left 10358
object 6 11 right 10359
object 0 12 left 12642
object 0 12 right 12643
object 1 12 left 12126
object 1 12 right 12127
object 2 12 left 10300
object 2 12 right 10301
object 3 12 left 10302
object 3 12 right 10303
object 5 12 left 10350
object 5 12 right 10351
object 0 13 right 12647
object 1 13 left 11345
object 1 13 right 11346
object 2 13 left 10376
object 2 13 right 10377
object 5 13 left 10352
object 5 13 right 10353
object 0 14 left 12645
object 0 14 right 12646
object 2 14 left 11734
object 2 14 right 11735
object 5 14 left 10350
object 5 14 right 10351
object 0 15 right 12644
object 1 15 right 11733
object 5 15 left 10352
object 5 15 right 10353
object 6 15 left 10358
object 6 15 right 10359
object 0 16 left 12642
object 0 16 right 12643
object 1 16 left 11731
object 1 16 right 11732
object 2 16 left 12377
object 2 16 right 12378
object 5 16 left 10350
object 5 16 right 10351
object 0 17 right 12647
object 1 17 right 11213
object 3 17 left 10280
object 3 17 right 10281
object 5 17 left 10352
object 5 17 right 10353
object 0 18 left 12645
object 0 18 right 12646
object 1 18 left 11211
object 1 18 right 11212
object 2 18 left 10380
object 2 18 right 10381
object 3 18 left 10372
object 3 18 right 10373
object 4 18 left 10286
object 4 18 right 10287
object 5 18 left 10350
object 5 18 right 10351
object 0 19 left 12642
object 0 19 right 12644
object 1 19 left 10300
object 1 19 right 10301
object 2 19 left 10304
object 2 19 right 10305
object 3 19 left 10288
object 3 19 right 10289
object 4 19 left 10380
object 4 19 right 10381
object 5 19 left 10352
object 5 19 right 10353
