# lod20594 — tools/dat-extract layout 이 만든다. 손으로 고치지 말 것.
size 50 50
blocked
##################################################
##################################################
##################################################
...###############.......#########################
....##############........########################
....##############.........#######################
....##############.........#######################
....##############.........#######################
....##############........########################
....##############.........#######################
....##############.........#######################
....##############..........######################
.....#############..........######################
......############..........######################
................##.........#######################
...........................#######################
..........................########################
..........................########################
..........................########################
..........................########################
...........................#######################
............................######################
....................................##############
.....................................#############
..#.#.................................############
......................................############
.....#................................############
.....................................#############
.....................................#############
#....................................#############
.....#...............................#############
.....#######.........................#############
.....######...##.....................#############
.....#####....##.....................#############
...########..........................#############
...########..........................#############
...###############...##...............############
....##############...##...............############
....###.......####...##................###########
....###.##....###....#.................###########
....###.####....#......................###########
.....##...##..........................############
........#..###........................############
...........#####.....................#############
.##..........###.....................#############
.##..................................#############
.##..................................#############
......................................############
.......................................###########
........#......................................###
floor
10074 10079 10084 10092 10100 10108 10116 10124 7945 7950 7955 7960 7965 7945 10487 10495 10503 10511 10519 10524 10529 10534 10074 10079 10084 10092 10100 10108 10116 10124 7945 7945 7950 7955 7960 7965 7945 7950 7955 7960 7965 8178 7946 7951 7956 7961 8178 7946 7951 7956
10073 10078 10083 10091 10099 10107 10115 10123 7944 7945 7950 7955 7960 7965 10486 10494 10502 10510 10518 10523 10528 10533 10073 10078 10083 10091 10099 10107 10115 10123 7944 7944 7949 7954 7959 7964 7944 7949 7954 7959 7964 7945 7950 7955 7960 7965 7945 7950 7955 7960
10072 10077 10082 10090 10098 10106 10114 10122 7943 7948 7949 7954 7959 7964 10485 10493 10501 10509 10517 10522 10527 10532 10072 10077 10082 10090 10098 10106 10114 10122 7943 7943 7948 7953 7958 7963 7943 7948 7953 7958 7963 7944 7949 7954 7959 7964 7944 7949 7954 7959
10071 10076 10081 10089 10097 10105 10113 10121 8179 7943 7948 7953 7958 7963 10484 10492 10500 10508 10516 10521 10526 10531 10071 10076 10081 10089 10097 10105 10113 10121 8179 8179 7947 7952 7957 7962 8179 7947 7952 7957 7962 7943 7948 7953 7958 7963 7943 7948 7953 7958
10070 10075 10080 10088 10096 10104 10112 10120 8178 8179 7947 7952 7957 7962 10483 10491 10499 10507 10515 10520 10525 10530 10070 10075 10080 10088 10096 10104 10112 10120 8178 8178 7946 7951 7956 7961 8178 7946 7951 7956 7961 8179 7947 7952 7957 7962 8179 7947 7952 7957
10417 10425 10433 10087 10095 10103 10111 10119 8178 8178 7946 7951 7956 7961 10482 10490 10498 10506 10514 10441 10449 10457 10465 10473 10296 10737 10095 10103 10111 10119 7945 7945 7950 7955 7960 7965 7944 7949 7954 7959 7964 8178 7946 7951 7956 7961 8178 7946 7951 7956
10416 10424 10432 10731 10094 10102 10110 10118 7945 7945 7950 7955 7960 7965 10481 10489 10497 10505 10513 10440 10448 10456 10464 10732 10295 10086 10094 10102 10110 10118 7944 7944 7949 7954 7959 7964 7943 7948 7953 7958 7963 7945 7950 7955 7960 7965 7945 7950 7955 7960
10415 10423 10431 10730 10093 10101 10109 10117 7944 7944 7949 7954 7959 7964 10480 10488 10496 10504 10512 10439 10447 10455 10463 10471 10294 10085 10093 10101 10109 10117 7943 7943 7948 7953 7958 7963 8179 7947 7952 7957 7962 7944 7949 7954 7959 7964 7944 7949 7954 7959
10301 10309 10317 10133 10141 10149 10157 10165 7943 7943 7948 7953 7958 7963 10696 10704 10712 10720 10728 10325 10333 10341 10349 10357 10422 10543 10551 10559 10567 10575 8179 8179 7947 7952 7957 7962 8178 7946 7951 7956 7961 7943 7948 7953 7958 7963 7943 7948 7953 7958
10300 10733 10316 10132 10140 10148 10156 10164 8179 8179 7947 7952 7957 7962 10695 10703 10711 10719 10727 10324 10332 10340 10348 10356 10421 10542 10550 10558 10566 10574 8178 8178 7946 7951 7956 7961 7945 7950 7955 7960 7965 8179 7947 7952 7957 7962 8179 7947 7952 7957
10299 10307 10315 10131 10139 10147 10155 10163 8178 8178 7946 7951 7956 7961 10694 10702 10710 10718 10726 10734 10331 10339 10347 10355 10420 10541 10549 10557 10565 10573 7945 7945 7950 7955 7960 7965 7944 7949 7954 7959 7964 8178 7946 7951 7956 7961 8178 7946 7951 7956
10298 10306 10314 10130 10138 10146 10154 10162 10170 10175 10180 10678 10683 10688 10693 10701 10709 10717 10725 10322 10330 10338 10346 10354 10419 10540 10548 10556 10564 10572 7944 7944 7949 7954 7959 7964 7943 7948 7953 7958 7963 7945 7950 7955 7960 7965 7945 7950 7955 7960
10297 10305 10313 10129 10137 10145 10153 10161 10169 10174 10179 10677 10682 10687 10692 10700 10708 10716 10724 10321 10329 10337 10345 10353 10418 10539 10547 10555 10563 10571 7943 7943 7948 7953 7958 7963 8179 7947 7952 7957 7962 7944 7949 7954 7959 7964 7944 7949 7954 7959
10296 10304 10312 10128 10136 10144 10152 10160 10168 10173 10178 10676 10681 10686 10691 10699 10707 10715 10723 10320 10328 10336 10344 10352 10417 10538 10546 10554 10562 10570 8179 8179 7947 7952 7957 7962 8178 7946 7951 7956 7961 7943 7948 7953 7958 7963 7943 7948 7953 7958
10295 10303 10311 10127 10135 10143 10151 10159 10167 10172 10177 10675 10680 10685 10690 10698 10706 10714 10722 10319 10327 10335 10343 10351 10416 10537 10545 10553 10561 10569 7945 8178 7946 7951 7956 7961 7945 7950 7955 7960 7965 8179 7947 7952 7957 7962 8179 7947 7952 7957
10294 10302 10310 10126 10134 10142 10150 10158 10166 10171 10176 10674 10679 10684 10689 10697 10705 10713 10721 10318 10326 10334 10342 10350 10415 10536 10544 10552 10560 10568 7944 7949 7954 7959 7964 7944 7944 7949 7954 7959 7964 8178 7946 7951 7956 7961 8178 7946 7951 7956
10422 10430 10438 10446 10454 10462 10470 10478 10301 10309 10734 10325 10333 10341 10349 10357 10738 10430 10438 10446 10454 10462 10470 10478 10301 10133 10141 10149 10157 10165 7943 7948 7953 7958 7963 7943 7943 7948 7953 7958 7963 7945 7950 7955 7960 7965 7945 7950 7955 7960
10421 10429 10437 10445 10453 10461 10469 10477 10300 10308 10316 10324 10332 10340 10348 10356 10421 10429 10437 10445 10453 10461 10469 10477 10300 10132 10140 10148 10156 10164 8179 7947 7952 7957 7962 8179 8179 7947 7952 7957 7962 7944 7949 7954 7959 7964 7944 7949 7954 7959
10420 10428 10436 10444 10452 10460 10468 10732 10299 10307 10315 10323 10331 10339 10347 10355 10420 10428 10436 10444 10452 10460 10468 10476 10737 10131 10139 10147 10155 10163 8178 7946 7951 7956 7961 8178 8178 7946 7951 7956 7961 7943 7948 7953 7958 7963 7943 7948 7953 7958
10419 10427 10435 10443 10451 10459 10467 10475 10298 10306 10314 10322 10330 10338 10346 10354 10419 10427 10435 10443 10451 10459 10736 10733 10735 10130 10138 10146 10154 10162 10170 10175 10180 10074 10079 10084 10092 10100 10108 10116 10124 8179 7947 7952 7957 7962 8179 7947 7952 7957
10418 10426 10434 10442 10450 10458 10466 10474 10297 10305 10313 10321 10329 10337 10345 10353 10418 10426 10434 10442 10450 10458 10466 10474 10297 10129 10137 10145 10153 10161 10169 10174 10179 10073 10078 10083 10091 10099 10107 10115 10123 8178 7946 7951 7956 7961 8178 7946 7951 7956
10417 10425 10433 10441 10449 10457 10465 10473 10296 10304 10312 10320 10328 10336 10344 10352 10417 10425 10433 10441 10449 10457 10465 10473 10296 10128 10136 10144 10152 10160 10168 10173 10178 10072 10077 10082 10090 10098 10106 10114 10122 7945 7950 7955 7960 7965 7945 7950 7955 7960
10416 10853 10856 10853 10856 10858 10464 10472 10295 10303 10311 10319 10327 10335 10343 10351 10416 10424 10432 10440 10448 10456 10464 10472 10295 10127 10135 10143 10151 10159 10167 10172 10177 10071 10076 10081 10089 10097 10105 10113 10121 7944 7949 7954 7959 7964 7944 7949 7954 7959
10415 10423 10855 10857 10855 10857 10463 10471 10294 10302 10310 10318 10326 10334 10342 10350 10415 10423 10431 10439 10447 10455 10463 10471 10294 10126 10134 10142 10150 10158 10166 10171 10176 10070 10075 10080 10088 10096 10104 10112 10120 7943 7948 7953 7958 7963 7943 7948 7953 7958
10301 10309 10854 10325 9841 9844 10349 10357 10422 10430 10438 10446 10454 10462 10470 10478 10301 10309 10317 10325 10333 10341 10349 10357 10422 10430 10438 10446 10454 10462 10470 10478 10301 10309 10317 10325 10087 10095 10103 10111 10119 8179 7947 7952 7957 7962 8179 7947 7952 7957
10300 10308 10316 10324 9840 9843 9846 10356 10421 10429 10437 10445 10453 10461 10469 10477 10300 10308 10316 10324 10332 10340 10348 10356 10421 10429 10437 10445 10453 10461 10469 10477 10300 10308 10316 10324 10086 10094 10102 10110 10118 8178 7946 7951 7956 7961 8178 7946 7951 7956
10299 10307 10315 10323 9839 9842 10347 10355 10420 10428 10436 10444 10452 10460 10468 10476 10299 10307 10315 10323 10331 10339 10347 10355 10420 10428 10436 10444 10452 10460 10468 10476 10299 10307 10315 10323 10085 10093 10101 10109 10117 7945 7950 7955 7960 7965 7945 7950 7955 7960
10298 10306 10314 10322 10330 10338 10346 10354 10419 10427 10435 10443 10451 10459 10753 10475 10734 10306 10314 10738 10330 10338 10346 10354 10419 10427 10435 10443 10451 10459 10467 10475 10298 10306 10314 10322 10584 10592 10600 10608 10616 7944 7949 7954 7959 7964 7944 7949 7954 7959
10297 10305 10313 10321 10853 10856 10858 10353 10418 10426 10434 10442 10450 10326 10334 10342 10297 10305 10313 10421 10329 10337 10345 10353 10418 10426 10434 10442 10450 10458 10466 10474 10297 10305 10313 10321 10583 10591 10599 10607 10615 7943 7948 7953 7958 7963 7943 7948 7953 7958
11002 11006 11010 11014 10328 10855 10857 10746 10748 10425 10433 10441 10449 10454 10462 10470 10296 10304 10312 10320 10328 10336 10344 10352 10417 10425 10433 10441 10449 10457 10465 10473 10296 10304 10312 10320 10582 10590 10598 10606 10614 8179 7947 7952 7957 7962 8179 7947 7952 7957
11001 11005 11009 11013 10739 10854 10743 10745 10747 10749 10750 10440 10448 10453 10461 10469 10295 10303 10737 10319 10327 10335 10343 10351 10416 10424 10432 10440 10448 10456 10464 10472 10295 10303 10311 10319 10581 10589 10597 10605 10613 8178 7946 7951 7956 7961 8178 7946 7951 7956
11000 11004 11008 11012 10326 10799 10342 10350 10415 10423 10431 10439 10447 10455 10752 10754 10294 10302 10310 10318 10326 10334 10342 10350 10415 10423 10431 10439 10447 10455 10463 10471 10294 10302 10310 10318 10580 10588 10596 10604 10612 7945 7950 7955 7960 7965 7945 7950 7955 7960
10990 11003 11007 11011 10454 10322 10330 10478 10301 10309 10317 10325 10333 10341 10349 10357 10422 10430 10438 10446 10454 10462 10470 10478 10301 10309 10317 10325 10333 10341 10349 10357 10422 10430 10438 10446 10579 10587 10595 10603 10611 7944 7949 7954 7959 7964 7944 7949 7954 7959
10421 10429 9788 9790 9792 10321 10329 10477 10300 10308 10316 10324 10332 10340 10348 10356 10421 10429 10437 10445 10453 10461 10469 10477 10300 10308 10316 10324 10332 10340 10348 10356 10421 10429 10437 10445 10578 10586 10594 10602 10610 7943 7948 7953 7958 7963 7943 7948 7953 7958
10420 10428 10436 9789 9791 10460 10468 10476 10299 10307 10315 10323 10331 10339 10347 10355 10420 10428 10436 10444 10452 9784 10468 10476 10299 10307 10315 10323 10331 10339 10347 10355 10420 10428 10436 10444 10577 10585 10593 10601 10609 8179 7947 7952 7957 7962 8179 7947 7952 7957
10419 10427 10435 10443 10451 10459 10467 10475 10298 10306 10314 10322 10330 10338 10346 10354 9790 9792 10435 10443 10451 9783 9786 10475 10298 10306 10314 10322 10330 10338 10346 10354 10419 10427 10435 10443 10543 10551 10559 10567 10575 8178 7946 7951 7956 7961 8178 7946 7951 7956
10418 10426 10434 10442 10450 10458 10466 10474 10297 10305 10313 10321 10329 10337 10345 10353 9789 9791 10434 10442 10450 10458 9785 10731 10297 10305 10313 10321 10329 10337 10345 10353 10418 10426 10434 10442 10542 10550 10558 10566 10574 7945 7950 7955 7960 7965 7945 7950 7955 7960
10417 10425 10433 10441 10449 9785 10465 10473 10296 10304 10312 10320 10328 10336 10344 10352 10417 10425 10433 10441 10449 10457 10465 10730 10731 10304 10312 10320 10328 10336 10344 10352 10417 10425 10433 10441 10541 10549 10557 10565 10573 7944 7949 7954 7959 7964 7944 7949 7954 7959
10416 10424 10432 10440 10448 10456 10464 10472 10295 10303 10311 10319 10327 10335 10343 10351 10416 10424 10432 10440 10448 10456 10464 10731 10730 10303 10311 10319 10327 10335 10343 10351 10416 10424 10432 10440 10540 10548 10556 10564 10572 7943 7948 7953 7958 7963 7943 7948 7953 7958
10415 10423 10431 10439 10447 10455 10463 10471 10294 10302 10310 10757 10759 10762 10342 10350 10415 10423 10431 10439 10447 10455 10463 10730 10294 10302 10310 10318 10326 10334 10342 10350 10415 10735 10431 10439 10539 10547 10555 10563 10571 8179 7947 7952 7957 7962 8179 7947 7952 7957
10301 10309 10317 10325 10333 10341 10349 10357 10422 10430 10756 10446 10758 10761 10765 10478 10301 10309 10317 10325 10333 10341 10349 10357 10422 10430 10438 10446 10454 10462 10470 10478 10732 10732 10734 10325 10538 10546 10554 10562 10570 8178 7946 7951 7956 7961 8178 7946 7951 7956
10300 10308 10316 10324 10332 10340 10348 10356 10421 10429 10437 10445 10453 10760 10764 10477 10300 10308 10316 10324 10332 10340 10348 10356 10421 10429 10437 10445 10453 10461 10469 10477 10300 10732 10316 10324 10537 10545 10553 10561 10569 7945 7950 7955 7960 7965 7945 7950 7955 7960
10299 10307 10315 10323 10331 10339 10347 10355 10420 10428 10436 10444 10452 10460 10763 10767 10299 10307 10315 10323 10331 10339 10347 10355 10420 10428 10436 10444 10452 10460 10468 10476 10732 10307 10315 10323 10536 10544 10552 10560 10568 7944 7949 7954 7959 7964 7944 7949 7954 7959
9788 9790 9792 10322 10330 10338 10346 10354 10419 10427 10435 10443 10451 10459 10467 10766 10298 10306 10314 10322 10330 10338 10346 10354 10419 10427 10435 10443 10451 10459 10467 10475 10298 10306 10314 10322 10133 10141 10149 10157 10165 7943 7948 7953 7958 7963 7943 7948 7953 7958
10297 9789 9791 10321 10329 10337 10345 10353 10418 10426 10434 10442 10450 10458 10466 10474 10297 10305 10313 10321 10329 10337 10345 10353 10418 10426 10434 10442 10450 10458 10466 10474 10297 10305 10313 10321 10132 10140 10148 10156 10164 8179 7947 7952 7957 7962 8179 7947 7952 7957
10296 10304 10312 10320 10328 10336 10344 10352 10417 10425 10433 10441 10449 10457 10465 10473 10296 10304 10312 10320 10328 10336 10344 10352 10417 10425 10433 10441 10449 10457 10465 10473 10296 10304 10312 10320 10131 10139 10147 10155 10163 8178 7946 7951 7956 7961 8178 7946 7951 7956
10295 10303 10311 10319 10327 10335 10343 10351 11007 11023 11027 11031 10448 10456 10464 10472 10295 10303 10311 10319 10327 10335 10343 10351 10416 10424 10432 10440 10448 10456 10464 10472 10295 10303 10311 10319 10130 10138 10146 10154 10162 10170 10175 10180 10074 10079 10084 10092 10100 10108
10294 10302 10310 10318 10326 10334 10342 10350 11018 11022 11026 11030 10447 10455 10463 10471 10294 10302 10310 10318 10326 10334 10342 10350 10415 10423 10431 10439 10447 10455 10463 10471 10294 10302 10310 10318 10129 10137 10145 10153 10161 10169 10174 10179 10073 10078 10083 10091 10099 10107
10422 10430 10438 10446 10454 10462 10470 10478 11017 11021 11025 11029 10333 10341 10349 10357 10422 10430 10438 10446 10454 10462 10470 10478 10301 10309 10317 10325 10333 10341 10349 10357 10422 10430 10438 10446 10128 10136 10144 10152 10160 10168 10173 10178 10072 10077 10082 10090 10098 10106
10421 10429 10437 10445 10453 10461 10469 10477 11007 11020 11024 11028 10332 10340 10348 10356 10421 10429 10437 10445 10453 10461 10469 10477 10300 10308 10316 10324 10332 10340 10348 10356 10421 10429 10437 10445 10127 10135 10143 10151 10159 10167 10172 10177 10071 10076 10081 10089 10097 10105
tile 7943 0 0
tile 7944 56 0
tile 7945 112 0
tile 7946 168 0
tile 7947 224 0
tile 7948 280 0
tile 7949 336 0
tile 7950 392 0
tile 7951 448 0
tile 7952 504 0
tile 7953 560 0
tile 7954 616 0
tile 7955 672 0
tile 7956 728 0
tile 7957 784 0
tile 7958 840 0
tile 7959 896 0
tile 7960 952 0
tile 7961 1008 0
tile 7962 1064 0
tile 7963 1120 0
tile 7964 1176 0
tile 7965 1232 0
tile 8178 1288 0
tile 8179 0 27
tile 9783 56 27
tile 9784 112 27
tile 9785 168 27
tile 9786 224 27
tile 9788 280 27
tile 9789 336 27
tile 9790 392 27
tile 9791 448 27
tile 9792 504 27
tile 9839 560 27
tile 9840 616 27
tile 9841 672 27
tile 9842 728 27
tile 9843 784 27
tile 9844 840 27
tile 9846 896 27
tile 10070 952 27
tile 10071 1008 27
tile 10072 1064 27
tile 10073 1120 27
tile 10074 1176 27
tile 10075 1232 27
tile 10076 1288 27
tile 10077 0 54
tile 10078 56 54
tile 10079 112 54
tile 10080 168 54
tile 10081 224 54
tile 10082 280 54
tile 10083 336 54
tile 10084 392 54
tile 10085 448 54
tile 10086 504 54
tile 10087 560 54
tile 10088 616 54
tile 10089 672 54
tile 10090 728 54
tile 10091 784 54
tile 10092 840 54
tile 10093 896 54
tile 10094 952 54
tile 10095 1008 54
tile 10096 1064 54
tile 10097 1120 54
tile 10098 1176 54
tile 10099 1232 54
tile 10100 1288 54
tile 10101 0 81
tile 10102 56 81
tile 10103 112 81
tile 10104 168 81
tile 10105 224 81
tile 10106 280 81
tile 10107 336 81
tile 10108 392 81
tile 10109 448 81
tile 10110 504 81
tile 10111 560 81
tile 10112 616 81
tile 10113 672 81
tile 10114 728 81
tile 10115 784 81
tile 10116 840 81
tile 10117 896 81
tile 10118 952 81
tile 10119 1008 81
tile 10120 1064 81
tile 10121 1120 81
tile 10122 1176 81
tile 10123 1232 81
tile 10124 1288 81
tile 10126 0 108
tile 10127 56 108
tile 10128 112 108
tile 10129 168 108
tile 10130 224 108
tile 10131 280 108
tile 10132 336 108
tile 10133 392 108
tile 10134 448 108
tile 10135 504 108
tile 10136 560 108
tile 10137 616 108
tile 10138 672 108
tile 10139 728 108
tile 10140 784 108
tile 10141 840 108
tile 10142 896 108
tile 10143 952 108
tile 10144 1008 108
tile 10145 1064 108
tile 10146 1120 108
tile 10147 1176 108
tile 10148 1232 108
tile 10149 1288 108
tile 10150 0 135
tile 10151 56 135
tile 10152 112 135
tile 10153 168 135
tile 10154 224 135
tile 10155 280 135
tile 10156 336 135
tile 10157 392 135
tile 10158 448 135
tile 10159 504 135
tile 10160 560 135
tile 10161 616 135
tile 10162 672 135
tile 10163 728 135
tile 10164 784 135
tile 10165 840 135
tile 10166 896 135
tile 10167 952 135
tile 10168 1008 135
tile 10169 1064 135
tile 10170 1120 135
tile 10171 1176 135
tile 10172 1232 135
tile 10173 1288 135
tile 10174 0 162
tile 10175 56 162
tile 10176 112 162
tile 10177 168 162
tile 10178 224 162
tile 10179 280 162
tile 10180 336 162
tile 10294 392 162
tile 10295 448 162
tile 10296 504 162
tile 10297 560 162
tile 10298 616 162
tile 10299 672 162
tile 10300 728 162
tile 10301 784 162
tile 10302 840 162
tile 10303 896 162
tile 10304 952 162
tile 10305 1008 162
tile 10306 1064 162
tile 10307 1120 162
tile 10308 1176 162
tile 10309 1232 162
tile 10310 1288 162
tile 10311 0 189
tile 10312 56 189
tile 10313 112 189
tile 10314 168 189
tile 10315 224 189
tile 10316 280 189
tile 10317 336 189
tile 10318 392 189
tile 10319 448 189
tile 10320 504 189
tile 10321 560 189
tile 10322 616 189
tile 10323 672 189
tile 10324 728 189
tile 10325 784 189
tile 10326 840 189
tile 10327 896 189
tile 10328 952 189
tile 10329 1008 189
tile 10330 1064 189
tile 10331 1120 189
tile 10332 1176 189
tile 10333 1232 189
tile 10334 1288 189
tile 10335 0 216
tile 10336 56 216
tile 10337 112 216
tile 10338 168 216
tile 10339 224 216
tile 10340 280 216
tile 10341 336 216
tile 10342 392 216
tile 10343 448 216
tile 10344 504 216
tile 10345 560 216
tile 10346 616 216
tile 10347 672 216
tile 10348 728 216
tile 10349 784 216
tile 10350 840 216
tile 10351 896 216
tile 10352 952 216
tile 10353 1008 216
tile 10354 1064 216
tile 10355 1120 216
tile 10356 1176 216
tile 10357 1232 216
tile 10415 1288 216
tile 10416 0 243
tile 10417 56 243
tile 10418 112 243
tile 10419 168 243
tile 10420 224 243
tile 10421 280 243
tile 10422 336 243
tile 10423 392 243
tile 10424 448 243
tile 10425 504 243
tile 10426 560 243
tile 10427 616 243
tile 10428 672 243
tile 10429 728 243
tile 10430 784 243
tile 10431 840 243
tile 10432 896 243
tile 10433 952 243
tile 10434 1008 243
tile 10435 1064 243
tile 10436 1120 243
tile 10437 1176 243
tile 10438 1232 243
tile 10439 1288 243
tile 10440 0 270
tile 10441 56 270
tile 10442 112 270
tile 10443 168 270
tile 10444 224 270
tile 10445 280 270
tile 10446 336 270
tile 10447 392 270
tile 10448 448 270
tile 10449 504 270
tile 10450 560 270
tile 10451 616 270
tile 10452 672 270
tile 10453 728 270
tile 10454 784 270
tile 10455 840 270
tile 10456 896 270
tile 10457 952 270
tile 10458 1008 270
tile 10459 1064 270
tile 10460 1120 270
tile 10461 1176 270
tile 10462 1232 270
tile 10463 1288 270
tile 10464 0 297
tile 10465 56 297
tile 10466 112 297
tile 10467 168 297
tile 10468 224 297
tile 10469 280 297
tile 10470 336 297
tile 10471 392 297
tile 10472 448 297
tile 10473 504 297
tile 10474 560 297
tile 10475 616 297
tile 10476 672 297
tile 10477 728 297
tile 10478 784 297
tile 10480 840 297
tile 10481 896 297
tile 10482 952 297
tile 10483 1008 297
tile 10484 1064 297
tile 10485 1120 297
tile 10486 1176 297
tile 10487 1232 297
tile 10488 1288 297
tile 10489 0 324
tile 10490 56 324
tile 10491 112 324
tile 10492 168 324
tile 10493 224 324
tile 10494 280 324
tile 10495 336 324
tile 10496 392 324
tile 10497 448 324
tile 10498 504 324
tile 10499 560 324
tile 10500 616 324
tile 10501 672 324
tile 10502 728 324
tile 10503 784 324
tile 10504 840 324
tile 10505 896 324
tile 10506 952 324
tile 10507 1008 324
tile 10508 1064 324
tile 10509 1120 324
tile 10510 1176 324
tile 10511 1232 324
tile 10512 1288 324
tile 10513 0 351
tile 10514 56 351
tile 10515 112 351
tile 10516 168 351
tile 10517 224 351
tile 10518 280 351
tile 10519 336 351
tile 10520 392 351
tile 10521 448 351
tile 10522 504 351
tile 10523 560 351
tile 10524 616 351
tile 10525 672 351
tile 10526 728 351
tile 10527 784 351
tile 10528 840 351
tile 10529 896 351
tile 10530 952 351
tile 10531 1008 351
tile 10532 1064 351
tile 10533 1120 351
tile 10534 1176 351
tile 10536 1232 351
tile 10537 1288 351
tile 10538 0 378
tile 10539 56 378
tile 10540 112 378
tile 10541 168 378
tile 10542 224 378
tile 10543 280 378
tile 10544 336 378
tile 10545 392 378
tile 10546 448 378
tile 10547 504 378
tile 10548 560 378
tile 10549 616 378
tile 10550 672 378
tile 10551 728 378
tile 10552 784 378
tile 10553 840 378
tile 10554 896 378
tile 10555 952 378
tile 10556 1008 378
tile 10557 1064 378
tile 10558 1120 378
tile 10559 1176 378
tile 10560 1232 378
tile 10561 1288 378
tile 10562 0 405
tile 10563 56 405
tile 10564 112 405
tile 10565 168 405
tile 10566 224 405
tile 10567 280 405
tile 10568 336 405
tile 10569 392 405
tile 10570 448 405
tile 10571 504 405
tile 10572 560 405
tile 10573 616 405
tile 10574 672 405
tile 10575 728 405
tile 10577 784 405
tile 10578 840 405
tile 10579 896 405
tile 10580 952 405
tile 10581 1008 405
tile 10582 1064 405
tile 10583 1120 405
tile 10584 1176 405
tile 10585 1232 405
tile 10586 1288 405
tile 10587 0 432
tile 10588 56 432
tile 10589 112 432
tile 10590 168 432
tile 10591 224 432
tile 10592 280 432
tile 10593 336 432
tile 10594 392 432
tile 10595 448 432
tile 10596 504 432
tile 10597 560 432
tile 10598 616 432
tile 10599 672 432
tile 10600 728 432
tile 10601 784 432
tile 10602 840 432
tile 10603 896 432
tile 10604 952 432
tile 10605 1008 432
tile 10606 1064 432
tile 10607 1120 432
tile 10608 1176 432
tile 10609 1232 432
tile 10610 1288 432
tile 10611 0 459
tile 10612 56 459
tile 10613 112 459
tile 10614 168 459
tile 10615 224 459
tile 10616 280 459
tile 10674 336 459
tile 10675 392 459
tile 10676 448 459
tile 10677 504 459
tile 10678 560 459
tile 10679 616 459
tile 10680 672 459
tile 10681 728 459
tile 10682 784 459
tile 10683 840 459
tile 10684 896 459
tile 10685 952 459
tile 10686 1008 459
tile 10687 1064 459
tile 10688 1120 459
tile 10689 1176 459
tile 10690 1232 459
tile 10691 1288 459
tile 10692 0 486
tile 10693 56 486
tile 10694 112 486
tile 10695 168 486
tile 10696 224 486
tile 10697 280 486
tile 10698 336 486
tile 10699 392 486
tile 10700 448 486
tile 10701 504 486
tile 10702 560 486
tile 10703 616 486
tile 10704 672 486
tile 10705 728 486
tile 10706 784 486
tile 10707 840 486
tile 10708 896 486
tile 10709 952 486
tile 10710 1008 486
tile 10711 1064 486
tile 10712 1120 486
tile 10713 1176 486
tile 10714 1232 486
tile 10715 1288 486
tile 10716 0 513
tile 10717 56 513
tile 10718 112 513
tile 10719 168 513
tile 10720 224 513
tile 10721 280 513
tile 10722 336 513
tile 10723 392 513
tile 10724 448 513
tile 10725 504 513
tile 10726 560 513
tile 10727 616 513
tile 10728 672 513
tile 10730 728 513
tile 10731 784 513
tile 10732 840 513
tile 10733 896 513
tile 10734 952 513
tile 10735 1008 513
tile 10736 1064 513
tile 10737 1120 513
tile 10738 1176 513
tile 10739 1232 513
tile 10743 1288 513
tile 10745 0 540
tile 10746 56 540
tile 10747 112 540
tile 10748 168 540
tile 10749 224 540
tile 10750 280 540
tile 10752 336 540
tile 10753 392 540
tile 10754 448 540
tile 10756 504 540
tile 10757 560 540
tile 10758 616 540
tile 10759 672 540
tile 10760 728 540
tile 10761 784 540
tile 10762 840 540
tile 10763 896 540
tile 10764 952 540
tile 10765 1008 540
tile 10766 1064 540
tile 10767 1120 540
tile 10799 1176 540
tile 10853 1232 540
tile 10854 1288 540
tile 10855 0 567
tile 10856 56 567
tile 10857 112 567
tile 10858 168 567
tile 10990 224 567
tile 11000 280 567
tile 11001 336 567
tile 11002 392 567
tile 11003 448 567
tile 11004 504 567
tile 11005 560 567
tile 11006 616 567
tile 11007 672 567
tile 11008 728 567
tile 11009 784 567
tile 11010 840 567
tile 11011 896 567
tile 11012 952 567
tile 11013 1008 567
tile 11014 1064 567
tile 11017 1120 567
tile 11018 1176 567
tile 11020 1232 567
tile 11021 1288 567
tile 11022 0 594
tile 11023 56 594
tile 11024 112 594
tile 11025 168 594
tile 11026 224 594
tile 11027 280 594
tile 11028 336 594
tile 11029 392 594
tile 11030 448 594
tile 11031 504 594
picture 10168 168 366 34 0
picture 10169 168 400 28 0
picture 10431 140 688 54 0
picture 10432 140 742 54 0
picture 10437 140 796 54 0
picture 10438 140 850 54 0
picture 10540 112 432 103 0
picture 10541 84 624 118 0
picture 10542 84 130 126 0
picture 10543 84 505 119 0
picture 10544 84 857 113 0
picture 10553 140 0 89 0
picture 10554 112 632 94 0
picture 10556 84 256 126 0
picture 10557 84 0 130 0
picture 10558 112 0 113 0
picture 10559 168 205 45 0
picture 10560 140 554 69 0
picture 10561 140 173 80 0
picture 10562 140 904 54 0
picture 10563 140 412 72 0
picture 10564 112 113 107 0
picture 10565 112 220 107 0
picture 10566 140 253 80 0
picture 10567 168 331 35 0
picture 10568 168 428 28 0
picture 10569 168 250 44 0
picture 10570 168 294 37 0
picture 10571 168 456 28 0
picture 10572 168 106 50 0
picture 10573 168 484 28 0
picture 10575 56 0 165 0
picture 10576 0 646 192 0
picture 10577 28 0 192 0
picture 10578 56 619 142 0
picture 10580 140 958 54 0
picture 10581 140 623 65 0
picture 10582 112 820 93 0
picture 10583 112 327 105 0
picture 10584 112 726 94 0
picture 10585 168 156 49 0
picture 10586 140 89 84 0
picture 10587 56 761 142 0
picture 10588 56 165 156 0
picture 10589 28 192 187 0
picture 10590 28 379 187 0
picture 10591 84 382 123 0
picture 10592 168 0 54 0
picture 10593 140 333 79 0
picture 10594 56 321 149 0
picture 10595 28 566 175 0
picture 10596 0 436 210 0
picture 10597 0 0 224 0
picture 10598 0 224 212 0
picture 10602 140 484 70 0
picture 10603 168 54 52 0
picture 10604 168 512 26 0
picture 10615 112 535 97 0
picture 10616 112 913 92 0
picture 10629 28 741 167 0
picture 10630 56 470 149 0
picture 10631 84 742 115 0
object 2 23 right 10558
object 4 23 right 10558
object 2 24 left 10556
object 2 24 right 10557
object 4 24 left 10556
object 4 24 right 10557
object 5 25 right 10544
object 3 26 left 10540
object 4 26 left 10541
object 5 26 left 10542
object 5 26 right 10543
object 0 29 left 10431
object 0 29 right 10432
object 5 29 right 10558
object 5 30 left 10556
object 5 30 right 10557
object 5 31 left 10553
object 5 31 right 10554
object 11 31 left 10603
object 11 31 right 10604
object 10 32 left 10631
object 10 32 right 10602
object 15 32 right 10562
object 14 33 left 10559
object 15 33 left 10560
object 15 33 right 10561
object 4 34 right 10567
object 10 34 right 10630
object 15 34 left 10168
object 15 34 right 10169
object 4 35 right 10566
object 10 35 right 10629
object 22 35 left 10168
object 22 35 right 10169
object 3 36 left 10563
object 4 36 left 10564
object 4 36 right 10565
object 5 36 left 10592
object 6 36 left 10593
object 11 36 left 10575
object 13 36 right 10578
object 15 36 right 10578
object 17 36 right 10567
object 22 36 right 10585
object 3 37 left 10168
object 3 37 right 10169
object 5 37 right 10585
object 6 37 left 10568
object 7 37 left 10569
object 7 37 right 10570
object 8 37 left 10594
object 9 37 left 10595
object 10 37 left 10596
object 11 37 left 10597
object 11 37 right 10598
object 12 37 left 10575
object 13 37 left 10576
object 13 37 right 10577
object 14 37 left 10575
object 15 37 left 10576
object 15 37 right 10577
object 17 37 right 10566
object 22 37 right 10584
object 5 38 right 10584
object 6 38 right 10573
object 15 38 right 10578
object 16 38 left 10563
object 17 38 left 10564
object 17 38 right 10565
object 22 38 left 10582
object 22 38 right 10583
object 5 39 left 10582
object 5 39 right 10583
object 6 39 left 10571
object 6 39 right 10572
object 9 39 right 10562
object 14 39 left 10575
object 15 39 left 10576
object 15 39 right 10577
object 16 39 right 10573
object 21 39 left 10580
object 21 39 right 10581
object 4 40 left 10580
object 4 40 right 10581
object 6 40 right 10562
object 8 40 left 10559
object 9 40 left 10560
object 9 40 right 10561
object 11 40 right 10566
object 13 40 left 10168
object 13 40 right 10169
object 16 40 left 10571
object 16 40 right 10572
object 5 41 left 10559
object 6 41 left 10560
object 6 41 right 10561
object 10 41 left 10563
object 11 41 left 10564
object 11 41 right 10565
object 13 41 left 10168
object 13 41 right 10169
object 14 41 left 10168
object 14 41 right 10169
object 8 42 left 10615
object 8 42 right 10616
object 14 42 left 10168
object 14 42 right 10169
object 11 43 left 10586
object 15 43 right 10591
object 2 44 right 10567
object 13 44 left 10587
object 14 44 left 10588
object 15 44 left 10589
object 15 44 right 10590
object 2 45 right 10566
object 1 46 left 10563
object 2 46 left 10564
object 2 46 right 10565
object 3 46 left 10168
object 3 46 right 10169
object 8 49 left 10437
object 8 49 right 10438
