# lod20021 — tools/dat-extract layout 이 만든다. 손으로 고치지 말 것.
size 50 50
blocked
##################################################
##################....############################
##................................................
##................................................
##................................................
##................................................
##................................................
##................................................
##................................................
##................................................
##................................................
##......................................####......
##......................................#####.....
##.........###..........................####......
##..........###...........................#.......
##..........#.#...................................
##..........#.....................................
##................................................
##................................................
##................................................
##................................................
##................................................
##..................................##............
##..................................###...........
##..................................##............
##.................................###............
##.......##.......................................
##.......##.......................................
##.......##.......................................
##.......##.......................................
##................................................
##................................................
##.....#..........................................
##.....#..........................................
##.....#..........................................
##.....##.........................................
##......#.........................................
##................................................
##................................................
##................................................
##................................................
##................................................
##................................................
##................................................
##................................................
##................................................
##...............##...............................
##...............###..............................
##................###.............................
##..................#.............................
floor
0 0 0 0 0 0 0 0 0 0 0 0 0 0 0 0 0 0 0 0 0 0 0 0 0 0 0 0 0 0 0 0 0 0 0 0 0 0 0 0 0 0 0 0 0 0 0 0 0 0
0 0 0 0 0 0 0 0 0 0 0 0 0 0 0 0 0 0 0 0 0 0 0 0 0 0 0 0 0 0 0 0 0 0 0 0 0 0 0 0 0 0 0 0 0 0 0 0 0 0
0 0 14469 14479 14505 14493 14496 14499 14502 14505 14508 14511 14514 14517 14520 14523 14526 14530 14533 14536 14539 14542 14545 14548 14551 14554 14469 14469 14479 14489 14493 14496 14499 14502 14505 14508 14511 14514 14517 14520 14523 14526 14530 14533 14536 14539 14542 14545 14548 14551
0 0 14468 14478 14488 14492 14495 14498 14501 14504 14507 14510 14513 14516 14519 14522 14525 14529 14532 14535 14538 14541 14544 14547 14550 14492 14492 14468 14478 14488 14492 14495 14498 14501 14504 14507 14510 14513 14516 14519 14522 14525 14529 14532 14535 14538 14541 14544 14547 14550
0 0 14467 14477 14487 14491 14494 14497 14500 14503 14506 14509 14512 14515 14518 14521 14759 14763 14767 14771 14791 14795 14799 14803 14549 14491 14494 14467 14477 14487 14491 14494 14497 14500 14503 14506 14509 14512 14515 14518 14521 14524 14528 14531 14534 14537 14540 14543 14546 14549
0 0 14466 14476 14486 14403 14407 14411 14415 14403 14407 14411 14415 14403 14407 14411 14758 14762 14766 14770 14790 14794 14798 14802 14415 14403 14407 14411 14415 14403 14407 14411 14415 14403 14407 14411 14415 14403 14407 14411 14415 14403 14407 14411 14415 14403 14407 14411 14415 14403
0 0 14465 14475 14485 14402 14406 14410 14414 14402 14406 14410 14414 14402 14406 14410 14757 14761 14765 14769 14789 14793 14797 14801 14414 14402 14406 14410 14414 14402 14406 14410 14414 14402 14406 14410 14414 14402 14406 14410 14414 14402 14406 14410 14414 14402 14406 14410 14414 14402
0 0 14464 14474 14484 14401 14405 14409 14413 14401 14405 14409 14413 14401 14405 14409 14920 14924 14928 14932 14968 14972 14976 14980 14413 14401 14405 14409 14413 14401 14405 14409 14413 14401 14405 14409 14413 14401 14405 14409 14413 14401 14405 14409 14413 14401 14405 14409 14413 14401
0 0 14463 14473 14483 14400 14404 14408 14412 14400 14404 14408 14412 14400 14404 14408 14919 14923 14927 14931 14967 14971 14975 14979 14412 14400 14404 14408 14412 14400 14404 14408 14412 14400 14404 14408 14412 14400 14404 14408 14412 14400 14404 14408 14412 14400 14404 14408 14412 14400
0 0 14462 14472 14482 14403 14407 14411 14415 14403 14407 14411 14415 14403 14407 14411 14918 14922 14926 14930 14966 14970 14974 14978 14415 14403 14407 14411 14415 14403 14407 14411 14415 14403 14407 14411 14415 14403 14407 14411 14415 14403 14407 14411 14415 14403 14407 14411 14415 14403
0 0 14461 14471 14481 14402 14406 14410 14414 14402 14406 14410 14414 14402 14406 14410 14917 14921 14925 14929 14680 14684 14688 14792 14796 14800 14804 14410 14414 14402 14406 14410 14414 14402 14406 14410 14414 14402 14406 14410 14414 14402 14406 14410 14414 14402 14406 14410 14414 14402
0 0 14460 14470 14480 14401 14405 14409 14413 14401 14405 14409 14413 14401 14405 14409 14936 14940 14944 14948 14679 14683 14687 14791 14795 14799 14803 14409 14413 14401 14405 14409 14413 14401 14405 14409 14413 14401 14405 14409 14413 14401 14405 14409 14413 14401 14405 14409 14413 14401
0 0 14430 14444 14458 14400 14404 14408 14412 14400 14404 14408 14412 14400 14404 14408 14935 14939 14943 14947 14678 14682 14686 14790 14794 14798 14802 14408 14412 14400 14404 14408 14412 14400 14404 14408 14412 14400 14404 14408 14412 14400 14404 14408 14412 14400 14404 14408 14412 14400
0 0 14429 14443 14457 14403 14407 14411 14415 14403 14407 14411 14415 14403 14407 14411 14744 14748 14752 14712 14677 14681 14685 14789 14793 14797 14801 14411 14415 14403 14407 14411 14415 14403 14407 14411 14415 14403 14407 14411 14415 14403 14407 14411 14415 14403 14407 14411 14415 14403
0 0 14428 14442 14456 14402 14406 14410 14414 14402 14406 14410 14414 14402 14406 14410 14743 14747 14751 14711 14715 14719 14723 14968 14972 14976 14980 14410 14414 14402 14406 14410 14414 14402 14406 14410 14414 14402 14406 14410 14414 14402 14406 14410 14414 14402 14406 14410 14414 14402
0 0 14427 14441 14455 14401 14405 14409 14413 14401 14405 14409 14413 14401 14405 14409 14742 14746 14750 14710 14714 14718 14722 14967 14971 14975 14979 14409 14413 14401 14405 14409 14413 14401 14405 14409 14413 14401 14405 14409 14413 14401 14405 14409 14413 14401 14405 14409 14413 14401
0 0 14426 14440 14454 14400 14404 14408 14412 14400 14404 14408 14412 14400 14404 14408 14741 14745 14749 14709 14713 14717 14721 14966 14970 14974 14978 14408 14412 14400 14404 14408 14412 14400 14404 14408 14412 14400 14404 14408 14412 14400 14404 14408 14412 14400 14404 14408 14412 14400
0 0 14425 14439 14453 14403 14407 14411 14415 14403 14407 14411 14415 14403 14407 14411 14415 14403 14407 14951 14955 14959 14963 14887 14891 14895 14899 14411 14415 14403 14407 14411 14415 14403 14407 14411 14415 14403 14407 14411 14415 14403 14407 14411 14415 14403 14407 14411 14415 14403
0 0 14424 14438 14452 14402 14406 14410 14414 14402 14406 14410 14414 14402 14406 14410 14414 14402 14406 14950 14954 14958 14962 14886 14890 14894 14898 14410 14414 14402 14406 14410 14414 14402 14406 14410 14414 14402 14406 14410 14414 14402 14406 14410 14414 14402 14406 14410 14414 14402
0 0 14423 14437 14451 14401 14405 14409 14413 14401 14405 14409 14413 14401 14405 14409 14413 14401 14405 14949 14953 14957 14961 14885 14889 14893 14897 14409 14413 14401 14405 14409 14413 14401 14405 14409 14413 14401 14405 14409 14413 14401 14405 14409 14413 14401 14405 14409 14413 14401
0 0 14422 14436 14450 14400 14404 14408 14412 14400 14404 14408 14412 14400 14404 14408 14412 14400 14404 14904 14908 14912 14916 14872 14876 14880 14884 14408 14412 14400 14404 14408 14412 14400 14404 14408 14412 14400 14404 14408 14412 14400 14404 14408 14412 14400 14404 14408 14412 14400
0 0 14421 14435 14449 14403 14407 14411 14415 14403 14407 14411 14415 14403 14407 14411 14415 14403 14407 14903 14907 14911 14915 14871 14875 14879 14883 14411 14415 14403 14407 14411 14415 14403 14407 14411 14415 14403 14407 14411 14415 14403 14407 14411 14415 14403 14407 14411 14415 14403
0 0 14420 14434 14448 14402 14406 14410 14414 14402 14406 14410 14414 14402 14406 14410 14414 14402 14920 14902 14906 14910 14914 14680 14684 14688 14792 14796 14800 14804 14406 14410 14414 14402 14406 14410 14414 14402 14406 14410 14414 14402 14406 14410 14414 14402 14406 14410 14414 14402
0 0 14419 14433 14447 14401 14405 14409 14413 14401 14405 14409 14413 14401 14405 14409 14413 14401 14919 14901 14905 14909 14913 14679 14683 14687 14791 14795 14799 14803 14405 14409 14413 14401 14405 14409 14413 14401 14405 14409 14413 14401 14405 14409 14413 14401 14405 14409 14413 14401
0 0 14418 14432 14446 14400 14404 14408 14412 14400 14404 14408 14412 14400 14404 14408 14412 14400 14918 14922 14926 14930 14756 14678 14682 14686 14790 14794 14798 14802 14404 14408 14412 14400 14404 14408 14412 14400 14404 14408 14412 14400 14404 14408 14412 14400 14404 14408 14412 14400
0 0 14417 14431 14445 14403 14407 14411 14415 14403 14407 14411 14415 14403 14407 14411 14415 14403 14917 14921 14925 14929 14915 14677 14681 14685 14789 14793 14797 14801 14407 14411 14415 14403 14407 14411 14415 14403 14407 14411 14415 14403 14407 14411 14415 14403 14407 14411 14415 14403
0 0 14422 14436 14450 14402 14406 14410 14414 14402 14406 14410 14414 14402 14406 14410 14414 14402 14936 14940 14944 14915 14915 14677 14716 14720 14968 14972 14976 14980 14406 14410 14414 14402 14406 14410 14414 14402 14406 14410 14414 14402 14406 14410 14414 14402 14406 14410 14414 14402
0 0 14469 14479 14486 14401 14405 14409 14413 14401 14405 14409 14413 14401 14405 14409 14413 14401 14744 14748 14752 14756 14712 14716 14720 14724 14967 14971 14975 14979 14405 14409 14413 14401 14405 14409 14413 14401 14405 14409 14413 14401 14405 14409 14413 14401 14405 14409 14413 14401
0 0 14468 14478 14488 14400 14404 14408 14412 14400 14404 14408 14412 14400 14404 14408 14412 14400 14743 14747 14751 14755 14711 14715 14719 14723 14966 14970 14974 14978 14404 14408 14412 14400 14404 14408 14412 14400 14404 14408 14412 14400 14404 14408 14412 14400 14404 14408 14412 14400
0 0 14467 14477 14487 14403 14407 14411 14415 14403 14407 14411 14415 14403 14407 14411 14415 14403 14742 14746 14750 14754 14710 14714 14718 14722 14965 14969 14973 14977 14407 14411 14415 14403 14407 14411 14415 14403 14407 14411 14415 14403 14407 14411 14415 14403 14407 14411 14415 14403
0 0 14466 14476 14486 14402 14406 14410 14414 14402 14406 14410 14414 14402 14406 14410 14414 14402 14741 14745 14749 14753 14709 14713 14717 14721 14968 14972 14976 14980 14406 14410 14414 14402 14406 14410 14414 14402 14406 14410 14414 14402 14406 14410 14414 14402 14406 14410 14414 14402
0 0 14465 14475 14485 14401 14405 14409 14413 14401 14405 14409 14413 14401 14405 14409 14413 14401 14405 14409 14413 14401 14919 14923 14927 14931 14967 14971 14975 14979 14405 14409 14413 14401 14405 14409 14413 14401 14405 14409 14413 14401 14405 14409 14413 14401 14405 14409 14413 14401
0 0 14464 14474 14484 14400 14404 14408 14412 14400 14404 14408 14412 14400 14404 14408 14412 14400 14404 14408 14412 14400 14918 14922 14926 14930 14966 14970 14974 14978 14404 14408 14412 14400 14404 14408 14412 14400 14404 14408 14412 14400 14404 14408 14412 14400 14404 14408 14412 14400
0 0 14463 14473 14483 14403 14407 14411 14415 14403 14407 14411 14415 14403 14407 14411 14415 14403 14407 14411 14415 14403 14917 14921 14925 14929 14965 14969 14973 14977 14407 14411 14415 14403 14407 14411 14415 14403 14407 14411 14415 14403 14407 14411 14415 14403 14407 14411 14415 14403
0 0 14462 14472 14482 14402 14406 14410 14414 14402 14406 14410 14414 14402 14406 14410 14414 14402 14406 14410 14414 14402 14936 14940 14944 14948 14984 14988 14992 14996 14406 14410 14414 14402 14406 14410 14414 14402 14406 14410 14414 14402 14406 14410 14414 14402 14406 14410 14414 14402
0 0 14461 14471 14481 14401 14405 14409 14413 14401 14405 14409 14413 14401 14405 14409 14413 14401 14405 14409 14413 14401 14935 14939 14943 14947 14983 14987 14991 14995 14405 14409 14413 14401 14405 14409 14413 14401 14405 14409 14413 14401 14405 14409 14413 14401 14405 14409 14413 14401
0 0 14460 14470 14480 14400 14404 14408 14412 14400 14404 14408 14412 14400 14404 14408 14412 14400 14404 14408 14412 14400 14934 14938 14942 14946 14982 14986 14990 14994 14404 14408 14412 14400 14404 14408 14412 14400 14404 14408 14412 14400 14404 14408 14412 14400 14404 14408 14412 14400
0 0 14430 14444 14458 14403 14407 14411 14415 14403 14407 14411 14415 14403 14407 14411 14415 14403 14407 14411 14415 14403 14933 14937 14941 14945 14981 14985 14989 14993 14407 14411 14415 14403 14407 14411 14415 14403 14407 14411 14415 14403 14407 14411 14415 14403 14407 14411 14415 14403
0 0 14429 14443 14457 14402 14406 14410 14414 14402 14406 14410 14414 14402 14406 14410 14414 14402 14406 14410 14414 14402 14952 14956 14960 14964 14888 14892 14896 14900 14406 14410 14414 14402 14406 14410 14414 14402 14406 14410 14414 14402 14406 14410 14414 14402 14406 14410 14414 14402
0 0 14428 14442 14456 14401 14405 14409 14413 14401 14405 14409 14413 14401 14405 14409 14413 14401 14405 14409 14413 14401 14951 14955 14959 14963 14887 14891 14895 14899 14405 14409 14413 14401 14405 14409 14413 14401 14405 14409 14413 14401 14405 14409 14413 14401 14405 14409 14413 14401
0 0 14427 14441 14455 14400 14404 14408 14412 14400 14404 14408 14412 14400 14404 14408 14412 14400 14404 14408 14412 14400 14950 14954 14958 14962 14886 14890 14894 14898 14404 14408 14412 14400 14404 14408 14412 14400 14404 14408 14412 14400 14404 14408 14412 14400 14404 14408 14412 14400
0 0 14426 14440 14454 14403 14407 14411 14415 14403 14407 14411 14415 14403 14407 14411 14415 14403 14407 14411 14415 14403 14949 14953 14957 14961 14885 14889 14893 14897 14407 14411 14415 14403 14407 14411 14415 14403 14407 14411 14415 14403 14407 14411 14415 14403 14407 14411 14415 14403
0 0 14425 14439 14453 14402 14406 14410 14414 14402 14406 14410 14414 14402 14406 14410 14414 14402 14406 14410 14414 14402 14904 14908 14912 14916 14872 14876 14880 14884 14406 14410 14414 14402 14406 14410 14414 14402 14406 14410 14414 14402 14406 14410 14414 14402 14406 14410 14414 14402
0 0 14424 14438 14452 14401 14405 14409 14413 14401 14405 14409 14413 14401 14405 14409 14413 14401 14405 14409 14413 14401 14903 14907 14911 14915 14871 14875 14879 14883 14405 14409 14413 14401 14405 14409 14413 14401 14405 14409 14413 14401 14405 14409 14413 14401 14405 14409 14413 14401
0 0 14423 14437 14451 14400 14404 14408 14412 14400 14404 14408 14412 14400 14404 14408 14412 14400 14404 14408 14412 14400 14902 14906 14910 14914 14870 14874 14878 14882 14404 14408 14412 14400 14404 14408 14412 14400 14404 14408 14412 14400 14404 14408 14412 14400 14404 14408 14412 14400
0 0 14422 14436 14450 14403 14407 14411 14415 14403 14407 14411 14415 14403 14407 14411 14415 14403 14407 14411 14415 14403 14901 14905 14909 14913 14869 14873 14877 14881 14407 14411 14415 14403 14407 14411 14415 14403 14407 14411 14415 14403 14407 14411 14415 14403 14407 14411 14415 14403
0 0 14421 14435 14449 14402 14406 14410 14414 14402 14406 14410 14414 14402 14406 14410 14414 14402 14406 14410 14414 14402 14920 14924 14928 14932 14968 14972 14976 14980 14406 14410 14414 14402 14406 14410 14414 14402 14406 14410 14414 14402 14406 14410 14414 14402 14406 14410 14414 14402
0 0 14420 14434 14448 14401 14405 14409 14413 14401 14405 14409 14413 14401 14405 14409 14413 14401 14405 14409 14413 14401 14919 14923 14927 14931 14967 14971 14975 14979 14405 14409 14413 14401 14405 14409 14413 14401 14405 14409 14413 14401 14405 14409 14413 14401 14405 14409 14413 14401
0 0 14419 14433 14447 14400 14404 14408 14412 14400 14404 14408 14412 14400 14404 14408 14412 14400 14404 14408 14412 14400 14918 14922 14926 14930 14966 14970 14974 14978 14404 14408 14412 14400 14404 14408 14412 14400 14404 14408 14412 14400 14404 14408 14412 14400 14404 14408 14412 14400
0 0 14418 14432 14446 14403 14407 14411 14415 14403 14407 14411 14415 14403 14407 14411 14415 14403 14407 14411 14415 14403 14917 14921 14925 14929 14965 14969 14973 14977 14407 14411 14415 14403 14407 14411 14415 14403 14407 14411 14415 14403 14407 14411 14415 14403 14407 14411 14415 14403
tile 14400 0 0
tile 14401 56 0
tile 14402 112 0
tile 14403 168 0
tile 14404 224 0
tile 14405 280 0
tile 14406 336 0
tile 14407 392 0
tile 14408 448 0
tile 14409 504 0
tile 14410 560 0
tile 14411 616 0
tile 14412 672 0
tile 14413 728 0
tile 14414 784 0
tile 14415 840 0
tile 14417 896 0
tile 14418 952 0
tile 14419 1008 0
tile 14420 0 27
tile 14421 56 27
tile 14422 112 27
tile 14423 168 27
tile 14424 224 27
tile 14425 280 27
tile 14426 336 27
tile 14427 392 27
tile 14428 448 27
tile 14429 504 27
tile 14430 560 27
tile 14431 616 27
tile 14432 672 27
tile 14433 728 27
tile 14434 784 27
tile 14435 840 27
tile 14436 896 27
tile 14437 952 27
tile 14438 1008 27
tile 14439 0 54
tile 14440 56 54
tile 14441 112 54
tile 14442 168 54
tile 14443 224 54
tile 14444 280 54
tile 14445 336 54
tile 14446 392 54
tile 14447 448 54
tile 14448 504 54
tile 14449 560 54
tile 14450 616 54
tile 14451 672 54
tile 14452 728 54
tile 14453 784 54
tile 14454 840 54
tile 14455 896 54
tile 14456 952 54
tile 14457 1008 54
tile 14458 0 81
tile 14460 56 81
tile 14461 112 81
tile 14462 168 81
tile 14463 224 81
tile 14464 280 81
tile 14465 336 81
tile 14466 392 81
tile 14467 448 81
tile 14468 504 81
tile 14469 560 81
tile 14470 616 81
tile 14471 672 81
tile 14472 728 81
tile 14473 784 81
tile 14474 840 81
tile 14475 896 81
tile 14476 952 81
tile 14477 1008 81
tile 14478 0 108
tile 14479 56 108
tile 14480 112 108
tile 14481 168 108
tile 14482 224 108
tile 14483 280 108
tile 14484 336 108
tile 14485 392 108
tile 14486 448 108
tile 14487 504 108
tile 14488 560 108
tile 14489 616 108
tile 14491 672 108
tile 14492 728 108
tile 14493 784 108
tile 14494 840 108
tile 14495 896 108
tile 14496 952 108
tile 14497 1008 108
tile 14498 0 135
tile 14499 56 135
tile 14500 112 135
tile 14501 168 135
tile 14502 224 135
tile 14503 280 135
tile 14504 336 135
tile 14505 392 135
tile 14506 448 135
tile 14507 504 135
tile 14508 560 135
tile 14509 616 135
tile 14510 672 135
tile 14511 728 135
tile 14512 784 135
tile 14513 840 135
tile 14514 896 135
tile 14515 952 135
tile 14516 1008 135
tile 14517 0 162
tile 14518 56 162
tile 14519 112 162
tile 14520 168 162
tile 14521 224 162
tile 14522 280 162
tile 14523 336 162
tile 14524 392 162
tile 14525 448 162
tile 14526 504 162
tile 14528 560 162
tile 14529 616 162
tile 14530 672 162
tile 14531 728 162
tile 14532 784 162
tile 14533 840 162
tile 14534 896 162
tile 14535 952 162
tile 14536 1008 162
tile 14537 0 189
tile 14538 56 189
tile 14539 112 189
tile 14540 168 189
tile 14541 224 189
tile 14542 280 189
tile 14543 336 189
tile 14544 392 189
tile 14545 448 189
tile 14546 504 189
tile 14547 560 189
tile 14548 616 189
tile 14549 672 189
tile 14550 728 189
tile 14551 784 189
tile 14554 840 189
tile 14677 896 189
tile 14678 952 189
tile 14679 1008 189
tile 14680 0 216
tile 14681 56 216
tile 14682 112 216
tile 14683 168 216
tile 14684 224 216
tile 14685 280 216
tile 14686 336 216
tile 14687 392 216
tile 14688 448 216
tile 14709 504 216
tile 14710 560 216
tile 14711 616 216
tile 14712 672 216
tile 14713 728 216
tile 14714 784 216
tile 14715 840 216
tile 14716 896 216
tile 14717 952 216
tile 14718 1008 216
tile 14719 0 243
tile 14720 56 243
tile 14721 112 243
tile 14722 168 243
tile 14723 224 243
tile 14724 280 243
tile 14741 336 243
tile 14742 392 243
tile 14743 448 243
tile 14744 504 243
tile 14745 560 243
tile 14746 616 243
tile 14747 672 243
tile 14748 728 243
tile 14749 784 243
tile 14750 840 243
tile 14751 896 243
tile 14752 952 243
tile 14753 1008 243
tile 14754 0 270
tile 14755 56 270
tile 14756 112 270
tile 14757 168 270
tile 14758 224 270
tile 14759 280 270
tile 14761 336 270
tile 14762 392 270
tile 14763 448 270
tile 14765 504 270
tile 14766 560 270
tile 14767 616 270
tile 14769 672 270
tile 14770 728 270
tile 14771 784 270
tile 14789 840 270
tile 14790 896 270
tile 14791 952 270
tile 14792 1008 270
tile 14793 0 297
tile 14794 56 297
tile 14795 112 297
tile 14796 168 297
tile 14797 224 297
tile 14798 280 297
tile 14799 336 297
tile 14800 392 297
tile 14801 448 297
tile 14802 504 297
tile 14803 560 297
tile 14804 616 297
tile 14869 672 297
tile 14870 728 297
tile 14871 784 297
tile 14872 840 297
tile 14873 896 297
tile 14874 952 297
tile 14875 1008 297
tile 14876 0 324
tile 14877 56 324
tile 14878 112 324
tile 14879 168 324
tile 14880 224 324
tile 14881 280 324
tile 14882 336 324
tile 14883 392 324
tile 14884 448 324
tile 14885 504 324
tile 14886 560 324
tile 14887 616 324
tile 14888 672 324
tile 14889 728 324
tile 14890 784 324
tile 14891 840 324
tile 14892 896 324
tile 14893 952 324
tile 14894 1008 324
tile 14895 0 351
tile 14896 56 351
tile 14897 112 351
tile 14898 168 351
tile 14899 224 351
tile 14900 280 351
tile 14901 336 351
tile 14902 392 351
tile 14903 448 351
tile 14904 504 351
tile 14905 560 351
tile 14906 616 351
tile 14907 672 351
tile 14908 728 351
tile 14909 784 351
tile 14910 840 351
tile 14911 896 351
tile 14912 952 351
tile 14913 1008 351
tile 14914 0 378
tile 14915 56 378
tile 14916 112 378
tile 14917 168 378
tile 14918 224 378
tile 14919 280 378
tile 14920 336 378
tile 14921 392 378
tile 14922 448 378
tile 14923 504 378
tile 14924 560 378
tile 14925 616 378
tile 14926 672 378
tile 14927 728 378
tile 14928 784 378
tile 14929 840 378
tile 14930 896 378
tile 14931 952 378
tile 14932 1008 378
tile 14933 0 405
tile 14934 56 405
tile 14935 112 405
tile 14936 168 405
tile 14937 224 405
tile 14938 280 405
tile 14939 336 405
tile 14940 392 405
tile 14941 448 405
tile 14942 504 405
tile 14943 560 405
tile 14944 616 405
tile 14945 672 405
tile 14946 728 405
tile 14947 784 405
tile 14948 840 405
tile 14949 896 405
tile 14950 952 405
tile 14951 1008 405
tile 14952 0 432
tile 14953 56 432
tile 14954 112 432
tile 14955 168 432
tile 14956 224 432
tile 14957 280 432
tile 14958 336 432
tile 14959 392 432
tile 14960 448 432
tile 14961 504 432
tile 14962 560 432
tile 14963 616 432
tile 14964 672 432
tile 14965 728 432
tile 14966 784 432
tile 14967 840 432
tile 14968 896 432
tile 14969 952 432
tile 14970 1008 432
tile 14971 0 459
tile 14972 56 459
tile 14973 112 459
tile 14974 168 459
tile 14975 224 459
tile 14976 280 459
tile 14977 336 459
tile 14978 392 459
tile 14979 448 459
tile 14980 504 459
tile 14981 560 459
tile 14982 616 459
tile 14983 672 459
tile 14984 728 459
tile 14985 784 459
tile 14986 840 459
tile 14987 896 459
tile 14988 952 459
tile 14989 1008 459
tile 14990 0 486
tile 14991 56 486
tile 14992 112 486
tile 14993 168 486
tile 14994 224 486
tile 14995 280 486
tile 14996 336 486
picture 755 812 516 49 0
picture 756 812 565 49 0
picture 13957 0 0 378 0
picture 13958 0 378 378 0
picture 13959 28 0 378 0
picture 13960 28 378 378 0
picture 13961 56 0 378 0
picture 13962 56 378 378 0
picture 14025 784 692 135 0
picture 14026 784 142 139 0
picture 14027 784 281 139 0
picture 14028 784 827 115 0
picture 14029 784 420 136 0
picture 14030 756 756 144 0
picture 14031 784 0 142 0
picture 14032 784 556 136 0
picture 14033 812 791 38 0
picture 14034 812 829 37 0
picture 14035 840 0 33 0
picture 14036 812 937 34 0
picture 14037 812 614 47 0
picture 14038 812 661 47 0
picture 14039 812 341 59 0
picture 14040 812 400 58 0
picture 14041 812 971 34 0
picture 14042 840 33 33 0
picture 14043 812 866 36 0
picture 14044 812 902 35 0
picture 14052 812 186 82 0
picture 14053 812 94 92 0
picture 14054 812 0 94 0
picture 14055 812 268 73 0
picture 14056 812 458 58 0
picture 14066 812 750 41 0
picture 14067 812 708 42 0
picture 14068 84 0 378 0
picture 14069 84 378 378 0
picture 14070 112 0 378 0
picture 14071 112 378 378 0
picture 14072 140 0 378 0
picture 14073 140 378 378 0
picture 14074 168 0 378 0
picture 14075 168 378 378 0
picture 14076 196 0 378 0
picture 14077 196 378 378 0
picture 14078 224 0 378 0
picture 14079 224 378 378 0
picture 14080 252 0 378 0
picture 14081 252 378 378 0
picture 14082 280 0 378 0
picture 14083 280 378 378 0
picture 14084 308 0 378 0
picture 14085 308 378 378 0
picture 14086 336 0 378 0
picture 14087 336 378 378 0
picture 14088 364 0 378 0
picture 14089 364 378 378 0
picture 14090 392 0 378 0
picture 14091 392 378 378 0
picture 14092 420 0 378 0
picture 14093 420 378 378 0
picture 14094 448 0 378 0
picture 14095 448 378 378 0
picture 14096 476 0 378 0
picture 14097 476 378 378 0
picture 14098 504 0 378 0
picture 14099 504 378 378 0
picture 14100 532 0 378 0
picture 14101 532 378 378 0
picture 14102 560 0 378 0
picture 14103 560 378 378 0
picture 14104 588 0 378 0
picture 14105 588 378 378 0
picture 14106 616 0 378 0
picture 14107 616 378 378 0
picture 14108 644 0 378 0
picture 14109 644 378 378 0
picture 14110 672 0 378 0
picture 14111 672 378 378 0
picture 14112 700 0 378 0
picture 14113 700 378 378 0
picture 14114 728 0 378 0
picture 14115 728 378 378 0
picture 14116 756 0 378 0
picture 14117 756 378 378 0
object 2 1 left 14093
object 3 1 left 14094
object 4 1 left 14095
object 5 1 left 14096
object 6 1 left 14097
object 7 1 left 14098
object 8 1 left 14099
object 9 1 left 14100
object 10 1 left 14101
object 11 1 left 14102
object 12 1 left 14103
object 13 1 left 14104
object 14 1 left 14105
object 15 1 left 14106
object 16 1 left 14107
object 17 1 left 14088
object 18 1 left 13957
object 19 1 left 13958
object 20 1 left 13959
object 21 1 left 13960
object 22 1 left 13961
object 23 1 left 13962
object 24 1 left 14085
object 25 1 left 14086
object 26 1 left 14087
object 27 1 left 14093
object 28 1 left 14094
object 29 1 left 14095
object 30 1 left 14096
object 31 1 left 14097
object 32 1 left 14098
object 33 1 left 14099
object 34 1 left 14100
object 35 1 left 14101
object 36 1 left 14102
object 37 1 left 14103
object 38 1 left 14104
object 39 1 left 14105
object 40 1 left 14106
object 41 1 left 14107
object 42 1 left 14088
object 43 1 left 14089
object 44 1 left 14090
object 45 1 left 14091
object 46 1 left 14092
object 47 1 left 14083
object 48 1 left 14084
object 49 1 left 14085
object 1 2 right 14072
object 7 2 left 755
object 7 2 right 756
object 15 2 left 14066
object 15 2 right 14067
object 16 2 left 14066
object 16 2 right 14067
object 23 2 left 14041
object 23 2 right 14042
object 32 2 left 755
object 32 2 right 756
object 44 2 left 755
object 44 2 right 756
object 46 2 left 755
object 46 2 right 756
object 1 3 right 14071
object 14 3 left 14041
object 14 3 right 14042
object 15 3 left 14037
object 15 3 right 14038
object 16 3 left 14037
object 16 3 right 14038
object 17 3 left 14041
object 17 3 right 14042
object 18 3 left 14066
object 18 3 right 14067
object 25 3 left 14041
object 25 3 right 14042
object 26 3 left 14043
object 26 3 right 14044
object 27 3 left 14043
object 27 3 right 14044
object 1 4 right 14070
object 13 4 left 14033
object 13 4 right 14034
object 16 4 left 14066
object 16 4 right 14067
object 17 4 left 14066
object 17 4 right 14067
object 27 4 left 14043
object 27 4 right 14044
object 1 5 right 14069
object 15 5 left 14066
object 15 5 right 14067
object 16 5 left 14037
object 16 5 right 14038
object 26 5 left 14066
object 26 5 right 14067
object 30 5 left 14041
object 30 5 right 14042
object 1 6 right 14068
object 1 7 right 14077
object 26 7 left 14043
object 26 7 right 14044
object 1 8 right 14076
object 44 8 left 14043
object 44 8 right 14044
object 45 8 left 14066
object 45 8 right 14067
object 1 9 right 14075
object 38 9 left 14066
object 38 9 right 14067
object 47 9 left 14041
object 47 9 right 14042
object 1 10 right 14074
object 42 10 left 14037
object 42 10 right 14038
object 44 10 left 14037
object 44 10 right 14038
object 46 10 left 14066
object 46 10 right 14067
object 1 11 right 14073
object 9 11 left 14043
object 9 11 right 14044
object 14 11 left 14066
object 14 11 right 14067
object 40 11 left 14039
object 40 11 right 14040
object 41 11 left 14039
object 41 11 right 14040
object 42 11 left 14039
object 42 11 right 14040
object 44 11 left 14043
object 44 11 right 14044
object 45 11 left 14043
object 45 11 right 14044
object 1 12 right 14082
object 4 12 left 14041
object 4 12 right 14042
object 38 12 left 14035
object 38 12 right 14036
object 40 12 left 14039
object 40 12 right 14040
object 41 12 left 14039
object 41 12 right 14040
object 44 12 left 14027
object 44 12 right 14028
object 45 12 left 14043
object 45 12 right 14044
object 46 12 left 14043
object 46 12 right 14044
object 1 13 right 14081
object 9 13 left 14066
object 9 13 right 14067
object 11 13 left 14039
object 11 13 right 14040
object 12 13 left 14039
object 12 13 right 14040
object 13 13 left 14039
object 13 13 right 14040
object 39 13 left 14041
object 39 13 right 14042
object 40 13 left 14039
object 40 13 right 14040
object 41 13 left 14039
object 41 13 right 14040
object 42 13 left 14039
object 42 13 right 14040
object 43 13 left 14025
object 43 13 right 14026
object 44 13 left 14035
object 44 13 right 14036
object 45 13 left 14037
object 45 13 right 14038
object 46 13 left 755
object 46 13 right 756
object 49 13 left 755
object 49 13 right 756
object 1 14 right 14080
object 4 14 left 14066
object 4 14 right 14067
object 12 14 left 14039
object 12 14 right 14040
object 13 14 left 14039
object 13 14 right 14040
object 14 14 left 14039
object 14 14 right 14040
object 15 14 left 14043
object 15 14 right 14044
object 33 14 left 755
object 33 14 right 756
object 38 14 left 14041
object 38 14 right 14042
object 39 14 left 14035
object 39 14 right 14036
object 40 14 left 14041
object 40 14 right 14042
object 41 14 left 14037
object 41 14 right 14038
object 42 14 left 14039
object 42 14 right 14040
object 45 14 left 14041
object 45 14 right 14042
object 1 15 right 14079
object 10 15 left 14037
object 10 15 right 14038
object 12 15 left 14039
object 12 15 right 14040
object 13 15 left 14037
object 13 15 right 14038
object 14 15 left 14039
object 14 15 right 14040
object 15 15 left 14041
object 15 15 right 14042
object 41 15 left 14035
object 41 15 right 14036
object 43 15 left 14066
object 43 15 right 14067
object 1 16 right 14078
object 3 16 left 14066
object 3 16 right 14067
object 4 16 left 14066
object 4 16 right 14067
object 9 16 left 14041
object 9 16 right 14042
object 12 16 left 14039
object 12 16 right 14040
object 13 16 left 14033
object 13 16 right 14034
object 14 16 left 14066
object 14 16 right 14067
object 33 16 left 14066
object 33 16 right 14067
object 1 17 right 14112
object 3 17 left 14066
object 3 17 right 14067
object 12 17 left 14043
object 12 17 right 14044
object 14 17 left 14043
object 14 17 right 14044
object 1 18 right 14111
object 2 18 left 755
object 2 18 right 756
object 47 18 left 14041
object 47 18 right 14042
object 1 19 right 14110
object 2 19 left 755
object 2 19 right 756
object 19 19 left 14041
object 19 19 right 14042
object 45 19 left 755
object 45 19 right 756
object 1 20 right 14109
object 1 21 right 14108
object 7 21 left 14066
object 7 21 right 14067
object 1 22 right 14117
object 37 22 right 14056
object 38 22 left 14033
object 38 22 right 14034
object 1 23 right 14116
object 37 23 right 14055
object 38 23 left 14039
object 38 23 right 14040
object 1 24 right 14115
object 2 24 left 755
object 2 24 right 756
object 8 24 left 14066
object 8 24 right 14067
object 35 24 left 14041
object 35 24 right 14042
object 37 24 right 14054
object 38 24 left 14043
object 38 24 right 14044
object 1 25 right 14114
object 10 25 left 14066
object 10 25 right 14067
object 35 25 left 14039
object 35 25 right 14040
object 36 25 left 14041
object 37 25 left 14052
object 37 25 right 14053
object 38 25 left 14037
object 38 25 right 14038
object 39 25 left 14043
object 39 25 right 14044
object 1 26 right 14113
object 10 26 right 14056
object 38 26 left 14043
object 38 26 right 14044
object 41 26 left 14066
object 41 26 right 14067
object 48 26 left 14041
object 48 26 right 14042
object 1 27 right 14072
object 7 27 left 14041
object 7 27 right 14042
object 10 27 right 14055
object 1 28 right 14071
object 10 28 right 14054
object 11 28 left 14037
object 11 28 right 14038
object 13 28 left 14066
object 13 28 right 14067
object 28 28 left 14066
object 28 28 right 14067
object 29 28 left 14066
object 29 28 right 14067
object 1 29 right 14070
object 7 29 left 14066
object 7 29 right 14067
object 9 29 left 14039
object 9 29 right 14040
object 10 29 left 14052
object 10 29 right 14053
object 11 29 left 14043
object 11 29 right 14044
object 13 29 left 14043
object 13 29 right 14044
object 28 29 left 14066
object 28 29 right 14067
object 29 29 left 14066
object 29 29 right 14067
object 1 30 right 14069
object 10 30 left 14066
object 10 30 right 14067
object 29 30 left 14066
object 29 30 right 14067
object 44 30 left 14041
object 44 30 right 14042
object 1 31 right 14068
object 12 31 left 14066
object 12 31 right 14067
object 1 32 right 14077
object 7 32 left 14039
object 7 32 right 14040
object 47 32 left 14066
object 47 32 right 14067
object 48 32 left 14041
object 48 32 right 14042
object 1 33 right 14076
object 6 33 left 14037
object 6 33 right 14038
object 7 33 left 14039
object 7 33 right 14040
object 8 33 left 14037
object 8 33 right 14038
object 9 33 left 14066
object 9 33 right 14067
object 29 33 left 14041
object 29 33 right 14042
object 39 33 left 14037
object 39 33 right 14038
object 45 33 left 755
object 45 33 right 756
object 1 34 right 14075
object 6 34 left 14037
object 6 34 right 14038
object 7 34 left 14039
object 7 34 right 14040
object 39 34 left 14037
object 39 34 right 14038
object 45 34 left 755
object 45 34 right 756
object 1 35 right 14074
object 6 35 left 14043
object 6 35 right 14044
object 7 35 left 14039
object 7 35 right 14040
object 8 35 left 14039
object 8 35 right 14040
object 39 35 left 14043
object 39 35 right 14044
object 1 36 right 14073
object 7 36 left 14066
object 7 36 right 14067
object 8 36 left 14039
object 8 36 right 14040
object 41 36 left 14043
object 41 36 right 14044
object 1 37 right 14082
object 4 37 left 14041
object 4 37 right 14042
object 9 37 left 14037
object 9 37 right 14038
object 1 38 right 14081
object 3 38 left 14033
object 3 38 right 14034
object 1 39 right 14080
object 12 39 left 755
object 12 39 right 756
object 1 40 right 14079
object 19 40 left 755
object 19 40 right 756
object 1 41 right 14078
object 1 42 right 14112
object 4 42 left 14066
object 4 42 right 14067
object 1 43 right 14111
object 2 43 left 755
object 2 43 right 756
object 47 43 left 755
object 47 43 right 756
object 49 43 left 14041
object 49 43 right 14042
object 1 44 right 14110
object 2 44 left 755
object 2 44 right 756
object 4 44 left 755
object 4 44 right 756
object 23 44 left 14066
object 23 44 right 14067
object 1 45 right 14109
object 20 45 left 14033
object 20 45 right 14034
object 45 45 left 14066
object 45 45 right 14067
object 1 46 right 14108
object 19 46 left 14037
object 19 46 right 14038
object 21 46 left 14041
object 21 46 right 14042
object 1 47 right 14117
object 19 47 left 14031
object 19 47 right 14032
object 21 47 left 14041
object 21 47 right 14042
object 23 47 left 755
object 23 47 right 756
object 1 48 right 14116
object 4 48 left 14066
object 4 48 right 14067
object 18 48 left 14029
object 18 48 right 14030
object 19 48 left 14039
object 19 48 right 14040
object 20 48 left 14039
object 20 48 right 14040
object 23 48 left 14035
object 23 48 right 14036
object 29 48 left 14041
object 29 48 right 14042
object 45 48 left 14041
object 45 48 right 14042
object 1 49 right 14115
object 18 49 left 14043
object 18 49 right 14044
object 20 49 left 14039
object 20 49 right 14040
object 22 49 left 14066
object 22 49 right 14067
