# lod20719 — tools/dat-extract layout 이 만든다. 손으로 고치지 말 것.
size 50 20
blocked
##################################################
##########.......#.#.......#######################
#########....................#################.###
########........................###########..#.#..
#######............................########.......
######................................#####.......
#.................................................
#........#################........................
##......#####################.....................
##.....##########################.................
#....#######....................####..............
#.....##.........................######...........
#..............#.#.##.#.##.#..#.....#####.........
#.................................................
#.................................................
#.................................................
#.................................................
#.................................................
#....................#.....#......................
#....................#.....#......................
floor
0 0 0 0 0 0 0 0 0 0 0 0 0 0 0 0 0 0 0 11086 0 0 0 0 0 0 0 0 0 0 0 0 0 0 0 0 0 0 0 0 0 0 0 0 0 0 11084 0 0 0
0 0 0 0 0 0 0 0 0 11536 11547 11086 11085 11086 11088 11085 11087 11086 11088 11085 11087 11086 11088 11085 11085 11085 11562 11566 11571 0 0 0 0 0 0 0 0 0 0 0 0 0 11084 11084 11084 11084 11084 0 0 0
0 0 0 0 0 0 0 0 11536 11528 11546 11085 11087 11085 11087 11086 11088 11085 11087 11087 11086 11088 11085 11085 11087 11085 11561 11565 11570 11547 11552 11557 0 0 0 0 0 0 0 0 0 0 11084 11084 11084 11084 11084 11084 11084 11084
0 0 0 0 0 0 0 11529 11535 11527 11545 11086 11088 11086 11088 11085 11087 11086 11085 11085 11087 11085 11085 11085 11087 11085 11560 11565 11569 11546 11551 11556 11547 11566 11571 0 0 0 0 0 0 0 11084 11084 11084 11081 11067 11082 11084 11084
0 0 0 0 0 0 11536 11528 11534 11526 11087 11085 11087 11086 11088 11085 11087 11085 11087 11086 11088 11087 11087 11086 11088 11085 11561 11565 11570 11545 11550 11555 11561 11565 11570 11562 11552 11557 0 0 0 0 11084 11084 11084 11072 11055 11078 11084 11084
11084 11084 11084 11084 11084 11529 11535 11527 11533 11525 11088 11087 11085 11087 11086 11088 11085 11087 11088 11085 11087 11088 11088 11085 11087 11086 11561 11565 11569 11546 11551 11556 11560 11565 11569 11546 11551 11556 11562 11566 11571 0 11084 11084 11084 11072 11054 11078 11084 11084
11084 11084 11081 11067 11082 11528 11534 11526 11532 11537 11087 11088 11087 11087 11085 11087 11086 11088 11088 11085 11087 11088 11088 11085 11087 11085 11560 11565 11570 11545 11550 11555 11546 11564 11568 11545 11550 11555 11561 11565 11570 11081 11064 11066 11067 11062 11054 11077 11084 11084
11084 11084 11074 11055 11079 11527 11533 11525 11530 11583 11583 11087 11088 11088 11086 11088 11085 11087 11086 11088 11085 11086 11086 11088 11085 11087 11085 11565 11569 11546 11550 11555 11545 11565 11569 11546 11551 11556 11562 11565 11568 11073 11055 11058 11052 11055 11055 11078 11084 11084
11084 11084 11073 11054 11078 11526 11532 11524 11583 11583 11583 11583 11583 11583 11583 11583 11583 11583 11583 11583 11583 11583 11075 11064 11064 11065 11076 11583 11543 11545 11553 11553 11559 11564 11568 11545 11550 11555 11561 11565 11569 11072 11054 11057 11051 11054 11054 11077 11084 11084
11084 11084 11072 11054 11079 11525 11530 11583 11583 11583 11583 11583 11583 11583 11583 11583 11583 11583 11583 11583 11583 11583 11072 11055 11055 11058 11076 11583 11583 11583 11583 11583 11558 11563 11567 11544 11549 11554 11560 11565 11569 11073 11055 11058 11052 11054 11054 11076 11084 11084
11084 11084 11075 11055 11078 11583 11583 11583 11583 11583 11583 11583 11583 11583 11583 11583 11583 11583 11583 11583 11583 11583 11072 11058 11055 11055 11076 11583 11583 11583 11583 11583 11583 11583 11583 11543 11548 11553 11559 11564 11569 11073 11055 11058 11052 11055 11055 11078 11084 11084
11084 11084 11074 11054 11077 11084 11084 11084 11084 11084 11084 11084 11084 11084 11583 11583 11583 11583 11583 11583 11583 11583 11075 11055 11058 11052 11076 11583 11583 11583 11583 11583 11583 11583 11583 11583 11583 11583 11558 11563 11568 11072 11054 11057 11051 11054 11054 11077 11084 11084
11084 11084 11073 11056 11078 11084 11084 11084 11084 11084 11084 11084 11084 11084 11583 11583 11583 11583 11583 11583 11583 11583 11072 11058 11055 11055 11076 11583 11583 11583 11583 11583 11583 11583 11583 11583 11583 11583 11583 11583 11084 11080 11070 11071 11063 11056 11056 11076 11084 11084
11084 11084 11072 11055 11077 11084 11084 11084 11084 11084 11084 11084 11084 11084 11084 11084 11084 11084 11084 11084 11084 11084 11072 11055 11058 11055 11076 11084 11084 11084 11084 11084 11084 11084 11084 11084 11084 11084 11084 11084 11084 11084 11084 11084 11075 11055 11055 11079 11084 11084
11084 11084 11075 11054 11076 11084 11084 11084 11084 11084 11084 11084 11084 11084 11084 11084 11084 11084 11084 11084 11084 11084 11072 11058 11055 11055 11076 11084 11084 11084 11084 11084 11084 11084 11084 11084 11084 11084 11084 11084 11084 11084 11084 11084 11072 11054 11054 11078 11084 11084
11084 11084 11074 11056 11060 11064 11065 11066 11067 11064 11065 11066 11067 11064 11064 11065 11066 11067 11064 11065 11066 11067 11062 11055 11058 11052 11060 11064 11065 11066 11067 11064 11064 11065 11066 11067 11064 11065 11066 11067 11064 11065 11066 11067 11062 11056 11056 11077 11084 11084
11084 11084 11073 11055 11058 11058 11052 11055 11058 11052 11055 11058 11052 11055 11058 11052 11055 11058 11052 11055 11058 11055 11058 11052 11055 11058 11058 11052 11055 11058 11052 11055 11058 11052 11055 11058 11052 11055 11058 11052 11055 11055 11058 11052 11052 11055 11055 11076 11084 11084
11084 11084 11080 11068 11069 11070 11071 11071 11068 11069 11070 11071 11068 11069 11070 11071 11071 11068 11069 11070 11071 11069 11070 11071 11071 11071 11068 11069 11070 11071 11068 11069 11070 11071 11071 11068 11069 11070 11071 11068 11069 11070 11071 11068 11069 11070 11070 11083 11084 11084
11084 11084 11084 11084 11084 11084 11084 11084 11084 11084 11084 11084 11084 11084 11084 11084 11084 11084 11084 11084 11084 11084 11081 11066 11064 11064 11065 11084 11084 11084 11084 11084 11084 11084 11084 11084 11084 11084 11084 11084 11084 11084 11084 11084 11084 11084 11084 11084 11084 11084
11084 11084 11084 11084 11084 11084 11084 11084 11084 11084 11084 11084 11084 11084 11084 11084 11084 11084 11084 11084 11084 11084 11080 11068 11069 11070 11071 11084 11084 11084 11084 11084 11084 11084 11084 11084 11084 11084 11084 11084 11084 11084 11084 11084 11084 11084 11084 11084 11084 11084
tile 11051 0 0
tile 11052 56 0
tile 11054 112 0
tile 11055 168 0
tile 11056 224 0
tile 11057 280 0
tile 11058 336 0
tile 11060 392 0
tile 11062 448 0
tile 11063 0 27
tile 11064 56 27
tile 11065 112 27
tile 11066 168 27
tile 11067 224 27
tile 11068 280 27
tile 11069 336 27
tile 11070 392 27
tile 11071 448 27
tile 11072 0 54
tile 11073 56 54
tile 11074 112 54
tile 11075 168 54
tile 11076 224 54
tile 11077 280 54
tile 11078 336 54
tile 11079 392 54
tile 11080 448 54
tile 11081 0 81
tile 11082 56 81
tile 11083 112 81
tile 11084 168 81
tile 11085 224 81
tile 11086 280 81
tile 11087 336 81
tile 11088 392 81
tile 11524 448 81
tile 11525 0 108
tile 11526 56 108
tile 11527 112 108
tile 11528 168 108
tile 11529 224 108
tile 11530 280 108
tile 11532 336 108
tile 11533 392 108
tile 11534 448 108
tile 11535 0 135
tile 11536 56 135
tile 11537 112 135
tile 11543 168 135
tile 11544 224 135
tile 11545 280 135
tile 11546 336 135
tile 11547 392 135
tile 11548 448 135
tile 11549 0 162
tile 11550 56 162
tile 11551 112 162
tile 11552 168 162
tile 11553 224 162
tile 11554 280 162
tile 11555 336 162
tile 11556 392 162
tile 11557 448 162
tile 11558 0 189
tile 11559 56 189
tile 11560 112 189
tile 11561 168 189
tile 11562 224 189
tile 11563 280 189
tile 11564 336 189
tile 11565 392 189
tile 11566 448 189
tile 11567 0 216
tile 11568 56 216
tile 11569 112 216
tile 11570 168 216
tile 11571 224 216
tile 11583 280 216
picture 10688 420 305 92 0
picture 10689 308 612 203 0
picture 10690 280 414 206 0
picture 10691 308 0 204 0
picture 10692 280 620 205 0
picture 10693 280 0 207 0
picture 10694 308 204 204 0
picture 10695 420 397 92 0
picture 10702 280 207 207 0
picture 10703 308 408 204 0
picture 10826 448 75 74 0
picture 10827 392 744 110 0
picture 10828 420 207 98 0
picture 11045 420 489 86 0
picture 11047 448 441 70 0
picture 11048 448 576 62 0
picture 11049 420 575 86 0
picture 11050 420 909 75 0
picture 11051 448 149 73 0
picture 11052 448 638 62 0
picture 11053 420 661 86 0
picture 11054 448 0 75 0
picture 11055 448 222 73 0
picture 11056 448 700 62 0
picture 11057 420 747 86 0
picture 11058 448 295 73 0
picture 11059 448 368 73 0
picture 11060 448 762 62 0
picture 11087 140 296 295 0
picture 11088 0 0 309 0
picture 11089 0 309 309 0
picture 11090 0 618 309 0
picture 11091 28 0 309 0
picture 11092 28 309 309 0
picture 11093 112 618 296 0
picture 11094 28 618 309 0
picture 11095 56 0 309 0
picture 11096 140 0 296 0
picture 11097 140 591 295 0
picture 11098 168 295 281 0
picture 11099 196 281 264 0
picture 11100 224 0 253 0
picture 11101 224 759 239 0
picture 11102 196 545 260 0
picture 11103 252 663 211 0
picture 11104 336 0 197 0
picture 11105 336 197 197 0
picture 11106 252 0 225 0
picture 11107 252 225 225 0
picture 11108 224 253 253 0
picture 11109 224 506 253 0
picture 11110 168 576 281 0
picture 11111 196 0 281 0
picture 11112 56 309 309 0
picture 11113 56 618 309 0
picture 11114 84 0 309 0
picture 11129 84 309 309 0
picture 11130 84 618 309 0
picture 11131 112 0 309 0
picture 11132 112 309 309 0
picture 11133 168 0 295 0
picture 11151 336 394 185 0
picture 11152 336 579 184 0
picture 11153 252 450 213 0
picture 11154 308 815 202 0
picture 11155 364 0 178 0
picture 11173 392 483 131 0
picture 11174 392 614 130 0
picture 11178 392 170 157 0
picture 11179 364 178 170 0
picture 11180 364 348 170 0
picture 11181 364 518 170 0
picture 11182 364 688 170 0
picture 11183 392 0 170 0
picture 11184 392 327 156 0
picture 11208 448 511 65 0
picture 11209 420 833 76 0
picture 11210 448 824 62 0
picture 11305 420 105 102 0
picture 11308 336 763 183 0
picture 11311 392 854 106 0
picture 11312 420 0 105 0
object 8 0 left 11180
object 9 0 left 11181
object 10 0 left 11182
object 11 0 left 11179
object 12 0 left 11179
object 13 0 left 11180
object 14 0 left 11181
object 15 0 left 11182
object 16 0 left 11183
object 16 0 right 11184
object 20 0 left 11178
object 21 0 left 11179
object 22 0 left 11180
object 23 0 left 11181
object 24 0 left 11182
object 25 0 left 11183
object 25 0 right 11184
object 26 0 left 11183
object 26 0 right 11184
object 9 1 left 11104
object 9 1 right 11308
object 17 1 left 11151
object 17 1 right 11152
object 19 1 left 11153
object 19 1 right 11154
object 27 1 left 11105
object 43 1 left 11095
object 44 1 left 11131
object 45 1 left 11131
object 45 1 right 11133
object 46 1 left 11131
object 47 1 left 11131
object 48 1 left 11129
object 49 1 left 11130
object 49 1 right 11133
object 8 2 left 11102
object 8 2 right 11103
object 9 2 right 11305
object 29 2 left 11106
object 30 2 left 11107
object 42 2 right 11133
object 43 2 left 11311
object 43 2 right 11312
object 48 2 left 11155
object 48 2 right 11184
object 49 2 left 11311
object 49 2 right 11312
object 7 3 left 11100
object 7 3 right 11101
object 32 3 left 11108
object 33 3 left 11109
object 42 3 right 11133
object 43 3 left 11174
object 45 3 left 11151
object 45 3 right 11152
object 47 3 left 11153
object 47 3 right 11154
object 6 4 left 11098
object 6 4 right 11099
object 35 4 left 11110
object 36 4 left 11111
object 42 4 right 11133
object 43 4 left 11173
object 1 5 left 11095
object 2 5 left 11130
object 3 5 left 11131
object 4 5 left 11132
object 4 5 right 11133
object 5 5 left 11096
object 5 5 right 11097
object 38 5 left 11112
object 39 5 left 11113
object 40 5 left 11114
object 41 5 left 11130
object 41 5 right 11133
object 42 5 left 11130
object 42 5 right 11133
object 0 6 right 11094
object 3 6 right 11305
object 42 6 right 11305
object 0 7 right 11091
object 9 7 left 11059
object 9 7 right 11060
object 10 7 left 11057
object 10 7 right 11058
object 0 8 right 11091
object 1 8 right 11210
object 8 8 left 11055
object 8 8 right 11056
object 9 8 left 11053
object 9 8 right 11054
object 26 8 left 11045
object 26 8 right 11050
object 27 8 left 11047
object 27 8 right 11048
object 0 9 right 11090
object 1 9 left 11208
object 1 9 right 11209
object 7 9 left 11059
object 7 9 right 11060
object 8 9 left 11057
object 8 9 right 11058
object 29 9 left 11049
object 29 9 right 11050
object 30 9 left 11051
object 30 9 right 11052
object 31 9 left 11051
object 31 9 right 11052
object 0 10 right 11089
object 6 10 left 11059
object 6 10 right 11060
object 7 10 left 11057
object 7 10 right 11058
object 33 10 left 11045
object 33 10 right 11050
object 34 10 left 11047
object 34 10 right 11048
object 0 11 right 11089
object 1 11 left 11174
object 6 11 left 11057
object 6 11 right 11058
object 7 11 left 10827
object 7 11 right 10828
object 30 11 left 10695
object 36 11 left 11049
object 36 11 right 11050
object 37 11 left 11051
object 37 11 right 11052
object 0 12 left 11087
object 0 12 right 11088
object 1 12 left 11173
object 6 12 right 10826
object 14 12 left 10688
object 15 12 left 10689
object 16 12 left 10690
object 17 12 left 10691
object 18 12 left 10692
object 19 12 left 10702
object 20 12 left 10703
object 21 12 left 10690
object 22 12 left 10691
object 23 12 left 10692
object 24 12 left 10702
object 25 12 left 10703
object 26 12 left 10690
object 27 12 left 10691
object 28 12 left 10692
object 29 12 left 10693
object 30 12 left 10694
object 39 12 left 11045
object 39 12 right 11050
object 40 12 left 11059
object 40 12 right 11060
object 0 13 right 11093
object 0 14 right 11092
object 0 15 right 11091
object 0 16 right 11091
object 0 17 right 11090
object 0 18 right 11089
object 21 18 left 11311
object 21 18 right 11312
object 27 18 left 11311
object 27 18 right 11312
object 0 19 left 11087
object 0 19 right 11088
object 21 19 left 11311
object 21 19 right 11312
object 27 19 left 11311
object 27 19 right 11312
