# lod20674 — tools/dat-extract layout 이 만든다. 손으로 고치지 말 것.
size 20 40
blocked
#####.##############
##.................#
#..................#
#.............#....#
#..................#
##.......##........#
##........#........#
##........#........#
#.........#........#
#.....#######......#
#.....#............#
#....##............#
#.....#............#
#######............#
#######............#
#######............#
#######......##....#
#######......#.....#
#######......#.....#
#######......#.....#
###..........#######
###...........##...#
###...........##...#
###............#...#
#..................#
#..................#
#.........#........#
#.........#....#...#
#.........#........#
#...#######........#
#...##.............#
#...##.............#
#...#........#.....#
#............#.....#
#............#.....#
#............#######
#..................#
#..................#
#..................#
#########.##########
floor
5259 5225 5228 5231 5231 5234 5259 5275 5296 5299 5302 5305 5251 5254 5257 5260 5263 5266 5269 5251
5258 5286 5289 5289 5292 5295 5295 5301 5226 5229 5232 5235 5238 5253 5256 5256 5225 5282 5285 5254
5257 5288 5288 5288 5291 5294 5294 5300 5225 5228 5231 5234 5259 5229 5270 5255 5224 5281 5284 5294
5286 5287 5287 5293 5234 5253 5272 5299 5224 5227 5230 5233 5236 5251 5259 5254 5253 5256 5259 5238
5285 5298 5301 5237 5240 5243 5246 5264 5237 5240 5243 5247 5250 5253 5266 5256 5229 5255 5258 5259
5287 5261 5300 5236 5239 5242 5245 5255 5285 5296 5252 5246 5249 5253 5287 5255 5237 5240 5243 5236
5257 5296 5299 5229 5229 5232 5226 5263 5236 5239 5242 5245 5248 5258 5257 5254 5285 5288 5252 5250
5286 5261 5264 5261 5264 5267 5289 5301 5304 5307 5253 5256 5259 5257 5286 5265 5249 5239 5242 5271
5252 5252 5255 5260 5263 5266 5288 5291 5294 5303 5306 5252 5255 5258 5261 5264 5304 5307 5253 5270
5236 5260 5263 5289 5292 5295 5287 5293 5234 5302 5305 5251 5254 5257 5260 5263 5237 5306 5252 5269
5250 5298 5301 5304 5307 5253 5256 5259 5257 5286 5268 5271 5293 5258 5281 5284 5236 5305 5251 5253
5271 5240 5300 5303 5306 5252 5255 5258 5253 5286 5267 5270 5252 5255 5258 5275 5278 5281 5284 5252
5270 5288 5264 5237 5240 5243 5278 5290 5281 5270 5284 5269 5251 5254 5257 5271 5253 5256 5253 5251
5257 5239 5229 5232 5255 5238 5273 5276 5279 5282 5285 5301 5226 5229 5232 5235 5238 5253 5256 5257
5286 5225 5228 5231 5234 5259 5229 5270 5258 5261 5284 5300 5225 5228 5231 5234 5259 5229 5270 5286
5285 5257 5256 5230 5233 5236 5251 5259 5261 5264 5253 5299 5224 5227 5230 5233 5236 5251 5259 5256
5284 5252 5255 5243 5247 5250 5253 5266 5295 5274 5258 5264 5237 5240 5296 5247 5250 5253 5266 5255
5268 5237 5240 5252 5246 5249 5253 5287 5293 5273 5257 5255 5285 5288 5252 5246 5249 5253 5287 5288
5267 5236 5239 5242 5245 5248 5258 5257 5295 5287 5301 5263 5236 5239 5242 5245 5248 5258 5257 5252
5266 5229 5229 5253 5256 5259 5257 5286 5268 5271 5293 5272 5275 5278 5253 5256 5259 5257 5286 5252
5259 5261 5264 5267 5270 5234 5259 5275 5296 5270 5252 5268 5271 5253 5286 5260 5263 5266 5269 5251
5258 5301 5226 5229 5232 5235 5238 5253 5256 5257 5288 5288 5257 5271 5275 5300 5225 5282 5285 5254
5257 5300 5225 5228 5231 5234 5259 5229 5270 5286 5287 5287 5301 5270 5256 5299 5224 5281 5284 5294
5286 5299 5224 5227 5230 5233 5236 5251 5259 5228 5231 5234 5259 5229 5255 5290 5253 5256 5259 5238
5285 5264 5237 5240 5243 5247 5250 5253 5266 5227 5230 5233 5236 5251 5254 5293 5229 5255 5258 5259
5287 5255 5285 5288 5252 5246 5271 5293 5272 5275 5278 5247 5250 5253 5289 5292 5295 5240 5243 5236
5257 5263 5236 5239 5242 5245 5270 5252 5268 5271 5253 5246 5249 5252 5288 5291 5294 5288 5252 5250
5286 5301 5304 5307 5253 5256 5257 5288 5288 5257 5271 5245 5248 5251 5287 5293 5234 5239 5242 5271
5286 5252 5255 5285 5250 5253 5286 5287 5287 5301 5270 5256 5259 5271 5295 5274 5300 5225 5252 5270
5285 5260 5263 5236 5231 5234 5259 5229 5270 5258 5261 5255 5258 5270 5293 5273 5299 5224 5298 5269
5284 5298 5301 5304 5230 5233 5236 5251 5259 5261 5264 5254 5257 5257 5295 5287 5290 5273 5276 5288
5259 5240 5300 5303 5243 5247 5250 5253 5266 5295 5274 5270 5252 5286 5268 5271 5293 5272 5275 5252
5258 5288 5264 5237 5252 5246 5249 5253 5287 5293 5273 5269 5251 5254 5267 5270 5252 5268 5271 5252
5257 5239 5229 5232 5296 5245 5248 5258 5257 5295 5287 5288 5291 5294 5301 5270 5252 5255 5269 5251
5286 5225 5228 5231 5253 5256 5259 5257 5286 5268 5271 5255 5225 5228 5307 5269 5251 5254 5257 5286
5285 5257 5256 5259 5262 5265 5268 5271 5253 5256 5253 5254 5224 5227 5262 5265 5268 5271 5253 5256
5284 5252 5255 5258 5261 5264 5267 5270 5252 5255 5258 5252 5255 5258 5261 5264 5267 5270 5252 5255
5268 5251 5254 5257 5260 5263 5266 5269 5251 5254 5257 5251 5254 5257 5260 5263 5266 5294 5257 5288
5267 5238 5273 5276 5279 5282 5285 5288 5291 5294 5301 5238 5273 5276 5279 5282 5285 5238 5286 5287
5266 5237 5272 5275 5278 5281 5284 5231 5231 5234 5259 5287 5290 5275 5278 5281 5284 5287 5290 5304
tile 5224 0 0
tile 5225 56 0
tile 5226 112 0
tile 5227 168 0
tile 5228 224 0
tile 5229 280 0
tile 5230 336 0
tile 5231 392 0
tile 5232 448 0
tile 5233 0 27
tile 5234 56 27
tile 5235 112 27
tile 5236 168 27
tile 5237 224 27
tile 5238 280 27
tile 5239 336 27
tile 5240 392 27
tile 5242 448 27
tile 5243 0 54
tile 5245 56 54
tile 5246 112 54
tile 5247 168 54
tile 5248 224 54
tile 5249 280 54
tile 5250 336 54
tile 5251 392 54
tile 5252 448 54
tile 5253 0 81
tile 5254 56 81
tile 5255 112 81
tile 5256 168 81
tile 5257 224 81
tile 5258 280 81
tile 5259 336 81
tile 5260 392 81
tile 5261 448 81
tile 5262 0 108
tile 5263 56 108
tile 5264 112 108
tile 5265 168 108
tile 5266 224 108
tile 5267 280 108
tile 5268 336 108
tile 5269 392 108
tile 5270 448 108
tile 5271 0 135
tile 5272 56 135
tile 5273 112 135
tile 5274 168 135
tile 5275 224 135
tile 5276 280 135
tile 5278 336 135
tile 5279 392 135
tile 5281 448 135
tile 5282 0 162
tile 5284 56 162
tile 5285 112 162
tile 5286 168 162
tile 5287 224 162
tile 5288 280 162
tile 5289 336 162
tile 5290 392 162
tile 5291 448 162
tile 5292 0 189
tile 5293 56 189
tile 5294 112 189
tile 5295 168 189
tile 5296 224 189
tile 5298 280 189
tile 5299 336 189
tile 5300 392 189
tile 5301 448 189
tile 5302 0 216
tile 5303 56 216
tile 5304 112 216
tile 5305 168 216
tile 5306 224 216
tile 5307 280 216
picture 6105 196 269 47 0
picture 6106 196 171 50 0
picture 6107 196 316 46 0
picture 6108 196 362 44 0
picture 6115 196 482 31 0
picture 6116 196 406 43 0
picture 6117 196 67 52 0
picture 6118 196 119 52 0
picture 6125 196 449 33 0
picture 6126 196 513 29 0
picture 6534 112 810 104 0
picture 6535 0 887 118 0
picture 6536 28 0 118 0
picture 6537 28 118 118 0
picture 6539 112 914 104 0
picture 6540 28 236 118 0
picture 6541 28 354 118 0
picture 6542 28 472 118 0
picture 6543 140 0 104 0
picture 6544 140 104 104 0
picture 6550 28 590 118 0
picture 6555 28 708 118 0
picture 6556 28 826 118 0
picture 6557 56 0 118 0
picture 6558 140 208 104 0
picture 6564 140 312 104 0
picture 6565 56 118 118 0
picture 6566 56 236 118 0
picture 6567 56 354 118 0
picture 6568 140 416 104 0
picture 6569 140 520 104 0
picture 6570 56 472 118 0
picture 6571 56 590 118 0
picture 6574 140 624 104 0
picture 6575 56 708 118 0
picture 6576 56 826 118 0
picture 6577 84 0 118 0
picture 6578 140 728 104 0
picture 6583 140 832 104 0
picture 6584 168 0 104 0
picture 6585 84 118 118 0
picture 6586 84 236 118 0
picture 6591 84 354 118 0
picture 6592 84 472 118 0
picture 6593 168 104 104 0
picture 6594 168 208 104 0
picture 6596 84 590 118 0
picture 6608 112 590 111 0
picture 6609 0 264 128 0
picture 6610 0 392 127 0
picture 6611 0 644 123 0
picture 6617 168 815 85 0
picture 6618 168 728 87 0
picture 6619 168 900 79 0
picture 6620 196 0 67 0
picture 6628 168 312 104 0
picture 6629 168 416 104 0
picture 6630 168 520 104 0
picture 6637 84 708 118 0
picture 6638 84 826 118 0
picture 6639 112 0 118 0
picture 6640 168 624 104 0
picture 6646 112 701 109 0
picture 6647 112 118 118 0
picture 6648 0 519 125 0
picture 6649 112 236 118 0
picture 6650 112 354 118 0
picture 6651 0 767 120 0
picture 6652 0 0 134 0
picture 6653 112 472 118 0
picture 6654 0 134 130 0
picture 6655 196 221 48 0
object 0 0 left 6629
object 0 0 right 6630
object 1 0 left 6569
object 2 0 left 6570
object 3 0 left 6571
object 4 0 left 6637
object 5 0 left 6638
object 6 0 left 6639
object 6 0 right 6640
object 7 0 left 6541
object 8 0 left 6557
object 8 0 right 6558
object 9 0 left 6540
object 10 0 left 6541
object 10 0 right 6543
object 11 0 left 6534
object 12 0 left 6535
object 13 0 left 6536
object 13 0 right 6640
object 14 0 left 6550
object 14 0 right 6558
object 15 0 left 6535
object 15 0 right 6640
object 16 0 left 6535
object 16 0 right 6558
object 17 0 left 6550
object 17 0 right 6640
object 18 0 left 6541
object 18 0 right 6558
object 19 0 left 6542
object 19 0 right 6628
object 0 1 left 6107
object 0 1 right 6568
object 1 1 left 6125
object 1 1 right 6126
object 19 1 right 6576
object 0 2 left 6107
object 0 2 right 6567
object 19 2 left 6574
object 19 2 right 6575
object 0 3 left 6107
object 0 3 right 6566
object 14 3 left 6115
object 14 3 right 6116
object 19 3 left 6564
object 19 3 right 6565
object 0 4 left 6564
object 0 4 right 6565
object 19 4 right 6583
object 0 5 left 6107
object 0 5 right 6583
object 1 5 left 6117
object 1 5 right 6118
object 9 5 left 6564
object 9 5 right 6583
object 10 5 right 6583
object 19 5 right 6586
object 0 6 left 6107
object 0 6 right 6586
object 1 6 left 6564
object 1 6 right 6583
object 10 6 right 6586
object 19 6 left 6584
object 19 6 right 6585
object 0 7 left 6584
object 0 7 right 6585
object 1 7 left 6107
object 1 7 right 6108
object 10 7 left 6584
object 10 7 right 6585
object 19 7 left 6584
object 19 7 right 6585
object 0 8 left 6574
object 0 8 right 6591
object 10 8 left 6584
object 10 8 right 6585
object 19 8 left 6594
object 19 8 right 6596
object 0 9 left 6584
object 0 9 right 6585
object 6 9 left 6117
object 6 9 right 6118
object 7 9 left 6534
object 8 9 left 6535
object 9 9 left 6536
object 10 9 left 6555
object 11 9 left 6556
object 12 9 left 6557
object 12 9 right 6558
object 19 9 left 6564
object 19 9 right 6593
object 0 10 left 6594
object 0 10 right 6596
object 6 10 right 6611
object 19 10 right 6592
object 0 11 left 6107
object 0 11 right 6593
object 5 11 left 6125
object 5 11 right 6126
object 6 11 right 6610
object 19 11 left 6574
object 19 11 right 6591
object 0 12 left 6584
object 0 12 right 6592
object 6 12 left 6608
object 6 12 right 6609
object 19 12 left 6584
object 19 12 right 6585
object 0 13 left 6584
object 0 13 right 6585
object 1 13 left 6534
object 2 13 left 6535
object 3 13 left 6536
object 4 13 left 6555
object 5 13 left 6556
object 6 13 left 6557
object 6 13 right 6558
object 19 13 left 6584
object 19 13 right 6585
object 0 14 left 6594
object 0 14 right 6583
object 1 14 left 6115
object 1 14 right 6116
object 6 14 right 6583
object 19 14 left 6594
object 19 14 right 6596
object 0 15 left 6564
object 0 15 right 6565
object 2 15 left 6105
object 2 15 right 6106
object 6 15 right 6586
object 19 15 left 6564
object 19 15 right 6593
object 0 16 right 6583
object 6 16 left 6584
object 6 16 right 6585
object 13 16 right 6583
object 14 16 left 6564
object 14 16 right 6583
object 19 16 right 6592
object 0 17 left 6574
object 0 17 right 6586
object 6 17 left 6584
object 6 17 right 6585
object 13 17 right 6586
object 19 17 left 6574
object 19 17 right 6566
object 0 18 left 6584
object 0 18 right 6585
object 6 18 left 6594
object 6 18 right 6583
object 13 18 left 6584
object 13 18 right 6585
object 19 18 left 6574
object 19 18 right 6591
object 0 19 left 6584
object 0 19 right 6585
object 3 19 left 6651
object 4 19 left 6652
object 5 19 left 6653
object 6 19 left 6654
object 6 19 right 6655
object 13 19 left 6584
object 13 19 right 6585
object 19 19 left 6574
object 19 19 right 6591
object 0 20 left 6594
object 0 20 right 6596
object 2 20 right 6650
object 13 20 left 6534
object 14 20 left 6535
object 15 20 left 6536
object 16 20 left 6555
object 17 20 left 6556
object 18 20 left 6557
object 18 20 right 6558
object 19 20 right 6566
object 0 21 right 6593
object 2 21 right 6649
object 19 21 left 6564
object 19 21 right 6565
object 0 22 right 6592
object 2 22 right 6648
object 16 22 left 6619
object 16 22 right 6620
object 19 22 left 6584
object 19 22 right 6583
object 0 23 left 6574
object 0 23 right 6591
object 1 23 left 6594
object 1 23 right 6583
object 2 23 left 6646
object 2 23 right 6647
object 15 23 left 6617
object 15 23 right 6618
object 19 23 left 6594
object 19 23 right 6586
object 0 24 left 6564
object 0 24 right 6586
object 19 24 left 6584
object 19 24 right 6585
object 0 25 left 6584
object 0 25 right 6585
object 19 25 left 6584
object 19 25 right 6585
object 0 26 right 6586
object 10 26 right 6583
object 19 26 left 6594
object 19 26 right 6596
object 0 27 left 6584
object 0 27 right 6585
object 10 27 right 6586
object 15 27 left 6125
object 15 27 right 6126
object 19 27 right 6593
object 0 28 left 6584
object 0 28 right 6585
object 10 28 left 6584
object 10 28 right 6585
object 19 28 right 6592
object 0 29 left 6594
object 0 29 right 6596
object 4 29 left 6534
object 5 29 left 6535
object 6 29 left 6536
object 7 29 left 6555
object 8 29 left 6556
object 9 29 left 6557
object 9 29 right 6558
object 10 29 left 6584
object 10 29 right 6585
object 19 29 right 6586
object 0 30 right 6593
object 4 30 right 6611
object 5 30 left 6117
object 5 30 right 6118
object 19 30 left 6574
object 19 30 right 6566
object 0 31 right 6592
object 4 31 right 6610
object 5 31 left 6125
object 5 31 right 6126
object 19 31 left 6574
object 19 31 right 6591
object 0 32 left 6574
object 0 32 right 6591
object 4 32 left 6608
object 4 32 right 6609
object 13 32 right 6611
object 19 32 left 6574
object 19 32 right 6591
object 0 33 right 6586
object 13 33 right 6610
object 19 33 right 6566
object 0 34 left 6584
object 0 34 right 6585
object 13 34 left 6608
object 13 34 right 6609
object 19 34 left 6584
object 19 34 right 6585
object 0 35 right 6578
object 13 35 left 6534
object 14 35 left 6535
object 15 35 left 6536
object 16 35 left 6555
object 17 35 left 6556
object 18 35 left 6557
object 18 35 right 6558
object 19 35 right 6578
object 0 36 right 6577
object 19 36 right 6577
object 0 37 right 6576
object 19 37 right 6576
object 0 38 left 6574
object 0 38 right 6575
object 19 38 left 6574
object 19 38 right 6575
object 0 39 left 6539
object 1 39 left 6540
object 2 39 left 6541
object 3 39 left 6542
object 3 39 right 6543
object 4 39 left 6544
object 5 39 left 6557
object 5 39 right 6558
object 6 39 left 6534
object 7 39 left 6571
object 8 39 left 6637
object 9 39 left 6638
object 10 39 left 6639
object 10 39 right 6640
object 11 39 left 6535
object 12 39 left 6536
object 13 39 left 6542
object 13 39 right 6543
object 14 39 left 6544
object 15 39 left 6557
object 15 39 right 6558
object 16 39 left 6534
object 17 39 left 6535
object 18 39 left 6557
object 18 39 right 6558
object 19 39 left 6537
object 19 39 right 6628
