# lod20683 — tools/dat-extract layout 이 만든다. 손으로 고치지 말 것.
size 35 20
blocked
...................................
.............................#.....
..#................................
.....................#.............
...................................
.#.#...............................
................................#..
............###........#...........
............#.#....................
...#........###............#.......
...................................
...................................
.#.................................
..........................#........
...................................
...................................
................................#..
..........................#........
.#............................#....
...................................
floor
4717 4720 4723 4716 4719 4707 4710 4906 4880 4888 4891 4894 4914 4922 4719 4724 4731 4706 4709 4751 4731 4706 4709 4751 4731 4706 4709 4751 4716 4719 4709 4751 4731 4706 4709
4938 4716 4719 4950 4954 4706 4709 4911 4879 4883 4882 4870 4854 4733 4720 4740 4724 4699 4702 4750 4724 4699 4702 4750 4724 4699 4702 4750 4700 4732 4702 4750 4724 4699 4702
4718 4700 4732 4950 4729 4699 4702 4910 4878 4882 4882 4869 4743 4732 4732 4714 4723 4698 4701 4743 4723 4698 4701 4743 4732 4745 4701 4743 4723 4698 4701 4743 4723 4698 4701
4716 4725 4718 4721 4707 4729 4902 4910 4878 4882 4882 4869 4743 4732 4721 4718 4924 4812 4714 4742 4924 4732 4714 4742 4710 4812 4714 4742 4924 4812 4714 4742 4924 4812 4714
4727 4730 4717 4720 4716 4812 4901 4909 4886 4896 4881 4915 4742 4731 4728 4731 4923 4710 4713 4741 4923 4710 4713 4741 4923 4710 4713 4741 4923 4710 4713 4741 4923 4710 4713
4726 4705 4716 4741 4727 4721 4900 4908 4885 4895 4881 4869 4741 4724 4721 4724 4922 4716 4719 4752 4922 4716 4719 4752 4922 4716 4719 4752 4922 4716 4719 4752 4922 4716 4719
4725 4720 4727 4736 4726 4720 4899 4907 4884 4894 4896 4919 4721 4723 4720 4723 4929 4700 4732 4739 4929 4723 4720 4723 4929 4700 4732 4739 4929 4700 4732 4739 4732 4700 4732
4718 4719 4726 4735 4725 4728 4898 4906 4879 4882 4895 4918 4720 4722 4745 4722 4928 4725 4728 4738 4928 4708 4719 4741 4928 4725 4728 4738 4928 4725 4728 4738 4928 4725 4728
4717 4730 4725 4746 4718 4740 4926 4865 4878 4881 4886 4917 4719 4710 4730 4733 4727 4741 4721 4732 4745 4741 4721 4701 4727 4723 4720 4723 4727 4741 4721 4701 4727 4741 4721
4718 4721 4707 4739 4700 4928 4727 4839 4842 4882 4885 4917 4730 4709 4719 4710 4733 4717 4720 4710 4812 4726 4720 4700 4733 4708 4719 4741 4733 4717 4720 4700 4732 4745 4720
4717 4720 4716 4720 4727 4927 4726 4838 4863 4866 4884 4859 4729 4702 4735 4709 4745 4730 4719 4718 4731 4721 4709 4751 4731 4706 4709 4751 4731 4706 4709 4751 4710 4812 4709
4716 4719 4727 4719 4710 4721 4732 4924 4862 4865 4895 4868 4846 4701 4746 4702 4705 4727 4730 4958 4724 4699 4702 4750 4724 4699 4702 4750 4724 4699 4702 4750 4724 4699 4702
4700 4732 4726 4735 4709 4728 4731 4923 4903 4911 4894 4885 4920 4928 4721 4701 4704 4726 4729 4928 4723 4698 4701 4743 4723 4720 4723 4743 4723 4698 4701 4743 4723 4698 4701
4726 4735 4725 4746 4702 4721 4724 4922 4902 4910 4890 4884 4919 4927 4720 4731 4703 4721 4739 4924 4924 4812 4714 4742 4708 4719 4741 4742 4924 4812 4714 4742 4924 4812 4714
4725 4746 4718 4721 4701 4720 4745 4929 4901 4909 4889 4885 4918 4926 4719 4724 4731 4728 4731 4923 4923 4710 4713 4741 4923 4710 4713 4741 4923 4710 4713 4741 4923 4710 4713
4718 4721 4717 4716 4719 4719 4722 4928 4900 4908 4880 4884 4917 4925 4720 4723 4724 4721 4724 4922 4922 4716 4719 4752 4922 4716 4719 4752 4922 4716 4719 4752 4922 4716 4719
4717 4720 4716 4700 4732 4730 4733 4727 4926 4865 4886 4896 4869 4730 4732 4745 4723 4720 4723 4929 4929 4700 4732 4739 4929 4700 4732 4739 4929 4700 4732 4739 4732 4700 4732
4716 4719 4717 4720 4723 4724 4699 4702 4840 4864 4885 4895 4868 4856 4710 4812 4708 4719 4741 4928 4928 4725 4728 4738 4928 4725 4732 4738 4723 4720 4723 4738 4928 4725 4728
4700 4732 4708 4732 4714 4723 4698 4701 4913 4881 4884 4894 4886 4921 4716 4719 4707 4730 4733 4727 4727 4741 4732 4745 4727 4741 4721 4701 4708 4719 4741 4701 4727 4741 4721
4702 4942 4707 4710 4713 4708 4711 4714 4912 4895 4879 4882 4885 4920 4950 4954 4706 4709 4712 4700 4733 4717 4710 4812 4733 4717 4720 4700 4733 4717 4720 4700 4733 4717 4720
tile 4698 0 0
tile 4699 56 0
tile 4700 112 0
tile 4701 168 0
tile 4702 224 0
tile 4703 280 0
tile 4704 336 0
tile 4705 392 0
tile 4706 448 0
tile 4707 504 0
tile 4708 560 0
tile 4709 0 27
tile 4710 56 27
tile 4711 112 27
tile 4712 168 27
tile 4713 224 27
tile 4714 280 27
tile 4716 336 27
tile 4717 392 27
tile 4718 448 27
tile 4719 504 27
tile 4720 560 27
tile 4721 0 54
tile 4722 56 54
tile 4723 112 54
tile 4724 168 54
tile 4725 224 54
tile 4726 280 54
tile 4727 336 54
tile 4728 392 54
tile 4729 448 54
tile 4730 504 54
tile 4731 560 54
tile 4732 0 81
tile 4733 56 81
tile 4735 112 81
tile 4736 168 81
tile 4738 224 81
tile 4739 280 81
tile 4740 336 81
tile 4741 392 81
tile 4742 448 81
tile 4743 504 81
tile 4745 560 81
tile 4746 0 108
tile 4750 56 108
tile 4751 112 108
tile 4752 168 108
tile 4812 224 108
tile 4838 280 108
tile 4839 336 108
tile 4840 392 108
tile 4842 448 108
tile 4846 504 108
tile 4854 560 108
tile 4856 0 135
tile 4859 56 135
tile 4862 112 135
tile 4863 168 135
tile 4864 224 135
tile 4865 280 135
tile 4866 336 135
tile 4868 392 135
tile 4869 448 135
tile 4870 504 135
tile 4878 560 135
tile 4879 0 162
tile 4880 56 162
tile 4881 112 162
tile 4882 168 162
tile 4883 224 162
tile 4884 280 162
tile 4885 336 162
tile 4886 392 162
tile 4888 448 162
tile 4889 504 162
tile 4890 560 162
tile 4891 0 189
tile 4894 56 189
tile 4895 112 189
tile 4896 168 189
tile 4898 224 189
tile 4899 280 189
tile 4900 336 189
tile 4901 392 189
tile 4902 448 189
tile 4903 504 189
tile 4906 560 189
tile 4907 0 216
tile 4908 56 216
tile 4909 112 216
tile 4910 168 216
tile 4911 224 216
tile 4912 280 216
tile 4913 336 216
tile 4914 392 216
tile 4915 448 216
tile 4917 504 216
tile 4918 560 216
tile 4919 0 243
tile 4920 56 243
tile 4921 112 243
tile 4922 168 243
tile 4923 224 243
tile 4924 280 243
tile 4925 336 243
tile 4926 392 243
tile 4927 448 243
tile 4928 504 243
tile 4929 560 243
tile 4938 0 270
tile 4942 56 270
tile 4950 112 270
tile 4954 168 270
tile 4958 224 270
picture 215 28 253 39 0
picture 216 0 736 47 0
picture 217 28 173 40 0
picture 218 28 44 43 0
picture 223 0 590 49 0
picture 224 0 924 44 0
picture 225 0 639 49 0
picture 226 0 968 44 0
picture 227 28 324 31 0
picture 228 0 535 55 0
picture 229 0 688 48 0
picture 230 0 783 47 0
picture 231 0 830 47 0
picture 232 28 292 32 0
picture 233 28 87 43 0
picture 234 28 213 40 0
picture 6075 28 0 44 0
picture 6076 28 355 21 0
picture 6077 0 877 47 0
picture 6078 28 397 19 0
picture 6079 28 130 43 0
picture 6098 28 485 13 0
picture 6099 28 471 14 0
picture 6100 28 376 21 0
picture 6102 28 435 18 0
picture 6103 28 453 18 0
picture 6104 28 416 19 0
picture 6183 0 322 118 0
picture 6184 0 163 159 0
picture 6185 0 0 163 0
picture 6186 0 440 95 0
object 29 0 right 6186
object 2 1 right 6186
object 28 1 left 6183
object 29 1 left 6184
object 29 1 right 6185
object 1 2 left 6183
object 2 2 left 6184
object 2 2 right 6185
object 25 2 left 6100
object 17 3 left 6102
object 21 3 left 6184
object 21 3 right 6185
object 25 3 left 6102
object 5 4 left 6102
object 1 5 left 6098
object 1 5 right 6099
object 3 5 left 6079
object 32 6 left 6184
object 32 6 right 6185
object 12 7 left 233
object 12 7 right 234
object 13 7 left 225
object 13 7 right 226
object 14 7 left 231
object 14 7 right 232
object 23 7 left 6075
object 23 7 right 6076
object 12 8 left 217
object 12 8 right 218
object 14 8 left 215
object 14 8 right 216
object 20 8 left 6100
object 3 9 left 6077
object 3 9 right 6078
object 12 9 left 227
object 12 9 right 228
object 13 9 left 223
object 13 9 right 224
object 14 9 left 229
object 14 9 right 230
object 20 9 left 6102
object 27 9 left 6075
object 27 9 right 6076
object 33 9 left 6100
object 17 10 left 6104
object 17 10 right 6103
object 33 10 left 6102
object 1 11 right 6186
object 0 12 left 6183
object 1 12 left 6184
object 1 12 right 6185
object 26 13 left 6075
object 26 13 right 6076
object 15 16 left 6100
object 32 16 left 6184
object 32 16 right 6185
object 1 17 right 6186
object 15 17 left 6102
object 26 17 left 6184
object 26 17 right 6185
object 0 18 left 6183
object 1 18 left 6184
object 1 18 right 6185
object 23 18 left 6100
object 30 18 left 6075
object 30 18 right 6076
object 23 19 left 6102
