# lod20665 — tools/dat-extract layout 이 만든다. 손으로 고치지 말 것.
size 20 20
blocked
####################
##.##.####.####.#...
#..##..#.#....#.#...
##..................
##.................#
###.................
###.................
##..................
###....#............
###.................
##.........##.......
##..................
#..........##.......
#...........#.......
#...................
#......##...........
#...................
#...................
#................#..
#...................
floor
4970 4979 4979 4979 4970 4974 4978 4982 4986 4990 4994 4966 4970 4974 4978 5030 5034 4990 4994 5042
4965 4981 5013 5017 5021 5041 4977 4981 4965 4969 4973 4977 4981 4968 5041 5006 5033 5037 5041 5041
4964 4980 5012 5016 5020 5040 4988 5025 5021 4968 4972 4976 4980 4984 5006 5016 5032 5036 5040 5007
4963 4967 4971 5080 5082 5038 5042 4991 4963 4967 4971 5047 5051 5055 5027 5027 5030 5040 5039 5005
4982 4986 4990 5079 5081 5036 5040 4975 4979 4983 4987 4991 5014 5018 5022 5026 4998 5002 5006 4999
4981 4985 4997 5001 4989 4993 4993 4965 4969 4973 4977 4984 5013 5017 5021 5025 4997 5001 5005 4991
4980 4984 4996 5000 4988 4992 4992 4964 4968 4972 4976 4980 5012 5016 5020 5024 4996 5000 5004 5008
4979 4983 4995 4999 4987 4991 4991 4963 4967 4971 4975 4979 5011 5015 5019 5023 4995 4984 5003 5007
4998 5002 5006 5010 4998 5002 5006 5006 5046 5050 5054 5058 5030 5034 5038 5042 4982 4986 5001 5005
4997 5001 5005 5001 5005 5001 5005 5009 5045 5049 5053 5057 5029 5033 5037 5041 4981 4985 5000 5004
4996 5000 5004 5000 5004 5000 5004 5008 5044 5048 5052 5056 5010 5032 5036 5040 4980 4984 5007 4979
4995 4999 5003 4999 4989 4993 5003 5007 5043 5047 5051 5055 4985 5031 5035 5039 4979 4983 4987 4991
5014 5018 5022 5026 4982 4986 5002 5006 5006 4986 4990 4996 5010 4970 4974 4978 4982 4986 4990 4994
5013 5017 5021 5025 4981 4985 5001 5005 5005 4985 4989 4993 5006 4969 4973 4977 4981 4985 4989 4993
5012 5016 5020 5024 4980 4984 5000 5004 5004 4984 4988 4992 4964 4968 4972 4976 4980 4984 4988 4992
5011 5015 5019 5023 4979 4983 4987 5003 4999 4983 4987 4991 4963 4967 4971 4975 4979 4983 4987 4991
5030 5034 5038 5042 4998 5002 5006 5002 5006 5002 5006 5002 5030 5034 5038 5042 4998 5002 5006 5084
5029 5033 5037 5041 4997 5001 5005 5001 5005 5001 5005 5001 5029 5033 5037 5041 4997 5001 5005 5083
5028 5032 5036 5040 4996 5000 5004 5000 5004 5000 5004 5000 5028 5032 5036 5040 4996 4981 5004 5008
5027 5031 5035 5003 5007 4999 5003 5004 5000 5000 5003 5007 5027 5031 5035 5039 4995 4999 5003 5007
tile 4963 0 0
tile 4964 56 0
tile 4965 112 0
tile 4966 168 0
tile 4967 224 0
tile 4968 280 0
tile 4969 336 0
tile 4970 392 0
tile 4971 448 0
tile 4972 504 0
tile 4973 560 0
tile 4974 0 27
tile 4975 56 27
tile 4976 112 27
tile 4977 168 27
tile 4978 224 27
tile 4979 280 27
tile 4980 336 27
tile 4981 392 27
tile 4982 448 27
tile 4983 504 27
tile 4984 560 27
tile 4985 0 54
tile 4986 56 54
tile 4987 112 54
tile 4988 168 54
tile 4989 224 54
tile 4990 280 54
tile 4991 336 54
tile 4992 392 54
tile 4993 448 54
tile 4994 504 54
tile 4995 560 54
tile 4996 0 81
tile 4997 56 81
tile 4998 112 81
tile 4999 168 81
tile 5000 224 81
tile 5001 280 81
tile 5002 336 81
tile 5003 392 81
tile 5004 448 81
tile 5005 504 81
tile 5006 560 81
tile 5007 0 108
tile 5008 56 108
tile 5009 112 108
tile 5010 168 108
tile 5011 224 108
tile 5012 280 108
tile 5013 336 108
tile 5014 392 108
tile 5015 448 108
tile 5016 504 108
tile 5017 560 108
tile 5018 0 135
tile 5019 56 135
tile 5020 112 135
tile 5021 168 135
tile 5022 224 135
tile 5023 280 135
tile 5024 336 135
tile 5025 392 135
tile 5026 448 135
tile 5027 504 135
tile 5028 560 135
tile 5029 0 162
tile 5030 56 162
tile 5031 112 162
tile 5032 168 162
tile 5033 224 162
tile 5034 280 162
tile 5035 336 162
tile 5036 392 162
tile 5037 448 162
tile 5038 504 162
tile 5039 560 162
tile 5040 0 189
tile 5041 56 189
tile 5042 112 189
tile 5043 168 189
tile 5044 224 189
tile 5045 280 189
tile 5046 336 189
tile 5047 392 189
tile 5048 448 189
tile 5049 504 189
tile 5050 560 189
tile 5051 0 216
tile 5052 56 216
tile 5053 112 216
tile 5054 168 216
tile 5055 224 216
tile 5056 280 216
tile 5057 336 216
tile 5058 392 216
tile 5079 448 216
tile 5080 504 216
tile 5081 560 216
tile 5082 0 243
tile 5083 56 243
tile 5084 112 243
picture 6106 252 761 50 0
picture 6109 252 900 41 0
picture 6110 252 811 46 0
picture 6112 252 973 31 0
picture 6113 280 31 30 0
picture 6114 252 941 32 0
picture 6115 280 0 31 0
picture 6116 252 857 43 0
picture 6187 196 240 111 0
picture 6188 0 0 168 0
picture 6189 224 106 100 0
picture 6190 224 206 100 0
picture 6191 224 815 78 0
picture 6192 196 779 106 0
picture 6193 196 351 107 0
picture 6203 196 458 107 0
picture 6204 196 885 106 0
picture 6205 224 731 84 0
picture 6206 196 565 107 0
picture 6207 224 0 106 0
picture 6208 224 893 78 0
picture 6213 112 526 123 0
picture 6214 0 306 137 0
picture 6215 0 443 137 0
picture 6216 112 649 123 0
picture 6217 112 772 123 0
picture 6218 0 580 137 0
picture 6219 0 717 137 0
picture 6220 0 854 137 0
picture 6221 140 861 122 0
picture 6232 168 0 122 0
picture 6233 28 0 137 0
picture 6234 28 137 137 0
picture 6235 28 274 137 0
picture 6236 112 895 123 0
picture 6262 140 0 123 0
picture 6263 28 411 137 0
picture 6264 28 548 137 0
picture 6265 28 685 137 0
picture 6266 168 122 122 0
picture 6267 168 244 122 0
picture 6268 28 822 137 0
picture 6269 56 0 137 0
picture 6270 56 137 137 0
picture 6271 140 123 123 0
picture 6274 56 274 137 0
picture 6275 56 411 137 0
picture 6276 140 246 123 0
picture 6277 140 369 123 0
picture 6278 56 548 137 0
picture 6279 56 685 137 0
picture 6280 56 822 137 0
picture 6281 168 366 122 0
picture 6282 140 492 123 0
picture 6283 84 0 137 0
picture 6284 84 137 137 0
picture 6285 84 274 137 0
picture 6286 168 488 122 0
picture 6287 168 610 122 0
picture 6288 84 411 137 0
picture 6289 84 548 137 0
picture 6290 84 685 137 0
picture 6291 140 615 123 0
picture 6292 168 732 122 0
picture 6293 84 822 137 0
picture 6294 112 0 137 0
picture 6295 112 137 137 0
picture 6296 140 738 123 0
picture 6361 112 274 128 0
picture 6362 0 168 138 0
picture 6363 112 402 124 0
picture 6364 168 854 120 0
picture 6365 196 0 120 0
picture 6366 196 120 120 0
picture 6367 196 672 107 0
picture 6368 252 705 56 0
picture 6425 252 355 70 0
picture 6426 224 306 85 0
picture 6427 252 0 71 0
picture 6428 252 425 70 0
picture 6429 224 391 85 0
picture 6430 252 71 71 0
picture 6431 252 495 70 0
picture 6432 224 476 85 0
picture 6433 252 142 71 0
picture 6437 252 213 71 0
picture 6438 224 561 85 0
picture 6439 252 565 70 0
picture 6440 252 284 71 0
picture 6441 224 646 85 0
picture 6442 252 635 70 0
object 0 0 left 6292
object 1 0 left 6215
object 1 0 right 6216
object 2 0 left 6274
object 3 0 left 6275
object 3 0 right 6276
object 4 0 left 6267
object 5 0 left 6268
object 6 0 left 6269
object 7 0 left 6270
object 7 0 right 6271
object 8 0 left 6292
object 9 0 left 6293
object 10 0 left 6294
object 11 0 left 6295
object 11 0 right 6296
object 12 0 left 6232
object 13 0 left 6233
object 14 0 left 6234
object 15 0 left 6235
object 15 0 right 6236
object 16 0 left 6287
object 17 0 left 6288
object 18 0 left 6289
object 19 0 left 6290
object 19 0 right 6291
object 0 1 left 6213
object 0 1 right 6214
object 1 1 left 6113
object 2 1 right 6189
object 4 1 right 6368
object 6 1 right 6189
object 7 1 right 6205
object 8 1 left 6437
object 8 1 right 6106
object 9 1 left 6438
object 9 1 right 6439
object 10 1 right 6189
object 11 1 left 6440
object 12 1 left 6441
object 12 1 right 6442
object 13 1 left 6109
object 13 1 right 6110
object 14 1 right 6189
object 16 1 right 6208
object 18 1 right 6189
object 0 2 right 6264
object 1 2 left 6190
object 3 2 left 6365
object 4 2 left 6366
object 4 2 right 6367
object 7 2 left 6203
object 7 2 right 6204
object 9 2 left 6109
object 9 2 right 6110
object 14 2 right 6112
object 16 2 left 6206
object 16 2 right 6207
object 0 3 left 6262
object 0 3 right 6263
object 1 3 left 6187
object 1 3 right 6188
object 2 3 right 6364
object 0 4 right 6286
object 1 4 left 6361
object 2 4 left 6362
object 2 4 right 6363
object 19 4 left 6115
object 19 4 right 6116
object 0 5 right 6285
object 1 5 left 6191
object 2 5 left 6192
object 2 5 right 6193
object 0 6 right 6284
object 1 6 left 6190
object 1 6 right 6427
object 2 6 left 6113
object 0 7 left 6282
object 0 7 right 6283
object 1 7 left 6425
object 1 7 right 6426
object 0 8 right 6266
object 1 8 right 6430
object 2 8 right 6112
object 7 8 right 6112
object 0 9 right 6265
object 1 9 left 6428
object 1 9 right 6429
object 2 9 left 6114
object 0 10 right 6264
object 1 10 left 6190
object 1 10 right 6433
object 11 10 left 6109
object 11 10 right 6110
object 12 10 left 6114
object 0 11 left 6262
object 0 11 right 6263
object 1 11 left 6431
object 1 11 right 6432
object 0 12 right 6281
object 11 12 left 6113
object 12 12 left 6114
object 0 13 right 6280
object 12 13 right 6112
object 0 14 right 6279
object 1 14 left 6190
object 0 15 left 6277
object 0 15 right 6278
object 7 15 left 6109
object 7 15 right 6110
object 8 15 left 6115
object 8 15 right 6116
object 0 16 right 6221
object 0 17 right 6220
object 0 18 right 6219
object 1 18 left 6190
object 17 18 left 6113
object 0 19 left 6217
object 0 19 right 6218
