# lod20394 — tools/dat-extract layout 이 만든다. 손으로 고치지 말 것.
size 50 50
blocked
.....#.....#......###........................#####
..........##......###........................#####
.......#..........###........................#####
...................###.......................#####
...................###....................#...####
.............#......##....................#.#.####
.###................###.......................####
.#.#................###.......................####
..............#.....####...#.......###........####
..............#......###...#.......#.#........####
.....................###.......................###
.....................###.......................###
......................###.......................##
......................###........................#
......................###.........................
..#...................###.........................
........#.............###.........................
......................###.........................
...........#..........###.................#..##...
......................###....#....................
......................###.........................
..#...................###.........................
.................########.....................#...
....#....#......########..........................
...............########.............#.#...........
...............####........................#......
......#........###................................
.........#.....###..........................#.....
............................................#.....
...............###...................##...#....#..
...............###................................
...............###..............................#.
...............###.......#..................#.....
..#............###...#.......#......#..........#..
...........#...###................................
.....#.........###................................
...............###................................
...............###...##...........................
.....#.........###................................
..........########................................
.........########...............................#.
........#########.................................
........####..................................#...
.#......###................................#....#.
........###..........#..#................#....#...
..#............#..............#............#......
........###..................................#....
.##.....###...............................#.....#.
........###........#..............................
........###...............#..................#....
floor
8746 8755 8764 8773 8791 8801 8810 9674 9679 9684 8846 8874 8874 8883 8892 8901 8746 9359 9369 9379 9389 9399 9409 8791 8755 8764 8773 8782 8791 8801 8810 8883 8892 8746 8755 8764 8773 8782 8791 8801 8810 8819 8828 8837 8846 8856 8865 9103 9109 9109
8745 8754 8763 8772 8790 8800 8809 8818 8827 8836 8845 8873 8873 8882 8891 8900 8745 9422 9430 9439 9448 9457 9466 8790 8754 8763 8772 8781 8790 8800 8809 8882 8891 8745 8754 8763 8772 8781 8790 8800 8809 8818 8827 8836 8845 8855 8864 8907 9107 8911
8744 8753 8762 8771 8780 8789 8799 8808 8817 8826 8835 8844 8872 8881 8890 8899 8744 9421 9429 9438 9447 9456 9465 8808 8817 8826 8835 8844 8854 8863 8872 8881 8890 8744 8753 8762 8771 8780 8789 8799 8808 8817 8826 8835 8844 8854 8863 8906 8911 9109
8743 8752 8761 8770 8779 8788 8798 8807 8816 8825 8834 8843 8871 8880 8889 8898 8743 9420 9428 9437 9446 9455 9464 8807 8816 8825 8834 8843 8853 8862 8871 8880 8889 8743 8752 8761 8770 8779 8788 8798 8807 9146 9150 9154 8843 8853 8862 8871 9102 9107
8744 8753 8762 8769 8778 8787 8797 8806 8815 8824 8833 8842 8870 8879 8888 8897 8742 8751 9427 9436 9445 9454 9463 9472 8815 8824 8833 8842 8852 8861 8870 8879 8888 8742 8751 8760 8769 8778 8787 8797 8806 9145 9149 9153 8751 8760 8769 8778 8787 9109
8907 8912 8917 8922 8927 8932 8796 8805 8814 8823 8832 8841 8869 8878 8887 8896 8741 8750 9426 9435 9444 9453 9462 9471 8814 8823 8832 8841 8851 8860 8869 8878 8887 8741 8750 8759 8768 8777 8786 8796 8805 9144 9148 9152 8750 8759 8768 8777 8786 8787
8906 8911 8916 8921 8926 8931 8795 8804 8813 8822 8831 8840 8868 8877 8886 8895 8740 8749 9425 9434 9443 9452 9461 9470 8813 8822 8831 8840 8850 8859 8868 8877 8886 8740 8749 8758 8767 8776 8785 8795 8804 9143 9147 9151 8749 8758 8767 8776 8785 8786
8905 8910 8915 8920 8925 8930 8863 8872 8881 8890 8744 8753 8762 9146 9150 9154 8799 8808 9424 9433 9442 9451 9460 9469 9475 8798 9146 9150 9154 8872 8881 8890 8899 8744 8907 8912 8917 8922 8927 8932 8808 8817 8899 8744 8753 8762 8771 8780 8784 8785
8904 8909 8914 8919 8924 8929 8862 8871 8880 8889 8743 8752 8761 9145 9149 9153 8798 8807 9423 9432 9441 9450 9459 9468 9474 8797 9145 9149 9153 8871 8880 8889 8898 8743 8906 8911 8916 8921 8926 8931 8807 8816 8898 8743 8752 8761 8770 8779 8880 8784
8903 8908 8913 8918 8923 8928 8861 8870 8879 8888 8742 8751 8760 9144 9148 9152 8797 8806 8815 9431 9440 9449 9458 9467 9473 8796 9144 9148 9152 8870 8879 8888 8897 8742 8905 8910 8915 8920 8925 8930 8806 8815 8897 8742 8751 8760 8769 8778 8879 8788
8805 8814 8823 8832 8841 8851 8860 8869 8878 8887 8741 8750 8759 9143 9147 9151 8796 8805 8814 8759 9422 9430 9439 9448 9457 9466 9143 9147 9151 8869 8878 8887 8896 8741 8904 8909 8914 8919 8924 8929 8805 8814 8823 8832 8841 8851 8860 8869 8878 8787
8804 8813 8822 8831 8840 8850 8859 8868 8877 8886 8740 8749 8758 8767 8776 8785 8795 8804 8813 8758 9421 9429 9438 9447 9456 9465 8831 8840 8850 8868 8877 8886 8895 8740 8903 8908 8913 8918 8923 8928 8804 8813 8822 8831 8840 8850 8859 8868 8877 8786
8803 8812 8821 8830 8839 8849 8858 8867 8876 8885 8739 8748 8757 8766 8775 8784 8794 8803 8812 8757 9420 9428 9437 9446 9455 9464 8830 8839 8849 8867 8876 8885 8849 8867 8876 8766 8775 8784 8794 8803 8812 8757 9420 8830 8839 8849 8858 8867 8876 8785
8802 8811 8820 8829 8838 8848 8857 8866 8875 8884 8738 8747 8756 8765 8774 8783 8793 8802 8811 8756 8765 9365 9375 9385 9395 9405 8829 8838 8848 8756 8875 8884 9637 9619 8756 8765 8774 8783 8793 8802 8811 8756 8765 8829 8838 8848 8857 8866 8875 8784
9599 9647 9602 9619 9624 9629 9634 8462 8467 8472 8476 9644 9625 9630 9624 9629 9634 9639 9629 9648 9599 9364 9374 9384 9394 9404 9414 9645 9600 9644 9599 9604 9642 9630 9630 9638 9643 9648 8454 9644 9599 9604 9597 9602 9607 9629 9634 9643 9627 9644
9628 9646 9601 9648 9603 9608 9613 8461 8466 8471 8475 9646 9628 9643 9603 9608 9613 9618 9623 9597 9628 9363 9373 9383 9393 9403 9413 9600 9599 9623 9628 9633 9641 9643 9643 9637 9642 9647 9639 8458 9628 9633 9646 9601 9606 9632 9600 9605 9632 9646
9627 9632 9637 9647 9602 9607 9612 8460 8465 8470 8474 9637 9627 8458 9602 9607 9612 9617 9603 9622 9627 9362 9372 9382 9392 9402 9412 9599 9581 9615 9627 9632 9640 9627 9619 9636 9641 9646 9642 8457 9572 9575 9579 9642 9647 9644 9599 9604 9631 9637
9606 9603 9608 9613 9647 9647 9646 8459 8464 8469 8473 9636 9626 8457 9647 9647 9646 9647 9602 9621 9626 9361 9371 9381 9391 9401 9411 8439 8444 8449 8454 9631 9624 9626 9606 9614 9619 9641 9633 8456 9571 9574 9578 9582 9646 9615 9620 9625 9630 9636
9633 9602 9607 9612 9646 9646 9645 9646 8463 8468 9632 9635 9625 8456 9646 9646 9645 9646 9601 9620 9625 9360 9370 9380 9390 9400 9410 8438 8443 8448 8453 8458 9640 9627 9619 9643 9648 9640 9632 8455 9570 9573 9577 9581 9645 9646 9601 9625 9630 9635
9632 9601 9606 9611 9645 9599 8458 9646 9601 9609 9646 9619 9624 8455 9644 9645 9600 9605 9614 9619 9624 9359 9369 9379 9389 9399 9409 8437 8442 8447 8452 8457 9624 9626 9606 9599 9604 9609 9631 9619 9624 9629 9576 9580 9644 9599 9553 9609 9614 9619
9631 9628 9633 9638 9644 8455 8457 8415 9636 9613 9618 9623 9613 9618 9623 9628 9633 9638 9643 9648 9329 9335 9341 9347 9353 9358 9600 8436 8441 8446 8451 9698 9624 9626 9606 9645 9600 9632 9637 9642 9620 9625 9630 9635 9623 9588 9592 9596 9645 9600
9642 9647 9602 9607 9597 9602 8456 8476 8420 9600 9605 9632 9637 9642 9604 9236 9242 9248 9254 9260 9328 9334 9340 9346 9352 9357 9599 9604 8440 8445 8450 9642 9630 9630 9639 8419 8425 8431 9609 9614 9619 9624 9629 9634 9584 9587 9591 9595 9598 9599
9599 9549 9614 9619 9624 9644 8455 8475 9606 9614 9619 9647 9602 9641 9230 9235 9241 9247 9253 9259 9327 9333 9339 9345 9351 9356 9600 9605 9632 9637 9642 9641 9643 9643 9600 8418 8424 8430 8435 9602 9607 9635 9632 9637 9583 9586 9590 9594 9597 8420
9625 9638 9643 9648 9603 8419 8425 8431 9613 9618 9623 9646 9601 9640 9229 9234 9240 9246 9252 9258 9326 9332 9338 9344 9350 9355 9599 9604 9631 9636 9641 9640 9627 9619 9599 8417 8423 8429 8434 9601 9606 8439 8444 8449 8454 9585 9589 9593 9638 9643
9624 9637 9642 9647 9602 8418 8424 8430 8435 9606 9603 9637 9642 9639 9228 9233 9239 9245 9251 9257 9325 9331 9337 9343 9349 9354 9620 9625 9630 9635 9640 9624 9626 9606 9625 8416 8422 8428 8433 9600 9605 8438 8443 8448 8453 8458 9635 9632 9637 9642
9603 9636 9641 9646 9601 8417 8423 8429 8434 9647 9602 9637 9642 9618 9227 9232 9238 9244 9250 9256 9324 9330 9336 9342 9348 9604 9619 9624 9629 9634 9639 9606 9603 9608 9624 8415 8421 8427 8432 9599 9604 8437 8442 8447 8452 8457 9634 9631 9636 9641
9602 9635 9640 9645 9599 8416 8422 8428 8433 9646 9601 9636 9641 9617 9226 9231 9237 9243 9249 9255 9602 9646 9636 9641 9646 9601 9606 9603 9608 9613 9618 9619 9624 9629 9603 9608 8420 8426 9623 9628 9633 8436 8441 8446 8451 8456 9613 9643 9648 9603
9601 9634 9639 9644 9601 8415 8421 8427 8432 9614 9631 9635 9640 9616 9368 9378 9388 9398 9408 9418 9601 9637 9613 9618 9623 9628 9633 9602 9607 9612 9617 9630 9630 9624 9602 9607 9633 9638 9623 9648 9632 9637 8440 8445 8450 8455 9612 9613 9618 9623
9600 9613 9618 9623 9628 9623 8420 8426 9638 9643 9648 9634 9639 9643 9766 9767 9768 9769 9770 9771 9642 9647 9620 9625 9630 9627 9632 9601 9606 9611 9616 9662 9677 9669 9601 9606 9632 9637 9643 9647 9631 9636 9623 9628 9628 9638 9643 9637 9642 9630
9599 9604 9630 9642 9648 9602 9615 9620 9625 9630 9627 9632 9637 9642 9366 9376 9386 9396 9406 9633 9641 9646 9619 9624 9629 9553 9631 9628 9633 9638 9643 9661 9676 9668 9600 9605 9631 9643 9642 9603 9608 9613 9637 9627 11670 11673 11676 9642 9601 9629
9643 9648 9603 9641 9646 9601 9614 9619 9624 9629 9626 9631 9636 9641 9365 9375 9385 9395 9405 9632 9642 9648 9606 9619 9548 9552 9634 9627 9632 9637 9642 9660 9675 9669 9599 9604 9553 9642 9648 9602 9615 9620 9621 9626 11669 11672 11675 9646 9600 9612
9602 9548 9552 9617 9622 9627 9647 9606 9603 9627 9632 9603 9627 9632 9364 9374 9384 9394 9404 9414 9641 9646 9605 9545 9547 9551 9555 9626 9631 9636 9630 9630 9624 9629 9643 9548 9552 9641 9646 9601 9614 9619 9612 9617 11668 11671 11674 9637 9637 9603
9545 9547 9551 9555 9621 9626 9646 9647 9602 8439 8444 8449 8454 9631 9363 9373 9383 9393 9403 9413 9601 9637 9642 9544 9546 9550 9554 9648 9641 9619 9643 9643 9603 9608 9545 9547 9551 9555 9641 8269 8285 9606 9637 9642 9642 9626 9631 9636 9641 9602
9544 9546 9550 9554 9620 9625 9645 9646 9601 8438 8443 8448 8453 8458 9362 9372 9382 9392 9402 9412 9636 9641 9636 9608 9613 9549 9623 9597 9640 9648 9627 9619 9624 9629 9544 9546 9550 9554 9414 8268 8284 8301 9698 9700 9620 9694 9696 9637 9640 9601
9599 9604 9549 9614 9619 9624 9644 9599 9604 8437 8442 8447 8452 8457 9361 9371 9381 9391 9401 9411 8420 8426 9609 9607 9612 9617 9603 9622 9639 9647 9626 9606 9603 9608 9631 9607 9549 8242 8254 8267 8283 8300 8316 9606 8345 8360 9645 9600 9605 9614
9628 9633 9638 9643 9648 9603 8420 8426 9608 8436 8420 8446 8451 8456 9360 9370 9380 9390 9400 9410 9606 9633 9638 9647 9646 9647 9602 9619 9618 9646 9647 9619 9624 9629 9634 9647 8229 8241 8253 8266 8282 8299 8315 8330 8344 8359 8374 8389 9618 9623
9627 9632 9637 9642 9647 9602 9647 9602 9646 9601 8440 8445 8450 8455 9359 9369 9379 9389 9399 9409 8457 9646 9637 9646 9645 9646 9601 9620 9638 9637 9642 9630 9630 9624 9629 9634 8228 8240 8252 8265 8281 8298 8314 8329 8343 8358 8373 8388 8402 9603
9626 9631 9636 9641 9646 9601 9646 9601 9637 9642 9647 9602 8458 9329 9335 9341 9347 9353 9358 9640 9645 9600 9636 9645 9600 9605 9614 9619 9637 9636 9641 9643 9643 9603 9608 9613 8227 8239 8251 8264 8280 8297 8313 8328 8342 8357 8372 8387 8401 8413
9625 9630 9635 9640 9645 9599 9632 9627 9236 9242 9248 9254 9260 9328 9334 9340 9346 9352 9357 9639 9644 9599 9635 9648 9602 9615 9620 9625 9636 9635 9640 9627 9619 9624 9629 8217 8226 8238 8250 8263 8279 8296 8312 8327 8341 8356 8371 8386 8400 8412
9624 9629 9634 9639 9644 9601 9609 9230 9235 9241 9247 9253 9259 9327 9333 9339 9345 9351 9356 9618 9623 9628 9634 9646 9601 9614 9619 9624 9614 9619 9624 9626 9606 9603 9608 8216 8225 8237 8249 8262 8278 8295 8311 8326 8340 8355 8370 8385 8399 8411
9603 9608 9613 9618 9623 9628 9623 9229 9234 9240 9246 9252 9258 9326 9332 9338 9344 9350 9355 9617 9622 9627 9613 9622 9627 9647 9606 9603 9643 9648 9603 9602 9633 9602 9607 8215 8224 8236 8248 8261 8277 8294 8310 8325 8339 8354 8369 8384 8398 8410
9602 9607 9612 9617 9622 9627 9622 9228 9233 9239 9245 9251 9257 9325 9331 9337 9343 9349 9354 9616 9621 9553 9612 9621 9626 9646 9647 9602 9642 9647 9602 9627 9632 9601 9606 9618 8223 8235 8247 8260 8276 8293 8309 8324 8338 8353 8368 8383 8397 8409
9623 9628 9619 9638 9643 9648 9634 9227 9232 9238 9244 9250 9256 9324 9330 9336 9342 9348 9627 9643 9588 9592 9596 9620 9625 9645 9646 9601 9641 9646 9601 9626 9619 9624 9629 8214 8222 8234 8246 8259 8275 8292 8308 8323 8337 8352 8367 8382 8396 8408
9622 9588 9592 9596 9642 9647 8436 9226 9231 9237 9243 9249 9255 9636 9548 9552 9630 9635 9600 9584 9587 9591 9595 9598 9624 9644 9599 9604 9640 8462 8467 8472 9606 9603 9608 9616 8221 8233 8245 8258 8274 8291 8307 8322 8336 8351 8366 8381 8395 8407
9584 9587 9591 9595 9598 9646 9632 9368 9378 9388 9398 9408 9418 9545 9547 9551 9555 9634 9639 9583 9586 9590 9594 9597 9603 8420 8426 9608 9639 8461 8466 8471 9633 9602 9607 9643 8220 8232 8244 8257 8273 8290 8306 8321 8335 8350 8365 8380 8394 8406
9583 9586 9590 9594 9597 9645 9631 9766 9767 9768 9769 9770 9771 9544 9546 9550 9554 9613 9618 9623 9585 9589 9593 9647 9602 9647 9602 9646 9618 8460 8465 8470 9632 9601 9606 9642 9623 8231 8243 8256 8272 8289 8305 8320 8334 8349 8364 8379 8393 8405
9619 9585 9589 9593 9639 9644 9627 9366 9376 9386 9396 9406 9416 9642 9647 9549 9607 9572 9575 9579 9627 9632 9637 9648 9602 9615 9620 9625 9610 8459 8464 8469 9624 9629 9626 9631 9602 9615 9620 8255 8271 8288 8304 8319 8333 8348 8363 8378 8392 8405
9648 9618 9623 9628 9641 9646 9638 9365 9375 9385 9395 9405 9415 9641 9646 9647 9602 9571 9574 9578 9582 9631 9636 9646 9601 9614 9619 9624 9609 9614 8463 8468 9619 9624 9629 9634 9601 9614 9619 9624 8270 8287 8303 8318 8332 8347 8362 8377 8391 8404
9647 9606 9603 9627 9632 9637 9637 9364 9374 9384 9394 9404 9414 9640 9645 9646 9601 9570 9573 9577 9581 9630 9635 9622 9627 9647 9606 9603 9638 9643 9625 9630 9630 9624 9629 8426 9627 9647 9606 9603 9627 8286 8302 8317 8331 8346 8361 8376 8390 8403
9646 9647 9602 9626 9631 9636 9636 9363 9373 9383 9393 9403 9413 9639 9644 9645 9600 9605 9614 9576 9580 9629 9634 9621 9626 9646 9647 9602 9614 9619 9624 9629 9643 9603 9608 9599 9626 9646 9647 9602 9626 9631 8455 9638 9644 9599 9604 9609 9614 9619
tile 8214 0 0
tile 8215 56 0
tile 8216 112 0
tile 8217 168 0
tile 8220 224 0
tile 8221 280 0
tile 8222 336 0
tile 8223 392 0
tile 8224 448 0
tile 8225 504 0
tile 8226 560 0
tile 8227 616 0
tile 8228 672 0
tile 8229 728 0
tile 8231 784 0
tile 8232 840 0
tile 8233 896 0
tile 8234 952 0
tile 8235 1008 0
tile 8236 1064 0
tile 8237 1120 0
tile 8238 1176 0
tile 8239 1232 0
tile 8240 1288 0
tile 8241 1344 0
tile 8242 1400 0
tile 8243 1456 0
tile 8244 1512 0
tile 8245 0 27
tile 8246 56 27
tile 8247 112 27
tile 8248 168 27
tile 8249 224 27
tile 8250 280 27
tile 8251 336 27
tile 8252 392 27
tile 8253 448 27
tile 8254 504 27
tile 8255 560 27
tile 8256 616 27
tile 8257 672 27
tile 8258 728 27
tile 8259 784 27
tile 8260 840 27
tile 8261 896 27
tile 8262 952 27
tile 8263 1008 27
tile 8264 1064 27
tile 8265 1120 27
tile 8266 1176 27
tile 8267 1232 27
tile 8268 1288 27
tile 8269 1344 27
tile 8270 1400 27
tile 8271 1456 27
tile 8272 1512 27
tile 8273 0 54
tile 8274 56 54
tile 8275 112 54
tile 8276 168 54
tile 8277 224 54
tile 8278 280 54
tile 8279 336 54
tile 8280 392 54
tile 8281 448 54
tile 8282 504 54
tile 8283 560 54
tile 8284 616 54
tile 8285 672 54
tile 8286 728 54
tile 8287 784 54
tile 8288 840 54
tile 8289 896 54
tile 8290 952 54
tile 8291 1008 54
tile 8292 1064 54
tile 8293 1120 54
tile 8294 1176 54
tile 8295 1232 54
tile 8296 1288 54
tile 8297 1344 54
tile 8298 1400 54
tile 8299 1456 54
tile 8300 1512 54
tile 8301 0 81
tile 8302 56 81
tile 8303 112 81
tile 8304 168 81
tile 8305 224 81
tile 8306 280 81
tile 8307 336 81
tile 8308 392 81
tile 8309 448 81
tile 8310 504 81
tile 8311 560 81
tile 8312 616 81
tile 8313 672 81
tile 8314 728 81
tile 8315 784 81
tile 8316 840 81
tile 8317 896 81
tile 8318 952 81
tile 8319 1008 81
tile 8320 1064 81
tile 8321 1120 81
tile 8322 1176 81
tile 8323 1232 81
tile 8324 1288 81
tile 8325 1344 81
tile 8326 1400 81
tile 8327 1456 81
tile 8328 1512 81
tile 8329 0 108
tile 8330 56 108
tile 8331 112 108
tile 8332 168 108
tile 8333 224 108
tile 8334 280 108
tile 8335 336 108
tile 8336 392 108
tile 8337 448 108
tile 8338 504 108
tile 8339 560 108
tile 8340 616 108
tile 8341 672 108
tile 8342 728 108
tile 8343 784 108
tile 8344 840 108
tile 8345 896 108
tile 8346 952 108
tile 8347 1008 108
tile 8348 1064 108
tile 8349 1120 108
tile 8350 1176 108
tile 8351 1232 108
tile 8352 1288 108
tile 8353 1344 108
tile 8354 1400 108
tile 8355 1456 108
tile 8356 1512 108
tile 8357 0 135
tile 8358 56 135
tile 8359 112 135
tile 8360 168 135
tile 8361 224 135
tile 8362 280 135
tile 8363 336 135
tile 8364 392 135
tile 8365 448 135
tile 8366 504 135
tile 8367 560 135
tile 8368 616 135
tile 8369 672 135
tile 8370 728 135
tile 8371 784 135
tile 8372 840 135
tile 8373 896 135
tile 8374 952 135
tile 8376 1008 135
tile 8377 1064 135
tile 8378 1120 135
tile 8379 1176 135
tile 8380 1232 135
tile 8381 1288 135
tile 8382 1344 135
tile 8383 1400 135
tile 8384 1456 135
tile 8385 1512 135
tile 8386 0 162
tile 8387 56 162
tile 8388 112 162
tile 8389 168 162
tile 8390 224 162
tile 8391 280 162
tile 8392 336 162
tile 8393 392 162
tile 8394 448 162
tile 8395 504 162
tile 8396 560 162
tile 8397 616 162
tile 8398 672 162
tile 8399 728 162
tile 8400 784 162
tile 8401 840 162
tile 8402 896 162
tile 8403 952 162
tile 8404 1008 162
tile 8405 1064 162
tile 8406 1120 162
tile 8407 1176 162
tile 8408 1232 162
tile 8409 1288 162
tile 8410 1344 162
tile 8411 1400 162
tile 8412 1456 162
tile 8413 1512 162
tile 8415 0 189
tile 8416 56 189
tile 8417 112 189
tile 8418 168 189
tile 8419 224 189
tile 8420 280 189
tile 8421 336 189
tile 8422 392 189
tile 8423 448 189
tile 8424 504 189
tile 8425 560 189
tile 8426 616 189
tile 8427 672 189
tile 8428 728 189
tile 8429 784 189
tile 8430 840 189
tile 8431 896 189
tile 8432 952 189
tile 8433 1008 189
tile 8434 1064 189
tile 8435 1120 189
tile 8436 1176 189
tile 8437 1232 189
tile 8438 1288 189
tile 8439 1344 189
tile 8440 1400 189
tile 8441 1456 189
tile 8442 1512 189
tile 8443 0 216
tile 8444 56 216
tile 8445 112 216
tile 8446 168 216
tile 8447 224 216
tile 8448 280 216
tile 8449 336 216
tile 8450 392 216
tile 8451 448 216
tile 8452 504 216
tile 8453 560 216
tile 8454 616 216
tile 8455 672 216
tile 8456 728 216
tile 8457 784 216
tile 8458 840 216
tile 8459 896 216
tile 8460 952 216
tile 8461 1008 216
tile 8462 1064 216
tile 8463 1120 216
tile 8464 1176 216
tile 8465 1232 216
tile 8466 1288 216
tile 8467 1344 216
tile 8468 1400 216
tile 8469 1456 216
tile 8470 1512 216
tile 8471 0 243
tile 8472 56 243
tile 8473 112 243
tile 8474 168 243
tile 8475 224 243
tile 8476 280 243
tile 8738 336 243
tile 8739 392 243
tile 8740 448 243
tile 8741 504 243
tile 8742 560 243
tile 8743 616 243
tile 8744 672 243
tile 8745 728 243
tile 8746 784 243
tile 8747 840 243
tile 8748 896 243
tile 8749 952 243
tile 8750 1008 243
tile 8751 1064 243
tile 8752 1120 243
tile 8753 1176 243
tile 8754 1232 243
tile 8755 1288 243
tile 8756 1344 243
tile 8757 1400 243
tile 8758 1456 243
tile 8759 1512 243
tile 8760 0 270
tile 8761 56 270
tile 8762 112 270
tile 8763 168 270
tile 8764 224 270
tile 8765 280 270
tile 8766 336 270
tile 8767 392 270
tile 8768 448 270
tile 8769 504 270
tile 8770 560 270
tile 8771 616 270
tile 8772 672 270
tile 8773 728 270
tile 8774 784 270
tile 8775 840 270
tile 8776 896 270
tile 8777 952 270
tile 8778 1008 270
tile 8779 1064 270
tile 8780 1120 270
tile 8781 1176 270
tile 8782 1232 270
tile 8783 1288 270
tile 8784 1344 270
tile 8785 1400 270
tile 8786 1456 270
tile 8787 1512 270
tile 8788 0 297
tile 8789 56 297
tile 8790 112 297
tile 8791 168 297
tile 8793 224 297
tile 8794 280 297
tile 8795 336 297
tile 8796 392 297
tile 8797 448 297
tile 8798 504 297
tile 8799 560 297
tile 8800 616 297
tile 8801 672 297
tile 8802 728 297
tile 8803 784 297
tile 8804 840 297
tile 8805 896 297
tile 8806 952 297
tile 8807 1008 297
tile 8808 1064 297
tile 8809 1120 297
tile 8810 1176 297
tile 8811 1232 297
tile 8812 1288 297
tile 8813 1344 297
tile 8814 1400 297
tile 8815 1456 297
tile 8816 1512 297
tile 8817 0 324
tile 8818 56 324
tile 8819 112 324
tile 8820 168 324
tile 8821 224 324
tile 8822 280 324
tile 8823 336 324
tile 8824 392 324
tile 8825 448 324
tile 8826 504 324
tile 8827 560 324
tile 8828 616 324
tile 8829 672 324
tile 8830 728 324
tile 8831 784 324
tile 8832 840 324
tile 8833 896 324
tile 8834 952 324
tile 8835 1008 324
tile 8836 1064 324
tile 8837 1120 324
tile 8838 1176 324
tile 8839 1232 324
tile 8840 1288 324
tile 8841 1344 324
tile 8842 1400 324
tile 8843 1456 324
tile 8844 1512 324
tile 8845 0 351
tile 8846 56 351
tile 8848 112 351
tile 8849 168 351
tile 8850 224 351
tile 8851 280 351
tile 8852 336 351
tile 8853 392 351
tile 8854 448 351
tile 8855 504 351
tile 8856 560 351
tile 8857 616 351
tile 8858 672 351
tile 8859 728 351
tile 8860 784 351
tile 8861 840 351
tile 8862 896 351
tile 8863 952 351
tile 8864 1008 351
tile 8865 1064 351
tile 8866 1120 351
tile 8867 1176 351
tile 8868 1232 351
tile 8869 1288 351
tile 8870 1344 351
tile 8871 1400 351
tile 8872 1456 351
tile 8873 1512 351
tile 8874 0 378
tile 8875 56 378
tile 8876 112 378
tile 8877 168 378
tile 8878 224 378
tile 8879 280 378
tile 8880 336 378
tile 8881 392 378
tile 8882 448 378
tile 8883 504 378
tile 8884 560 378
tile 8885 616 378
tile 8886 672 378
tile 8887 728 378
tile 8888 784 378
tile 8889 840 378
tile 8890 896 378
tile 8891 952 378
tile 8892 1008 378
tile 8895 1064 378
tile 8896 1120 378
tile 8897 1176 378
tile 8898 1232 378
tile 8899 1288 378
tile 8900 1344 378
tile 8901 1400 378
tile 8903 1456 378
tile 8904 1512 378
tile 8905 0 405
tile 8906 56 405
tile 8907 112 405
tile 8908 168 405
tile 8909 224 405
tile 8910 280 405
tile 8911 336 405
tile 8912 392 405
tile 8913 448 405
tile 8914 504 405
tile 8915 560 405
tile 8916 616 405
tile 8917 672 405
tile 8918 728 405
tile 8919 784 405
tile 8920 840 405
tile 8921 896 405
tile 8922 952 405
tile 8923 1008 405
tile 8924 1064 405
tile 8925 1120 405
tile 8926 1176 405
tile 8927 1232 405
tile 8928 1288 405
tile 8929 1344 405
tile 8930 1400 405
tile 8931 1456 405
tile 8932 1512 405
tile 9102 0 432
tile 9103 56 432
tile 9107 112 432
tile 9109 168 432
tile 9143 224 432
tile 9144 280 432
tile 9145 336 432
tile 9146 392 432
tile 9147 448 432
tile 9148 504 432
tile 9149 560 432
tile 9150 616 432
tile 9151 672 432
tile 9152 728 432
tile 9153 784 432
tile 9154 840 432
tile 9226 896 432
tile 9227 952 432
tile 9228 1008 432
tile 9229 1064 432
tile 9230 1120 432
tile 9231 1176 432
tile 9232 1232 432
tile 9233 1288 432
tile 9234 1344 432
tile 9235 1400 432
tile 9236 1456 432
tile 9237 1512 432
tile 9238 0 459
tile 9239 56 459
tile 9240 112 459
tile 9241 168 459
tile 9242 224 459
tile 9243 280 459
tile 9244 336 459
tile 9245 392 459
tile 9246 448 459
tile 9247 504 459
tile 9248 560 459
tile 9249 616 459
tile 9250 672 459
tile 9251 728 459
tile 9252 784 459
tile 9253 840 459
tile 9254 896 459
tile 9255 952 459
tile 9256 1008 459
tile 9257 1064 459
tile 9258 1120 459
tile 9259 1176 459
tile 9260 1232 459
tile 9324 1288 459
tile 9325 1344 459
tile 9326 1400 459
tile 9327 1456 459
tile 9328 1512 459
tile 9329 0 486
tile 9330 56 486
tile 9331 112 486
tile 9332 168 486
tile 9333 224 486
tile 9334 280 486
tile 9335 336 486
tile 9336 392 486
tile 9337 448 486
tile 9338 504 486
tile 9339 560 486
tile 9340 616 486
tile 9341 672 486
tile 9342 728 486
tile 9343 784 486
tile 9344 840 486
tile 9345 896 486
tile 9346 952 486
tile 9347 1008 486
tile 9348 1064 486
tile 9349 1120 486
tile 9350 1176 486
tile 9351 1232 486
tile 9352 1288 486
tile 9353 1344 486
tile 9354 1400 486
tile 9355 1456 486
tile 9356 1512 486
tile 9357 0 513
tile 9358 56 513
tile 9359 112 513
tile 9360 168 513
tile 9361 224 513
tile 9362 280 513
tile 9363 336 513
tile 9364 392 513
tile 9365 448 513
tile 9366 504 513
tile 9368 560 513
tile 9369 616 513
tile 9370 672 513
tile 9371 728 513
tile 9372 784 513
tile 9373 840 513
tile 9374 896 513
tile 9375 952 513
tile 9376 1008 513
tile 9378 1064 513
tile 9379 1120 513
tile 9380 1176 513
tile 9381 1232 513
tile 9382 1288 513
tile 9383 1344 513
tile 9384 1400 513
tile 9385 1456 513
tile 9386 1512 513
tile 9388 0 540
tile 9389 56 540
tile 9390 112 540
tile 9391 168 540
tile 9392 224 540
tile 9393 280 540
tile 9394 336 540
tile 9395 392 540
tile 9396 448 540
tile 9398 504 540
tile 9399 560 540
tile 9400 616 540
tile 9401 672 540
tile 9402 728 540
tile 9403 784 540
tile 9404 840 540
tile 9405 896 540
tile 9406 952 540
tile 9408 1008 540
tile 9409 1064 540
tile 9410 1120 540
tile 9411 1176 540
tile 9412 1232 540
tile 9413 1288 540
tile 9414 1344 540
tile 9415 1400 540
tile 9416 1456 540
tile 9418 1512 540
tile 9420 0 567
tile 9421 56 567
tile 9422 112 567
tile 9423 168 567
tile 9424 224 567
tile 9425 280 567
tile 9426 336 567
tile 9427 392 567
tile 9428 448 567
tile 9429 504 567
tile 9430 560 567
tile 9431 616 567
tile 9432 672 567
tile 9433 728 567
tile 9434 784 567
tile 9435 840 567
tile 9436 896 567
tile 9437 952 567
tile 9438 1008 567
tile 9439 1064 567
tile 9440 1120 567
tile 9441 1176 567
tile 9442 1232 567
tile 9443 1288 567
tile 9444 1344 567
tile 9445 1400 567
tile 9446 1456 567
tile 9447 1512 567
tile 9448 0 594
tile 9449 56 594
tile 9450 112 594
tile 9451 168 594
tile 9452 224 594
tile 9453 280 594
tile 9454 336 594
tile 9455 392 594
tile 9456 448 594
tile 9457 504 594
tile 9458 560 594
tile 9459 616 594
tile 9460 672 594
tile 9461 728 594
tile 9462 784 594
tile 9463 840 594
tile 9464 896 594
tile 9465 952 594
tile 9466 1008 594
tile 9467 1064 594
tile 9468 1120 594
tile 9469 1176 594
tile 9470 1232 594
tile 9471 1288 594
tile 9472 1344 594
tile 9473 1400 594
tile 9474 1456 594
tile 9475 1512 594
tile 9544 0 621
tile 9545 56 621
tile 9546 112 621
tile 9547 168 621
tile 9548 224 621
tile 9549 280 621
tile 9550 336 621
tile 9551 392 621
tile 9552 448 621
tile 9553 504 621
tile 9554 560 621
tile 9555 616 621
tile 9570 672 621
tile 9571 728 621
tile 9572 784 621
tile 9573 840 621
tile 9574 896 621
tile 9575 952 621
tile 9576 1008 621
tile 9577 1064 621
tile 9578 1120 621
tile 9579 1176 621
tile 9580 1232 621
tile 9581 1288 621
tile 9582 1344 621
tile 9583 1400 621
tile 9584 1456 621
tile 9585 1512 621
tile 9586 0 648
tile 9587 56 648
tile 9588 112 648
tile 9589 168 648
tile 9590 224 648
tile 9591 280 648
tile 9592 336 648
tile 9593 392 648
tile 9594 448 648
tile 9595 504 648
tile 9596 560 648
tile 9597 616 648
tile 9598 672 648
tile 9599 728 648
tile 9600 784 648
tile 9601 840 648
tile 9602 896 648
tile 9603 952 648
tile 9604 1008 648
tile 9605 1064 648
tile 9606 1120 648
tile 9607 1176 648
tile 9608 1232 648
tile 9609 1288 648
tile 9610 1344 648
tile 9611 1400 648
tile 9612 1456 648
tile 9613 1512 648
tile 9614 0 675
tile 9615 56 675
tile 9616 112 675
tile 9617 168 675
tile 9618 224 675
tile 9619 280 675
tile 9620 336 675
tile 9621 392 675
tile 9622 448 675
tile 9623 504 675
tile 9624 560 675
tile 9625 616 675
tile 9626 672 675
tile 9627 728 675
tile 9628 784 675
tile 9629 840 675
tile 9630 896 675
tile 9631 952 675
tile 9632 1008 675
tile 9633 1064 675
tile 9634 1120 675
tile 9635 1176 675
tile 9636 1232 675
tile 9637 1288 675
tile 9638 1344 675
tile 9639 1400 675
tile 9640 1456 675
tile 9641 1512 675
tile 9642 0 702
tile 9643 56 702
tile 9644 112 702
tile 9645 168 702
tile 9646 224 702
tile 9647 280 702
tile 9648 336 702
tile 9660 392 702
tile 9661 448 702
tile 9662 504 702
tile 9668 560 702
tile 9669 616 702
tile 9674 672 702
tile 9675 728 702
tile 9676 784 702
tile 9677 840 702
tile 9679 896 702
tile 9684 952 702
tile 9694 1008 702
tile 9696 1064 702
tile 9698 1120 702
tile 9700 1176 702
tile 9766 1232 702
tile 9767 1288 702
tile 9768 1344 702
tile 9769 1400 702
tile 9770 1456 702
tile 9771 1512 702
tile 11668 0 729
tile 11669 56 729
tile 11670 112 729
tile 11671 168 729
tile 11672 224 729
tile 11673 280 729
tile 11674 336 729
tile 11675 392 729
tile 11676 448 729
picture 10015 504 755 32 0
picture 10016 504 787 31 0
picture 10017 476 797 47 0
picture 10018 476 749 48 0
picture 10019 392 737 144 0
picture 10020 336 340 167 0
picture 10021 224 203 202 0
picture 10022 168 208 207 0
picture 10023 252 0 199 0
picture 10024 28 501 247 0
picture 10025 0 0 261 0
picture 10026 28 0 251 0
picture 10027 84 479 227 0
picture 10028 56 739 240 0
picture 10029 84 240 239 0
picture 10030 112 226 225 0
picture 10031 112 676 224 0
picture 10032 196 206 205 0
picture 10033 224 607 201 0
picture 10034 336 0 170 0
picture 10035 448 917 101 0
picture 10036 420 686 131 0
picture 10037 364 490 154 0
picture 10038 252 585 192 0
picture 10039 196 0 206 0
picture 10040 168 0 208 0
picture 10041 140 222 221 0
picture 10042 196 821 203 0
picture 10043 308 718 171 0
picture 10044 28 748 247 0
picture 10045 0 261 261 0
picture 10046 56 0 247 0
picture 10047 84 706 227 0
picture 10048 84 0 240 0
picture 10049 28 251 250 0
picture 10050 392 300 146 0
picture 10051 392 0 150 0
picture 10052 420 143 138 0
picture 10053 476 0 96 0
picture 10054 420 554 132 0
picture 10055 308 0 181 0
picture 10056 252 777 192 0
picture 10057 308 362 180 0
picture 10058 364 0 164 0
picture 10059 420 418 136 0
picture 10060 392 150 150 0
picture 10061 280 191 189 0
picture 10062 140 443 220 0
picture 10063 196 411 205 0
picture 10064 308 542 176 0
picture 10065 392 881 143 0
picture 10066 476 188 89 0
picture 10067 448 369 116 0
picture 10068 336 841 165 0
picture 10069 252 199 193 0
picture 10070 140 663 209 0
picture 10071 140 0 222 0
picture 10072 224 405 202 0
picture 10073 336 170 170 0
picture 10074 448 252 117 0
picture 10075 476 277 89 0
picture 10076 476 454 84 0
picture 10077 420 0 143 0
picture 10078 280 0 191 0
picture 10079 196 616 205 0
picture 10080 224 808 200 0
picture 10081 280 380 186 0
picture 10082 364 798 153 0
picture 10083 476 538 73 0
picture 10084 504 291 38 0
picture 10141 476 844 46 0
picture 10142 476 936 45 0
picture 10143 504 0 45 0
picture 10144 476 890 46 0
picture 10146 504 87 41 0
picture 10147 504 128 41 0
picture 10148 504 169 41 0
picture 10149 504 210 41 0
picture 10150 504 877 23 0
picture 10151 504 900 23 0
picture 10152 504 923 23 0
picture 10153 504 946 23 0
picture 10163 448 710 104 0
picture 10164 448 814 103 0
picture 10165 448 485 113 0
picture 10166 448 127 125 0
picture 10167 448 598 112 0
picture 10168 504 551 34 0
picture 10169 504 849 28 0
picture 10170 504 818 31 0
picture 10171 504 251 40 0
picture 10172 504 515 36 0
picture 10173 504 585 34 0
picture 10174 504 367 37 0
picture 10175 504 619 34 0
picture 10176 504 404 37 0
picture 10177 504 653 34 0
picture 10178 504 441 37 0
picture 10179 504 329 38 0
picture 10180 504 687 34 0
picture 10181 504 721 34 0
picture 10182 504 45 42 0
picture 10183 504 478 37 0
picture 10231 392 592 145 0
picture 10232 336 507 167 0
picture 10233 224 0 203 0
picture 10234 168 415 207 0
picture 10235 280 566 185 0
picture 10236 364 644 154 0
picture 10245 392 446 146 0
picture 10246 336 674 167 0
picture 10247 56 247 246 0
picture 10248 0 522 260 0
picture 10249 56 493 246 0
picture 10250 112 0 226 0
picture 10251 112 451 225 0
picture 10252 168 622 207 0
picture 10483 420 281 137 0
picture 10484 364 328 162 0
picture 10485 280 751 185 0
picture 10486 252 392 193 0
picture 10487 308 181 181 0
picture 10488 364 164 164 0
picture 11541 420 817 127 0
picture 11542 448 0 127 0
picture 11543 476 96 92 0
picture 11544 476 366 88 0
picture 11545 476 611 69 0
picture 11546 476 680 69 0
object 4 0 left 10180
object 4 0 right 10181
object 5 0 left 10146
object 5 0 right 10147
object 6 0 left 10170
object 6 0 right 10171
object 7 0 left 10180
object 7 0 right 10181
object 10 0 left 10168
object 10 0 right 10169
object 11 0 left 10141
object 11 0 right 10142
object 19 0 right 10151
object 21 0 left 10170
object 21 0 right 10171
object 23 0 left 10180
object 23 0 right 10181
object 30 0 left 10178
object 30 0 right 10179
object 4 1 left 10178
object 4 1 right 10179
object 5 1 left 10178
object 5 1 right 10179
object 6 1 left 10176
object 6 1 right 10177
object 10 1 left 10146
object 10 1 right 10147
object 11 1 left 10180
object 23 1 left 10178
object 23 1 right 10179
object 31 1 left 10178
object 31 1 right 10179
object 38 1 left 10178
object 38 1 right 10179
object 7 2 left 10143
object 7 2 right 10144
object 29 2 left 10178
object 29 2 right 10179
object 16 3 left 10180
object 16 3 right 10181
object 48 4 right 10166
object 49 4 right 10167
object 13 5 left 10148
object 13 5 right 10149
object 44 5 left 10146
object 44 5 right 10147
object 48 5 right 10165
object 49 5 right 10166
object 48 6 right 10164
object 49 6 right 10165
object 48 7 right 10163
object 49 7 right 10164
object 3 8 left 10150
object 3 8 right 10151
object 33 8 left 10180
object 33 8 right 10181
object 43 8 left 10180
object 43 8 right 10181
object 49 8 right 10163
object 11 9 left 10152
object 11 9 right 10153
object 49 9 right 10167
object 49 10 right 10166
object 49 11 right 10165
object 8 12 right 10084
object 49 12 right 10164
object 8 13 right 10083
object 24 13 right 10173
object 25 13 left 10180
object 25 13 right 10181
object 49 13 right 10163
object 8 14 right 10082
object 32 14 left 10170
object 32 14 right 10171
object 2 15 left 10148
object 2 15 right 10149
object 8 15 right 10081
object 5 16 left 10076
object 6 16 left 10077
object 7 16 left 10078
object 8 16 left 10079
object 8 16 right 10080
object 29 16 right 10075
object 42 16 right 10488
object 8 17 left 10168
object 8 17 right 10169
object 10 17 left 10168
object 10 17 right 10169
object 11 17 left 10182
object 11 17 right 10183
object 13 17 left 10152
object 13 17 right 10153
object 18 17 left 10168
object 18 17 right 10169
object 29 17 right 10074
object 31 17 left 10152
object 31 17 right 10153
object 42 17 right 10487
object 7 18 left 10178
object 7 18 right 10179
object 8 18 left 10172
object 8 18 right 10173
object 10 18 left 10170
object 10 18 right 10171
object 11 18 left 10148
object 11 18 right 10149
object 12 18 left 10180
object 12 18 right 10181
object 17 18 left 10178
object 17 18 right 10179
object 18 18 left 10172
object 18 18 right 10173
object 29 18 right 10073
object 33 18 left 10170
object 33 18 right 10171
object 40 18 left 10483
object 41 18 left 10484
object 42 18 left 10485
object 42 18 right 10486
object 45 18 left 10141
object 45 18 right 10142
object 46 18 left 10148
object 46 18 right 10149
object 47 18 left 10170
object 47 18 right 10171
object 7 19 left 10174
object 7 19 right 10175
object 8 19 left 10176
object 8 19 right 10177
object 10 19 left 10178
object 10 19 right 10179
object 11 19 left 10178
object 11 19 right 10179
object 13 19 left 10178
object 13 19 right 10179
object 23 19 right 10153
object 25 19 left 10067
object 26 19 left 10068
object 27 19 left 10069
object 28 19 left 10070
object 29 19 left 10071
object 29 19 right 10072
object 45 19 left 10174
object 45 19 right 10175
object 46 19 left 10176
object 46 19 right 10252
object 47 19 left 10172
object 47 19 right 10173
object 7 20 left 10172
object 7 20 right 10173
object 8 20 left 10170
object 8 20 right 10171
object 11 20 left 10170
object 11 20 right 10171
object 12 20 left 10182
object 12 20 right 10183
object 36 20 right 10066
object 37 20 left 10170
object 37 20 right 10171
object 46 20 right 10251
object 2 21 left 10146
object 2 21 right 10147
object 12 21 left 10168
object 12 21 right 10169
object 36 21 right 10065
object 46 21 right 10250
object 4 22 left 10152
object 4 22 right 10153
object 6 22 right 10066
object 10 22 left 10152
object 10 22 right 10153
object 36 22 right 10064
object 43 22 left 10245
object 43 22 right 10075
object 44 22 left 10246
object 45 22 left 10247
object 46 22 left 10248
object 46 22 right 10249
object 4 23 left 10148
object 4 23 right 10149
object 5 23 left 10170
object 5 23 right 10171
object 6 23 right 10065
object 8 23 left 10176
object 8 23 right 10177
object 9 23 left 10143
object 9 23 right 10144
object 10 23 left 10178
object 10 23 right 10179
object 36 23 right 10063
object 43 23 right 10074
object 2 24 left 10170
object 2 24 right 10171
object 3 24 left 10182
object 3 24 right 10183
object 6 24 right 10064
object 9 24 left 10174
object 9 24 right 10175
object 10 24 left 10180
object 10 24 right 10181
object 34 24 left 10059
object 35 24 left 10060
object 36 24 left 10061
object 36 24 right 10062
object 37 24 left 10168
object 37 24 right 10169
object 38 24 left 10141
object 38 24 right 10142
object 43 24 right 10073
object 3 25 left 10168
object 3 25 right 10169
object 4 25 left 10168
object 4 25 right 10169
object 5 25 left 10182
object 5 25 right 10183
object 6 25 right 10063
object 7 25 left 10152
object 7 25 right 10153
object 9 25 left 10170
object 9 25 right 10171
object 10 25 left 10182
object 10 25 right 10183
object 36 25 left 10178
object 36 25 right 10179
object 37 25 left 10172
object 37 25 right 10173
object 38 25 left 10174
object 38 25 right 10175
object 39 25 left 10067
object 40 25 left 10068
object 41 25 left 10069
object 42 25 left 10070
object 43 25 left 10071
object 43 25 right 10072
object 4 26 left 10059
object 5 26 left 10060
object 6 26 left 10061
object 6 26 right 10062
object 9 26 left 10152
object 9 26 right 10153
object 12 26 left 10152
object 12 26 right 10153
object 36 26 left 10174
object 36 26 right 10175
object 37 26 left 10176
object 37 26 right 10177
object 38 26 left 10180
object 38 26 right 10181
object 0 27 left 10170
object 0 27 right 10171
object 4 27 left 10168
object 4 27 right 10169
object 5 27 left 10178
object 5 27 right 10179
object 7 27 left 10178
object 7 27 right 10179
object 8 27 left 10168
object 8 27 right 10169
object 9 27 left 10141
object 9 27 right 10142
object 10 27 left 10152
object 10 27 right 10153
object 24 27 left 10170
object 24 27 right 10171
object 37 27 left 10168
object 37 27 right 10169
object 38 27 left 10182
object 38 27 right 10183
object 40 27 left 10152
object 40 27 right 10153
object 44 27 left 10146
object 44 27 right 10147
object 49 27 left 10170
object 49 27 right 10171
object 7 28 left 10178
object 7 28 right 10179
object 8 28 left 10172
object 8 28 right 10173
object 9 28 left 10174
object 9 28 right 10175
object 10 28 left 10176
object 10 28 right 10177
object 32 28 left 10170
object 32 28 right 10171
object 34 28 left 10170
object 34 28 right 10171
object 35 28 left 10182
object 35 28 right 10183
object 37 28 left 10176
object 37 28 right 10177
object 38 28 left 10182
object 38 28 right 10183
object 39 28 left 10180
object 39 28 right 10181
object 44 28 left 11541
object 44 28 right 11542
object 49 28 left 10170
object 49 28 right 10171
object 4 29 left 10178
object 4 29 right 10179
object 33 29 left 10150
object 33 29 right 10151
object 35 29 left 10168
object 35 29 right 10169
object 37 29 left 10143
object 37 29 right 10144
object 38 29 left 10148
object 38 29 right 10149
object 40 29 left 10178
object 40 29 right 10179
object 42 29 left 11545
object 42 29 right 11546
object 47 29 left 11543
object 47 29 right 11544
object 21 30 left 10178
object 21 30 right 10179
object 25 30 right 10236
object 38 30 left 10178
object 38 30 right 10179
object 2 31 right 10236
object 11 31 right 10075
object 25 31 right 10235
object 36 31 right 10236
object 48 31 left 11545
object 48 31 right 11546
object 2 32 right 10235
object 11 32 right 10074
object 23 32 left 10231
object 24 32 left 10232
object 25 32 left 10233
object 25 32 right 10234
object 29 32 left 10152
object 29 32 right 10153
object 36 32 right 10235
object 44 32 left 11543
object 44 32 right 11544
object 49 32 left 10168
object 49 32 right 10169
object 0 33 left 10231
object 1 33 left 10232
object 2 33 left 10233
object 2 33 right 10234
object 11 33 right 10073
object 20 33 left 10176
object 20 33 right 10177
object 21 33 left 10143
object 21 33 right 10144
object 22 33 left 10178
object 22 33 right 10179
object 29 33 left 10148
object 29 33 right 10149
object 30 33 left 10170
object 30 33 right 10171
object 34 33 left 10231
object 35 33 left 10232
object 36 33 left 10233
object 36 33 right 10234
object 47 33 left 11545
object 47 33 right 11546
object 49 33 left 10172
object 49 33 right 10173
object 5 34 left 10152
object 5 34 right 10153
object 7 34 left 10067
object 8 34 left 10068
object 9 34 left 10069
object 10 34 left 10070
object 11 34 left 10071
object 11 34 right 10072
object 21 34 left 10174
object 21 34 right 10175
object 22 34 left 10180
object 22 34 right 10181
object 23 34 left 10168
object 23 34 right 10169
object 28 34 left 10182
object 28 34 right 10183
object 5 35 left 10148
object 5 35 right 10149
object 6 35 left 10170
object 6 35 right 10171
object 9 35 left 10176
object 9 35 right 10177
object 10 35 left 10170
object 10 35 right 10171
object 11 35 left 10178
object 11 35 right 10179
object 21 35 left 10170
object 21 35 right 10171
object 22 35 left 10182
object 22 35 right 10183
object 26 35 left 10168
object 26 35 right 10169
object 28 35 left 10168
object 28 35 right 10169
object 3 36 left 10170
object 3 36 right 10171
object 4 36 left 10182
object 4 36 right 10183
object 10 36 left 10174
object 10 36 right 10175
object 11 36 left 10180
object 11 36 right 10181
object 21 36 left 10152
object 21 36 right 10153
object 25 36 left 10178
object 25 36 right 10179
object 26 36 left 10172
object 26 36 right 10173
object 4 37 left 10168
object 4 37 right 10169
object 5 37 left 10168
object 5 37 right 10169
object 6 37 left 10182
object 6 37 right 10183
object 8 37 left 10152
object 8 37 right 10153
object 10 37 left 10170
object 10 37 right 10171
object 11 37 left 10182
object 11 37 right 10183
object 20 37 left 10168
object 20 37 right 10169
object 21 37 left 10141
object 21 37 right 10142
object 22 37 left 10148
object 22 37 right 10149
object 23 37 left 10170
object 23 37 right 10171
object 48 37 right 10053
object 5 38 left 10143
object 5 38 right 10144
object 6 38 left 10170
object 6 38 right 10171
object 19 38 left 10178
object 19 38 right 10179
object 20 38 left 10172
object 20 38 right 10173
object 21 38 left 10174
object 21 38 right 10175
object 22 38 left 10176
object 22 38 right 10177
object 23 38 left 10172
object 23 38 right 10173
object 48 38 right 10052
object 5 39 left 10168
object 5 39 right 10169
object 6 39 left 10178
object 6 39 right 10179
object 19 39 left 10174
object 19 39 right 10175
object 20 39 left 10176
object 20 39 right 10177
object 21 39 left 10180
object 21 39 right 10181
object 22 39 left 10178
object 22 39 right 10179
object 42 39 right 10058
object 48 39 right 10051
object 19 40 left 10172
object 19 40 right 10173
object 20 40 left 10170
object 20 40 right 10171
object 42 40 right 10057
object 47 40 left 10048
object 48 40 left 10049
object 48 40 right 10050
object 21 41 left 10170
object 21 41 right 10252
object 30 41 right 10084
object 41 41 left 10054
object 42 41 left 10055
object 42 41 right 10056
object 46 41 right 10047
object 49 41 right 10035
object 2 42 right 10252
object 21 42 right 10251
object 22 42 left 10152
object 22 42 right 10153
object 30 42 right 10083
object 32 42 left 10170
object 32 42 right 10171
object 43 42 right 10043
object 45 42 left 10044
object 46 42 left 10045
object 46 42 right 10046
object 49 42 left 10033
object 49 42 right 10034
object 0 43 left 10176
object 0 43 right 10177
object 1 43 left 10143
object 1 43 right 10144
object 2 43 left 10178
object 2 43 right 10251
object 15 43 right 10236
object 21 43 right 10250
object 24 43 left 10152
object 24 43 right 10153
object 30 43 right 10082
object 42 43 left 10040
object 43 43 left 10041
object 43 43 right 10042
object 47 43 left 10030
object 48 43 left 10031
object 48 43 right 10032
object 1 44 left 10174
object 1 44 right 10175
object 2 44 left 10180
object 2 44 right 10250
object 3 44 left 10168
object 3 44 right 10169
object 11 44 left 10178
object 11 44 right 10179
object 15 44 right 10235
object 18 44 left 10245
object 19 44 left 10246
object 20 44 left 10247
object 21 44 left 10248
object 21 44 right 10249
object 24 44 left 10148
object 24 44 right 10149
object 25 44 left 10170
object 25 44 right 10171
object 30 44 right 10081
object 41 44 left 10038
object 41 44 right 10039
object 46 44 left 10028
object 46 44 right 10029
object 0 45 left 10246
object 1 45 left 10247
object 1 45 right 10171
object 2 45 left 10248
object 2 45 right 10249
object 13 45 left 10231
object 14 45 left 10232
object 15 45 left 10233
object 15 45 right 10234
object 23 45 left 10182
object 23 45 right 10183
object 27 45 left 10076
object 28 45 left 10077
object 29 45 left 10078
object 30 45 left 10079
object 30 45 right 10080
object 40 45 left 10036
object 40 45 right 10037
object 43 45 left 10015
object 43 45 right 10016
object 45 45 right 10027
object 1 46 left 10152
object 1 46 right 10153
object 19 46 right 10488
object 23 46 left 10178
object 23 46 right 10179
object 43 46 left 10023
object 44 46 left 10024
object 45 46 left 10025
object 45 46 right 10026
object 0 47 left 10168
object 0 47 right 10169
object 1 47 left 10141
object 1 47 right 10142
object 2 47 left 10148
object 2 47 right 10149
object 3 47 left 10170
object 3 47 right 10171
object 19 47 left 10168
object 19 47 right 10487
object 20 47 left 10176
object 20 47 right 10177
object 40 47 left 10019
object 41 47 left 10020
object 42 47 left 10021
object 42 47 right 10022
object 48 47 left 10017
object 48 47 right 10018
object 0 48 left 10172
object 0 48 right 10173
object 1 48 left 10174
object 1 48 right 10175
object 2 48 left 10176
object 2 48 right 10177
object 3 48 left 10172
object 3 48 right 10173
object 17 48 left 10483
object 18 48 left 10484
object 19 48 left 10485
object 19 48 right 10486
object 25 48 left 10168
object 25 48 right 10169
object 26 48 left 10182
object 26 48 right 10183
object 28 48 left 10152
object 28 48 right 10153
object 38 48 left 10170
object 38 48 right 10171
object 39 48 left 10182
object 39 48 right 10183
object 40 48 left 10172
object 40 48 right 10173
object 41 48 left 10174
object 41 48 right 10175
object 42 48 left 10176
object 42 48 right 10177
object 45 48 left 10152
object 45 48 right 10153
object 0 49 left 10176
object 0 49 right 10177
object 1 49 left 10180
object 1 49 right 10181
object 2 49 left 10178
object 2 49 right 10179
object 10 49 right 10179
object 11 49 left 10176
object 11 49 right 10177
object 25 49 left 10176
object 25 49 right 10177
object 26 49 left 10148
object 26 49 right 10149
object 27 49 left 10180
object 27 49 right 10181
object 32 49 left 10150
object 32 49 right 10151
object 39 49 left 10168
object 39 49 right 10169
object 40 49 left 10176
object 40 49 right 10177
object 41 49 left 10180
object 41 49 right 10181
object 42 49 left 10178
object 42 49 right 10179
object 43 49 left 10176
object 43 49 right 10177
object 45 49 left 10148
object 45 49 right 10149
object 46 49 left 10170
object 46 49 right 10171
