# lod20374 — tools/dat-extract layout 이 만든다. 손으로 고치지 말 것.
size 20 20
blocked
####################
##.###..............
##.###...#....#.....
####.#...##..###....
#.##.#..####..##....
#....#..............
#....#..............
##...#..###..####...
##...#...###.####...
#....#..............
#....#...#....##....
#....#...##...##....
#....#...##...##....
##...#....#....#....
##..##..............
##..#......#####....
##..#####.########..
##......#.#########.
#.....#.#.#########.
#######.#...#####...
floor
9160 9165 9170 9175 9200 9205 9210 9215 9160 9185 9190 9195 9200 9205 9210 9215 9159 9205 9210 9160
9159 9164 9169 9214 9159 9204 9209 9214 9159 9164 9169 9174 9199 9204 9209 9214 9159 9164 9169 9159
9158 9163 9168 9173 9198 9203 9208 9213 9158 9163 9168 9173 9198 9203 9208 9213 9158 9163 9168 9158
9157 9162 9167 9172 9197 9202 9207 9212 9157 9162 9167 9172 9197 9202 9207 9212 9157 9162 7941 7938
9156 9161 9166 9171 9196 9201 9206 9211 9156 9161 9166 9171 9196 9201 9206 9211 9156 9161 7920 7937
9200 9205 9210 9215 9160 9165 9170 9175 9200 9205 9210 9215 9160 9165 9170 9175 9200 9205 7918 7937
9199 9204 9209 9214 9159 9164 9169 9174 9199 9204 9209 9214 9159 9164 9169 9174 9199 9204 7932 7929
9198 9203 9208 9213 9158 9163 9168 9173 9198 9203 9208 9213 9158 9163 9168 9173 9198 9203 9208 9198
9197 9207 9212 9212 9157 9162 9167 9172 9156 9202 9207 9212 9157 9162 9167 9172 9197 9162 9167 9197
9200 9201 9206 9211 9156 9161 9166 9171 9196 9201 9206 9211 9156 9161 9166 9171 9160 9161 9166 9196
9199 9165 9170 9175 9200 9205 9210 9215 9180 9185 9190 9195 9200 9205 9210 9215 9159 9205 9210 9160
9198 9164 9169 9174 9199 9204 9209 9214 9179 9184 9189 9194 9199 9204 9209 9214 9158 9204 9209 9159
9197 9163 9168 9173 9198 9203 9208 9213 9178 9183 9188 9193 9198 9203 9208 9213 9157 9162 9167 9158
9157 9162 9167 9172 9197 9202 9207 9212 9177 9182 9187 9192 9197 9202 9207 9212 9156 9161 9166 9157
9156 9161 9166 9171 9196 9201 9206 9211 9176 9181 9186 9191 9196 9201 9206 9211 9200 9205 9210 9156
9200 9205 9210 9215 9160 9165 9170 9175 11461 11463 11497 11499 11495 11495 11497 11499 11495 11497 11473 11475
9199 9204 9209 9214 9159 9164 9169 9174 11460 11462 11496 11498 11494 11494 11496 11498 11494 11496 11472 11474
9198 9203 9208 9213 9158 9204 9209 9214 11489 11492 11504 11507 11501 11504 11501 11504 11501 11504 11477 11480
9197 9202 9207 9212 9157 9203 9208 9213 11465 11467 11485 11487 11483 11485 11487 11483 11483 11485 11469 11471
9160 9165 9170 9175 9200 9205 9210 9215 11464 11466 11484 11486 11482 11484 11486 11482 11482 11484 11468 11470
tile 7918 0 0
tile 7920 56 0
tile 7929 112 0
tile 7932 168 0
tile 7937 224 0
tile 7938 280 0
tile 7941 336 0
tile 9156 392 0
tile 9157 448 0
tile 9158 504 0
tile 9159 560 0
tile 9160 0 27
tile 9161 56 27
tile 9162 112 27
tile 9163 168 27
tile 9164 224 27
tile 9165 280 27
tile 9166 336 27
tile 9167 392 27
tile 9168 448 27
tile 9169 504 27
tile 9170 560 27
tile 9171 0 54
tile 9172 56 54
tile 9173 112 54
tile 9174 168 54
tile 9175 224 54
tile 9176 280 54
tile 9177 336 54
tile 9178 392 54
tile 9179 448 54
tile 9180 504 54
tile 9181 560 54
tile 9182 0 81
tile 9183 56 81
tile 9184 112 81
tile 9185 168 81
tile 9186 224 81
tile 9187 280 81
tile 9188 336 81
tile 9189 392 81
tile 9190 448 81
tile 9191 504 81
tile 9192 560 81
tile 9193 0 108
tile 9194 56 108
tile 9195 112 108
tile 9196 168 108
tile 9197 224 108
tile 9198 280 108
tile 9199 336 108
tile 9200 392 108
tile 9201 448 108
tile 9202 504 108
tile 9203 560 108
tile 9204 0 135
tile 9205 56 135
tile 9206 112 135
tile 9207 168 135
tile 9208 224 135
tile 9209 280 135
tile 9210 336 135
tile 9211 392 135
tile 9212 448 135
tile 9213 504 135
tile 9214 560 135
tile 9215 0 162
tile 11460 56 162
tile 11461 112 162
tile 11462 168 162
tile 11463 224 162
tile 11464 280 162
tile 11465 336 162
tile 11466 392 162
tile 11467 448 162
tile 11468 504 162
tile 11469 560 162
tile 11470 0 189
tile 11471 56 189
tile 11472 112 189
tile 11473 168 189
tile 11474 224 189
tile 11475 280 189
tile 11477 336 189
tile 11480 392 189
tile 11482 448 189
tile 11483 504 189
tile 11484 560 189
tile 11485 0 216
tile 11486 56 216
tile 11487 112 216
tile 11489 168 216
tile 11492 224 216
tile 11494 280 216
tile 11495 336 216
tile 11496 392 216
tile 11497 448 216
tile 11498 504 216
tile 11499 560 216
tile 11501 0 243
tile 11504 56 243
tile 11507 112 243
picture 10269 252 80 39 0
picture 10274 224 885 41 0
picture 10275 196 483 56 0
picture 10276 196 63 62 0
picture 10277 224 926 40 0
picture 10278 224 966 40 0
picture 10279 196 125 62 0
picture 10340 224 324 53 0
picture 10341 196 925 54 0
picture 10344 224 0 54 0
picture 10345 224 377 53 0
picture 10348 224 54 54 0
picture 10349 224 108 54 0
picture 10350 224 162 54 0
picture 10351 224 216 54 0
picture 10352 224 270 54 0
picture 10353 196 595 55 0
picture 10662 140 257 82 0
picture 10663 0 446 133 0
picture 10664 0 0 156 0
picture 10665 0 156 156 0
picture 10732 224 799 43 0
picture 10733 168 286 69 0
picture 10734 168 355 69 0
picture 10735 224 842 43 0
picture 10810 224 430 51 0
picture 10811 140 89 84 0
picture 10812 112 558 98 0
picture 10813 112 754 97 0
picture 10814 112 656 98 0
picture 10815 112 851 96 0
picture 10816 140 0 89 0
picture 10817 224 529 47 0
picture 10841 168 424 68 0
picture 10842 140 814 74 0
picture 10843 168 627 66 0
picture 10844 224 576 47 0
picture 10865 140 583 78 0
picture 10866 140 421 81 0
picture 10867 168 759 65 0
picture 10868 224 623 44 0
picture 10913 196 539 56 0
picture 10914 140 173 84 0
picture 10915 112 352 106 0
picture 10916 112 236 116 0
picture 10917 56 0 125 0
picture 10918 112 458 100 0
picture 10919 168 73 72 0
picture 10920 224 667 44 0
picture 10933 168 824 65 0
picture 10934 140 888 74 0
picture 10935 140 661 78 0
picture 10936 168 693 66 0
picture 10971 168 889 64 0
picture 10972 168 145 71 0
picture 10973 168 560 67 0
picture 10974 224 481 48 0
picture 10992 56 125 120 0
picture 10993 0 312 134 0
picture 10994 56 245 119 0
picture 11313 196 650 55 0
picture 11314 168 953 63 0
picture 11315 196 367 58 0
picture 11316 252 119 34 0
picture 11317 252 153 34 0
picture 11318 196 425 58 0
picture 11971 56 364 118 0
picture 11972 0 579 132 0
picture 11973 56 482 118 0
picture 11974 56 600 118 0
picture 11975 0 711 132 0
picture 11976 56 718 118 0
picture 11978 0 843 132 0
picture 11979 56 836 118 0
picture 11983 28 0 132 0
picture 11984 28 132 132 0
picture 11985 224 711 44 0
picture 11986 140 339 82 0
picture 11987 140 502 81 0
picture 11988 252 0 40 0
picture 11989 224 755 44 0
picture 11990 168 216 70 0
picture 11991 168 492 68 0
picture 11992 252 40 40 0
picture 11993 196 0 63 0
picture 11994 196 187 62 0
picture 11995 140 739 75 0
picture 11996 168 0 73 0
picture 11997 196 705 55 0
picture 11998 196 760 55 0
picture 11999 196 815 55 0
picture 12000 196 870 55 0
picture 12001 196 249 59 0
picture 12002 196 308 59 0
picture 12012 84 0 118 0
picture 12013 28 264 132 0
picture 12014 84 118 118 0
picture 12642 84 236 118 0
picture 12643 28 396 132 0
picture 12644 84 354 118 0
picture 12645 84 472 118 0
picture 12646 28 528 132 0
picture 12647 84 590 118 0
picture 12648 84 708 118 0
picture 12649 28 660 132 0
picture 12650 84 826 118 0
picture 12651 112 0 118 0
picture 12652 28 792 132 0
picture 12653 112 118 118 0
object 1 0 left 11984
object 2 0 left 11978
object 2 0 right 11979
object 3 0 left 12648
object 4 0 left 12649
object 4 0 right 12650
object 5 0 left 12651
object 6 0 left 12652
object 6 0 right 12653
object 7 0 left 12648
object 8 0 left 12649
object 8 0 right 12650
object 9 0 left 12651
object 10 0 left 12652
object 10 0 right 12653
object 11 0 left 12648
object 12 0 left 12649
object 12 0 right 12650
object 13 0 left 12651
object 14 0 left 12652
object 14 0 right 12653
object 15 0 left 12648
object 16 0 left 12649
object 16 0 right 12650
object 17 0 left 12648
object 18 0 left 12652
object 18 0 right 12653
object 19 0 left 12649
object 19 0 right 12650
object 0 1 right 11983
object 1 1 right 10974
object 4 1 left 10664
object 4 1 right 10665
object 5 1 left 10348
object 5 1 right 10349
object 0 2 left 11974
object 0 2 right 11975
object 1 2 right 10973
object 3 2 left 10662
object 3 2 right 10663
object 5 2 left 10350
object 5 2 right 10351
object 9 2 left 10278
object 9 2 right 10279
object 14 2 left 10278
object 14 2 right 10279
object 0 3 right 11973
object 1 3 left 10971
object 1 3 right 10972
object 3 3 right 10735
object 5 3 left 11995
object 5 3 right 11996
object 10 3 right 11992
object 13 3 left 10276
object 13 3 right 10277
object 15 3 right 11988
object 0 4 left 11971
object 0 4 right 11972
object 2 4 left 10732
object 3 4 left 10733
object 3 4 right 10734
object 5 4 left 11993
object 5 4 right 11994
object 8 4 right 10269
object 9 4 left 11989
object 10 4 left 11990
object 10 4 right 11991
object 11 4 right 10269
object 14 4 left 11985
object 15 4 left 11986
object 15 4 right 11987
object 0 5 right 11973
object 5 5 left 11997
object 5 5 right 11998
object 0 6 left 11971
object 0 6 right 11972
object 5 6 left 11999
object 5 6 right 12000
object 0 7 right 12644
object 1 7 right 10994
object 5 7 left 12001
object 5 7 right 12002
object 8 7 left 10276
object 8 7 right 10277
object 10 7 right 11992
object 13 7 right 10269
object 15 7 right 11988
object 16 7 left 10269
object 0 8 left 12642
object 0 8 right 12643
object 1 8 left 10992
object 1 8 right 10993
object 5 8 left 10350
object 5 8 right 10351
object 9 8 left 11989
object 10 8 left 11990
object 10 8 right 11991
object 11 8 left 10274
object 11 8 right 10275
object 13 8 right 10269
object 14 8 left 11985
object 15 8 left 11986
object 15 8 right 11987
object 16 8 left 10269
object 0 9 right 11976
object 5 9 left 10352
object 5 9 right 10353
object 0 10 left 11974
object 0 10 right 11975
object 5 10 left 11999
object 5 10 right 12000
object 9 10 left 10278
object 9 10 right 10279
object 15 10 left 10269
object 0 11 right 12014
object 5 11 left 10352
object 5 11 right 10353
object 10 11 right 11988
object 15 11 right 11992
object 0 12 left 12012
object 0 12 right 12013
object 5 12 left 11993
object 5 12 right 11994
object 9 12 left 11985
object 10 12 left 11986
object 10 12 right 11987
object 14 12 left 11989
object 15 12 left 11990
object 15 12 right 11991
object 0 13 right 12647
object 1 13 right 10994
object 5 13 left 10352
object 5 13 right 10353
object 10 13 right 10269
object 15 13 left 10269
object 0 14 left 12645
object 0 14 right 12646
object 1 14 left 10992
object 1 14 right 10993
object 4 14 left 10348
object 4 14 right 10349
object 5 14 left 10344
object 5 14 right 10345
object 0 15 right 12644
object 1 15 right 10844
object 4 15 left 12001
object 4 15 right 12002
object 12 15 left 11313
object 12 15 right 11314
object 13 15 left 11313
object 13 15 right 11314
object 14 15 left 11313
object 14 15 right 11314
object 15 15 left 11313
object 15 15 right 11314
object 0 16 left 12642
object 0 16 right 12643
object 1 16 right 10843
object 4 16 left 11993
object 4 16 right 11994
object 5 16 left 10340
object 5 16 right 10341
object 6 16 left 10344
object 6 16 right 10345
object 7 16 left 11995
object 7 16 right 11996
object 8 16 left 10344
object 8 16 right 10345
object 11 16 right 10868
object 16 16 right 10920
object 17 16 right 10920
object 0 17 right 12647
object 1 17 left 10841
object 1 17 right 10842
object 8 17 left 10350
object 8 17 right 10351
object 11 17 right 10867
object 16 17 right 10919
object 17 17 right 10920
object 18 17 left 10935
object 18 17 right 10936
object 0 18 left 12645
object 0 18 right 12646
object 6 18 right 10817
object 8 18 left 10352
object 8 18 right 10353
object 11 18 left 10865
object 11 18 right 10866
object 12 18 left 10913
object 13 18 left 10914
object 14 18 left 10915
object 15 18 left 10916
object 16 18 left 10917
object 16 18 right 10918
object 17 18 left 10933
object 17 18 right 10934
object 18 18 left 11317
object 18 18 right 11318
object 0 19 left 12642
object 0 19 right 12644
object 1 19 left 10810
object 2 19 left 10811
object 3 19 left 10812
object 4 19 left 10813
object 5 19 left 10814
object 6 19 left 10815
object 6 19 right 10816
object 8 19 left 10352
object 8 19 right 10353
object 12 19 left 11315
object 12 19 right 11316
object 13 19 left 11315
object 13 19 right 11316
object 14 19 left 11315
object 14 19 right 11316
object 16 19 left 11315
object 16 19 right 11316
