# lod20028 — tools/dat-extract layout 이 만든다. 손으로 고치지 말 것.
size 40 24
blocked
........................................
######....##....#....#####...##....#####
#....#.....#....#........#....#........#
#......................................#
#.......................................
#....................................#..
#.......................................
#......................#................
#.......................................
##......................................
..........#............................#
.................###....................
............#...........................
#...........#...........................
#...........#..........................#
#...........#...........................
#.......................................
#...###.................................
#...#.#................................#
##..###.................................
#.......................................
#.......................................
#.......................................
#.......................................
floor
0 0 0 0 0 0 0 0 0 0 0 0 0 0 0 0 0 0 0 0 0 0 0 0 0 0 0 0 0 0 0 0 0 0 0 0 0 0 0 0
0 0 0 0 0 0 0 0 0 0 0 0 0 0 0 0 0 0 0 0 0 0 0 0 0 0 0 0 0 0 0 0 0 0 0 0 0 0 0 0
14489 14469 14479 14489 14493 14496 14499 14502 14505 14508 14511 14514 14517 14520 14523 14526 14530 14533 14536 14539 14542 14545 14548 14551 14554 14469 14469 14479 14489 14493 14496 14499 14502 14505 14508 14511 14514 14517 14520 14523
14488 14468 14478 14488 14492 14495 14498 14501 14504 14507 14510 14513 14516 14519 14522 14525 14529 14532 14535 14538 14541 14544 14547 14550 14492 14495 14468 14478 14488 14492 14495 14498 14501 14504 14507 14510 14513 14516 14519 14522
14487 14467 14477 14487 14491 14494 14497 14500 14503 14506 14509 14512 14515 14518 14521 14524 14528 14531 14534 14537 14540 14543 14546 14549 14491 14494 14467 14477 14487 14491 14494 14497 14500 14503 14506 14509 14512 14515 14518 14521
14772 14466 14476 14486 14403 14407 14760 14764 14768 14772 14792 14796 14764 14768 14772 14792 14796 14800 14764 14768 14772 14792 14796 14800 14403 14407 14764 14768 14772 14792 14796 14800 14764 14768 14772 14792 14796 14800 14403 14407
14771 14465 14475 14485 14402 14406 14410 14763 14767 14771 14791 14795 14763 14767 14771 14791 14795 14799 14763 14767 14771 14791 14795 14799 14402 14406 14763 14767 14771 14791 14795 14799 14763 14767 14771 14791 14795 14799 14402 14406
14770 14464 14474 14484 14401 14405 14409 14762 14766 14770 14790 14794 14762 14766 14770 14790 14794 14798 14762 14766 14770 14790 14794 14798 14401 14405 14762 14766 14770 14790 14794 14798 14762 14766 14770 14790 14794 14798 14401 14405
14769 14463 14473 14483 14400 14404 14731 14735 14739 14769 14789 14793 14761 14765 14769 14789 14972 14976 14761 14765 14769 14789 14793 14797 14400 14404 14761 14765 14769 14789 14793 14797 14761 14765 14769 14789 14793 14797 14400 14404
14395 14462 14472 14482 14763 14767 14730 14734 14738 14387 14391 14972 14924 14928 14387 14391 14971 14975 14924 14928 14387 14399 14972 14976 14980 14920 14924 14928 14395 14399 14972 14976 14924 14928 14387 14680 14684 14688 14692 14840
14394 14461 14471 14481 14762 14766 14729 14733 14737 14386 14390 14971 14923 14927 14386 14390 14970 14974 14923 14927 14386 14398 14971 14975 14979 14919 14923 14927 14394 14398 14971 14975 14923 14927 14386 14679 14683 14687 14691 14839
14393 14460 14470 14480 14761 14765 14769 14393 14397 14385 14389 14970 14922 14926 14385 14389 14969 14973 14922 14926 14385 14397 14970 14974 14978 14918 14922 14926 14393 14397 14970 14974 14922 14926 14385 14678 14682 14686 14690 14838
14392 14430 14444 14458 14748 14752 14756 14712 14716 14720 14724 14969 14921 14925 14384 14388 14988 14992 14921 14925 14384 14396 14969 14973 14977 14917 14921 14925 14392 14396 14969 14973 14921 14925 14384 14677 14681 14699 14703 14707
14395 14429 14443 14457 14747 14751 14755 14711 14715 14719 14723 14988 14940 14944 14387 14391 14987 14991 14940 14944 14387 14399 14988 14992 14996 14936 14940 14944 14395 14399 14988 14992 14940 14944 14387 14391 14696 14684 14688 14692
14394 14428 14442 14456 14746 14750 14754 14710 14714 14718 14722 14987 14939 14943 14386 14390 14986 14990 14939 14943 14386 14398 14987 14991 14995 14731 14735 14739 14394 14398 14987 14991 14939 14943 14386 14390 14695 14683 14687 14691
14738 14427 14441 14455 14403 14407 14411 14709 14713 14717 14721 14683 14687 14942 14385 14679 14683 14687 14938 14942 14385 14678 14682 14686 14690 14730 14734 14738 14738 14397 14683 14687 14731 14735 14739 14389 14680 14682 14686 14690
14737 14426 14440 14454 14402 14406 14410 14920 14924 14928 14932 14682 14686 14941 14384 14678 14682 14686 14726 14941 14384 14677 14681 14685 14689 14729 14733 14737 14737 14396 14682 14686 14730 14734 14738 14388 14679 14699 14703 14707
14395 14425 14439 14453 14401 14405 14409 14919 14923 14927 14931 14391 14395 14399 14387 14677 14681 14685 14387 14391 14395 14399 14387 14391 14395 14399 14387 14391 14395 14399 14387 14391 14729 14733 14737 14391 14678 14684 14688 14692
14394 14424 14438 14452 14400 14404 14408 14918 14922 14926 14930 14390 14394 14398 14386 14390 14394 14398 14386 14390 14394 14398 14386 14390 14394 14398 14386 14390 14394 14398 14386 14390 14712 14716 14720 14724 14677 14683 14687 14691
14831 14423 14437 14451 14403 14407 14411 14917 14921 14925 14929 14699 14703 14707 14855 14859 14863 14867 14999 15003 15007 15011 15031 15035 15039 15043 14823 14827 14831 14835 14855 14859 14711 14715 14719 14723 14393 14682 14686 14690
14830 14422 14436 14450 14402 14406 14410 14936 14940 14944 14696 14698 14702 14706 14854 14858 14862 14866 14998 15002 15006 15010 15030 15034 15038 15042 14822 14826 14830 14834 14854 14858 14743 14747 14751 14755 14999 15003 15007 15011
14829 14421 14435 14449 14401 14405 14409 14935 14939 14943 14968 14972 14976 14980 14853 14857 14861 14865 14997 15001 15005 15009 15029 15033 15037 15041 14821 14825 14829 14833 14853 14857 14742 14746 14750 14754 14998 15002 15006 15010
14415 14420 14434 14452 14402 14406 14410 14934 14938 14942 14967 14971 14975 14979 14407 14411 14415 14403 14407 14411 14415 14403 14407 14411 14415 14403 14407 14411 14415 14403 14407 14411 14741 14745 14749 14753 14997 15001 15005 15009
14414 14419 14433 14451 14401 14405 14409 14933 14937 14941 14966 14970 14974 14978 14406 14410 14414 14402 14406 14410 14414 14402 14406 14410 14414 14402 14406 14410 14414 14402 14406 14410 14741 14403 14407 14411 14415 14403 14407 14411
tile 14384 0 0
tile 14385 56 0
tile 14386 112 0
tile 14387 168 0
tile 14388 224 0
tile 14389 280 0
tile 14390 336 0
tile 14391 392 0
tile 14392 448 0
tile 14393 504 0
tile 14394 560 0
tile 14395 616 0
tile 14396 672 0
tile 14397 728 0
tile 14398 784 0
tile 14399 840 0
tile 14400 896 0
tile 14401 952 0
tile 14402 1008 0
tile 14403 0 27
tile 14404 56 27
tile 14405 112 27
tile 14406 168 27
tile 14407 224 27
tile 14408 280 27
tile 14409 336 27
tile 14410 392 27
tile 14411 448 27
tile 14414 504 27
tile 14415 560 27
tile 14419 616 27
tile 14420 672 27
tile 14421 728 27
tile 14422 784 27
tile 14423 840 27
tile 14424 896 27
tile 14425 952 27
tile 14426 1008 27
tile 14427 0 54
tile 14428 56 54
tile 14429 112 54
tile 14430 168 54
tile 14433 224 54
tile 14434 280 54
tile 14435 336 54
tile 14436 392 54
tile 14437 448 54
tile 14438 504 54
tile 14439 560 54
tile 14440 616 54
tile 14441 672 54
tile 14442 728 54
tile 14443 784 54
tile 14444 840 54
tile 14449 896 54
tile 14450 952 54
tile 14451 1008 54
tile 14452 0 81
tile 14453 56 81
tile 14454 112 81
tile 14455 168 81
tile 14456 224 81
tile 14457 280 81
tile 14458 336 81
tile 14460 392 81
tile 14461 448 81
tile 14462 504 81
tile 14463 560 81
tile 14464 616 81
tile 14465 672 81
tile 14466 728 81
tile 14467 784 81
tile 14468 840 81
tile 14469 896 81
tile 14470 952 81
tile 14471 1008 81
tile 14472 0 108
tile 14473 56 108
tile 14474 112 108
tile 14475 168 108
tile 14476 224 108
tile 14477 280 108
tile 14478 336 108
tile 14479 392 108
tile 14480 448 108
tile 14481 504 108
tile 14482 560 108
tile 14483 616 108
tile 14484 672 108
tile 14485 728 108
tile 14486 784 108
tile 14487 840 108
tile 14488 896 108
tile 14489 952 108
tile 14491 1008 108
tile 14492 0 135
tile 14493 56 135
tile 14494 112 135
tile 14495 168 135
tile 14496 224 135
tile 14497 280 135
tile 14498 336 135
tile 14499 392 135
tile 14500 448 135
tile 14501 504 135
tile 14502 560 135
tile 14503 616 135
tile 14504 672 135
tile 14505 728 135
tile 14506 784 135
tile 14507 840 135
tile 14508 896 135
tile 14509 952 135
tile 14510 1008 135
tile 14511 0 162
tile 14512 56 162
tile 14513 112 162
tile 14514 168 162
tile 14515 224 162
tile 14516 280 162
tile 14517 336 162
tile 14518 392 162
tile 14519 448 162
tile 14520 504 162
tile 14521 560 162
tile 14522 616 162
tile 14523 672 162
tile 14524 728 162
tile 14525 784 162
tile 14526 840 162
tile 14528 896 162
tile 14529 952 162
tile 14530 1008 162
tile 14531 0 189
tile 14532 56 189
tile 14533 112 189
tile 14534 168 189
tile 14535 224 189
tile 14536 280 189
tile 14537 336 189
tile 14538 392 189
tile 14539 448 189
tile 14540 504 189
tile 14541 560 189
tile 14542 616 189
tile 14543 672 189
tile 14544 728 189
tile 14545 784 189
tile 14546 840 189
tile 14547 896 189
tile 14548 952 189
tile 14549 1008 189
tile 14550 0 216
tile 14551 56 216
tile 14554 112 216
tile 14677 168 216
tile 14678 224 216
tile 14679 280 216
tile 14680 336 216
tile 14681 392 216
tile 14682 448 216
tile 14683 504 216
tile 14684 560 216
tile 14685 616 216
tile 14686 672 216
tile 14687 728 216
tile 14688 784 216
tile 14689 840 216
tile 14690 896 216
tile 14691 952 216
tile 14692 1008 216
tile 14695 0 243
tile 14696 56 243
tile 14698 112 243
tile 14699 168 243
tile 14702 224 243
tile 14703 280 243
tile 14706 336 243
tile 14707 392 243
tile 14709 448 243
tile 14710 504 243
tile 14711 560 243
tile 14712 616 243
tile 14713 672 243
tile 14714 728 243
tile 14715 784 243
tile 14716 840 243
tile 14717 896 243
tile 14718 952 243
tile 14719 1008 243
tile 14720 0 270
tile 14721 56 270
tile 14722 112 270
tile 14723 168 270
tile 14724 224 270
tile 14726 280 270
tile 14729 336 270
tile 14730 392 270
tile 14731 448 270
tile 14733 504 270
tile 14734 560 270
tile 14735 616 270
tile 14737 672 270
tile 14738 728 270
tile 14739 784 270
tile 14741 840 270
tile 14742 896 270
tile 14743 952 270
tile 14745 1008 270
tile 14746 0 297
tile 14747 56 297
tile 14748 112 297
tile 14749 168 297
tile 14750 224 297
tile 14751 280 297
tile 14752 336 297
tile 14753 392 297
tile 14754 448 297
tile 14755 504 297
tile 14756 560 297
tile 14760 616 297
tile 14761 672 297
tile 14762 728 297
tile 14763 784 297
tile 14764 840 297
tile 14765 896 297
tile 14766 952 297
tile 14767 1008 297
tile 14768 0 324
tile 14769 56 324
tile 14770 112 324
tile 14771 168 324
tile 14772 224 324
tile 14789 280 324
tile 14790 336 324
tile 14791 392 324
tile 14792 448 324
tile 14793 504 324
tile 14794 560 324
tile 14795 616 324
tile 14796 672 324
tile 14797 728 324
tile 14798 784 324
tile 14799 840 324
tile 14800 896 324
tile 14821 952 324
tile 14822 1008 324
tile 14823 0 351
tile 14825 56 351
tile 14826 112 351
tile 14827 168 351
tile 14829 224 351
tile 14830 280 351
tile 14831 336 351
tile 14833 392 351
tile 14834 448 351
tile 14835 504 351
tile 14838 560 351
tile 14839 616 351
tile 14840 672 351
tile 14853 728 351
tile 14854 784 351
tile 14855 840 351
tile 14857 896 351
tile 14858 952 351
tile 14859 1008 351
tile 14861 0 378
tile 14862 56 378
tile 14863 112 378
tile 14865 168 378
tile 14866 224 378
tile 14867 280 378
tile 14917 336 378
tile 14918 392 378
tile 14919 448 378
tile 14920 504 378
tile 14921 560 378
tile 14922 616 378
tile 14923 672 378
tile 14924 728 378
tile 14925 784 378
tile 14926 840 378
tile 14927 896 378
tile 14928 952 378
tile 14929 1008 378
tile 14930 0 405
tile 14931 56 405
tile 14932 112 405
tile 14933 168 405
tile 14934 224 405
tile 14935 280 405
tile 14936 336 405
tile 14937 392 405
tile 14938 448 405
tile 14939 504 405
tile 14940 560 405
tile 14941 616 405
tile 14942 672 405
tile 14943 728 405
tile 14944 784 405
tile 14966 840 405
tile 14967 896 405
tile 14968 952 405
tile 14969 1008 405
tile 14970 0 432
tile 14971 56 432
tile 14972 112 432
tile 14973 168 432
tile 14974 224 432
tile 14975 280 432
tile 14976 336 432
tile 14977 392 432
tile 14978 448 432
tile 14979 504 432
tile 14980 560 432
tile 14986 616 432
tile 14987 672 432
tile 14988 728 432
tile 14990 784 432
tile 14991 840 432
tile 14992 896 432
tile 14995 952 432
tile 14996 1008 432
tile 14997 0 459
tile 14998 56 459
tile 14999 112 459
tile 15001 168 459
tile 15002 224 459
tile 15003 280 459
tile 15005 336 459
tile 15006 392 459
tile 15007 448 459
tile 15009 504 459
tile 15010 560 459
tile 15011 616 459
tile 15029 672 459
tile 15030 728 459
tile 15031 784 459
tile 15033 840 459
tile 15034 896 459
tile 15035 952 459
tile 15037 1008 459
tile 15038 0 486
tile 15039 56 486
tile 15041 112 486
tile 15042 168 486
tile 15043 224 486
picture 215 812 250 39 0
picture 216 784 735 47 0
picture 217 812 130 40 0
picture 218 812 44 43 0
picture 223 784 491 49 0
picture 224 784 970 44 0
picture 225 784 540 49 0
picture 226 812 0 44 0
picture 227 812 500 31 0
picture 228 784 436 55 0
picture 229 784 687 48 0
picture 230 784 782 47 0
picture 231 784 829 47 0
picture 232 812 468 32 0
picture 233 812 87 43 0
picture 234 812 170 40 0
picture 739 756 894 74 0
picture 740 784 139 64 0
picture 755 784 589 49 0
picture 756 784 638 49 0
picture 13956 0 0 378 0
picture 13957 0 378 378 0
picture 13958 28 0 378 0
picture 13959 28 378 378 0
picture 13960 56 0 378 0
picture 13961 56 378 378 0
picture 13965 84 0 378 0
picture 13966 84 378 378 0
picture 13967 112 0 378 0
picture 13968 112 378 378 0
picture 13969 140 0 378 0
picture 13970 140 378 378 0
picture 13971 168 0 378 0
picture 13972 168 378 378 0
picture 13973 196 0 378 0
picture 13974 196 378 378 0
picture 13975 224 0 378 0
picture 13976 224 378 378 0
picture 13977 252 0 378 0
picture 13978 252 378 378 0
picture 13979 280 0 378 0
picture 13980 280 378 378 0
picture 13981 308 0 378 0
picture 13982 308 378 378 0
picture 13983 336 0 378 0
picture 13984 336 378 378 0
picture 13985 364 0 378 0
picture 13986 364 378 378 0
picture 13987 392 0 378 0
picture 13988 392 378 378 0
picture 13989 420 0 378 0
picture 13990 420 378 378 0
picture 14033 812 289 38 0
picture 14034 812 327 37 0
picture 14035 812 435 33 0
picture 14036 812 401 34 0
picture 14037 784 876 47 0
picture 14038 784 923 47 0
picture 14039 784 203 59 0
picture 14040 784 262 58 0
picture 14045 812 364 37 0
picture 14046 812 210 40 0
picture 14047 784 320 58 0
picture 14048 756 819 75 0
picture 14049 756 564 88 0
picture 14050 756 652 85 0
picture 14051 784 73 66 0
picture 14052 756 737 82 0
picture 14053 756 472 92 0
picture 14054 756 378 94 0
picture 14055 784 0 73 0
picture 14056 784 378 58 0
picture 14068 448 0 378 0
picture 14069 448 378 378 0
picture 14070 476 0 378 0
picture 14071 476 378 378 0
picture 14072 504 0 378 0
picture 14084 504 378 378 0
picture 14085 532 0 378 0
picture 14086 532 378 378 0
picture 14093 560 0 378 0
picture 14094 560 378 378 0
picture 14095 588 0 378 0
picture 14096 588 378 378 0
picture 14103 616 0 378 0
picture 14104 616 378 378 0
picture 14105 644 0 378 0
picture 14106 644 378 378 0
picture 14108 672 0 378 0
picture 14109 672 378 378 0
picture 14110 700 0 378 0
picture 14111 700 378 378 0
picture 14112 728 0 378 0
picture 14116 728 378 378 0
picture 14117 756 0 378 0
object 1 1 left 14093
object 2 1 left 14094
object 3 1 left 14095
object 4 1 left 14096
object 5 1 left 13970
object 6 1 left 13971
object 7 1 left 13972
object 8 1 left 13973
object 9 1 left 13974
object 10 1 left 13975
object 11 1 left 13976
object 12 1 left 13977
object 13 1 left 13978
object 14 1 left 13979
object 15 1 left 13980
object 16 1 left 13956
object 17 1 left 13957
object 18 1 left 13958
object 19 1 left 13959
object 20 1 left 13960
object 21 1 left 13961
object 22 1 left 14084
object 23 1 left 14085
object 24 1 left 14086
object 25 1 left 13965
object 26 1 left 13966
object 27 1 left 13967
object 28 1 left 13968
object 29 1 left 13969
object 30 1 left 13970
object 31 1 left 13971
object 32 1 left 13972
object 33 1 left 13973
object 34 1 left 13974
object 35 1 left 13975
object 36 1 left 14103
object 37 1 left 14104
object 38 1 left 14105
object 39 1 left 14106
object 0 2 right 14072
object 4 2 left 755
object 4 2 right 756
object 5 2 left 739
object 5 2 right 740
object 11 2 left 739
object 11 2 right 740
object 16 2 left 739
object 16 2 right 740
object 25 2 left 739
object 25 2 right 740
object 30 2 left 739
object 30 2 right 740
object 37 2 left 14035
object 37 2 right 14036
object 38 2 left 14035
object 38 2 right 14036
object 39 2 left 14045
object 39 2 right 14046
object 0 3 right 14071
object 25 3 left 755
object 25 3 right 756
object 38 3 left 14035
object 38 3 right 14036
object 39 3 left 14045
object 39 3 right 14046
object 0 4 right 14070
object 38 4 left 14035
object 38 4 right 14036
object 39 4 left 14035
object 39 4 right 14036
object 0 5 right 14069
object 37 5 left 14045
object 37 5 right 14046
object 39 5 left 14035
object 39 5 right 14036
object 0 6 right 14068
object 31 6 left 14033
object 31 6 right 14034
object 0 7 right 13990
object 23 7 left 14045
object 23 7 right 14046
object 0 8 right 13989
object 31 8 left 14035
object 31 8 right 14036
object 32 8 left 14033
object 32 8 right 14034
object 0 9 right 13988
object 1 9 left 739
object 1 9 right 740
object 31 9 left 14033
object 31 9 right 14034
object 0 10 right 13987
object 10 10 left 14039
object 10 10 right 14040
object 19 10 right 14051
object 39 10 left 739
object 39 10 right 740
object 0 11 right 13986
object 17 11 left 14047
object 18 11 left 14048
object 19 11 left 14049
object 19 11 right 14050
object 0 12 right 13985
object 12 12 right 14056
object 17 12 left 14037
object 17 12 right 14038
object 0 13 right 13984
object 12 13 right 14055
object 0 14 right 13983
object 12 14 right 14054
object 39 14 left 739
object 39 14 right 740
object 0 15 right 13982
object 12 15 left 14052
object 12 15 right 14053
object 0 16 right 13981
object 0 17 right 14112
object 4 17 left 233
object 4 17 right 234
object 5 17 left 225
object 5 17 right 226
object 6 17 left 231
object 6 17 right 232
object 0 18 right 14111
object 4 18 left 217
object 4 18 right 218
object 6 18 left 215
object 6 18 right 216
object 39 18 left 739
object 39 18 right 740
object 0 19 right 14110
object 1 19 left 14039
object 1 19 right 14040
object 4 19 left 227
object 4 19 right 228
object 5 19 left 223
object 5 19 right 224
object 6 19 left 229
object 6 19 right 230
object 0 20 right 14109
object 0 21 right 14108
object 0 22 right 14117
object 0 23 right 14116
