# lod20264 — tools/dat-extract layout 이 만든다. 손으로 고치지 말 것.
size 50 50
blocked
.............................................#####
...........#.................................#####
.......#.....................................#####
.............................................#####
........#..................................#..####
........#..................................##.####
..............................................####
......###.....................................####
......###.....................................####
...............................#..............####
...............................#...............###
................................................##
.................................................#
..................................................
..................................................
..............................#...................
........#.........................................
.................#................................
..................................................
...#.#............................................
....................#.............................
.......................................#..#....#..
............................................#.....
...#....................................#.........
........................#.........................
..............................................#...
......................................#...........
......#...............................#.#.........
.................#................................
..................................................
....................................#.......#.....
..#...............................................
..................................................
.................................#................
...#.......#......................................
......###.........................................
..................................................
................................................#.
........#.........................................
...#.......#........#.........................#...
...........................................#....#.
............................#..#....#....#....#...
.................................#.........#......
.............................#...............#....
..........................................#.....#.
...............#...................#..............
...#......#................#......................
..................#........#.#....................
..............#.......................#.....#.....
..................................................
floor
8746 8755 8764 8773 8782 8791 8801 8810 9674 9679 9684 8846 8856 8883 8892 8901 8746 8755 8764 8773 8782 8791 9674 9679 9684 8828 8837 8846 8856 8865 8874 8883 8892 8746 8755 8764 8773 8782 8791 8801 8810 8819 8828 8837 8846 8856 8865 9103 9109 9109
8745 8754 8763 8772 8781 8790 8800 8809 8818 8827 8836 8845 8855 8882 8891 8900 8745 8754 8763 8772 8781 8790 8800 8809 8818 8827 8836 8845 8855 8864 8873 8882 8891 8745 8754 8763 8772 8781 8790 8800 8809 8818 8827 8836 8845 8855 8864 8907 9107 8911
8744 8753 8762 8771 8780 8789 8799 8808 8817 8826 8835 8844 8854 8881 8890 8899 8744 8753 8762 8771 8780 8789 8799 8808 8817 8826 8835 8844 8854 8863 8872 8881 8890 8744 8753 8762 8771 8780 8789 8799 8808 8817 8826 8835 8844 8854 8863 8906 8911 9109
8743 8752 8761 8770 8779 8788 8798 9146 9150 9154 8834 8843 8853 8880 8889 8898 8743 8752 8761 8770 8779 8788 8798 8807 8816 8825 8834 8843 8853 8862 8871 8880 8889 8743 8752 8761 8770 8779 8788 8798 8807 8816 9146 9150 9154 8853 8862 8871 9102 9107
8742 8751 8760 8769 8778 8787 8797 9145 9149 9153 8833 8842 8852 8879 8888 8897 8742 8751 8760 8769 8778 8787 8797 8806 8815 8824 8833 8842 8852 8861 8870 8879 8888 8742 8751 8760 8769 8778 8787 8797 8806 8815 9145 9149 9153 8760 8769 8778 8787 9109
8741 8750 8759 8768 8777 8786 8796 9144 9148 9152 8832 8822 8831 8878 8887 8896 8741 8750 8759 8768 8777 8786 8796 8805 8814 8823 8832 8841 8851 8860 8869 8878 8887 8741 8750 8759 8768 8777 8786 8796 8805 8814 9144 9148 9152 8759 8768 8777 8786 8787
8740 8749 8758 8767 8776 8907 8912 9143 9147 9151 8932 8798 8807 8816 8825 8895 8740 8749 8758 8767 8776 8785 8795 8804 8813 8822 8831 8840 8850 8859 8868 8877 8886 8740 8749 8758 8767 8776 8785 8795 8804 8813 9143 9147 9151 8758 8767 8776 8785 8786
8808 8817 8826 8835 8844 8906 8911 8916 8921 8926 8931 8797 8806 8815 8824 8789 8799 8808 8817 8762 8771 8780 8789 8799 8808 8798 8807 8816 8825 8872 8881 8890 8899 8744 8753 8762 8771 8780 8789 8799 8808 8817 8899 8744 8753 8762 8771 8780 8784 8785
8807 8816 8825 8834 8843 8905 8910 8915 8920 8925 8930 8796 8805 8814 8823 8788 8798 8807 8816 8761 8770 8779 8788 8798 8807 8797 8806 8815 8824 8871 9146 9150 9154 8743 8752 8761 8770 8779 8788 8798 8807 8816 8898 8743 8752 8761 8770 8779 8880 8784
9146 9150 9154 8833 8842 8904 8909 8914 8919 8924 8929 8795 8804 8813 8822 8787 8797 8806 8815 8760 8769 8778 8787 8797 8806 8796 8805 8814 8823 8870 9145 9149 9153 8742 8751 8760 8769 8778 8787 8797 8806 8815 8897 8742 8751 8760 8769 8778 8879 8788
9145 9149 9153 8832 8841 8903 8908 8913 8918 8923 8928 8863 8872 8881 8890 8786 8796 8805 8814 8759 8768 8777 8786 8796 8805 8795 8804 8813 8822 8869 9144 9148 9152 8741 8750 8759 8768 8777 8786 8796 8805 8814 8823 8832 8841 8851 8860 8869 8878 8787
9144 9148 9152 8831 8840 8850 8859 8868 8877 8886 8740 8812 8821 8830 8839 8785 8795 8804 8813 8758 8767 8776 8785 8795 8804 8863 8872 8881 8890 8868 9143 9147 9151 8740 8749 8758 8767 8776 8785 8795 8804 8813 8822 8831 8840 8850 8859 8868 8877 8786
9143 9147 9151 8830 8839 8849 8858 8867 8876 8885 8739 8811 8820 8766 8775 8784 8794 8803 8812 8757 8766 8775 8784 8794 8803 8812 8821 8830 8839 8867 8876 8885 8894 8739 8748 8757 8766 8775 8784 8794 8803 8812 8821 8830 8839 8849 8858 8867 8876 8785
8802 8811 8820 8829 8838 8848 8857 8866 8875 8884 8738 8747 8756 8765 8774 8783 8793 8802 8811 8756 8765 8774 8783 8793 8802 8811 8820 8829 9572 9575 9579 8756 8765 8774 8783 8793 8802 8811 8756 8765 8774 8783 8793 8802 8811 8848 8857 8866 8875 8784
9642 9647 9624 9647 8420 9629 9634 8462 8467 8472 8476 9644 9625 9630 9624 9629 8419 8425 8431 9648 9599 9623 9624 9629 9634 9639 9644 9645 9571 9574 9578 9582 9623 8517 8531 8545 8561 8578 8595 8611 9599 8642 8657 8670 9607 9629 9634 9643 9627 9644
9646 9601 9699 9644 9603 9608 9613 8461 8466 8471 8475 9646 9628 9643 9603 9608 8418 8424 8430 8435 9628 9622 9618 9623 9628 9641 9646 9600 9570 9573 9577 9581 8503 8516 8530 8544 8560 8577 8594 8610 8626 8641 8656 8669 8682 9599 9600 9605 9632 9646
9627 9632 9637 9566 9602 9607 9612 8460 8465 8470 8474 9637 9627 8458 9602 9607 8417 8423 8429 8434 9636 9639 9644 9645 9609 9614 9619 9646 9618 9623 9576 9580 8502 8515 8529 8543 8559 8576 8593 8609 8625 8640 8655 8668 8681 8694 8706 8718 9631 9637
9645 9655 9561 9565 9569 8285 9646 8459 8464 8469 8473 9636 9626 8457 9647 9647 8416 8422 8428 8433 9613 9618 9623 9644 9638 9643 9648 9614 9619 9620 9621 8490 8501 8514 8528 8542 8558 8575 8592 8608 8624 8639 8654 8667 8680 8693 8705 8717 8728 9636
9628 9557 9560 9564 9640 9645 9600 9636 8463 8468 9632 9635 9625 8456 9646 9646 8415 8421 8427 8432 9601 9606 9640 9645 9637 9642 9647 9643 9648 9619 9620 8489 8500 8513 8527 8541 8557 8574 8591 8607 8623 8638 8653 8666 8679 8692 8704 8716 8727 8734
8420 9556 9559 9563 9639 9644 9599 9604 9601 9637 9642 8317 8331 8455 9644 9645 9600 8420 9647 8378 9642 9647 9639 9648 9643 9648 9603 9634 9639 9644 9619 8488 8499 8512 8526 8540 8556 8573 8590 8606 8622 8637 8652 8665 8678 8691 8703 8715 8726 8733
9601 8229 9558 9562 9618 9623 9628 9603 9641 9646 9601 9629 9626 9618 9623 9628 9633 9638 8362 8377 8391 8404 9628 9637 9616 9621 9626 9613 9618 9623 8481 8487 8498 8511 8525 8539 8555 8572 8589 8605 8621 8636 8651 8664 8677 8690 8702 8714 8725 8732
9633 9572 9575 9579 9603 9608 9613 9646 9601 9637 9642 9647 9635 8402 9647 8420 8426 9637 8361 8376 8390 8403 9633 9642 9647 9602 9646 9601 9606 9603 8480 8486 8497 8510 8524 8538 8554 8571 8588 8604 8620 8635 8650 8663 8676 8689 8701 8713 8724 8731
9632 9571 9574 9578 9582 9607 9612 8415 9636 9641 9636 9639 9644 9645 9600 9647 9605 9600 9603 9627 9632 9637 9632 9641 9646 9601 9637 9642 9647 9602 8479 8485 8496 8509 8523 8537 8553 8570 8587 8603 8619 8634 8649 8662 8675 8688 8700 8712 8723 8730
9631 9570 9573 9577 9581 9606 9611 9616 9621 9608 9613 9618 9623 9644 9545 9646 9604 9646 9646 8415 9631 9636 9631 9640 9645 9600 9636 9641 9646 9601 8478 8484 8495 8508 8522 8536 8552 8569 8586 8602 8618 8633 8648 8661 8674 8687 8699 8711 8722 8729
9630 9635 9640 9576 9580 9605 9610 9615 9620 9646 9601 9606 9640 9645 9600 8491 9604 9644 9645 9600 9626 9637 9642 9639 9644 9599 9604 9609 9614 9619 9620 8483 8494 8507 8521 8535 8551 8568 8585 8601 8617 8632 8647 8660 8673 8686 8698 8710 8721 9642
9629 9634 9639 9644 8439 8444 8449 8454 9619 9637 9642 9647 9639 9648 9599 9632 9633 9646 9647 9647 9625 9636 9641 9618 9623 9628 9633 9638 9643 9648 9619 8482 8493 8506 8520 8534 8550 8567 8584 8600 8616 8631 8646 8659 8672 8685 8697 8709 8720 9641
9627 9632 9637 9647 8438 8443 8448 8453 8458 9636 9641 9646 9618 9623 9628 9648 9575 9579 9642 9646 9624 9635 9640 9617 9622 9627 9632 9637 9642 9647 9648 8481 8492 8505 8519 8533 8549 8566 8583 8599 8615 8630 8645 8658 8671 8684 8696 8708 8719 9619
9646 9601 9606 9640 8437 8442 8447 8452 8457 9604 9609 9614 9619 9620 9625 9646 9574 9578 9582 9645 9603 9634 9639 9601 9621 9626 9631 9636 9641 9646 9647 8480 8486 8504 8518 8532 8548 8565 8582 8598 8614 8629 8644 8419 8425 8431 8695 8707 9643 9648
9637 9642 9647 9639 8436 8441 8446 8451 8456 9633 9638 9643 9648 9619 9624 9648 9573 9577 9581 9627 9642 9647 9597 9642 9620 9625 9630 9635 9640 9646 9601 8479 8485 9631 9572 9575 9579 8564 8581 8597 8613 8628 8643 8418 8424 8430 8435 9648 9603 9634
9636 9641 9646 9618 9625 9553 8445 8450 8455 9632 9637 9642 9647 9648 9646 9647 9607 9576 9580 9626 9641 9646 9634 9614 9619 9624 9629 9634 9639 9644 9613 8478 8484 9608 9571 9574 9578 9582 8580 8596 8612 8627 9618 8417 8423 8429 8434 9621 9626 9613
9631 9636 9641 9646 8317 8331 9601 9621 9626 9631 9636 9641 9646 9647 8317 8331 8346 9599 9604 9630 9642 9648 9693 9690 9633 9638 8317 8331 8346 8361 8376 8390 8403 9607 9570 9573 9577 9581 9648 8268 8284 8301 9625 8416 8422 8428 8433 9602 9646 9601
9642 9647 9602 9607 8255 9597 9642 9620 9625 9630 9635 9640 9646 9601 9629 9626 9631 9643 9648 9603 9641 9646 9601 9614 9619 9624 9629 9626 9631 9636 9641 9646 8462 8467 8472 8476 9576 8242 8254 8267 8283 8300 8316 8415 8421 8427 8375 9601 9637 9642
9545 9547 8462 8467 8472 9634 9614 9619 9624 9629 9634 9639 9644 9613 9696 9635 9641 9627 8458 9646 9601 9637 9642 9636 9626 8457 9696 9635 9641 9619 9624 9629 8461 8466 8471 8475 8229 8241 8253 8266 8282 8299 8315 8330 8344 8359 8374 9648 9603 9634
9544 9546 8461 8466 8471 8475 9636 9648 9646 8331 8346 8361 8376 8390 8579 9601 9640 9626 8457 8415 9636 9641 9636 9635 8546 8562 8579 9601 9640 9648 9618 9623 8460 8465 8470 8219 8228 8240 8252 8265 8281 8298 8314 8329 8343 8358 8373 8388 8402 9645
9599 9604 8460 8465 8470 8474 9644 9599 9533 8362 8377 8391 8404 9602 9625 9630 9635 9625 8456 8476 8420 8426 8517 8531 8545 8561 8578 8595 8611 9647 8642 8657 8459 8464 8469 8218 8227 8239 8251 8264 8280 8297 8313 8328 8342 8357 8372 8387 8401 8413
9628 9633 8459 8464 8469 8473 8420 8426 9608 8361 8376 8390 8403 9601 9609 9614 9619 9624 8455 8475 8491 8503 8516 8530 8544 8560 8577 8594 8610 8626 8641 8656 8669 8463 8468 8217 8226 8238 8250 8263 8279 8296 8312 8327 8341 8356 8371 8386 8400 8412
9627 9632 9637 9566 8820 8829 9572 9575 9579 9603 9627 9632 9637 9642 9613 9602 9626 9631 9636 9626 9566 8502 8515 8529 8543 8559 8576 8593 8609 8625 8640 8655 8668 8681 8694 8706 8225 8237 8249 8262 8278 8295 8311 8326 8340 8355 8370 8385 8399 8411
9626 9631 9561 9565 9624 9645 9571 9574 9578 9602 9626 9631 9636 9646 9601 9601 9623 9646 9601 9561 9565 8501 8514 8528 8542 8558 8575 8592 8608 8624 8639 8654 8667 8680 8693 8705 8224 8236 8248 8261 8277 8294 8310 8325 8339 8354 8369 8384 8398 8410
9625 9557 9560 9564 9645 9600 9570 9573 9577 9581 9581 9601 8457 8415 9636 9604 9603 9637 9557 9560 9564 8500 8513 8527 8541 8557 8574 8591 8607 8623 8638 8653 8666 8679 8692 8704 8223 8235 8247 8260 8276 8293 8309 8324 8338 8353 8368 8383 8397 8409
9624 9556 9559 9563 9644 9599 9604 9624 9576 9580 9580 9619 8456 8476 8420 9636 9602 9637 9556 9559 9563 8499 8512 8526 8540 8556 8573 8590 8606 8622 8637 8652 8665 8678 8691 8703 8222 8234 8246 8259 8275 8292 8308 8323 8337 8352 8367 8382 8396 8408
9603 9608 9558 9562 9623 9628 9623 9628 9633 9638 9643 9648 8455 8475 9606 8420 9601 9636 9641 9558 9562 8498 8511 8525 8539 8555 8572 8589 8605 8621 8636 8651 8664 8677 8690 8702 8714 8233 8245 8258 8274 8291 8307 8322 8336 8351 8366 8381 8395 8407
9602 9607 9612 9617 9622 9627 9622 9627 9632 9637 9642 9647 8436 8455 8475 9606 9631 9635 9640 8480 8486 8497 8510 8524 8538 8554 8571 8588 8604 8620 8635 8650 8663 8676 8689 8701 8713 8232 8244 8257 8273 8290 8306 8321 8335 8350 8365 8380 8394 8406
9623 9628 9633 9638 9643 9648 9634 9626 9631 9636 9641 9646 9632 8440 8445 9553 9648 9634 9639 8479 8485 8496 8509 8523 8537 8553 8570 8587 8603 8619 8634 8649 8662 8675 8688 8700 8712 8723 8730 8256 8272 8289 8305 8320 8334 8349 8364 8379 8393 8405
9622 9627 9632 9637 9642 9647 8436 9625 9630 9635 9640 9645 9631 9636 9548 9552 9630 9635 9585 8478 8484 8495 8508 8522 8536 8552 8569 8586 8602 8618 8633 8648 8661 8674 8687 8699 8711 8722 8729 8255 8271 8288 8304 8319 8333 8348 8363 8378 8392 8405
9621 9626 8462 8467 8472 8476 9632 9624 8439 8444 8449 8454 9630 9545 9547 9551 9555 8419 8425 8431 8483 8494 8507 8521 8535 8551 8568 8585 8601 8617 8632 8647 8660 8673 8686 8698 8710 8721 9604 9609 8270 8287 8303 8318 8332 8347 8362 8377 8391 8404
9620 9625 8461 8466 8471 8475 9631 9618 8438 8443 8448 8453 8458 9544 9546 9550 9554 8418 8424 8430 8435 8493 8506 8520 8534 8550 8567 8584 8600 8616 8631 8646 8659 8672 8685 8697 8709 8419 8425 8431 9643 8286 8302 8317 9566 8346 8361 8376 8390 8403
9648 9603 8460 8465 8470 8474 9630 9606 8437 8442 8447 8452 9572 9575 9579 9549 9607 8417 8423 8429 8434 8884 8505 8519 8533 8549 8566 8583 8599 8615 8630 8645 8658 8671 8684 8696 8708 8418 8424 8430 8435 9627 8458 9561 9565 9569 9603 9627 9632 9637
8458 9646 8459 8464 8469 8473 9638 9647 8436 8441 8446 8451 9571 9574 9578 9582 9602 8416 8422 8428 8433 9604 9663 9668 8532 8548 8565 8582 8598 8614 8629 8644 9629 9634 8683 8695 8707 8417 8423 8429 8434 9626 9557 9560 9564 9568 9602 9626 9631 9636
8457 8415 9603 8463 8468 9637 9637 9646 9601 8440 8445 8450 9570 9573 9577 9581 9601 8415 8421 8427 8432 9633 9662 9667 9602 8547 8564 8581 8597 8613 8628 8643 9635 9640 8420 8426 9627 8416 8422 8428 8433 9632 9556 9559 9563 9567 9601 9625 9630 9635
9656 9699 9602 9626 9631 9636 9636 9599 9604 9609 9614 9619 9634 9639 9576 9580 9600 9605 8420 8426 9580 9632 9664 9666 9601 9602 8563 8580 8596 8612 8627 9629 9634 9639 9644 9599 9626 8415 8421 8427 8432 9631 8455 9558 9562 9599 9604 9609 9614 9619
tile 8217 0 0
tile 8218 56 0
tile 8219 112 0
tile 8222 168 0
tile 8223 224 0
tile 8224 280 0
tile 8225 336 0
tile 8226 392 0
tile 8227 448 0
tile 8228 504 0
tile 8229 560 0
tile 8232 616 0
tile 8233 672 0
tile 8234 728 0
tile 8235 784 0
tile 8236 840 0
tile 8237 896 0
tile 8238 952 0
tile 8239 1008 0
tile 8240 1064 0
tile 8241 1120 0
tile 8242 1176 0
tile 8244 1232 0
tile 8245 1288 0
tile 8246 1344 0
tile 8247 1400 0
tile 8248 1456 0
tile 8249 1512 0
tile 8250 1568 0
tile 8251 0 27
tile 8252 56 27
tile 8253 112 27
tile 8254 168 27
tile 8255 224 27
tile 8256 280 27
tile 8257 336 27
tile 8258 392 27
tile 8259 448 27
tile 8260 504 27
tile 8261 560 27
tile 8262 616 27
tile 8263 672 27
tile 8264 728 27
tile 8265 784 27
tile 8266 840 27
tile 8267 896 27
tile 8268 952 27
tile 8270 1008 27
tile 8271 1064 27
tile 8272 1120 27
tile 8273 1176 27
tile 8274 1232 27
tile 8275 1288 27
tile 8276 1344 27
tile 8277 1400 27
tile 8278 1456 27
tile 8279 1512 27
tile 8280 1568 27
tile 8281 0 54
tile 8282 56 54
tile 8283 112 54
tile 8284 168 54
tile 8285 224 54
tile 8286 280 54
tile 8287 336 54
tile 8288 392 54
tile 8289 448 54
tile 8290 504 54
tile 8291 560 54
tile 8292 616 54
tile 8293 672 54
tile 8294 728 54
tile 8295 784 54
tile 8296 840 54
tile 8297 896 54
tile 8298 952 54
tile 8299 1008 54
tile 8300 1064 54
tile 8301 1120 54
tile 8302 1176 54
tile 8303 1232 54
tile 8304 1288 54
tile 8305 1344 54
tile 8306 1400 54
tile 8307 1456 54
tile 8308 1512 54
tile 8309 1568 54
tile 8310 0 81
tile 8311 56 81
tile 8312 112 81
tile 8313 168 81
tile 8314 224 81
tile 8315 280 81
tile 8316 336 81
tile 8317 392 81
tile 8318 448 81
tile 8319 504 81
tile 8320 560 81
tile 8321 616 81
tile 8322 672 81
tile 8323 728 81
tile 8324 784 81
tile 8325 840 81
tile 8326 896 81
tile 8327 952 81
tile 8328 1008 81
tile 8329 1064 81
tile 8330 1120 81
tile 8331 1176 81
tile 8332 1232 81
tile 8333 1288 81
tile 8334 1344 81
tile 8335 1400 81
tile 8336 1456 81
tile 8337 1512 81
tile 8338 1568 81
tile 8339 0 108
tile 8340 56 108
tile 8341 112 108
tile 8342 168 108
tile 8343 224 108
tile 8344 280 108
tile 8346 336 108
tile 8347 392 108
tile 8348 448 108
tile 8349 504 108
tile 8350 560 108
tile 8351 616 108
tile 8352 672 108
tile 8353 728 108
tile 8354 784 108
tile 8355 840 108
tile 8356 896 108
tile 8357 952 108
tile 8358 1008 108
tile 8359 1064 108
tile 8361 1120 108
tile 8362 1176 108
tile 8363 1232 108
tile 8364 1288 108
tile 8365 1344 108
tile 8366 1400 108
tile 8367 1456 108
tile 8368 1512 108
tile 8369 1568 108
tile 8370 0 135
tile 8371 56 135
tile 8372 112 135
tile 8373 168 135
tile 8374 224 135
tile 8375 280 135
tile 8376 336 135
tile 8377 392 135
tile 8378 448 135
tile 8379 504 135
tile 8380 560 135
tile 8381 616 135
tile 8382 672 135
tile 8383 728 135
tile 8384 784 135
tile 8385 840 135
tile 8386 896 135
tile 8387 952 135
tile 8388 1008 135
tile 8390 1064 135
tile 8391 1120 135
tile 8392 1176 135
tile 8393 1232 135
tile 8394 1288 135
tile 8395 1344 135
tile 8396 1400 135
tile 8397 1456 135
tile 8398 1512 135
tile 8399 1568 135
tile 8400 0 162
tile 8401 56 162
tile 8402 112 162
tile 8403 168 162
tile 8404 224 162
tile 8405 280 162
tile 8406 336 162
tile 8407 392 162
tile 8408 448 162
tile 8409 504 162
tile 8410 560 162
tile 8411 616 162
tile 8412 672 162
tile 8413 728 162
tile 8415 784 162
tile 8416 840 162
tile 8417 896 162
tile 8418 952 162
tile 8419 1008 162
tile 8420 1064 162
tile 8421 1120 162
tile 8422 1176 162
tile 8423 1232 162
tile 8424 1288 162
tile 8425 1344 162
tile 8426 1400 162
tile 8427 1456 162
tile 8428 1512 162
tile 8429 1568 162
tile 8430 0 189
tile 8431 56 189
tile 8432 112 189
tile 8433 168 189
tile 8434 224 189
tile 8435 280 189
tile 8436 336 189
tile 8437 392 189
tile 8438 448 189
tile 8439 504 189
tile 8440 560 189
tile 8441 616 189
tile 8442 672 189
tile 8443 728 189
tile 8444 784 189
tile 8445 840 189
tile 8446 896 189
tile 8447 952 189
tile 8448 1008 189
tile 8449 1064 189
tile 8450 1120 189
tile 8451 1176 189
tile 8452 1232 189
tile 8453 1288 189
tile 8454 1344 189
tile 8455 1400 189
tile 8456 1456 189
tile 8457 1512 189
tile 8458 1568 189
tile 8459 0 216
tile 8460 56 216
tile 8461 112 216
tile 8462 168 216
tile 8463 224 216
tile 8464 280 216
tile 8465 336 216
tile 8466 392 216
tile 8467 448 216
tile 8468 504 216
tile 8469 560 216
tile 8470 616 216
tile 8471 672 216
tile 8472 728 216
tile 8473 784 216
tile 8474 840 216
tile 8475 896 216
tile 8476 952 216
tile 8478 1008 216
tile 8479 1064 216
tile 8480 1120 216
tile 8481 1176 216
tile 8482 1232 216
tile 8483 1288 216
tile 8484 1344 216
tile 8485 1400 216
tile 8486 1456 216
tile 8487 1512 216
tile 8488 1568 216
tile 8489 0 243
tile 8490 56 243
tile 8491 112 243
tile 8492 168 243
tile 8493 224 243
tile 8494 280 243
tile 8495 336 243
tile 8496 392 243
tile 8497 448 243
tile 8498 504 243
tile 8499 560 243
tile 8500 616 243
tile 8501 672 243
tile 8502 728 243
tile 8503 784 243
tile 8504 840 243
tile 8505 896 243
tile 8506 952 243
tile 8507 1008 243
tile 8508 1064 243
tile 8509 1120 243
tile 8510 1176 243
tile 8511 1232 243
tile 8512 1288 243
tile 8513 1344 243
tile 8514 1400 243
tile 8515 1456 243
tile 8516 1512 243
tile 8517 1568 243
tile 8518 0 270
tile 8519 56 270
tile 8520 112 270
tile 8521 168 270
tile 8522 224 270
tile 8523 280 270
tile 8524 336 270
tile 8525 392 270
tile 8526 448 270
tile 8527 504 270
tile 8528 560 270
tile 8529 616 270
tile 8530 672 270
tile 8531 728 270
tile 8532 784 270
tile 8533 840 270
tile 8534 896 270
tile 8535 952 270
tile 8536 1008 270
tile 8537 1064 270
tile 8538 1120 270
tile 8539 1176 270
tile 8540 1232 270
tile 8541 1288 270
tile 8542 1344 270
tile 8543 1400 270
tile 8544 1456 270
tile 8545 1512 270
tile 8546 1568 270
tile 8547 0 297
tile 8548 56 297
tile 8549 112 297
tile 8550 168 297
tile 8551 224 297
tile 8552 280 297
tile 8553 336 297
tile 8554 392 297
tile 8555 448 297
tile 8556 504 297
tile 8557 560 297
tile 8558 616 297
tile 8559 672 297
tile 8560 728 297
tile 8561 784 297
tile 8562 840 297
tile 8563 896 297
tile 8564 952 297
tile 8565 1008 297
tile 8566 1064 297
tile 8567 1120 297
tile 8568 1176 297
tile 8569 1232 297
tile 8570 1288 297
tile 8571 1344 297
tile 8572 1400 297
tile 8573 1456 297
tile 8574 1512 297
tile 8575 1568 297
tile 8576 0 324
tile 8577 56 324
tile 8578 112 324
tile 8579 168 324
tile 8580 224 324
tile 8581 280 324
tile 8582 336 324
tile 8583 392 324
tile 8584 448 324
tile 8585 504 324
tile 8586 560 324
tile 8587 616 324
tile 8588 672 324
tile 8589 728 324
tile 8590 784 324
tile 8591 840 324
tile 8592 896 324
tile 8593 952 324
tile 8594 1008 324
tile 8595 1064 324
tile 8596 1120 324
tile 8597 1176 324
tile 8598 1232 324
tile 8599 1288 324
tile 8600 1344 324
tile 8601 1400 324
tile 8602 1456 324
tile 8603 1512 324
tile 8604 1568 324
tile 8605 0 351
tile 8606 56 351
tile 8607 112 351
tile 8608 168 351
tile 8609 224 351
tile 8610 280 351
tile 8611 336 351
tile 8612 392 351
tile 8613 448 351
tile 8614 504 351
tile 8615 560 351
tile 8616 616 351
tile 8617 672 351
tile 8618 728 351
tile 8619 784 351
tile 8620 840 351
tile 8621 896 351
tile 8622 952 351
tile 8623 1008 351
tile 8624 1064 351
tile 8625 1120 351
tile 8626 1176 351
tile 8627 1232 351
tile 8628 1288 351
tile 8629 1344 351
tile 8630 1400 351
tile 8631 1456 351
tile 8632 1512 351
tile 8633 1568 351
tile 8634 0 378
tile 8635 56 378
tile 8636 112 378
tile 8637 168 378
tile 8638 224 378
tile 8639 280 378
tile 8640 336 378
tile 8641 392 378
tile 8642 448 378
tile 8643 504 378
tile 8644 560 378
tile 8645 616 378
tile 8646 672 378
tile 8647 728 378
tile 8648 784 378
tile 8649 840 378
tile 8650 896 378
tile 8651 952 378
tile 8652 1008 378
tile 8653 1064 378
tile 8654 1120 378
tile 8655 1176 378
tile 8656 1232 378
tile 8657 1288 378
tile 8658 1344 378
tile 8659 1400 378
tile 8660 1456 378
tile 8661 1512 378
tile 8662 1568 378
tile 8663 0 405
tile 8664 56 405
tile 8665 112 405
tile 8666 168 405
tile 8667 224 405
tile 8668 280 405
tile 8669 336 405
tile 8670 392 405
tile 8671 448 405
tile 8672 504 405
tile 8673 560 405
tile 8674 616 405
tile 8675 672 405
tile 8676 728 405
tile 8677 784 405
tile 8678 840 405
tile 8679 896 405
tile 8680 952 405
tile 8681 1008 405
tile 8682 1064 405
tile 8683 1120 405
tile 8684 1176 405
tile 8685 1232 405
tile 8686 1288 405
tile 8687 1344 405
tile 8688 1400 405
tile 8689 1456 405
tile 8690 1512 405
tile 8691 1568 405
tile 8692 0 432
tile 8693 56 432
tile 8694 112 432
tile 8695 168 432
tile 8696 224 432
tile 8697 280 432
tile 8698 336 432
tile 8699 392 432
tile 8700 448 432
tile 8701 504 432
tile 8702 560 432
tile 8703 616 432
tile 8704 672 432
tile 8705 728 432
tile 8706 784 432
tile 8707 840 432
tile 8708 896 432
tile 8709 952 432
tile 8710 1008 432
tile 8711 1064 432
tile 8712 1120 432
tile 8713 1176 432
tile 8714 1232 432
tile 8715 1288 432
tile 8716 1344 432
tile 8717 1400 432
tile 8718 1456 432
tile 8719 1512 432
tile 8720 1568 432
tile 8721 0 459
tile 8722 56 459
tile 8723 112 459
tile 8724 168 459
tile 8725 224 459
tile 8726 280 459
tile 8727 336 459
tile 8728 392 459
tile 8729 448 459
tile 8730 504 459
tile 8731 560 459
tile 8732 616 459
tile 8733 672 459
tile 8734 728 459
tile 8738 784 459
tile 8739 840 459
tile 8740 896 459
tile 8741 952 459
tile 8742 1008 459
tile 8743 1064 459
tile 8744 1120 459
tile 8745 1176 459
tile 8746 1232 459
tile 8747 1288 459
tile 8748 1344 459
tile 8749 1400 459
tile 8750 1456 459
tile 8751 1512 459
tile 8752 1568 459
tile 8753 0 486
tile 8754 56 486
tile 8755 112 486
tile 8756 168 486
tile 8757 224 486
tile 8758 280 486
tile 8759 336 486
tile 8760 392 486
tile 8761 448 486
tile 8762 504 486
tile 8763 560 486
tile 8764 616 486
tile 8765 672 486
tile 8766 728 486
tile 8767 784 486
tile 8768 840 486
tile 8769 896 486
tile 8770 952 486
tile 8771 1008 486
tile 8772 1064 486
tile 8773 1120 486
tile 8774 1176 486
tile 8775 1232 486
tile 8776 1288 486
tile 8777 1344 486
tile 8778 1400 486
tile 8779 1456 486
tile 8780 1512 486
tile 8781 1568 486
tile 8782 0 513
tile 8783 56 513
tile 8784 112 513
tile 8785 168 513
tile 8786 224 513
tile 8787 280 513
tile 8788 336 513
tile 8789 392 513
tile 8790 448 513
tile 8791 504 513
tile 8793 560 513
tile 8794 616 513
tile 8795 672 513
tile 8796 728 513
tile 8797 784 513
tile 8798 840 513
tile 8799 896 513
tile 8800 952 513
tile 8801 1008 513
tile 8802 1064 513
tile 8803 1120 513
tile 8804 1176 513
tile 8805 1232 513
tile 8806 1288 513
tile 8807 1344 513
tile 8808 1400 513
tile 8809 1456 513
tile 8810 1512 513
tile 8811 1568 513
tile 8812 0 540
tile 8813 56 540
tile 8814 112 540
tile 8815 168 540
tile 8816 224 540
tile 8817 280 540
tile 8818 336 540
tile 8819 392 540
tile 8820 448 540
tile 8821 504 540
tile 8822 560 540
tile 8823 616 540
tile 8824 672 540
tile 8825 728 540
tile 8826 784 540
tile 8827 840 540
tile 8828 896 540
tile 8829 952 540
tile 8830 1008 540
tile 8831 1064 540
tile 8832 1120 540
tile 8833 1176 540
tile 8834 1232 540
tile 8835 1288 540
tile 8836 1344 540
tile 8837 1400 540
tile 8838 1456 540
tile 8839 1512 540
tile 8840 1568 540
tile 8841 0 567
tile 8842 56 567
tile 8843 112 567
tile 8844 168 567
tile 8845 224 567
tile 8846 280 567
tile 8848 336 567
tile 8849 392 567
tile 8850 448 567
tile 8851 504 567
tile 8852 560 567
tile 8853 616 567
tile 8854 672 567
tile 8855 728 567
tile 8856 784 567
tile 8857 840 567
tile 8858 896 567
tile 8859 952 567
tile 8860 1008 567
tile 8861 1064 567
tile 8862 1120 567
tile 8863 1176 567
tile 8864 1232 567
tile 8865 1288 567
tile 8866 1344 567
tile 8867 1400 567
tile 8868 1456 567
tile 8869 1512 567
tile 8870 1568 567
tile 8871 0 594
tile 8872 56 594
tile 8873 112 594
tile 8874 168 594
tile 8875 224 594
tile 8876 280 594
tile 8877 336 594
tile 8878 392 594
tile 8879 448 594
tile 8880 504 594
tile 8881 560 594
tile 8882 616 594
tile 8883 672 594
tile 8884 728 594
tile 8885 784 594
tile 8886 840 594
tile 8887 896 594
tile 8888 952 594
tile 8889 1008 594
tile 8890 1064 594
tile 8891 1120 594
tile 8892 1176 594
tile 8894 1232 594
tile 8895 1288 594
tile 8896 1344 594
tile 8897 1400 594
tile 8898 1456 594
tile 8899 1512 594
tile 8900 1568 594
tile 8901 0 621
tile 8903 56 621
tile 8904 112 621
tile 8905 168 621
tile 8906 224 621
tile 8907 280 621
tile 8908 336 621
tile 8909 392 621
tile 8910 448 621
tile 8911 504 621
tile 8912 560 621
tile 8913 616 621
tile 8914 672 621
tile 8915 728 621
tile 8916 784 621
tile 8918 840 621
tile 8919 896 621
tile 8920 952 621
tile 8921 1008 621
tile 8923 1064 621
tile 8924 1120 621
tile 8925 1176 621
tile 8926 1232 621
tile 8928 1288 621
tile 8929 1344 621
tile 8930 1400 621
tile 8931 1456 621
tile 8932 1512 621
tile 9102 1568 621
tile 9103 0 648
tile 9107 56 648
tile 9109 112 648
tile 9143 168 648
tile 9144 224 648
tile 9145 280 648
tile 9146 336 648
tile 9147 392 648
tile 9148 448 648
tile 9149 504 648
tile 9150 560 648
tile 9151 616 648
tile 9152 672 648
tile 9153 728 648
tile 9154 784 648
tile 9533 840 648
tile 9544 896 648
tile 9545 952 648
tile 9546 1008 648
tile 9547 1064 648
tile 9548 1120 648
tile 9549 1176 648
tile 9550 1232 648
tile 9551 1288 648
tile 9552 1344 648
tile 9553 1400 648
tile 9554 1456 648
tile 9555 1512 648
tile 9556 1568 648
tile 9557 0 675
tile 9558 56 675
tile 9559 112 675
tile 9560 168 675
tile 9561 224 675
tile 9562 280 675
tile 9563 336 675
tile 9564 392 675
tile 9565 448 675
tile 9566 504 675
tile 9567 560 675
tile 9568 616 675
tile 9569 672 675
tile 9570 728 675
tile 9571 784 675
tile 9572 840 675
tile 9573 896 675
tile 9574 952 675
tile 9575 1008 675
tile 9576 1064 675
tile 9577 1120 675
tile 9578 1176 675
tile 9579 1232 675
tile 9580 1288 675
tile 9581 1344 675
tile 9582 1400 675
tile 9585 1456 675
tile 9597 1512 675
tile 9599 1568 675
tile 9600 0 702
tile 9601 56 702
tile 9602 112 702
tile 9603 168 702
tile 9604 224 702
tile 9605 280 702
tile 9606 336 702
tile 9607 392 702
tile 9608 448 702
tile 9609 504 702
tile 9610 560 702
tile 9611 616 702
tile 9612 672 702
tile 9613 728 702
tile 9614 784 702
tile 9615 840 702
tile 9616 896 702
tile 9617 952 702
tile 9618 1008 702
tile 9619 1064 702
tile 9620 1120 702
tile 9621 1176 702
tile 9622 1232 702
tile 9623 1288 702
tile 9624 1344 702
tile 9625 1400 702
tile 9626 1456 702
tile 9627 1512 702
tile 9628 1568 702
tile 9629 0 729
tile 9630 56 729
tile 9631 112 729
tile 9632 168 729
tile 9633 224 729
tile 9634 280 729
tile 9635 336 729
tile 9636 392 729
tile 9637 448 729
tile 9638 504 729
tile 9639 560 729
tile 9640 616 729
tile 9641 672 729
tile 9642 728 729
tile 9643 784 729
tile 9644 840 729
tile 9645 896 729
tile 9646 952 729
tile 9647 1008 729
tile 9648 1064 729
tile 9655 1120 729
tile 9656 1176 729
tile 9662 1232 729
tile 9663 1288 729
tile 9664 1344 729
tile 9666 1400 729
tile 9667 1456 729
tile 9668 1512 729
tile 9674 1568 729
tile 9679 0 756
tile 9684 56 756
tile 9690 112 756
tile 9693 168 756
tile 9696 224 756
tile 9699 280 756
picture 10015 756 240 32 0
picture 10016 756 272 31 0
picture 10017 728 357 47 0
picture 10018 728 309 48 0
picture 10019 588 738 144 0
picture 10020 476 856 167 0
picture 10021 308 203 202 0
picture 10022 224 208 207 0
picture 10023 336 601 199 0
picture 10024 56 249 247 0
picture 10025 0 262 261 0
picture 10026 28 257 251 0
picture 10027 112 229 227 0
picture 10028 84 0 240 0
picture 10029 84 480 239 0
picture 10030 112 683 225 0
picture 10031 140 0 224 0
picture 10032 252 206 205 0
picture 10033 308 809 201 0
picture 10034 476 347 170 0
picture 10035 700 103 101 0
picture 10036 644 538 131 0
picture 10037 532 642 154 0
picture 10038 364 386 192 0
picture 10039 224 622 206 0
picture 10040 224 0 208 0
picture 10041 140 446 221 0
picture 10042 280 410 203 0
picture 10043 476 176 171 0
picture 10044 56 496 247 0
picture 10045 0 523 261 0
picture 10046 56 743 247 0
picture 10047 112 456 227 0
picture 10048 84 240 240 0
picture 10049 28 508 250 0
picture 10050 588 447 146 0
picture 10051 560 609 150 0
picture 10052 616 712 138 0
picture 10053 700 302 96 0
picture 10054 644 406 132 0
picture 10055 448 0 181 0
picture 10056 364 578 192 0
picture 10057 448 362 180 0
picture 10058 504 662 164 0
picture 10059 644 0 136 0
picture 10060 560 759 150 0
picture 10061 392 574 189 0
picture 10062 140 667 220 0
picture 10063 252 411 205 0
picture 10064 448 542 176 0
picture 10065 616 0 143 0
picture 10066 700 493 89 0
picture 10067 672 234 116 0
picture 10068 504 167 165 0
picture 10069 364 0 193 0
picture 10070 196 642 209 0
picture 10071 140 224 222 0
picture 10072 308 405 202 0
picture 10073 476 517 170 0
picture 10074 672 0 117 0
picture 10075 700 582 89 0
picture 10076 700 936 84 0
picture 10077 616 143 143 0
picture 10078 392 192 191 0
picture 10079 252 616 205 0
picture 10080 336 201 200 0
picture 10081 420 187 186 0
picture 10082 560 0 153 0
picture 10083 728 163 73 0
picture 10084 728 741 38 0
picture 10085 672 350 116 0
picture 10086 504 332 165 0
picture 10087 336 800 198 0
picture 10088 168 658 216 0
picture 10089 112 0 229 0
picture 10090 336 0 201 0
picture 10091 476 687 169 0
picture 10092 672 117 117 0
picture 10093 700 671 89 0
picture 10094 728 0 84 0
picture 10095 616 286 143 0
picture 10096 392 383 191 0
picture 10097 280 0 205 0
picture 10098 336 401 200 0
picture 10099 420 373 186 0
picture 10100 560 153 153 0
picture 10101 728 236 73 0
picture 10102 728 817 37 0
picture 10103 672 806 110 0
picture 10104 532 326 159 0
picture 10105 420 0 187 0
picture 10106 280 613 203 0
picture 10107 196 0 216 0
picture 10108 280 816 203 0
picture 10109 168 220 219 0
picture 10110 252 0 206 0
picture 10111 448 718 176 0
picture 10112 532 485 157 0
picture 10113 700 760 89 0
picture 10115 196 432 210 0
picture 10116 168 439 219 0
picture 10117 280 205 205 0
picture 10118 476 0 176 0
picture 10119 616 429 143 0
picture 10121 644 136 136 0
picture 10122 588 150 149 0
picture 10123 364 770 192 0
picture 10124 168 0 220 0
picture 10125 0 0 262 0
picture 10126 28 0 257 0
picture 10127 84 719 232 0
picture 10128 504 497 165 0
picture 10129 700 398 95 0
picture 10130 672 466 115 0
picture 10131 504 826 164 0
picture 10132 392 0 192 0
picture 10133 196 216 216 0
picture 10134 28 758 249 0
picture 10135 56 0 249 0
picture 10136 728 84 79 0
picture 10137 308 607 202 0
picture 10138 392 763 188 0
picture 10139 588 0 150 0
picture 10143 728 450 45 0
picture 10144 728 404 46 0
picture 10146 728 537 41 0
picture 10147 728 578 41 0
picture 10148 728 619 41 0
picture 10149 728 660 41 0
picture 10150 756 362 23 0
picture 10151 756 385 23 0
picture 10152 756 408 23 0
picture 10153 756 431 23 0
picture 10163 672 916 104 0
picture 10164 700 0 103 0
picture 10165 672 581 113 0
picture 10166 644 669 125 0
picture 10167 672 694 112 0
picture 10168 756 36 34 0
picture 10169 756 334 28 0
picture 10170 756 303 31 0
picture 10171 728 701 40 0
picture 10172 756 0 36 0
picture 10173 756 70 34 0
picture 10174 728 854 37 0
picture 10175 756 104 34 0
picture 10176 728 891 37 0
picture 10177 756 138 34 0
picture 10178 728 928 37 0
picture 10179 728 779 38 0
picture 10180 756 172 34 0
picture 10181 756 206 34 0
picture 10182 728 495 42 0
picture 10183 728 965 37 0
picture 10231 588 593 145 0
picture 10232 504 0 167 0
picture 10233 308 0 203 0
picture 10234 224 415 207 0
picture 10235 420 559 185 0
picture 10236 532 796 154 0
picture 10237 700 849 87 0
picture 10238 644 794 118 0
picture 10239 644 272 134 0
picture 10240 560 458 151 0
picture 10241 588 299 148 0
picture 10242 560 306 152 0
picture 10243 616 572 140 0
picture 10244 700 204 98 0
picture 10483 616 850 137 0
picture 10484 532 164 162 0
picture 10485 420 744 185 0
picture 10486 364 193 193 0
picture 10487 448 181 181 0
picture 10488 532 0 164 0
object 6 0 left 10180
object 6 0 right 10181
object 7 0 left 10170
object 7 0 right 10171
object 11 0 left 10168
object 11 0 right 10169
object 19 0 left 10150
object 19 0 right 10151
object 21 0 left 10170
object 21 0 right 10171
object 22 0 left 10180
object 22 0 right 10181
object 24 0 left 10168
object 24 0 right 10169
object 26 0 left 10180
object 26 0 right 10181
object 6 1 left 10178
object 6 1 right 10179
object 7 1 left 10176
object 7 1 right 10177
object 11 1 left 10146
object 11 1 right 10147
object 28 1 left 10170
object 28 1 right 10171
object 7 2 left 10143
object 7 2 right 10144
object 21 2 left 10178
object 21 2 right 10179
object 22 2 left 10176
object 22 2 right 10177
object 29 2 left 10168
object 29 2 right 10169
object 16 3 left 10180
object 16 3 right 10181
object 22 3 left 10172
object 22 3 right 10173
object 22 4 left 10174
object 22 4 right 10175
object 23 4 left 10170
object 23 4 right 10171
object 44 4 left 10178
object 44 4 right 10179
object 48 4 right 10166
object 49 4 right 10167
object 22 5 left 10180
object 22 5 right 10181
object 44 5 left 10146
object 44 5 right 10147
object 45 5 left 10168
object 45 5 right 10169
object 48 5 right 10165
object 49 5 right 10166
object 7 6 right 10488
object 44 6 left 10170
object 44 6 right 10171
object 47 6 right 10175
object 48 6 right 10164
object 49 6 right 10165
object 7 7 right 10487
object 46 7 right 10175
object 47 7 right 10181
object 48 7 right 10163
object 49 7 right 10164
object 5 8 left 10483
object 6 8 left 10484
object 7 8 left 10485
object 7 8 right 10486
object 31 8 left 10182
object 31 8 right 10183
object 33 8 left 10180
object 33 8 right 10181
object 43 8 left 10180
object 43 8 right 10181
object 46 8 right 10181
object 47 8 right 10181
object 49 8 right 10163
object 49 9 right 10167
object 49 10 right 10166
object 49 11 right 10165
object 8 12 right 10084
object 49 12 right 10164
object 8 13 right 10083
object 17 13 right 10066
object 30 13 right 10488
object 8 14 right 10082
object 17 14 right 10065
object 30 14 right 10487
object 8 15 right 10081
object 17 15 right 10064
object 28 15 left 10483
object 29 15 left 10484
object 30 15 left 10485
object 30 15 right 10486
object 3 16 right 10244
object 5 16 left 10076
object 6 16 left 10077
object 7 16 left 10078
object 8 16 left 10079
object 8 16 right 10080
object 17 16 right 10063
object 3 17 right 10243
object 9 17 left 10168
object 9 17 right 10169
object 15 17 left 10059
object 16 17 left 10060
object 17 17 left 10061
object 17 17 right 10062
object 19 17 left 10168
object 19 17 right 10169
object 47 17 right 10102
object 3 18 right 10242
object 9 18 left 10182
object 9 18 right 10183
object 10 18 left 10170
object 10 18 right 10171
object 17 18 left 10178
object 17 18 right 10179
object 19 18 left 10182
object 19 18 right 10183
object 47 18 right 10101
object 0 19 left 10237
object 1 19 left 10238
object 2 19 left 10239
object 3 19 left 10240
object 3 19 right 10241
object 5 19 left 10148
object 5 19 right 10149
object 39 19 right 10139
object 44 19 right 10129
object 47 19 right 10100
object 11 20 left 10182
object 11 20 right 10183
object 20 20 left 10017
object 20 20 right 10018
object 26 20 left 10170
object 26 20 right 10171
object 39 20 right 10138
object 44 20 right 10128
object 47 20 right 10099
object 3 21 right 10488
object 11 21 left 10168
object 11 21 right 10169
object 39 21 left 10136
object 39 21 right 10137
object 40 21 left 10121
object 41 21 left 10122
object 41 21 right 10122
object 42 21 left 10123
object 42 21 right 10124
object 44 21 left 10094
object 44 21 right 10127
object 45 21 left 10095
object 46 21 left 10096
object 47 21 left 10097
object 47 21 right 10098
object 3 22 right 10487
object 19 22 left 10168
object 19 22 right 10169
object 20 22 left 10172
object 20 22 right 10173
object 21 22 left 10174
object 21 22 right 10175
object 38 22 right 10113
object 44 22 left 10125
object 44 22 right 10126
object 46 22 left 10093
object 1 23 left 10483
object 2 23 left 10484
object 3 23 left 10485
object 3 23 right 10486
object 20 23 left 10176
object 20 23 right 10177
object 21 23 left 10180
object 21 23 right 10181
object 36 23 left 10130
object 37 23 left 10131
object 38 23 left 10132
object 38 23 right 10112
object 39 23 left 10133
object 40 23 left 10134
object 40 23 right 10135
object 46 23 right 10092
object 6 24 right 10075
object 24 24 left 10148
object 24 24 right 10149
object 38 24 right 10111
object 40 24 right 10119
object 46 24 right 10091
object 6 25 right 10074
object 16 25 left 10180
object 16 25 right 10181
object 20 25 left 10150
object 20 25 right 10151
object 38 25 right 10110
object 40 25 right 10118
object 42 25 left 10085
object 43 25 left 10086
object 44 25 left 10087
object 44 25 right 10091
object 45 25 left 10088
object 46 25 left 10089
object 46 25 right 10090
object 6 26 right 10073
object 17 26 right 10488
object 38 26 right 10109
object 40 26 right 10117
object 44 26 right 10066
object 2 27 left 10067
object 3 27 left 10068
object 4 27 left 10069
object 5 27 left 10070
object 6 27 left 10071
object 6 27 right 10072
object 17 27 right 10487
object 34 27 left 10103
object 35 27 left 10104
object 36 27 left 10105
object 37 27 left 10106
object 38 27 left 10107
object 38 27 right 10108
object 40 27 left 10115
object 40 27 right 10116
object 44 27 right 10065
object 15 28 left 10483
object 16 28 left 10484
object 17 28 left 10485
object 17 28 right 10486
object 36 28 right 10488
object 44 28 right 10064
object 33 29 right 10084
object 36 29 right 10487
object 44 29 right 10063
object 48 29 left 10170
object 48 29 right 10171
object 33 30 right 10083
object 34 30 left 10483
object 35 30 left 10484
object 36 30 left 10485
object 36 30 right 10486
object 42 30 left 10059
object 43 30 left 10060
object 44 30 left 10061
object 44 30 right 10062
object 2 31 left 10146
object 2 31 right 10147
object 3 31 right 10083
object 14 31 left 10182
object 14 31 right 10183
object 25 31 left 10170
object 25 31 right 10171
object 26 31 left 10182
object 26 31 right 10183
object 33 31 right 10082
object 3 32 right 10082
object 14 32 left 10168
object 14 32 right 10169
object 26 32 left 10168
object 26 32 right 10169
object 33 32 right 10081
object 3 33 right 10081
object 30 33 left 10076
object 31 33 left 10077
object 32 33 left 10078
object 33 33 left 10079
object 33 33 right 10080
object 0 34 left 10076
object 1 34 left 10077
object 2 34 left 10078
object 3 34 left 10079
object 3 34 right 10080
object 11 34 left 10017
object 11 34 right 10018
object 48 34 right 10053
object 20 35 left 10168
object 20 35 right 10169
object 48 35 right 10052
object 3 36 left 10170
object 3 36 right 10244
object 8 36 right 10488
object 10 36 left 10168
object 10 36 right 10169
object 11 36 left 10172
object 11 36 right 10173
object 12 36 left 10174
object 12 36 right 10175
object 20 36 left 10182
object 20 36 right 10244
object 42 36 right 10058
object 48 36 right 10051
object 3 37 right 10243
object 8 37 right 10487
object 11 37 left 10176
object 11 37 right 10177
object 12 37 left 10180
object 12 37 right 10181
object 16 37 left 10178
object 16 37 right 10179
object 20 37 right 10243
object 36 37 right 10102
object 42 37 right 10057
object 47 37 left 10048
object 48 37 left 10049
object 48 37 right 10050
object 3 38 right 10242
object 6 38 left 10483
object 7 38 left 10484
object 8 38 left 10485
object 8 38 right 10486
object 13 38 left 10152
object 13 38 right 10153
object 16 38 left 10180
object 16 38 right 10181
object 20 38 right 10242
object 36 38 right 10101
object 41 38 left 10054
object 42 38 left 10055
object 42 38 right 10056
object 46 38 right 10047
object 49 38 right 10035
object 0 39 left 10237
object 1 39 left 10238
object 2 39 left 10239
object 3 39 left 10240
object 3 39 right 10241
object 11 39 left 10148
object 11 39 right 10149
object 16 39 left 10182
object 16 39 right 10183
object 17 39 left 10237
object 18 39 left 10238
object 19 39 left 10239
object 20 39 left 10240
object 20 39 right 10241
object 28 39 right 10139
object 33 39 right 10129
object 36 39 right 10100
object 43 39 right 10043
object 45 39 left 10044
object 46 39 left 10045
object 46 39 right 10046
object 49 39 left 10033
object 49 39 right 10034
object 4 40 left 10168
object 4 40 right 10169
object 8 40 left 10178
object 8 40 right 10179
object 9 40 left 10172
object 9 40 right 10173
object 10 40 left 10174
object 10 40 right 10175
object 11 40 left 10176
object 11 40 right 10177
object 28 40 right 10138
object 33 40 right 10128
object 36 40 right 10099
object 42 40 left 10040
object 43 40 left 10041
object 43 40 right 10042
object 47 40 left 10030
object 48 40 left 10031
object 48 40 right 10032
object 4 41 left 10182
object 4 41 right 10183
object 5 41 left 10170
object 5 41 right 10171
object 8 41 left 10174
object 8 41 right 10175
object 9 41 left 10176
object 9 41 right 10177
object 10 41 left 10180
object 10 41 right 10181
object 11 41 left 10178
object 11 41 right 10179
object 16 41 left 10152
object 16 41 right 10153
object 28 41 left 10136
object 28 41 right 10137
object 29 41 left 10121
object 30 41 left 10122
object 30 41 right 10122
object 31 41 left 10123
object 31 41 right 10124
object 33 41 left 10094
object 33 41 right 10127
object 34 41 left 10095
object 35 41 left 10096
object 36 41 left 10097
object 36 41 right 10098
object 41 41 left 10038
object 41 41 right 10039
object 46 41 left 10028
object 46 41 right 10029
object 3 42 right 10084
object 8 42 left 10172
object 8 42 right 10173
object 9 42 left 10170
object 9 42 right 10171
object 16 42 left 10176
object 16 42 right 10177
object 27 42 right 10113
object 33 42 left 10125
object 33 42 right 10126
object 35 42 left 10093
object 40 42 left 10036
object 40 42 right 10037
object 43 42 left 10015
object 43 42 right 10016
object 45 42 right 10027
object 3 43 right 10083
object 10 43 right 10075
object 15 43 right 10236
object 18 43 right 10066
object 25 43 left 10130
object 26 43 left 10131
object 27 43 left 10132
object 27 43 right 10112
object 28 43 left 10133
object 29 43 left 10134
object 29 43 right 10135
object 35 43 right 10092
object 43 43 left 10023
object 44 43 left 10024
object 45 43 left 10025
object 45 43 right 10026
object 3 44 right 10082
object 10 44 right 10074
object 15 44 right 10235
object 18 44 right 10065
object 27 44 right 10111
object 29 44 right 10119
object 35 44 right 10091
object 38 44 right 10066
object 40 44 left 10019
object 41 44 left 10020
object 42 44 left 10021
object 42 44 right 10022
object 48 44 left 10017
object 48 44 right 10018
object 0 45 left 10168
object 0 45 right 10169
object 3 45 right 10081
object 10 45 right 10073
object 13 45 left 10231
object 14 45 left 10232
object 15 45 left 10233
object 15 45 right 10234
object 18 45 right 10064
object 27 45 right 10110
object 29 45 right 10118
object 31 45 left 10085
object 32 45 left 10086
object 33 45 left 10087
object 33 45 right 10091
object 34 45 left 10088
object 35 45 left 10089
object 35 45 right 10090
object 38 45 right 10065
object 44 45 right 10244
object 0 46 left 10076
object 1 46 left 10077
object 2 46 left 10078
object 3 46 left 10079
object 3 46 right 10080
object 6 46 left 10067
object 7 46 left 10068
object 8 46 left 10069
object 9 46 left 10070
object 10 46 left 10071
object 10 46 right 10072
object 14 46 right 10488
object 18 46 right 10063
object 27 46 right 10109
object 29 46 right 10117
object 38 46 right 10064
object 44 46 right 10243
object 47 46 left 10168
object 47 46 right 10169
object 48 46 left 10172
object 48 46 right 10173
object 49 46 left 10174
object 49 46 right 10175
object 14 47 right 10487
object 16 47 left 10059
object 17 47 left 10060
object 18 47 left 10061
object 18 47 right 10062
object 22 47 left 10170
object 22 47 right 10171
object 23 47 left 10103
object 24 47 left 10104
object 25 47 left 10105
object 26 47 left 10106
object 27 47 left 10107
object 27 47 right 10108
object 29 47 left 10115
object 29 47 right 10116
object 38 47 right 10063
object 44 47 right 10242
object 48 47 left 10176
object 48 47 right 10177
object 49 47 left 10180
object 49 47 right 10181
object 12 48 left 10483
object 13 48 left 10484
object 14 48 left 10485
object 14 48 right 10486
object 15 48 left 10168
object 15 48 right 10169
object 36 48 left 10059
object 37 48 left 10060
object 38 48 left 10061
object 38 48 right 10062
object 41 48 left 10237
object 42 48 left 10238
object 43 48 left 10239
object 44 48 left 10240
object 44 48 right 10241
object 48 48 left 10170
object 48 48 right 10171
object 0 49 left 10176
object 0 49 right 10177
object 1 49 left 10182
object 1 49 right 10183
object 2 49 left 10170
object 2 49 right 10171
object 15 49 left 10182
object 15 49 right 10183
object 16 49 left 10170
object 16 49 right 10171
