# lod20138 — tools/dat-extract layout 이 만든다. 손으로 고치지 말 것.
size 30 30
blocked
##############################
##.#.#.#.#.#.#.#.#.#.#.#.#.#.#
#...#.....###.................
##...#...##..#................
#....#...#....#...............
##.###...#.....#..............
#...#....#......#.............
##.##.....#.....#.............
#...#......#....#..#..........
##..#.......#####.............
#.###.........................
##............................
#..........#.......#..........
##............................
#.............................
##............................
#.##.......#.......#..........
######........................
#....#.....................#..
##.###.....................###
#.....##...#.......#.......###
##...###...................###
#....#.....................###
##.###..................######
#.....##...#.......#....#..#..
##...###.............####..#..
#....#...............#######.#
######...............##.#....#
#.....................###.####
##.......................##...
floor
0 0 0 0 0 0 0 0 0 0 0 0 0 0 0 0 0 0 0 0 0 0 0 0 0 0 0 0 0 0
0 1452 1453 1454 1455 1452 1453 1454 1455 1452 1453 1454 1455 1452 1453 1454 1455 1452 1453 1454 1455 1452 1453 1454 1455 1452 1453 1454 1455 1452
0 1456 1457 1458 1459 1456 1457 1458 1459 1456 1784 1785 1786 1419 1420 1421 1459 1456 1435 1436 1437 1438 1457 1458 1459 1456 1457 1458 1459 1456
0 1460 1461 1462 1463 1460 1461 1467 1464 1465 1787 1788 1789 1790 1424 1425 1463 1460 1439 1440 1441 1442 1461 1462 1463 1460 1461 1462 1463 1460
0 1464 1465 1418 1419 1420 1421 1455 1452 1453 1791 1792 1793 1794 1795 1429 1467 1464 1443 1444 1445 1446 1465 1466 1418 1419 1420 1421 1467 1464
0 1452 1453 1422 1423 1424 1425 1459 1456 1457 1796 1797 1798 1799 1801 1800 1455 1452 1447 1448 1449 1450 1453 1454 1422 1423 1424 1425 1455 1452
0 1456 1457 1426 1427 1428 1429 1458 1459 1456 1457 1802 1803 1804 1805 1806 1807 1456 1457 1458 1459 1456 1457 1458 1426 1427 1428 1429 1459 1456
0 1460 1461 1430 1431 1432 1433 1462 1435 1436 1437 1438 1808 1809 1810 1811 1812 1460 1461 1462 1463 1460 1461 1462 1430 1431 1432 1433 1463 1460
0 1464 1465 1466 1467 1464 1465 1466 1439 1440 1441 1454 1467 1813 1814 1815 1816 1464 1465 1454 1467 1464 1465 1466 1467 1464 1465 1466 1467 1464
0 1452 1453 1454 1455 1452 1453 1454 1443 1444 1445 1446 1455 1452 1817 1632 1819 1452 1453 1454 1455 1452 1453 1454 1455 1452 1453 1454 1455 1452
0 1456 1457 1458 1435 1436 1437 1438 1447 1448 1449 1454 1459 1456 1457 1418 1419 1420 1421 1454 1459 1456 1435 1436 1437 1438 1457 1458 1459 1456
0 1460 1461 1462 1439 1440 1441 1442 1463 1460 1461 1462 1463 1460 1461 1422 1423 1424 1425 1462 1463 1460 1439 1440 1441 1442 1461 1462 1463 1460
0 1464 1465 1466 1443 1444 1445 1446 1467 1464 1465 1454 1467 1464 1465 1426 1427 1428 1429 1454 1467 1464 1443 1444 1445 1446 1465 1466 1467 1464
0 1452 1453 1454 1447 1448 1449 1450 1455 1452 1453 1454 1455 1452 1453 1430 1431 1432 1433 1454 1455 1452 1447 1448 1449 1450 1453 1454 1455 1452
0 1456 1457 1458 1459 1456 1457 1458 1459 1456 1457 1454 1459 1456 1457 1458 1459 1456 1457 1454 1459 1456 1457 1458 1459 1456 1457 1458 1459 1456
0 1460 1461 1462 1463 1460 1461 1462 1463 1460 1461 1462 1463 1460 1461 1462 1463 1460 1461 1462 1463 1460 1461 1462 1463 1460 1461 1462 1463 1460
0 1464 1465 1418 1419 1420 1421 1466 1467 1464 1465 1454 1467 1464 1465 1466 1467 1464 1465 1454 1436 1437 1438 1466 1467 1464 1465 1466 1467 1464
0 1452 1453 1422 1423 1424 1425 1454 1455 1452 1453 1454 1455 1452 1453 1454 1455 1452 1453 1439 1440 1441 1442 1454 1455 1418 1419 1420 1421 1452
0 1456 1457 1426 1427 1428 1429 1458 1435 1436 1437 1454 1459 1456 1457 1458 1459 1456 1457 1454 1444 1445 1446 1458 1459 1422 1423 1424 1425 1456
0 1460 1461 1430 1431 1432 1433 1462 1439 1440 1441 1442 1463 1460 1461 1462 1463 1460 1461 1447 1448 1449 1450 1462 1463 1426 1427 1428 1429 1460
0 1464 1465 1466 1467 1464 1465 1466 1443 1444 1445 1454 1467 1418 1419 1420 1421 1464 1465 1454 1467 1464 1465 1466 1467 1430 1431 1432 1433 1464
0 1452 1453 1454 1455 1452 1453 1454 1447 1448 1449 1450 1455 1422 1423 1424 1425 1452 1453 1454 1455 1452 1453 1454 1455 1452 1453 1454 1455 1452
0 1456 1457 1458 1435 1436 1437 1438 1459 1456 1457 1454 1459 1426 1427 1428 1429 1456 1457 1454 1459 1456 1457 1458 1459 1456 1457 1458 1459 1456
0 1460 1461 1462 1439 1440 1441 1442 1463 1460 1461 1462 1463 1430 1431 1432 1433 1460 1461 1462 1463 1460 1435 1436 1437 1438 1461 1462 1463 1460
0 1464 1465 1466 1443 1444 1445 1446 1467 1464 1465 1454 1467 1464 1465 1466 1467 1464 1465 1454 1467 1464 1439 1440 1441 1442 1465 1466 1467 1464
0 1452 1453 1454 1447 1448 1449 1450 1455 1452 1453 1454 1455 1452 1453 1454 1455 1452 1453 1454 1455 1452 1443 1444 1445 1446 1453 1454 1455 1452
0 1456 1457 1458 1459 1456 1457 1458 1459 1456 1457 1458 1459 1456 1457 1458 1459 1456 1457 1458 1459 1456 1447 1448 1449 1450 1457 1458 1435 1436
0 1460 1435 1436 1437 1438 1461 1462 1463 1460 1435 1436 1437 1438 1461 1462 1463 1460 1461 1462 1463 1460 1461 1462 1463 1460 1461 1462 1439 1440
0 1464 1439 1440 1441 1442 1465 1466 1467 1464 1439 1440 1441 1442 1465 1466 1467 1464 1465 1466 1467 1464 1465 1466 1467 1464 1465 1466 1443 1444
0 1452 1443 1444 1445 1446 1453 1454 1455 1452 1443 1444 1445 1446 1453 1454 1455 1452 1453 1454 1455 1452 1453 1454 1455 1452 1453 1454 1447 1448
tile 1418 0 0
tile 1419 56 0
tile 1420 112 0
tile 1421 168 0
tile 1422 224 0
tile 1423 280 0
tile 1424 336 0
tile 1425 392 0
tile 1426 448 0
tile 1427 504 0
tile 1428 0 27
tile 1429 56 27
tile 1430 112 27
tile 1431 168 27
tile 1432 224 27
tile 1433 280 27
tile 1435 336 27
tile 1436 392 27
tile 1437 448 27
tile 1438 504 27
tile 1439 0 54
tile 1440 56 54
tile 1441 112 54
tile 1442 168 54
tile 1443 224 54
tile 1444 280 54
tile 1445 336 54
tile 1446 392 54
tile 1447 448 54
tile 1448 504 54
tile 1449 0 81
tile 1450 56 81
tile 1452 112 81
tile 1453 168 81
tile 1454 224 81
tile 1455 280 81
tile 1456 336 81
tile 1457 392 81
tile 1458 448 81
tile 1459 504 81
tile 1460 0 108
tile 1461 56 108
tile 1462 112 108
tile 1463 168 108
tile 1464 224 108
tile 1465 280 108
tile 1466 336 108
tile 1467 392 108
tile 1632 448 108
tile 1784 504 108
tile 1785 0 135
tile 1786 56 135
tile 1787 112 135
tile 1788 168 135
tile 1789 224 135
tile 1790 280 135
tile 1791 336 135
tile 1792 392 135
tile 1793 448 135
tile 1794 504 135
tile 1795 0 162
tile 1796 56 162
tile 1797 112 162
tile 1798 168 162
tile 1799 224 162
tile 1800 280 162
tile 1801 336 162
tile 1802 392 162
tile 1803 448 162
tile 1804 504 162
tile 1805 0 189
tile 1806 56 189
tile 1807 112 189
tile 1808 168 189
tile 1809 224 189
tile 1810 280 189
tile 1811 336 189
tile 1812 392 189
tile 1813 448 189
tile 1814 504 189
tile 1815 0 216
tile 1816 56 216
tile 1817 112 216
tile 1819 168 216
picture 4625 56 0 237 0
picture 4626 0 0 251 0
picture 4627 0 251 251 0
picture 4628 56 237 237 0
picture 4629 56 474 237 0
picture 4630 0 502 251 0
picture 4631 0 753 251 0
picture 4632 56 711 237 0
picture 4633 84 0 237 0
picture 4634 28 0 251 0
picture 4635 28 251 251 0
picture 4636 84 237 237 0
picture 4637 84 474 237 0
picture 4638 28 502 251 0
picture 4639 28 753 251 0
picture 4640 84 711 237 0
picture 4669 112 0 234 0
picture 4670 112 234 234 0
picture 4679 112 468 161 0
picture 4680 112 790 159 0
picture 4681 140 0 159 0
picture 4682 112 629 161 0
picture 4683 196 823 62 0
picture 4684 168 231 112 0
picture 4685 140 589 125 0
picture 4686 140 458 131 0
picture 4687 140 835 118 0
picture 4688 196 274 88 0
picture 4689 196 362 85 0
picture 4690 168 451 107 0
picture 4691 140 310 148 0
picture 4692 140 159 151 0
picture 4693 140 714 121 0
picture 4694 196 611 79 0
picture 4695 196 885 37 0
picture 4696 196 760 63 0
picture 4697 196 93 92 0
picture 4698 168 665 105 0
picture 4699 196 0 93 0
picture 4700 196 922 36 0
picture 4701 196 185 89 0
picture 4702 168 0 117 0
picture 4703 168 117 114 0
picture 4704 196 447 84 0
picture 4705 196 531 80 0
picture 4706 168 770 102 0
picture 4707 168 872 96 0
picture 4708 196 690 70 0
picture 4819 168 343 108 0
picture 4820 168 558 107 0
object 0 0 right 4632
object 1 0 left 4633
object 2 0 left 4634
object 3 0 left 4635
object 3 0 right 4636
object 4 0 left 4637
object 5 0 left 4638
object 6 0 left 4639
object 6 0 right 4640
object 7 0 left 4633
object 8 0 left 4634
object 9 0 left 4635
object 9 0 right 4636
object 10 0 left 4637
object 11 0 left 4638
object 12 0 left 4639
object 12 0 right 4640
object 13 0 left 4633
object 14 0 left 4634
object 15 0 left 4635
object 15 0 right 4636
object 16 0 left 4637
object 17 0 left 4638
object 18 0 left 4639
object 18 0 right 4640
object 19 0 left 4633
object 20 0 left 4634
object 21 0 left 4635
object 21 0 right 4636
object 22 0 left 4637
object 23 0 left 4638
object 24 0 left 4639
object 24 0 right 4640
object 25 0 left 4633
object 26 0 left 4634
object 27 0 left 4635
object 27 0 right 4636
object 28 0 left 4637
object 29 0 left 4638
object 29 0 right 4640
object 0 1 right 4631
object 1 1 left 4669
object 1 1 right 4670
object 2 1 left 4681
object 2 1 right 4682
object 3 1 left 4669
object 3 1 right 4670
object 4 1 left 4681
object 4 1 right 4682
object 5 1 left 4669
object 5 1 right 4670
object 6 1 left 4681
object 6 1 right 4682
object 7 1 left 4669
object 7 1 right 4670
object 8 1 left 4681
object 8 1 right 4682
object 9 1 left 4669
object 9 1 right 4670
object 10 1 left 4681
object 10 1 right 4682
object 11 1 left 4669
object 11 1 right 4670
object 12 1 left 4681
object 12 1 right 4682
object 13 1 left 4669
object 13 1 right 4670
object 14 1 left 4681
object 14 1 right 4682
object 15 1 left 4669
object 15 1 right 4670
object 16 1 left 4681
object 16 1 right 4682
object 17 1 left 4669
object 17 1 right 4670
object 18 1 left 4681
object 18 1 right 4682
object 19 1 left 4669
object 19 1 right 4670
object 20 1 left 4681
object 20 1 right 4682
object 21 1 left 4669
object 21 1 right 4670
object 22 1 left 4681
object 22 1 right 4682
object 23 1 left 4669
object 23 1 right 4670
object 24 1 left 4681
object 24 1 right 4682
object 25 1 left 4669
object 25 1 right 4670
object 26 1 left 4681
object 26 1 right 4682
object 27 1 left 4669
object 27 1 right 4670
object 28 1 left 4681
object 28 1 right 4682
object 29 1 left 4669
object 29 1 right 4670
object 0 2 left 4629
object 0 2 right 4630
object 1 2 left 4679
object 1 2 right 4680
object 0 3 right 4628
object 1 3 left 4669
object 1 3 right 4670
object 5 3 right 4688
object 0 4 right 4627
object 1 4 left 4679
object 1 4 right 4680
object 5 4 right 4687
object 0 5 left 4625
object 0 5 right 4626
object 1 5 left 4669
object 1 5 right 4670
object 3 5 left 4683
object 4 5 left 4684
object 5 5 left 4685
object 5 5 right 4686
object 0 6 right 4632
object 1 6 left 4679
object 1 6 right 4680
object 4 6 right 4704
object 0 7 right 4631
object 1 7 left 4669
object 1 7 right 4670
object 3 7 left 4701
object 4 7 left 4702
object 4 7 right 4703
object 0 8 left 4629
object 0 8 right 4630
object 1 8 left 4679
object 1 8 right 4680
object 4 8 right 4700
object 11 8 left 4819
object 11 8 right 4820
object 19 8 left 4819
object 19 8 right 4820
object 0 9 right 4628
object 1 9 left 4669
object 1 9 right 4670
object 4 9 right 4699
object 0 10 right 4627
object 1 10 left 4679
object 1 10 right 4680
object 2 10 left 4695
object 3 10 left 4696
object 4 10 left 4697
object 4 10 right 4698
object 0 11 left 4625
object 0 11 right 4626
object 1 11 left 4669
object 1 11 right 4670
object 0 12 right 4632
object 1 12 left 4679
object 1 12 right 4680
object 11 12 left 4819
object 11 12 right 4820
object 19 12 left 4819
object 19 12 right 4820
object 0 13 right 4631
object 1 13 left 4669
object 1 13 right 4670
object 0 14 left 4629
object 0 14 right 4630
object 1 14 left 4679
object 1 14 right 4680
object 0 15 right 4628
object 1 15 left 4669
object 1 15 right 4670
object 0 16 right 4627
object 1 16 left 4679
object 1 16 right 4680
object 11 16 left 4819
object 11 16 right 4820
object 19 16 left 4819
object 19 16 right 4820
object 0 17 left 4625
object 0 17 right 4626
object 1 17 left 4669
object 1 17 right 4670
object 5 17 right 4694
object 0 18 right 4632
object 1 18 left 4679
object 1 18 right 4680
object 5 18 right 4693
object 0 19 right 4631
object 1 19 left 4669
object 1 19 right 4670
object 3 19 left 4689
object 4 19 left 4690
object 5 19 left 4691
object 5 19 right 4692
object 29 19 right 4700
object 0 20 left 4629
object 0 20 right 4630
object 1 20 left 4679
object 1 20 right 4680
object 7 20 right 4704
object 11 20 left 4819
object 11 20 right 4820
object 19 20 left 4819
object 19 20 right 4820
object 29 20 right 4699
object 0 21 right 4628
object 1 21 left 4669
object 1 21 right 4670
object 5 21 right 4688
object 6 21 left 4701
object 7 21 left 4702
object 7 21 right 4703
object 27 21 left 4695
object 28 21 left 4696
object 29 21 left 4697
object 29 21 right 4698
object 0 22 right 4627
object 1 22 left 4679
object 1 22 right 4680
object 5 22 right 4687
object 29 22 right 4704
object 0 23 left 4625
object 0 23 right 4626
object 1 23 left 4669
object 1 23 right 4670
object 3 23 left 4683
object 4 23 left 4684
object 5 23 left 4685
object 5 23 right 4686
object 28 23 left 4701
object 29 23 left 4702
object 29 23 right 4703
object 0 24 right 4632
object 1 24 left 4679
object 1 24 right 4680
object 7 24 right 4708
object 11 24 left 4819
object 11 24 right 4820
object 19 24 left 4819
object 19 24 right 4820
object 27 24 right 4694
object 0 25 right 4631
object 1 25 left 4669
object 1 25 right 4670
object 5 25 right 4694
object 6 25 left 4705
object 7 25 left 4706
object 7 25 right 4707
object 27 25 right 4693
object 0 26 left 4629
object 0 26 right 4630
object 1 26 left 4679
object 1 26 right 4680
object 5 26 right 4693
object 24 26 right 4688
object 25 26 left 4689
object 26 26 left 4690
object 27 26 left 4691
object 27 26 right 4692
object 29 26 right 4688
object 0 27 right 4628
object 1 27 left 4669
object 1 27 right 4670
object 3 27 left 4689
object 4 27 left 4690
object 5 27 left 4691
object 5 27 right 4692
object 24 27 right 4687
object 29 27 right 4687
object 0 28 right 4627
object 1 28 left 4679
object 1 28 right 4680
object 22 28 left 4683
object 23 28 left 4684
object 24 28 left 4685
object 24 28 right 4686
object 26 28 right 4708
object 27 28 left 4683
object 28 28 left 4684
object 29 28 left 4685
object 29 28 right 4686
object 0 29 left 4625
object 0 29 right 4626
object 1 29 left 4669
object 1 29 right 4670
object 25 29 left 4705
object 26 29 left 4706
object 26 29 right 4707
