# lod20375 — tools/dat-extract layout 이 만든다. 손으로 고치지 말 것.
size 20 20
blocked
####################
###########.........
#####.....#.........
##.....#..#.........
##...######.........
##...#..............
##.#.##.............
##...#..............
#.#..##.............
####.#..............
####.##.............
######..............
##..................
##..................
##..................
#...................
##..................
##..................
##..................
#...................
floor
9160 9165 9170 9165 9170 9205 9210 9215 9160 9165 9170 9175 9200 9205 9210 9215 9160 9165 9170 9160
9159 9164 9169 9174 9199 9204 9209 9214 9159 9164 9169 9174 9199 9204 9209 9214 9159 9164 9169 9159
9158 9163 9168 9173 9198 9203 9208 9213 9158 9163 9168 9173 9198 9203 9208 9213 9158 9163 9168 9158
9200 9162 9167 9172 9197 9202 9207 9212 9157 9162 9167 9172 9197 9202 9207 9212 9157 9162 9167 9157
9199 9161 9166 9171 9196 9201 9206 9211 9156 9161 9166 9171 9196 9201 9206 9211 9156 9161 9166 9156
9200 9205 9210 9215 9160 9165 9170 9175 9200 9205 9210 9215 9160 9165 9170 9175 9200 9205 9210 9200
9199 9204 9204 9214 9159 9164 9169 9174 9199 9204 9209 9214 9159 9164 9169 9174 9199 9204 9209 9199
9198 9203 9203 9213 9158 9163 9168 9173 9198 9203 9208 9213 9158 9163 9168 9173 9198 9203 9208 9198
9197 9202 9202 9212 9157 9162 9167 9172 9197 9202 9207 9212 9157 9162 9167 9172 9197 9162 9167 9197
9196 9201 9201 9211 9156 9161 9166 9171 9196 9201 9206 9211 9156 9161 9166 9171 9160 9161 9166 9196
9160 9165 9170 9175 9200 9205 9210 9215 9180 9185 9190 9195 9200 9205 9210 9215 9159 9205 9210 9160
9200 9164 9169 9174 9199 9204 9209 9214 9179 9184 9189 9194 9199 9204 9209 9214 9158 9204 9209 9159
9199 9163 9168 9173 9198 9203 9208 9213 9178 9183 9188 9193 9198 9203 9208 9213 9157 9162 9167 9158
9200 9162 9167 9172 9197 9202 9207 9212 9177 9182 9187 9192 9197 9202 9207 9212 9156 9161 9166 9157
9199 9161 9166 9171 9196 9201 9206 9211 9176 9181 9186 9191 9196 9201 9206 9211 9200 9205 9210 9156
9198 9205 9210 9215 9160 9165 9170 9175 9200 9205 9210 9215 9180 9185 9190 9195 9199 9204 9209 9200
9197 9204 9209 9214 9159 9164 9169 9174 9199 9204 9209 9214 9179 9219 9222 9194 9198 9203 9208 9199
9198 9203 9208 9213 9158 9204 9209 9214 9179 9203 9208 9213 9178 9218 9221 9224 9197 9202 9207 9198
9197 9202 9207 9212 9157 9203 9208 9213 7941 7936 7936 7938 9177 9217 9220 9223 9160 9165 9170 9197
9160 9165 9170 9175 9200 9205 9210 9215 7932 7925 7925 7929 9200 9205 9210 9215 9160 9165 9170 9160
tile 7925 0 0
tile 7929 56 0
tile 7932 112 0
tile 7936 168 0
tile 7938 224 0
tile 7941 280 0
tile 9156 336 0
tile 9157 392 0
tile 9158 448 0
tile 9159 0 27
tile 9160 56 27
tile 9161 112 27
tile 9162 168 27
tile 9163 224 27
tile 9164 280 27
tile 9165 336 27
tile 9166 392 27
tile 9167 448 27
tile 9168 0 54
tile 9169 56 54
tile 9170 112 54
tile 9171 168 54
tile 9172 224 54
tile 9173 280 54
tile 9174 336 54
tile 9175 392 54
tile 9176 448 54
tile 9177 0 81
tile 9178 56 81
tile 9179 112 81
tile 9180 168 81
tile 9181 224 81
tile 9182 280 81
tile 9183 336 81
tile 9184 392 81
tile 9185 448 81
tile 9186 0 108
tile 9187 56 108
tile 9188 112 108
tile 9189 168 108
tile 9190 224 108
tile 9191 280 108
tile 9192 336 108
tile 9193 392 108
tile 9194 448 108
tile 9195 0 135
tile 9196 56 135
tile 9197 112 135
tile 9198 168 135
tile 9199 224 135
tile 9200 280 135
tile 9201 336 135
tile 9202 392 135
tile 9203 448 135
tile 9204 0 162
tile 9205 56 162
tile 9206 112 162
tile 9207 168 162
tile 9208 224 162
tile 9209 280 162
tile 9210 336 162
tile 9211 392 162
tile 9212 448 162
tile 9213 0 189
tile 9214 56 189
tile 9215 112 189
tile 9217 168 189
tile 9218 224 189
tile 9219 280 189
tile 9220 336 189
tile 9221 392 189
tile 9222 448 189
tile 9223 0 216
tile 9224 56 216
picture 10270 140 182 37 0
picture 10271 112 930 48 0
picture 10308 56 0 92 0
picture 10309 56 92 92 0
picture 10310 84 78 75 0
picture 10311 56 184 92 0
picture 10312 112 130 55 0
picture 10313 84 444 70 0
picture 10314 84 514 70 0
picture 10315 56 874 78 0
picture 10316 84 0 78 0
picture 10317 56 545 84 0
picture 10318 56 460 85 0
picture 10319 56 276 92 0
picture 10320 28 826 93 0
picture 10329 28 919 93 0
picture 10330 56 368 92 0
picture 10340 112 726 53 0
picture 10341 112 240 54 0
picture 10342 112 294 54 0
picture 10343 112 348 54 0
picture 10344 112 402 54 0
picture 10345 112 779 53 0
picture 10348 112 456 54 0
picture 10349 112 510 54 0
picture 10350 112 564 54 0
picture 10351 112 618 54 0
picture 10352 112 672 54 0
picture 10353 112 185 55 0
picture 10356 140 96 43 0
picture 10357 140 219 35 0
picture 10358 140 254 35 0
picture 10359 140 139 43 0
picture 10360 84 927 65 0
picture 10361 140 0 48 0
picture 10362 84 584 70 0
picture 10363 112 832 49 0
picture 10364 112 881 49 0
picture 10365 84 654 70 0
picture 10366 140 48 48 0
picture 10367 112 0 65 0
picture 10394 112 65 65 0
picture 10395 84 373 71 0
picture 10400 84 227 73 0
picture 10401 56 712 81 0
picture 10402 84 793 67 0
picture 10403 84 153 74 0
picture 10404 56 629 83 0
picture 10405 84 724 69 0
picture 10409 84 860 67 0
picture 10410 56 793 81 0
picture 10411 84 300 73 0
picture 12642 0 792 118 0
picture 12643 0 0 132 0
picture 12644 28 0 118 0
picture 12645 28 118 118 0
picture 12646 0 132 132 0
picture 12647 28 236 118 0
picture 12648 28 354 118 0
picture 12649 0 264 132 0
picture 12650 28 472 118 0
picture 12651 28 590 118 0
picture 12652 0 396 132 0
picture 12653 28 708 118 0
picture 12654 0 528 132 0
picture 12655 0 660 132 0
object 1 0 left 12655
object 1 0 right 12653
object 2 0 left 12652
object 2 0 right 12653
object 3 0 left 12651
object 4 0 left 12652
object 4 0 right 12653
object 5 0 left 12651
object 6 0 left 12652
object 6 0 right 12653
object 7 0 left 12648
object 7 0 right 10330
object 8 0 left 12649
object 8 0 right 12650
object 9 0 left 12651
object 10 0 left 12652
object 10 0 right 12653
object 11 0 left 12648
object 12 0 left 12649
object 12 0 right 12650
object 13 0 left 12651
object 14 0 left 12652
object 14 0 right 12653
object 15 0 left 12648
object 16 0 left 12649
object 16 0 right 12650
object 17 0 left 12648
object 18 0 left 12652
object 18 0 right 12653
object 19 0 left 12649
object 19 0 right 12650
object 0 1 left 12645
object 0 1 right 12654
object 1 1 left 10362
object 1 1 right 10363
object 2 1 left 10366
object 2 1 right 10367
object 3 1 left 10403
object 4 1 left 10404
object 4 1 right 10405
object 5 1 left 10329
object 5 1 right 10330
object 6 1 left 10364
object 6 1 right 10365
object 7 1 left 10364
object 7 1 right 10365
object 8 1 left 10366
object 8 1 right 10367
object 9 1 left 10366
object 9 1 right 10367
object 10 1 left 10348
object 10 1 right 10349
object 0 2 left 12645
object 0 2 right 12646
object 1 2 left 10360
object 1 2 right 10361
object 2 2 left 10313
object 2 2 right 10314
object 3 2 left 10400
object 4 2 left 10401
object 4 2 right 10402
object 10 2 left 10350
object 10 2 right 10351
object 0 3 right 12647
object 1 3 left 10315
object 1 3 right 10316
object 7 3 left 10356
object 7 3 right 10357
object 10 3 left 10352
object 10 3 right 10353
object 0 4 left 12645
object 0 4 right 12646
object 1 4 left 10319
object 1 4 right 10320
object 5 4 left 10348
object 5 4 right 10349
object 6 4 left 10340
object 6 4 right 10341
object 7 4 left 10344
object 7 4 right 10345
object 8 4 left 10340
object 8 4 right 10341
object 9 4 left 10344
object 9 4 right 10345
object 10 4 left 10344
object 10 4 right 10345
object 0 5 right 12644
object 1 5 left 10317
object 1 5 right 10318
object 5 5 left 10350
object 5 5 right 10351
object 0 6 left 12642
object 0 6 right 12643
object 1 6 left 10394
object 1 6 right 10395
object 3 6 left 10358
object 3 6 right 10359
object 5 6 left 10352
object 5 6 right 10353
object 6 6 left 10270
object 6 6 right 10271
object 0 7 right 12647
object 1 7 left 10311
object 1 7 right 10312
object 5 7 left 10350
object 5 7 right 10351
object 0 8 left 12645
object 0 8 right 12646
object 2 8 right 10411
object 5 8 left 10352
object 5 8 right 10353
object 6 8 left 10270
object 6 8 right 10271
object 0 9 right 12644
object 1 9 left 10308
object 1 9 right 10309
object 2 9 left 10409
object 2 9 right 10410
object 3 9 left 10394
object 3 9 right 10395
object 5 9 left 10350
object 5 9 right 10351
object 0 10 left 12642
object 0 10 right 12643
object 1 10 left 10310
object 2 10 left 10403
object 3 10 left 10404
object 3 10 right 10405
object 5 10 left 10352
object 5 10 right 10353
object 6 10 left 10270
object 6 10 right 10271
object 0 11 right 12647
object 1 11 left 10342
object 1 11 right 10343
object 2 11 left 10340
object 2 11 right 10341
object 3 11 left 10340
object 3 11 right 10341
object 4 11 left 10344
object 4 11 right 10345
object 5 11 left 10344
object 5 11 right 10345
object 0 12 left 12645
object 0 12 right 12646
object 1 12 left 10362
object 1 12 right 10363
object 0 13 right 12644
object 1 13 left 10360
object 1 13 right 10361
object 0 14 left 12642
object 0 14 right 12643
object 1 14 left 10360
object 1 14 right 10361
object 0 15 right 12647
object 0 16 left 12645
object 0 16 right 12646
object 1 16 left 10311
object 1 16 right 10312
object 0 17 right 12647
object 1 17 left 10310
object 0 18 left 12645
object 0 18 right 12646
object 1 18 left 10308
object 1 18 right 10309
object 0 19 left 12642
object 0 19 right 12644
