# lod20018 — tools/dat-extract layout 이 만든다. 손으로 고치지 말 것.
size 50 50
blocked
#####################################....#########
#.................................................
#.................................................
#.................................................
#.................................................
#.................................................
#.................................................
#............................................#....
#..............#.............................#....
#..........#######...........................#....
#..........#######...........................#....
#..........######.................................
#..........#####..................................
#..........######.................................
#..........#####..................................
#.................................................
#..........................###....................
#.................................................
#.................................................
#.................................................
#......................................######.....
#......................................######.....
#......................................########...
#......................................########...
#......................................#######....
#......................................######.....
#.............................##.......##..##.....
#.............................#...................
#.................................................
#.................................................
#.................................................
#.................................................
#.................................................
#.................................................
..................................................
.................########.........................
.................########.........................
#................########.........................
#................########.........................
#................#########........................
#................########.........................
#................#######................##........
#................#####..#..............###........
#................##..#.................##.........
#.................................................
#.................................................
#.................................................
#.................................................
#.................................................
#.................................................
floor
0 0 0 0 0 0 0 0 0 0 0 0 0 0 0 0 0 0 0 0 0 0 0 0 0 0 0 0 0 0 0 0 0 0 0 0 0 0 0 0 0 0 0 0 0 0 0 0 0 0
0 14469 14479 14489 14493 14496 14499 14502 14505 14508 14511 14514 14517 14520 14523 14526 14530 14533 14536 14539 14542 14545 14548 14551 14554 14469 14469 14479 14489 14493 14496 14499 14502 14505 14508 14511 14514 14517 14520 14523 14526 14530 14533 14536 14539 14542 14545 14548 14551 14554
0 14468 14478 14488 14492 14495 14498 14501 14504 14507 14510 14513 14516 14519 14522 14525 14529 14532 14535 14538 14541 14544 14547 14550 14492 14495 14468 14478 14488 14492 14495 14498 14501 14504 14507 14510 14513 14516 14519 14522 14525 14529 14532 14535 14538 14541 14544 14547 14550 14492
0 14467 14477 14487 14491 14494 14497 14500 14503 14506 14509 14512 14515 14518 14521 14524 14528 14531 14534 14537 14540 14543 14546 14549 14491 14494 14467 14477 14487 14491 14494 14497 14500 14503 14506 14509 14512 14515 14518 14521 14524 14528 14531 14534 14537 14540 14543 14546 14549 14491
0 14466 14476 14486 14412 14400 14404 14408 14412 14400 14404 14408 14412 14400 14404 14408 14412 14400 14404 14408 14412 14400 14404 14408 14412 14400 14404 14408 14412 14400 14404 14408 14412 14400 14404 14408 14412 14400 14404 14408 14412 14400 14404 14408 14412 14400 14404 14408 14412 14400
0 14465 14475 14485 14415 14403 14407 14411 14415 14403 14407 14411 14415 14403 14407 14411 14415 14403 14407 14411 14415 14403 14407 14411 14415 14403 14407 14411 14415 14403 14407 14411 14415 14403 14760 14764 14768 14772 14792 14796 14800 14804 14407 14411 14415 14403 14407 14411 14415 14403
0 14464 14474 14484 14414 14402 14406 14410 14414 14402 14406 14410 14414 14402 14406 14410 14414 14402 14406 14410 14414 14402 14406 14410 14414 14402 14406 14410 14414 14402 14406 14410 14414 14402 14759 14763 14767 14771 14791 14795 14799 14803 14406 14410 14414 14402 14406 14410 14414 14402
0 14463 14473 14483 14413 14401 14405 14409 14413 14401 14405 14409 14413 14401 678 678 14413 14401 14405 14409 14413 14401 14405 14409 14413 14401 14405 14409 14413 14401 14405 14409 14413 14401 14758 14762 14766 14770 14790 14794 14798 14802 14405 14409 14413 14401 14405 14409 14413 14401
0 14462 14472 14482 14412 14400 14404 14408 14412 14400 14404 14408 14412 14400 14404 678 14412 14400 14404 14408 14412 14400 14404 14408 14412 14400 14404 14408 14412 14400 14404 14408 14412 14400 14757 14761 14765 14769 14789 14793 14797 14801 14404 14408 14412 14400 14404 14408 14412 14400
0 14461 14471 14481 14415 14403 14407 14411 14415 14403 14407 14411 14415 14403 14407 678 14415 14403 14407 14411 14415 14403 14407 14411 14415 14403 14407 14411 14415 14403 14407 14411 14415 14403 14920 14924 14928 14932 14968 14972 14976 14980 14407 14411 14415 14403 14407 14411 14415 14403
0 14460 14470 14480 14414 14402 14406 14410 14414 14402 14406 14410 14414 14402 14406 678 14414 14402 14406 14410 14414 14402 14406 14410 14414 14402 14406 14410 14414 14402 14406 14410 14414 14402 14919 14923 14927 14931 14967 14971 14975 14979 14406 14410 14414 14402 14406 14410 14414 14402
0 14430 14444 14458 14413 14401 14405 14409 14413 14401 14405 14409 14413 14401 14405 678 14413 14401 14405 14409 14413 14401 14405 14409 14413 14401 14405 14409 14413 14401 14405 14409 14413 14401 14918 14922 14926 14930 14966 14970 14974 14978 14405 14409 14413 14401 14405 14409 14413 14401
0 14429 14443 14457 14412 14400 14404 14408 14412 14400 14404 14408 14412 14400 14404 678 14412 14400 14404 14408 14412 14400 14404 14408 14412 14400 14404 14408 14412 14400 14404 14408 14412 14400 14917 14921 14925 14929 14965 14969 14973 14977 14404 14408 14412 14400 14404 14408 14412 14400
0 14428 14442 14456 14415 14403 14407 14411 14415 14403 14407 14411 14415 14403 14407 678 14415 14403 14407 14411 14415 14403 14407 14411 14415 14403 14407 14411 14415 14403 14407 14411 14415 14403 14936 14940 14944 14948 14984 14988 14992 14996 14407 14411 14415 14403 14407 14411 14415 14403
0 14427 14441 14455 14414 14402 14406 14410 14414 14402 14406 678 678 678 678 678 14414 14402 14406 14410 14414 14402 14406 14410 14414 14402 14406 14410 14414 14402 14406 14410 14414 14402 14935 14939 14943 14947 14983 14987 14991 14995 14406 14410 14414 14402 14406 14410 14414 14402
0 14426 14440 14454 14413 14401 14405 14409 14413 14401 14405 14409 14413 14401 14405 14409 14413 14401 14405 14409 14413 14401 14405 14409 14413 14401 14405 14409 14413 14401 14405 14409 14413 14401 14934 14938 14942 14946 14982 14986 14990 14994 14405 14409 14413 14401 14405 14409 14413 14401
0 14425 14439 14453 14412 14400 14404 14408 14412 14400 14404 14408 14412 14400 14404 14408 14412 14400 14404 14408 14412 14400 14404 14408 14412 14400 14404 14408 14412 14400 14404 14408 14412 14400 14933 14937 14941 14945 14981 14985 14989 14993 14404 14408 14412 14400 14404 14408 14412 14400
0 14424 14438 14452 14415 14403 14407 14411 14415 14403 14407 14411 14415 14403 14760 14764 14768 14772 14792 14796 14800 14804 14760 14764 14768 14772 15016 15020 15024 15028 15048 15052 15056 15060 14728 14732 14736 14740 14968 14972 14976 14980 14407 14411 14415 14403 14407 14411 14415 14403
0 14423 14437 14451 14414 14402 14406 14410 14414 14402 14406 14410 14414 14402 14759 14763 14767 14771 14791 14795 14799 14803 14759 14763 14767 14771 15015 15019 15023 15027 15047 15051 15055 15059 14727 14731 14735 14739 14967 14971 14975 14979 14406 14410 14414 14402 14406 14410 14414 14402
0 14422 14436 14450 14413 14401 14405 14409 14413 14401 14405 14409 14413 14401 14758 14762 14766 14770 14790 14794 14798 14802 14758 14762 14766 14770 15014 15018 15022 15026 15046 15050 15054 15058 14726 14730 14734 14738 14966 14970 14974 14978 14405 14409 14413 14401 14405 14409 14413 14401
0 14421 14435 14449 14412 14400 14404 14408 14412 14400 14404 14408 14412 14400 14757 14761 14765 14769 14789 14793 14797 14801 14757 14761 14765 14769 15013 15017 15021 15025 15045 15049 15053 15057 14725 14729 14733 14737 14965 14969 14973 14977 14404 678 678 14400 14404 14408 14412 14400
0 14420 14434 14448 14415 14403 14407 14411 14415 14403 14407 14411 14415 14403 14744 14748 14752 14756 14776 14780 14784 14788 14920 14924 14928 14932 14696 14700 14704 14708 14824 14828 14832 14836 14856 14860 14864 14868 14776 14780 14784 14788 14407 14411 678 14403 14407 14411 14415 14403
0 14419 14433 14447 14414 14402 14406 14410 14414 14402 14406 14410 14414 14402 14743 14747 14751 14755 14775 14779 14783 14787 14919 14923 14927 14931 14695 14699 14703 14707 14823 14827 14831 14835 14855 14859 14863 14867 14775 14779 14783 14787 14406 14410 678 14402 14406 14410 14414 14402
0 14418 14432 14446 14413 14401 14405 14409 14413 14401 14405 14409 14413 14401 14742 14746 14750 14754 14774 14778 14782 14786 14918 14922 14926 14930 14694 14698 14702 14706 14822 14826 14830 14834 14854 14858 14862 14866 14774 14778 14782 14786 14405 14409 678 14401 14405 14409 14413 14401
0 14417 14431 14445 14412 14400 14404 14408 14412 14400 14404 14408 14412 14400 14741 14745 14749 14753 14773 14777 14781 14785 14917 14921 14925 14929 14693 14697 14701 14705 14821 14825 14829 14833 14853 14857 14861 14865 14773 14777 14781 14785 14404 14408 678 14400 14404 14408 14412 14400
0 14422 14436 14450 14415 14403 14407 14411 14415 14403 14760 14764 14768 14772 14840 14844 14848 14852 14840 14844 14848 14852 14728 14732 14736 14740 14984 14988 14992 14996 14407 14411 14415 14403 14760 14764 14768 14772 14792 14796 14800 14804 14407 14411 678 14403 14407 14411 14415 14403
0 14469 14479 14486 14414 14402 14406 14410 14414 14402 14759 14763 14767 14771 14839 14843 14847 14851 14839 14843 14847 14851 14727 14731 14735 14739 14983 14987 14991 14995 14406 14410 14414 14402 14759 14763 14767 14771 14791 14795 678 678 678 678 678 14402 14406 14410 14414 14402
0 14468 14478 14488 14413 14401 14405 14409 14413 14401 14758 14762 14766 14770 14838 14842 14846 14850 14838 14842 14846 14850 14726 14730 14734 14738 14982 14986 14990 14994 14405 14409 14413 14401 14758 14762 14766 14770 14790 14794 14798 14802 14405 14409 14413 14401 14405 14409 14413 14401
0 14467 14477 14487 14412 14400 14404 14408 14412 14400 14757 14761 14765 14769 14837 14841 14845 14849 14837 14841 14845 14849 14725 14729 14733 14737 14981 14985 14989 14993 14404 14408 14412 14400 14757 14761 14765 14769 14789 14793 14797 14801 14404 14408 14412 14400 14404 14408 14412 14400
0 14466 14476 14486 14415 14403 14407 14411 14415 14403 14920 14924 14928 14932 14696 14700 14704 14708 14856 14860 14864 14868 15000 15004 15008 15012 14776 14780 14784 14788 14407 14411 14415 14403 14744 14748 14752 14756 14776 14780 14784 14788 14407 14411 14415 14403 14407 14411 14415 14403
0 14465 14475 14485 14414 14402 14406 14410 14414 14402 14919 14923 14927 14931 14695 14699 14703 14707 14855 14859 14863 14867 14999 15003 15007 15011 14775 14779 14783 14787 14406 14410 14414 14402 14743 14747 14751 14755 14775 14779 14783 14787 14406 14410 14414 14402 14406 14410 14414 14402
0 14464 14474 14484 14413 14401 14405 14409 14413 14401 14918 14922 14926 14930 14694 14698 14702 14706 14854 14858 14862 14866 14998 15002 15006 15010 14774 14778 14782 14786 14405 14409 14413 14401 14742 14746 14750 14754 14774 14778 14782 14786 14405 14409 14413 14401 14405 14409 14413 14401
0 14463 14473 14483 14412 14400 14404 14408 14412 14400 14917 14921 14925 14929 14693 14697 14701 14705 14853 14857 14861 14865 14997 15001 15005 15009 14773 14777 14781 14785 14404 14408 14412 14400 14741 14745 14749 14753 14773 14777 14781 14785 14404 14408 14412 14400 14404 14408 14412 14400
0 14462 14472 14482 14415 14403 14760 14764 14768 14772 14728 14732 14736 14740 14968 14972 14976 14980 14407 14411 14415 14403 14407 14411 14415 14403 14407 14411 14415 14403 14407 14411 14415 14403 14407 14411 14415 14403 14407 14411 14415 14403 14407 14411 14415 14403 14407 14411 14415 14403
0 14461 14471 14481 14414 14402 14759 14763 14767 14771 14727 14731 14735 14739 14967 14971 14975 14979 14406 14410 14414 14402 14406 14410 14414 14402 14406 14410 14414 14402 14406 14410 14414 14402 14406 14410 14414 14402 14406 14410 14414 14402 14406 14410 14414 14402 14406 14410 14414 14402
0 14460 14470 14480 14413 14401 14758 14762 14766 14770 14726 14730 14734 14738 14966 14970 14974 14978 14405 14409 14413 14401 14405 678 678 14401 14405 14409 14413 14401 14405 14409 14413 14401 14405 14409 14413 14401 14405 14409 14413 14401 14405 14409 14413 14401 14405 14409 14413 14401
0 14430 14444 14458 14412 14400 14757 14761 14765 14769 14725 14729 14733 14737 14965 14969 14973 14977 14404 14408 14412 14400 14404 14408 678 14400 14404 14408 14412 14400 14404 14408 14412 14400 14404 14408 14412 14400 14404 14408 14412 14400 14404 14408 14412 14400 14404 14408 14412 14400
0 14429 14443 14457 14415 14403 14744 14748 14752 14756 14824 14828 14832 14836 14776 14780 14784 14788 14407 14411 14415 14403 14407 14411 678 14403 14407 14411 14415 14403 14407 14411 14415 14403 14407 14411 14415 14403 14407 14411 14415 14403 14407 14411 14415 14403 14407 14411 14415 14403
0 14428 14442 14456 14414 14402 14743 14747 14751 14755 14823 14827 14831 14835 14775 14779 14783 14787 14406 14410 14414 14402 14406 14410 678 14402 14406 14410 14414 14402 14406 14410 14414 14402 14406 14410 14414 14402 14406 14410 14414 14402 14406 14410 14414 14402 14406 14410 14414 14402
0 14427 14441 14455 14413 14401 14742 14746 14750 14754 14822 14826 14830 14834 14774 14778 14782 14786 14405 14409 14413 678 678 678 678 14401 14405 14409 14413 14401 14405 14409 14413 14401 14405 14409 14413 14401 14405 14409 14413 14401 14405 14409 14413 14401 14405 14409 14413 14401
0 14426 14440 14454 14412 14400 14741 14745 14749 14753 14821 14825 14829 14833 14773 14777 14781 14785 14404 14408 14412 678 14404 14408 14412 14400 14404 14408 14412 14400 14404 14408 14412 14400 14404 14408 14412 14400 14404 14408 14412 14400 14404 14408 14412 14400 14404 14408 14412 14400
0 14425 14439 14453 14415 14403 14407 14411 14415 14403 14407 14411 14415 14403 14407 14411 14415 14403 14407 14411 14415 678 14407 14411 14415 14403 14407 14411 14415 14403 14407 14411 14415 14403 14407 14411 14415 14403 14407 14411 14415 14403 14407 14411 14415 14403 14407 14411 14415 14403
0 14424 14438 14452 14414 14402 14406 14410 14414 14402 14406 14410 14414 14402 14406 14410 14414 14402 14406 14410 14414 678 14406 14410 14414 14402 14406 14410 14414 14402 14406 14410 14414 14402 14406 14410 14414 14402 14406 14410 14414 14402 14406 14410 14414 14402 14406 14410 14414 14402
0 14423 14437 14451 14413 14401 14405 14409 14413 14401 14405 14409 14413 14401 14405 14409 14413 678 678 678 678 678 14405 14409 14413 14401 14405 14409 14413 14401 14405 14409 14413 14401 14405 14409 14413 14401 14405 14409 14413 14401 14405 14409 14413 14401 14405 14409 14413 14401
0 14422 14436 14450 14412 14400 14404 14408 14412 14400 14404 14408 14412 14400 14404 14408 14412 14400 14404 14408 14412 14400 14404 14408 14412 14400 14404 14408 14412 14400 14404 14408 14412 14400 14404 14408 14412 14400 14404 14408 14412 14400 14404 14408 14412 14400 14404 14408 14412 14400
0 14421 14435 14449 14415 14403 14407 14411 14415 14403 14407 14411 14415 14403 14407 14411 14415 14403 14407 14411 14415 14403 14407 14411 14415 14403 14407 14411 14415 14403 14407 14411 14415 14403 14407 14411 14415 14403 14407 14411 14415 14403 14407 14411 14415 14403 14407 14411 14415 14403
0 14420 14434 14448 14414 14402 14406 14410 14414 14402 14406 14410 14414 14402 14406 14410 14414 14402 14406 14410 14414 14402 14406 14410 14414 14402 14406 14410 14414 14402 14406 14410 14414 14402 14406 14410 14414 14402 14406 14410 14414 14402 14406 14410 14414 14402 14406 14410 14414 14402
0 14419 14433 14447 14413 14401 14405 14409 14413 14401 14405 14409 14413 14401 14405 14409 14413 14401 14405 14409 14413 14401 14405 14409 14413 14401 14405 14409 14413 14401 14405 14409 14413 14401 14405 14409 14413 14401 14405 14409 14413 14401 14405 14409 14413 14401 14405 14409 14413 14401
0 14418 14432 14446 14412 14400 14404 14408 14412 14400 14404 14408 14412 14400 14404 14408 14412 14400 14404 14408 14412 14400 14404 14408 14412 14400 14404 14408 14412 14400 14404 14408 14412 14400 14404 14408 14412 14400 14404 14408 14412 14400 14404 14408 14412 14400 14404 14408 14412 14400
0 14417 14431 14445 14415 14403 14407 14411 14415 14403 14407 14411 14415 14403 14407 14411 14415 14403 14407 14411 14415 14403 14407 14411 14415 14403 14407 14411 14415 14403 14407 14411 14415 14403 14407 14411 14415 14403 14407 14411 14415 14403 14407 14411 14415 14403 14407 14411 14415 14403
tile 678 0 0
tile 14400 56 0
tile 14401 112 0
tile 14402 168 0
tile 14403 224 0
tile 14404 280 0
tile 14405 336 0
tile 14406 392 0
tile 14407 448 0
tile 14408 504 0
tile 14409 560 0
tile 14410 616 0
tile 14411 672 0
tile 14412 728 0
tile 14413 784 0
tile 14414 840 0
tile 14415 896 0
tile 14417 952 0
tile 14418 1008 0
tile 14419 1064 0
tile 14420 1120 0
tile 14421 0 27
tile 14422 56 27
tile 14423 112 27
tile 14424 168 27
tile 14425 224 27
tile 14426 280 27
tile 14427 336 27
tile 14428 392 27
tile 14429 448 27
tile 14430 504 27
tile 14431 560 27
tile 14432 616 27
tile 14433 672 27
tile 14434 728 27
tile 14435 784 27
tile 14436 840 27
tile 14437 896 27
tile 14438 952 27
tile 14439 1008 27
tile 14440 1064 27
tile 14441 1120 27
tile 14442 0 54
tile 14443 56 54
tile 14444 112 54
tile 14445 168 54
tile 14446 224 54
tile 14447 280 54
tile 14448 336 54
tile 14449 392 54
tile 14450 448 54
tile 14451 504 54
tile 14452 560 54
tile 14453 616 54
tile 14454 672 54
tile 14455 728 54
tile 14456 784 54
tile 14457 840 54
tile 14458 896 54
tile 14460 952 54
tile 14461 1008 54
tile 14462 1064 54
tile 14463 1120 54
tile 14464 0 81
tile 14465 56 81
tile 14466 112 81
tile 14467 168 81
tile 14468 224 81
tile 14469 280 81
tile 14470 336 81
tile 14471 392 81
tile 14472 448 81
tile 14473 504 81
tile 14474 560 81
tile 14475 616 81
tile 14476 672 81
tile 14477 728 81
tile 14478 784 81
tile 14479 840 81
tile 14480 896 81
tile 14481 952 81
tile 14482 1008 81
tile 14483 1064 81
tile 14484 1120 81
tile 14485 0 108
tile 14486 56 108
tile 14487 112 108
tile 14488 168 108
tile 14489 224 108
tile 14491 280 108
tile 14492 336 108
tile 14493 392 108
tile 14494 448 108
tile 14495 504 108
tile 14496 560 108
tile 14497 616 108
tile 14498 672 108
tile 14499 728 108
tile 14500 784 108
tile 14501 840 108
tile 14502 896 108
tile 14503 952 108
tile 14504 1008 108
tile 14505 1064 108
tile 14506 1120 108
tile 14507 0 135
tile 14508 56 135
tile 14509 112 135
tile 14510 168 135
tile 14511 224 135
tile 14512 280 135
tile 14513 336 135
tile 14514 392 135
tile 14515 448 135
tile 14516 504 135
tile 14517 560 135
tile 14518 616 135
tile 14519 672 135
tile 14520 728 135
tile 14521 784 135
tile 14522 840 135
tile 14523 896 135
tile 14524 952 135
tile 14525 1008 135
tile 14526 1064 135
tile 14528 1120 135
tile 14529 0 162
tile 14530 56 162
tile 14531 112 162
tile 14532 168 162
tile 14533 224 162
tile 14534 280 162
tile 14535 336 162
tile 14536 392 162
tile 14537 448 162
tile 14538 504 162
tile 14539 560 162
tile 14540 616 162
tile 14541 672 162
tile 14542 728 162
tile 14543 784 162
tile 14544 840 162
tile 14545 896 162
tile 14546 952 162
tile 14547 1008 162
tile 14548 1064 162
tile 14549 1120 162
tile 14550 0 189
tile 14551 56 189
tile 14554 112 189
tile 14693 168 189
tile 14694 224 189
tile 14695 280 189
tile 14696 336 189
tile 14697 392 189
tile 14698 448 189
tile 14699 504 189
tile 14700 560 189
tile 14701 616 189
tile 14702 672 189
tile 14703 728 189
tile 14704 784 189
tile 14705 840 189
tile 14706 896 189
tile 14707 952 189
tile 14708 1008 189
tile 14725 1064 189
tile 14726 1120 189
tile 14727 0 216
tile 14728 56 216
tile 14729 112 216
tile 14730 168 216
tile 14731 224 216
tile 14732 280 216
tile 14733 336 216
tile 14734 392 216
tile 14735 448 216
tile 14736 504 216
tile 14737 560 216
tile 14738 616 216
tile 14739 672 216
tile 14740 728 216
tile 14741 784 216
tile 14742 840 216
tile 14743 896 216
tile 14744 952 216
tile 14745 1008 216
tile 14746 1064 216
tile 14747 1120 216
tile 14748 0 243
tile 14749 56 243
tile 14750 112 243
tile 14751 168 243
tile 14752 224 243
tile 14753 280 243
tile 14754 336 243
tile 14755 392 243
tile 14756 448 243
tile 14757 504 243
tile 14758 560 243
tile 14759 616 243
tile 14760 672 243
tile 14761 728 243
tile 14762 784 243
tile 14763 840 243
tile 14764 896 243
tile 14765 952 243
tile 14766 1008 243
tile 14767 1064 243
tile 14768 1120 243
tile 14769 0 270
tile 14770 56 270
tile 14771 112 270
tile 14772 168 270
tile 14773 224 270
tile 14774 280 270
tile 14775 336 270
tile 14776 392 270
tile 14777 448 270
tile 14778 504 270
tile 14779 560 270
tile 14780 616 270
tile 14781 672 270
tile 14782 728 270
tile 14783 784 270
tile 14784 840 270
tile 14785 896 270
tile 14786 952 270
tile 14787 1008 270
tile 14788 1064 270
tile 14789 1120 270
tile 14790 0 297
tile 14791 56 297
tile 14792 112 297
tile 14793 168 297
tile 14794 224 297
tile 14795 280 297
tile 14796 336 297
tile 14797 392 297
tile 14798 448 297
tile 14799 504 297
tile 14800 560 297
tile 14801 616 297
tile 14802 672 297
tile 14803 728 297
tile 14804 784 297
tile 14821 840 297
tile 14822 896 297
tile 14823 952 297
tile 14824 1008 297
tile 14825 1064 297
tile 14826 1120 297
tile 14827 0 324
tile 14828 56 324
tile 14829 112 324
tile 14830 168 324
tile 14831 224 324
tile 14832 280 324
tile 14833 336 324
tile 14834 392 324
tile 14835 448 324
tile 14836 504 324
tile 14837 560 324
tile 14838 616 324
tile 14839 672 324
tile 14840 728 324
tile 14841 784 324
tile 14842 840 324
tile 14843 896 324
tile 14844 952 324
tile 14845 1008 324
tile 14846 1064 324
tile 14847 1120 324
tile 14848 0 351
tile 14849 56 351
tile 14850 112 351
tile 14851 168 351
tile 14852 224 351
tile 14853 280 351
tile 14854 336 351
tile 14855 392 351
tile 14856 448 351
tile 14857 504 351
tile 14858 560 351
tile 14859 616 351
tile 14860 672 351
tile 14861 728 351
tile 14862 784 351
tile 14863 840 351
tile 14864 896 351
tile 14865 952 351
tile 14866 1008 351
tile 14867 1064 351
tile 14868 1120 351
tile 14917 0 378
tile 14918 56 378
tile 14919 112 378
tile 14920 168 378
tile 14921 224 378
tile 14922 280 378
tile 14923 336 378
tile 14924 392 378
tile 14925 448 378
tile 14926 504 378
tile 14927 560 378
tile 14928 616 378
tile 14929 672 378
tile 14930 728 378
tile 14931 784 378
tile 14932 840 378
tile 14933 896 378
tile 14934 952 378
tile 14935 1008 378
tile 14936 1064 378
tile 14937 1120 378
tile 14938 0 405
tile 14939 56 405
tile 14940 112 405
tile 14941 168 405
tile 14942 224 405
tile 14943 280 405
tile 14944 336 405
tile 14945 392 405
tile 14946 448 405
tile 14947 504 405
tile 14948 560 405
tile 14965 616 405
tile 14966 672 405
tile 14967 728 405
tile 14968 784 405
tile 14969 840 405
tile 14970 896 405
tile 14971 952 405
tile 14972 1008 405
tile 14973 1064 405
tile 14974 1120 405
tile 14975 0 432
tile 14976 56 432
tile 14977 112 432
tile 14978 168 432
tile 14979 224 432
tile 14980 280 432
tile 14981 336 432
tile 14982 392 432
tile 14983 448 432
tile 14984 504 432
tile 14985 560 432
tile 14986 616 432
tile 14987 672 432
tile 14988 728 432
tile 14989 784 432
tile 14990 840 432
tile 14991 896 432
tile 14992 952 432
tile 14993 1008 432
tile 14994 1064 432
tile 14995 1120 432
tile 14996 0 459
tile 14997 56 459
tile 14998 112 459
tile 14999 168 459
tile 15000 224 459
tile 15001 280 459
tile 15002 336 459
tile 15003 392 459
tile 15004 448 459
tile 15005 504 459
tile 15006 560 459
tile 15007 616 459
tile 15008 672 459
tile 15009 728 459
tile 15010 784 459
tile 15011 840 459
tile 15012 896 459
tile 15013 952 459
tile 15014 1008 459
tile 15015 1064 459
tile 15016 1120 459
tile 15017 0 486
tile 15018 56 486
tile 15019 112 486
tile 15020 168 486
tile 15021 224 486
tile 15022 280 486
tile 15023 336 486
tile 15024 392 486
tile 15025 448 486
tile 15026 504 486
tile 15027 560 486
tile 15028 616 486
tile 15045 672 486
tile 15046 728 486
tile 15047 784 486
tile 15048 840 486
tile 15049 896 486
tile 15050 952 486
tile 15051 1008 486
tile 15052 1064 486
tile 15053 1120 486
tile 15054 0 513
tile 15055 56 513
tile 15056 112 513
tile 15057 168 513
tile 15058 224 513
tile 15059 280 513
tile 15060 336 513
picture 745 1316 586 41 0
picture 746 1316 456 44 0
picture 747 1316 500 44 0
picture 748 1316 627 41 0
picture 755 1316 264 49 0
picture 756 1316 313 49 0
picture 2653 1064 590 178 0
picture 2654 980 0 206 0
picture 2655 868 378 233 0
picture 2656 868 611 233 0
picture 2657 980 412 205 0
picture 2658 1120 356 177 0
picture 2692 1288 800 61 0
picture 2693 1232 812 109 0
picture 2694 1204 310 144 0
picture 2695 1064 768 178 0
picture 2696 1008 0 204 0
picture 2697 896 223 211 0
picture 2698 1148 854 155 0
picture 2725 1260 0 109 0
picture 2726 1204 454 144 0
picture 2727 1092 0 178 0
picture 2728 1008 204 204 0
picture 2729 896 434 211 0
picture 2730 1176 0 155 0
picture 2739 1120 533 177 0
picture 2740 980 617 205 0
picture 2741 896 0 223 0
picture 2742 980 206 206 0
picture 2744 1092 178 178 0
picture 2745 1008 408 204 0
picture 2746 896 645 211 0
picture 2747 1176 155 155 0
picture 2766 1260 109 109 0
picture 2767 1204 598 144 0
picture 2768 1092 356 178 0
picture 2769 1008 612 204 0
picture 2770 924 0 211 0
picture 2771 1176 310 155 0
picture 2774 1176 465 155 0
picture 2775 924 211 211 0
picture 2776 1036 612 203 0
picture 2777 1148 0 176 0
picture 2778 1232 143 141 0
picture 2779 1260 218 107 0
picture 2791 1204 742 143 0
picture 2792 1092 534 178 0
picture 2793 1008 816 204 0
picture 2794 952 211 210 0
picture 2795 1176 620 155 0
picture 2803 1176 775 155 0
picture 2804 924 422 211 0
picture 2805 1036 815 203 0
picture 2806 1148 176 176 0
picture 2807 1344 66 13 0
picture 2808 1092 712 178 0
picture 2809 1036 0 204 0
picture 2810 924 633 211 0
picture 2811 1148 528 163 0
picture 2818 1120 0 178 0
picture 2819 1036 204 204 0
picture 2820 952 421 210 0
picture 2821 1148 691 163 0
picture 2834 1204 0 155 0
picture 2835 952 0 211 0
picture 2836 1064 0 203 0
picture 2837 1148 352 176 0
picture 2838 1344 33 18 0
picture 2839 1120 178 178 0
picture 2840 1036 408 204 0
picture 2841 952 631 210 0
picture 2842 1204 155 155 0
picture 2843 1344 51 15 0
picture 2844 1120 710 177 0
picture 2845 1064 203 195 0
picture 2846 1064 398 192 0
picture 2847 1232 0 143 0
picture 10253 1316 0 53 0
picture 10254 1316 53 53 0
picture 10269 1316 709 39 0
picture 10282 1316 106 53 0
picture 10283 1316 159 53 0
picture 10286 1260 599 85 0
picture 10287 1260 684 85 0
picture 10288 1288 311 74 0
picture 10289 1288 82 77 0
picture 10290 1288 159 77 0
picture 10291 1288 385 74 0
picture 10306 1260 769 85 0
picture 10307 1260 854 85 0
picture 13956 0 0 378 0
picture 13976 0 378 378 0
picture 13977 28 0 378 0
picture 13978 28 378 378 0
picture 13979 56 0 378 0
picture 13980 56 378 378 0
picture 13983 84 0 378 0
picture 13984 84 378 378 0
picture 13985 112 0 378 0
picture 13986 112 378 378 0
picture 13987 140 0 378 0
picture 13988 140 378 378 0
picture 13989 168 0 378 0
picture 14025 1232 562 135 0
picture 14026 1232 284 139 0
picture 14027 1232 423 139 0
picture 14028 1232 697 115 0
picture 14033 1316 748 38 0
picture 14034 1316 786 37 0
picture 14035 1316 962 33 0
picture 14036 1316 894 34 0
picture 14037 1316 362 47 0
picture 14038 1316 409 47 0
picture 14041 1316 928 34 0
picture 14042 1344 0 33 0
picture 14043 1316 823 36 0
picture 14044 1316 859 35 0
picture 14047 1288 861 58 0
picture 14048 1288 236 75 0
picture 14049 1260 511 88 0
picture 14050 1260 939 85 0
picture 14051 1288 672 66 0
picture 14052 1288 0 82 0
picture 14053 1260 419 92 0
picture 14054 1260 325 94 0
picture 14055 1288 459 73 0
picture 14056 1288 919 58 0
picture 14057 1288 738 62 0
picture 14058 1288 532 70 0
picture 14059 1288 602 70 0
picture 14060 1316 212 52 0
picture 14066 1316 668 41 0
picture 14067 1316 544 42 0
picture 14068 168 378 378 0
picture 14069 196 0 378 0
picture 14070 196 378 378 0
picture 14071 224 0 378 0
picture 14072 224 378 378 0
picture 14073 252 0 378 0
picture 14074 252 378 378 0
picture 14075 280 0 378 0
picture 14076 280 378 378 0
picture 14077 308 0 378 0
picture 14078 308 378 378 0
picture 14079 336 0 378 0
picture 14080 336 378 378 0
picture 14081 364 0 378 0
picture 14082 364 378 378 0
picture 14083 392 0 378 0
picture 14084 392 378 378 0
picture 14085 420 0 378 0
picture 14086 420 378 378 0
picture 14087 448 0 378 0
picture 14088 448 378 378 0
picture 14089 476 0 378 0
picture 14090 476 378 378 0
picture 14091 504 0 378 0
picture 14092 504 378 378 0
picture 14093 532 0 378 0
picture 14094 532 378 378 0
picture 14095 560 0 378 0
picture 14096 560 378 378 0
picture 14097 588 0 378 0
picture 14098 588 378 378 0
picture 14099 616 0 378 0
picture 14100 616 378 378 0
picture 14101 644 0 378 0
picture 14102 644 378 378 0
picture 14103 672 0 378 0
picture 14104 672 378 378 0
picture 14105 700 0 378 0
picture 14106 700 378 378 0
picture 14107 728 0 378 0
picture 14108 728 378 378 0
picture 14109 756 0 378 0
picture 14110 756 378 378 0
picture 14111 784 0 378 0
picture 14112 784 378 378 0
picture 14113 812 0 378 0
picture 14114 812 378 378 0
picture 14115 840 0 378 0
picture 14116 840 378 378 0
picture 14117 868 0 378 0
object 1 0 left 14093
object 2 0 left 14094
object 3 0 left 14095
object 4 0 left 14096
object 5 0 left 14097
object 6 0 left 14098
object 7 0 left 14099
object 8 0 left 14100
object 9 0 left 14101
object 10 0 left 14102
object 11 0 left 14103
object 12 0 left 14104
object 13 0 left 14105
object 14 0 left 14106
object 15 0 left 14107
object 16 0 left 14088
object 17 0 left 14089
object 18 0 left 14090
object 19 0 left 14091
object 20 0 left 14092
object 21 0 left 14083
object 22 0 left 14084
object 23 0 left 14085
object 24 0 left 14086
object 25 0 left 14087
object 26 0 left 14093
object 27 0 left 14094
object 28 0 left 14095
object 29 0 left 14096
object 30 0 left 14097
object 31 0 left 14098
object 32 0 left 14099
object 33 0 left 14100
object 34 0 left 14101
object 35 0 left 14102
object 36 0 left 13976
object 37 0 left 13977
object 38 0 left 13978
object 39 0 left 13979
object 40 0 left 13980
object 41 0 left 13956
object 42 0 left 14089
object 43 0 left 14090
object 44 0 left 14091
object 45 0 left 14092
object 46 0 left 14083
object 47 0 left 14084
object 48 0 left 14085
object 49 0 left 14086
object 0 1 right 14072
object 6 1 left 755
object 6 1 right 756
object 7 1 left 755
object 7 1 right 756
object 31 1 left 755
object 31 1 right 756
object 32 1 left 755
object 32 1 right 756
object 0 2 right 14071
object 25 2 left 755
object 25 2 right 756
object 26 2 left 755
object 26 2 right 756
object 0 3 right 14070
object 25 3 left 755
object 25 3 right 756
object 0 4 right 14069
object 0 5 right 14068
object 28 5 left 755
object 28 5 right 756
object 0 6 right 14077
object 27 6 left 755
object 27 6 right 756
object 0 7 right 14076
object 14 7 left 14066
object 14 7 right 14067
object 15 7 left 14066
object 15 7 right 14067
object 27 7 left 755
object 27 7 right 756
object 28 7 left 755
object 28 7 right 756
object 45 7 right 14056
object 0 8 right 14075
object 15 8 right 2791
object 16 8 left 14066
object 16 8 right 14067
object 45 8 right 14055
object 0 9 right 14074
object 13 9 left 2739
object 13 9 right 746
object 14 9 left 2740
object 15 9 left 2741
object 15 9 right 2742
object 16 9 left 10288
object 16 9 right 10289
object 17 9 left 10288
object 17 9 right 10289
object 45 9 right 14054
object 0 10 right 14073
object 11 10 right 746
object 13 10 left 2818
object 14 10 left 2819
object 14 10 right 746
object 15 10 left 2820
object 15 10 right 2821
object 16 10 left 10288
object 16 10 right 10289
object 17 10 left 10282
object 17 10 right 10283
object 45 10 left 14052
object 45 10 right 14053
object 0 11 right 14082
object 13 11 left 2744
object 13 11 right 748
object 14 11 left 2745
object 15 11 left 2746
object 15 11 right 2747
object 16 11 left 10269
object 17 11 left 14041
object 17 11 right 14042
object 0 12 right 14081
object 11 12 right 748
object 13 12 left 2744
object 14 12 left 2745
object 14 12 right 746
object 15 12 left 2746
object 15 12 right 2747
object 16 12 left 14033
object 16 12 right 14034
object 0 13 right 14080
object 13 13 left 2744
object 13 13 right 748
object 14 13 left 2745
object 15 13 left 2746
object 15 13 right 2747
object 16 13 left 10306
object 16 13 right 10307
object 17 13 left 14043
object 17 13 right 14044
object 18 13 left 14043
object 18 13 right 14044
object 0 14 right 14079
object 10 14 left 14066
object 10 14 right 14067
object 11 14 left 2725
object 12 14 left 2726
object 13 14 left 2727
object 14 14 left 2728
object 15 14 left 2729
object 15 14 right 2730
object 16 14 left 14041
object 16 14 right 14042
object 17 14 left 14043
object 17 14 right 14044
object 18 14 left 14041
object 18 14 right 14042
object 19 14 left 14041
object 19 14 right 14042
object 0 15 right 14078
object 1 15 left 755
object 1 15 right 756
object 11 15 left 14033
object 11 15 right 14034
object 12 15 left 14041
object 12 15 right 14042
object 17 15 left 14041
object 17 15 right 14042
object 18 15 left 14041
object 18 15 right 14042
object 29 15 right 14051
object 0 16 right 14112
object 2 16 left 14035
object 2 16 right 14036
object 10 16 left 14041
object 10 16 right 14042
object 12 16 left 14041
object 12 16 right 14042
object 27 16 left 14047
object 28 16 left 14048
object 29 16 left 14049
object 29 16 right 14050
object 0 17 right 14111
object 1 17 left 14035
object 1 17 right 14036
object 2 17 left 14041
object 2 17 right 14042
object 8 17 left 14041
object 8 17 right 14042
object 11 17 left 14041
object 11 17 right 14042
object 29 17 left 755
object 29 17 right 756
object 0 18 right 14110
object 1 18 left 14035
object 1 18 right 14036
object 3 18 left 14035
object 3 18 right 14036
object 13 18 left 14041
object 13 18 right 14042
object 0 19 right 14109
object 2 19 left 14041
object 2 19 right 14042
object 3 19 left 14035
object 3 19 right 14036
object 11 19 left 14041
object 11 19 right 14042
object 0 20 right 14108
object 41 20 left 745
object 43 20 left 745
object 49 20 left 14041
object 49 20 right 14042
object 0 21 right 14117
object 6 21 left 14041
object 6 21 right 14042
object 39 21 right 748
object 41 21 left 2843
object 41 21 right 748
object 42 21 left 2844
object 43 21 left 2845
object 44 21 left 2846
object 44 21 right 2847
object 45 21 left 14043
object 45 21 right 14044
object 46 21 left 14043
object 46 21 right 14044
object 0 22 right 14116
object 4 22 left 14041
object 4 22 right 14042
object 41 22 left 2807
object 42 22 left 2808
object 43 22 left 2809
object 43 22 right 748
object 44 22 left 2810
object 44 22 right 2811
object 45 22 left 10306
object 45 22 right 10307
object 46 22 left 10306
object 46 22 right 10307
object 47 22 left 14041
object 47 22 right 14042
object 48 22 left 14041
object 48 22 right 14042
object 0 23 right 14115
object 41 23 left 2838
object 41 23 right 746
object 42 23 left 2839
object 43 23 left 2840
object 43 23 right 748
object 44 23 left 2841
object 44 23 right 2842
object 45 23 left 10306
object 45 23 right 10307
object 46 23 left 10282
object 46 23 right 10283
object 47 23 left 14043
object 47 23 right 14044
object 0 24 right 14114
object 39 24 right 748
object 41 24 left 2838
object 42 24 left 2839
object 42 24 right 746
object 43 24 left 2840
object 43 24 right 746
object 44 24 left 2841
object 44 24 right 2842
object 45 24 left 10286
object 45 24 right 10287
object 49 24 left 14041
object 49 24 right 14042
object 0 25 right 14113
object 40 25 right 746
object 41 25 left 2838
object 42 25 left 2839
object 43 25 left 2840
object 44 25 left 2841
object 44 25 right 2842
object 45 25 left 14043
object 45 25 right 14044
object 0 26 right 14072
object 31 26 left 14059
object 31 26 right 14060
object 39 26 left 2692
object 40 26 left 2693
object 41 26 left 2694
object 42 26 left 2695
object 43 26 left 2696
object 44 26 left 2697
object 44 26 right 2698
object 45 26 left 14066
object 45 26 right 14067
object 0 27 right 14071
object 4 27 left 14041
object 4 27 right 14042
object 5 27 left 14035
object 5 27 right 14036
object 30 27 left 14057
object 30 27 right 14058
object 41 27 left 14066
object 41 27 right 14067
object 44 27 left 14066
object 44 27 right 14067
object 45 27 left 14043
object 45 27 right 14044
object 0 28 right 14070
object 48 28 left 14041
object 48 28 right 14042
object 0 29 right 14069
object 4 29 left 14041
object 4 29 right 14042
object 7 29 left 14041
object 7 29 right 14042
object 0 30 right 14068
object 46 30 left 14041
object 46 30 right 14042
object 0 31 right 14077
object 9 31 left 14041
object 9 31 right 14042
object 47 31 left 14041
object 47 31 right 14042
object 49 31 left 14041
object 49 31 right 14042
object 0 32 right 13989
object 8 32 left 14041
object 8 32 right 14042
object 11 32 left 14041
object 11 32 right 14042
object 48 32 left 14041
object 48 32 right 14042
object 0 33 right 13988
object 8 33 left 14041
object 8 33 right 14042
object 9 33 left 14035
object 9 33 right 14036
object 47 33 left 14041
object 47 33 right 14042
object 48 33 left 14041
object 48 33 right 14042
object 0 34 right 13987
object 10 34 left 14041
object 10 34 right 14042
object 0 35 right 13986
object 19 35 left 747
object 21 35 left 745
object 24 35 right 2779
object 0 36 right 13985
object 18 36 left 745
object 20 36 left 745
object 22 36 right 748
object 24 36 right 2778
object 0 37 right 13984
object 21 37 left 745
object 21 37 right 2658
object 22 37 right 2837
object 23 37 right 2806
object 24 37 right 2777
object 0 38 right 13983
object 3 38 left 14041
object 3 38 right 14042
object 19 38 right 746
object 21 38 left 745
object 21 38 right 2657
object 22 38 right 2836
object 23 38 left 745
object 23 38 right 2805
object 24 38 right 2776
object 0 39 right 14079
object 2 39 left 14041
object 2 39 right 14042
object 18 39 right 748
object 19 39 left 2653
object 20 39 left 2654
object 21 39 left 2655
object 21 39 right 2656
object 22 39 left 2834
object 22 39 right 2835
object 23 39 left 2803
object 23 39 right 2804
object 24 39 left 2774
object 24 39 right 2775
object 25 39 left 10282
object 25 39 right 10283
object 0 40 right 14078
object 2 40 left 14041
object 2 40 right 14042
object 3 40 left 14033
object 3 40 right 14034
object 19 40 left 2792
object 20 40 left 2793
object 20 40 right 746
object 21 40 left 2794
object 21 40 right 2795
object 22 40 left 10290
object 22 40 right 10291
object 23 40 left 10290
object 23 40 right 10291
object 24 40 left 10253
object 24 40 right 10254
object 0 41 right 14112
object 3 41 left 14041
object 3 41 right 14042
object 17 41 right 746
object 19 41 left 2792
object 20 41 left 2793
object 21 41 left 2794
object 21 41 right 2795
object 22 41 left 10290
object 22 41 right 10291
object 23 41 left 10290
object 23 41 right 10291
object 37 41 left 14041
object 37 41 right 14042
object 0 42 right 14111
object 1 42 left 14041
object 1 42 right 14042
object 5 42 left 14041
object 5 42 right 14042
object 19 42 left 2792
object 20 42 left 2793
object 20 42 right 748
object 21 42 left 2794
object 21 42 right 2795
object 22 42 left 14066
object 22 42 right 14067
object 23 42 left 14033
object 23 42 right 14034
object 24 42 left 10269
object 36 42 left 14043
object 36 42 right 14044
object 41 42 left 14027
object 41 42 right 14028
object 47 42 left 14041
object 47 42 right 14042
object 0 43 right 14110
object 1 43 left 14041
object 1 43 right 14042
object 2 43 left 14033
object 2 43 right 14034
object 17 43 left 2766
object 18 43 left 2767
object 19 43 left 2768
object 20 43 left 2769
object 21 43 left 2770
object 21 43 right 2771
object 22 43 left 14066
object 22 43 right 14067
object 23 43 left 14033
object 23 43 right 14034
object 37 43 left 14041
object 37 43 right 14042
object 40 43 left 14025
object 40 43 right 14026
object 42 43 left 14041
object 42 43 right 14042
object 45 43 left 14037
object 45 43 right 14038
object 0 44 right 14109
object 17 44 left 14041
object 17 44 right 14042
object 18 44 left 14066
object 18 44 right 14067
object 21 44 left 14066
object 21 44 right 14067
object 42 44 left 14041
object 42 44 right 14042
object 44 44 left 14041
object 44 44 right 14042
object 45 44 left 14043
object 45 44 right 14044
object 46 44 left 14037
object 46 44 right 14038
object 47 44 left 14041
object 47 44 right 14042
object 0 45 right 14108
object 5 45 left 14041
object 5 45 right 14042
object 42 45 left 14037
object 42 45 right 14038
object 0 46 right 14117
object 4 46 left 14041
object 4 46 right 14042
object 5 46 left 14033
object 5 46 right 14034
object 0 47 right 14116
object 1 47 left 755
object 1 47 right 756
object 6 47 left 14041
object 6 47 right 14042
object 43 47 left 14041
object 43 47 right 14042
object 46 47 left 14041
object 46 47 right 14042
object 0 48 right 14115
object 11 48 left 14041
object 11 48 right 14042
object 0 49 right 14114
object 14 49 left 14041
object 14 49 right 14042
