# lod20393 — tools/dat-extract layout 이 만든다. 손으로 고치지 말 것.
size 50 50
blocked
.............##............................######.
...........####.........#...............#..#....#.
...........####.........#..............##.......##
......#...####..........#.......................#.
..........###........#...............#............
..........###.....................................
..................................................
..........###......................#........####..
..........###..................#.#....#.....###...
..........###................................#....
..........###..........................#..........
..........###......................#..............
..........###.........................#...........
..........###..................####.........#...##
.....#....###..................#................#.
..........###....#....#.....................#...#.
............................................#.....
..........###................#...........#####....
..........###...............#............#........
..........###...................................#.
..........###........#............................
..........###......#...................#..........
....#.....###.....................................
.......#..###...............................#.....
.......#..###.................#..................#
..........###.....................................
..........###.##..................................
######.#####......................................
######.#####......................................
######.####.................................#.....
..................................................
..................................................
..#..................................#............
..................................................
.......................#.......##.................
...........#......................................
..................................................
..................................................
...#..............................................
............#..#....#.............................
.................#................................
.............#..................#...............#.
..................................................
...................#..........................#...
...........#............#......#...........#....#.
...........#.#........#........#.........#....#...
.........................................#.#......
.............................................#....
..........................................##....#.
..................................................
floor
9647 9606 9603 9627 9632 9637 9627 9632 9637 9230 9235 9241 9247 9253 9259 8225 9633 9599 9604 9609 9614 9619 9624 9633 9638 9622 9633 9638 9643 9628 9641 9646 9601 9606 9603 9608 9641 9646 9601 9606 9639 9101 9603 9599 9604 9609 9614 9619 9624 9629
9646 9647 9602 9626 9572 9575 9579 9631 9636 9229 9234 9240 9246 9252 9258 8224 9632 9628 9633 9638 9643 9553 9603 9632 9637 9646 9632 9637 9642 9643 9632 9637 9642 9612 9617 9622 9627 9632 9637 9642 9604 9100 9602 9628 9633 9638 9643 9648 9603 9608
9645 9646 9601 9625 9571 9574 9578 9582 9635 9228 9233 9239 9245 9251 9257 8223 9631 9627 9632 9637 9588 9592 9596 9631 9636 9620 9624 9624 9624 9624 9624 9624 9641 9642 9647 8439 8444 8449 8454 9641 9617 9099 9601 9627 9632 9637 9642 9636 9641 9646
9609 9614 9619 9624 9570 9573 9577 9581 9634 9227 9232 9238 9244 9250 9256 9633 9604 9626 9631 9584 9587 9591 9595 9609 9614 9619 9638 9643 9640 9638 9643 9637 9642 9641 9646 8438 8443 8448 8453 8458 9616 9621 9604 9626 9631 9636 9641 9635 9640 9645
9609 9614 9619 9624 9643 9648 9576 9580 9613 9226 9231 9237 9243 9249 9255 9632 9633 9625 9630 9583 9586 9590 9594 9640 9645 9600 9638 9643 9632 9637 9642 9636 9641 9609 9614 8437 8442 8447 8452 8457 9647 9628 9633 9625 9630 9635 9640 9645 9600 9605
9638 9643 9648 9603 9624 9647 9602 9607 9612 9368 9378 9388 9398 9408 9418 9631 9632 9624 9629 9634 9585 9589 9593 9637 9642 9638 9643 9643 9631 9636 9641 9566 9618 9638 9643 8436 8441 8446 8451 8456 9646 9627 9642 9647 9602 9628 9633 9638 9643 9604
9637 9642 9647 9602 9603 9646 9601 9634 9642 9766 9767 9768 9769 9770 9771 9630 9631 9603 9608 9613 9618 9623 9628 9619 9624 9643 9642 9642 9630 9635 9640 9565 9569 9637 9642 9647 8440 8445 8450 8455 8473 9626 9641 9646 9601 9627 9632 9637 9642 9633
9636 9641 9614 9619 9602 9645 9600 9605 9641 9366 9376 9386 9396 9406 9416 9633 9630 9633 9638 9643 9648 9603 9643 9648 9603 9642 9641 9641 8405 9557 9560 9564 9568 9623 9628 9628 9638 9643 9637 9642 9647 9625 9640 9645 9600 9605 9610 9615 9620 9632
9635 9640 9643 9648 9619 9644 9599 9604 9609 9365 9375 9385 9395 9405 9415 9632 9637 9632 9637 9642 9647 9602 9642 9647 9602 9641 9640 9640 8404 9556 9559 9563 9567 9637 9627 11670 11673 11676 9642 9601 9627 9639 9101 9644 9599 9604 9609 9614 9619 9631
9637 9642 9642 9647 9648 9602 9628 9633 9638 9364 9374 9384 9394 9404 9600 9604 9631 9631 9636 9641 9646 9601 9641 9646 9601 9640 8376 8390 8403 9635 9558 9639 9644 9621 9626 11669 11672 11675 9646 9600 9605 9604 9100 9623 9628 9633 9638 9643 9648 9645
9653 9641 9646 9651 9653 9641 9646 9632 9637 9363 9373 9383 9393 9403 9599 9604 9609 9630 9635 9640 9645 9600 9640 9645 9600 9622 9627 9632 9637 9642 9636 9641 9646 9612 9617 11668 11671 11674 9637 9637 9647 9617 9099 9622 9627 9632 9637 9642 9647 9644
9679 9685 9698 9674 9679 9685 9698 9689 9620 9362 9372 9382 9392 9402 9628 9633 9638 9643 9648 9641 9646 9600 9605 9615 9627 9621 9626 9631 9636 9641 9635 9640 9645 9637 9642 9642 9626 9631 9636 9641 9646 9616 9621 12295 9633 9638 9643 9648 9603 9608
9678 9674 9679 9673 9678 9674 9679 9679 9696 9361 9371 9381 9391 9401 9627 9632 9637 9642 9647 9640 9645 9600 9605 9614 9626 9646 9150 9640 9635 9640 9642 9647 9602 9607 9624 9629 9694 9696 9637 9640 9645 9600 9634 9627 9632 9637 9642 9647 9642 9647
9650 9693 9695 9656 9650 9693 9695 9678 9695 9360 9370 9380 9390 9400 9626 9631 8462 8467 8472 8476 9572 9575 9579 9609 9614 9645 9149 9153 9634 9639 9641 9646 9601 9606 9646 9608 9693 12252 12259 9608 9613 9618 9623 9626 9631 9636 9641 9646 9641 9646
9632 9637 9622 9627 9632 9637 9622 9695 9695 9359 9369 9379 9389 9399 9409 8459 8461 8466 8471 8475 9571 9574 9578 9582 9643 9622 9148 9152 9613 9618 9632 9637 9642 9647 9602 9607 9642 12251 12258 9645 9646 9601 9627 9632 9637 9642 9640 9645 9640 9645
9622 9627 9632 9637 9642 9647 9602 9641 9646 9368 9378 9388 9398 9408 9418 9647 8460 8465 8470 8474 9570 9573 9577 9581 9642 9647 9602 9645 9600 9617 9697 9673 9667 9637 9642 9647 9641 9646 9601 9644 9645 9600 9626 9631 9636 9641 9639 9644 9639 9644
9621 9626 9631 9636 9641 9646 9601 9614 9619 9766 9767 9768 9769 9770 9771 9646 8459 8464 8469 8473 9621 9626 9576 9580 9641 9646 9601 9644 9599 9616 9662 9678 9678 9696 9641 9646 9640 9645 9600 9605 9644 9599 9625 9630 9635 9599 9618 9623 9647 9602
9620 9625 9630 9635 9640 9645 9600 9643 9648 9366 9376 9386 9396 9406 9416 9645 9600 8463 8468 9615 8419 8425 8431 9635 9640 9645 9600 9605 9610 9615 9661 9678 9678 9695 9640 9645 9639 9644 9599 9604 9614 9619 9624 9629 9634 9628 9599 9642 9647 9602
9619 9624 9629 9634 9639 9644 9599 9642 9647 9365 9375 9385 9395 9405 9415 9602 9607 9604 9609 9614 8418 8424 8430 8435 9639 9644 9599 9604 9609 9614 9660 9679 9667 9634 9639 9644 9618 9623 9628 9566 9638 9643 9648 9603 9608 9613 9628 9641 9639 9101
9648 9603 9608 9613 9553 9623 9628 9641 9646 9364 9374 9384 9394 9404 9414 9601 9606 9633 9638 9643 8417 8423 8429 8434 9618 9623 9628 9633 9638 9643 9694 9678 9666 9613 9618 9623 9638 9622 9561 9565 9637 9642 9647 9602 9615 9620 9627 9632 9604 9100
9619 9624 9646 9548 9552 9603 9627 9632 9637 9363 9373 9383 9393 9403 9413 9600 9605 9632 9637 9642 8416 8422 8428 8433 9638 9622 9627 9632 9637 9642 9693 9674 9665 9612 9617 9622 9637 9557 9560 9564 9568 9641 9646 9599 9604 9609 9614 12276 9617 9099
9648 9603 9545 9547 9551 9555 9626 9631 9636 9362 9372 9382 9392 9402 9412 9599 9604 9631 9636 9641 8415 8421 8427 8432 9637 9621 9626 9651 9653 9641 9646 9673 9678 9700 9616 9621 9625 9556 9559 9563 9567 9640 9645 8462 8467 8472 8476 9620 9616 9621
9647 9602 9544 9546 9550 9554 9625 9630 9635 9361 9371 9381 9391 9401 9411 9620 9625 9630 9635 9640 9645 8420 8426 9631 9636 9620 9625 9674 9679 9685 9698 9674 9673 9678 9689 9620 9634 9619 9558 9562 9634 9639 9644 8461 8466 8471 8475 9619 9548 9552
9646 9601 9604 9609 9549 9619 9624 9629 9634 9360 9370 9380 9390 9400 9410 9619 9624 9629 9634 9639 9644 9599 9604 9609 9614 9698 9674 9673 9678 9674 9679 9673 9678 9674 9679 9696 9628 9648 9603 9608 9613 9618 9623 8460 8465 8470 8474 9545 9547 9551
9645 9600 9633 9638 9643 9648 9603 9608 9613 9359 9369 9379 9389 9399 9409 9648 9603 9608 9613 9618 9623 9628 9633 9638 9643 9697 9673 9678 9650 9693 9695 9656 9658 9673 9678 9695 9627 9647 9602 9627 9632 9637 9622 8459 8464 8469 8473 9544 9546 9550
9622 9627 9632 9637 9642 9647 9602 9607 9329 9335 9341 9347 9353 9358 9642 9647 9602 9607 9612 9617 9622 9627 9632 9698 9700 9647 9650 9695 9632 9637 9622 9627 9632 9693 9695 9695 9626 9646 9601 9626 9631 9636 9621 9626 8463 8468 9641 9646 9601 9549
9718 9724 9729 9735 9741 9747 9765 9759 9328 9334 9340 9346 9352 9357 9641 9646 9601 9606 9611 9616 9621 9626 9631 12279 12284 12289 12294 12299 9631 9636 9621 9626 9631 9636 9641 9646 9640 9645 9600 9625 9630 9635 9620 9625 9630 9635 9640 9645 9600 9632
9717 9723 9728 9734 9740 9746 9764 9758 9327 9333 9339 9345 9351 9356 9640 9645 9600 9605 9610 9615 9620 9625 9630 12278 12283 12288 12293 12298 9630 9635 9620 9625 9630 9635 9640 9645 9600 9644 9599 9604 9609 9614 9619 8439 8444 8449 8454 9644 9599 9604
9716 9722 9727 9733 9739 9745 9763 9757 9326 9332 9338 9344 9350 9355 9639 9644 9599 9604 9609 9614 9619 9624 9629 12277 12282 12287 12292 12297 9609 9614 9619 9624 9629 9634 9639 9644 9599 9623 9628 9633 9638 9643 9648 8438 8443 8448 8453 8458 9628 9633
9715 9721 9726 9732 9738 9744 9762 9756 9325 9331 9337 9343 9349 9354 9618 9623 9628 9633 9638 9643 9648 9603 9608 12276 12281 12286 12291 12296 9638 9643 9648 9603 9608 9699 9644 9599 9599 9615 9627 9632 9637 9642 9647 8437 8442 8447 8452 8457 9633 9638
9572 9575 9579 9731 9737 9743 9761 9755 9324 9330 9336 9342 9348 9413 9642 9647 9631 9636 9641 9646 9601 9601 9606 12275 12280 12285 12290 12295 9636 9641 9646 9601 9646 9625 9599 8439 8444 8449 8454 9631 9636 9641 9646 8436 8441 8446 8451 8456 9632 9637
9571 9574 9578 9582 9736 9742 9760 9754 8546 8562 8579 9626 9631 9636 9641 9646 9615 9620 9625 9630 9603 9608 9613 9618 9623 9628 9633 9638 9643 9648 9640 9640 9645 9600 9628 8438 8443 8448 8453 8458 9635 9640 9645 9600 8440 8445 8450 8455 9631 9636
9570 9573 9577 9581 9640 9645 8517 8531 8545 8561 8578 8595 8611 9635 8642 8657 8670 9619 9624 9629 9602 9607 9612 9617 9622 9627 9632 9637 9642 9647 9639 9639 9644 9599 9604 8437 8442 8447 8452 8457 9634 9639 9644 9599 9604 9609 9614 9619 9630 9635
9624 9629 9576 9580 8491 8503 8516 8530 8544 8560 8577 8594 8610 8626 8641 8656 8669 8682 9603 9608 9601 9606 9611 9616 9621 9626 9631 9636 9641 9646 9132 9135 9138 9644 9600 9635 8441 8446 8451 8269 8285 9628 9633 9638 9643 9648 9603 9608 9760 9618
9612 9617 9614 9621 9626 8502 8515 8529 8543 8559 8576 8593 8609 8625 8640 8655 8668 8681 8694 8706 8718 9605 9610 9615 9620 9625 9630 9635 9640 9645 9131 9134 9137 9140 9599 9604 8440 8445 8450 8268 8284 8301 9632 9637 9642 9647 9602 9607 9612 9617
9646 9601 9643 9566 8490 8501 8514 8528 8542 8558 8575 8592 8608 8624 8639 8654 8667 8680 8693 8705 8717 8728 9609 9614 9619 9624 9629 9634 9639 9644 9648 9133 9136 9139 9639 9647 8230 8242 8254 8267 8283 8300 8316 9636 8345 8360 8375 9634 9642 9647
9637 9642 9561 9565 8489 8500 8513 8527 8541 8557 8574 8591 8607 8623 8638 8653 8666 8679 8692 8704 8716 8727 8734 9625 9600 9643 9648 9603 9608 9625 9630 9635 9620 9625 9618 9646 8229 8241 8253 8266 8282 8299 8315 8330 8344 8359 8374 8389 9641 9646
9609 9557 9560 9564 8488 8499 8512 8526 8540 8556 8573 8590 8606 8622 8637 8652 8665 8678 8691 8703 8715 8726 8733 9624 9629 9634 9639 9644 9599 9604 9609 9614 9619 9624 9638 8219 8228 8240 8252 8265 8281 8298 8314 8329 8343 8358 8373 8388 8402 9614
9122 9128 9559 8481 8487 8498 8511 8525 8539 8555 8572 8589 8605 8621 8636 8651 8664 8677 8690 8702 8714 8725 8732 9603 9608 9613 9618 9623 9628 9633 9638 9643 9553 9603 9637 8218 8227 8239 8251 8264 8280 8297 8313 8328 8342 8357 8372 8387 8401 8413
9121 9127 9558 8480 8486 8497 8510 8524 8538 8554 8571 8588 8604 8620 8635 8650 8663 8676 8689 8701 8713 8724 8731 9602 9600 9605 9610 9615 9627 9632 9637 9588 9592 9596 9636 8217 8226 8238 8250 8263 8279 8296 8312 8327 8341 8356 8371 8386 8400 8412
9120 9126 9646 8479 8485 8496 8509 8523 8537 8553 8570 8587 8603 8619 8634 8649 8662 8675 8688 8700 8712 8723 8730 9623 9628 9633 9638 9614 9626 9631 9584 9587 9591 9595 9614 8216 8225 8237 8249 8262 8278 8295 8311 8326 8340 8355 8370 8385 8399 8411
9119 9125 9645 8478 8484 8495 8508 8522 8536 8552 8569 8586 8602 8618 8633 8648 8661 8674 8687 8699 8711 8722 8729 8419 8425 8431 9637 9643 9625 9630 9583 9586 9590 9594 9643 8215 8224 8236 8248 8261 8277 8294 8310 8325 8339 8354 8369 8384 8398 8410
9118 9124 9644 9599 8483 8494 8507 8521 8535 8551 8568 8585 8601 8617 8632 8647 8660 8673 8686 8698 8710 8721 9616 8418 8424 8430 8435 9619 9624 9629 9634 9585 9589 9593 9642 9620 8223 8235 8247 8260 8276 8293 8309 8324 8338 8353 8368 8383 8397 8409
9117 9123 9623 9628 8482 8493 8506 8520 8534 8550 8567 8584 8600 8616 8631 8646 8659 8672 8685 8697 8709 8720 9615 8417 8423 8429 8434 9648 9603 9608 9613 9618 9623 9628 9641 8214 8222 8234 8246 8259 8275 8292 8308 8323 8337 8352 8367 8382 8396 8408
9612 9617 9622 9627 9632 8492 8505 8519 8533 8549 8566 8583 8599 8615 8630 8645 8658 8671 8684 8696 8708 8719 9614 8416 8422 8428 8433 9647 9602 9645 9600 9617 9622 9627 9618 9648 8221 8233 8245 8258 8274 8291 8307 8322 8336 8351 8366 8381 8395 8407
9611 9616 9621 9626 9631 9636 8504 8518 8532 8548 8565 8582 8598 8614 8629 8644 9641 9646 8683 8695 8707 9616 9643 8415 8421 8427 8432 9646 9601 9644 9599 9616 9621 9626 9617 9647 8220 8232 8244 8257 8273 8290 8306 8321 8335 8350 8365 8380 8394 8406
9609 9614 9619 9624 9630 9635 9640 9629 9626 8547 8564 8581 8597 8613 8628 8643 9640 9645 9600 9605 9610 9615 9620 9625 8463 8468 9640 9645 9600 9605 9610 9604 9609 9614 9619 9624 9605 8231 8243 8256 8272 8289 8305 8320 8334 8349 8364 8379 8393 8405
9638 9643 9648 9603 9629 9634 9639 9580 9605 9641 8563 8580 8596 8612 8627 9642 9647 9602 9607 9604 9609 9614 9619 9624 9629 9634 9639 9644 9599 9604 9609 9633 9638 9643 9648 9603 9604 9599 9604 8255 8271 8288 8304 8319 8333 8348 8363 8378 8392 8405
9637 9642 9647 9602 8458 9601 9606 9632 9637 9642 9647 9631 9606 9603 9608 9641 9646 9601 9606 9633 9638 9643 9648 9603 9608 9613 9618 9604 9609 9614 9619 9624 9637 9642 9647 9602 9627 9632 9603 9627 8270 8287 8303 8318 8332 8347 8362 8377 8391 8404
9636 9641 9646 9601 8457 9600 9605 9631 9636 9641 9646 9630 9647 9602 9607 9640 9645 9600 9605 9632 9637 9642 9647 9602 9606 9633 9638 9633 9638 9643 9648 9603 9636 9641 9646 9601 9626 9631 9602 9626 9631 8286 8302 8317 8331 8346 8361 8376 8390 8403
tile 8214 0 0
tile 8215 56 0
tile 8216 112 0
tile 8217 168 0
tile 8218 224 0
tile 8219 280 0
tile 8220 336 0
tile 8221 392 0
tile 8222 448 0
tile 8223 504 0
tile 8224 560 0
tile 8225 616 0
tile 8226 672 0
tile 8227 728 0
tile 8228 784 0
tile 8229 840 0
tile 8230 896 0
tile 8231 952 0
tile 8232 1008 0
tile 8233 1064 0
tile 8234 1120 0
tile 8235 1176 0
tile 8236 1232 0
tile 8237 1288 0
tile 8238 1344 0
tile 8239 1400 0
tile 8240 1456 0
tile 8241 1512 0
tile 8242 1568 0
tile 8243 1624 0
tile 8244 0 27
tile 8245 56 27
tile 8246 112 27
tile 8247 168 27
tile 8248 224 27
tile 8249 280 27
tile 8250 336 27
tile 8251 392 27
tile 8252 448 27
tile 8253 504 27
tile 8254 560 27
tile 8255 616 27
tile 8256 672 27
tile 8257 728 27
tile 8258 784 27
tile 8259 840 27
tile 8260 896 27
tile 8261 952 27
tile 8262 1008 27
tile 8263 1064 27
tile 8264 1120 27
tile 8265 1176 27
tile 8266 1232 27
tile 8267 1288 27
tile 8268 1344 27
tile 8269 1400 27
tile 8270 1456 27
tile 8271 1512 27
tile 8272 1568 27
tile 8273 1624 27
tile 8274 0 54
tile 8275 56 54
tile 8276 112 54
tile 8277 168 54
tile 8278 224 54
tile 8279 280 54
tile 8280 336 54
tile 8281 392 54
tile 8282 448 54
tile 8283 504 54
tile 8284 560 54
tile 8285 616 54
tile 8286 672 54
tile 8287 728 54
tile 8288 784 54
tile 8289 840 54
tile 8290 896 54
tile 8291 952 54
tile 8292 1008 54
tile 8293 1064 54
tile 8294 1120 54
tile 8295 1176 54
tile 8296 1232 54
tile 8297 1288 54
tile 8298 1344 54
tile 8299 1400 54
tile 8300 1456 54
tile 8301 1512 54
tile 8302 1568 54
tile 8303 1624 54
tile 8304 0 81
tile 8305 56 81
tile 8306 112 81
tile 8307 168 81
tile 8308 224 81
tile 8309 280 81
tile 8310 336 81
tile 8311 392 81
tile 8312 448 81
tile 8313 504 81
tile 8314 560 81
tile 8315 616 81
tile 8316 672 81
tile 8317 728 81
tile 8318 784 81
tile 8319 840 81
tile 8320 896 81
tile 8321 952 81
tile 8322 1008 81
tile 8323 1064 81
tile 8324 1120 81
tile 8325 1176 81
tile 8326 1232 81
tile 8327 1288 81
tile 8328 1344 81
tile 8329 1400 81
tile 8330 1456 81
tile 8331 1512 81
tile 8332 1568 81
tile 8333 1624 81
tile 8334 0 108
tile 8335 56 108
tile 8336 112 108
tile 8337 168 108
tile 8338 224 108
tile 8339 280 108
tile 8340 336 108
tile 8341 392 108
tile 8342 448 108
tile 8343 504 108
tile 8344 560 108
tile 8345 616 108
tile 8346 672 108
tile 8347 728 108
tile 8348 784 108
tile 8349 840 108
tile 8350 896 108
tile 8351 952 108
tile 8352 1008 108
tile 8353 1064 108
tile 8354 1120 108
tile 8355 1176 108
tile 8356 1232 108
tile 8357 1288 108
tile 8358 1344 108
tile 8359 1400 108
tile 8360 1456 108
tile 8361 1512 108
tile 8362 1568 108
tile 8363 1624 108
tile 8364 0 135
tile 8365 56 135
tile 8366 112 135
tile 8367 168 135
tile 8368 224 135
tile 8369 280 135
tile 8370 336 135
tile 8371 392 135
tile 8372 448 135
tile 8373 504 135
tile 8374 560 135
tile 8375 616 135
tile 8376 672 135
tile 8377 728 135
tile 8378 784 135
tile 8379 840 135
tile 8380 896 135
tile 8381 952 135
tile 8382 1008 135
tile 8383 1064 135
tile 8384 1120 135
tile 8385 1176 135
tile 8386 1232 135
tile 8387 1288 135
tile 8388 1344 135
tile 8389 1400 135
tile 8390 1456 135
tile 8391 1512 135
tile 8392 1568 135
tile 8393 1624 135
tile 8394 0 162
tile 8395 56 162
tile 8396 112 162
tile 8397 168 162
tile 8398 224 162
tile 8399 280 162
tile 8400 336 162
tile 8401 392 162
tile 8402 448 162
tile 8403 504 162
tile 8404 560 162
tile 8405 616 162
tile 8406 672 162
tile 8407 728 162
tile 8408 784 162
tile 8409 840 162
tile 8410 896 162
tile 8411 952 162
tile 8412 1008 162
tile 8413 1064 162
tile 8415 1120 162
tile 8416 1176 162
tile 8417 1232 162
tile 8418 1288 162
tile 8419 1344 162
tile 8420 1400 162
tile 8421 1456 162
tile 8422 1512 162
tile 8423 1568 162
tile 8424 1624 162
tile 8425 0 189
tile 8426 56 189
tile 8427 112 189
tile 8428 168 189
tile 8429 224 189
tile 8430 280 189
tile 8431 336 189
tile 8432 392 189
tile 8433 448 189
tile 8434 504 189
tile 8435 560 189
tile 8436 616 189
tile 8437 672 189
tile 8438 728 189
tile 8439 784 189
tile 8440 840 189
tile 8441 896 189
tile 8442 952 189
tile 8443 1008 189
tile 8444 1064 189
tile 8445 1120 189
tile 8446 1176 189
tile 8447 1232 189
tile 8448 1288 189
tile 8449 1344 189
tile 8450 1400 189
tile 8451 1456 189
tile 8452 1512 189
tile 8453 1568 189
tile 8454 1624 189
tile 8455 0 216
tile 8456 56 216
tile 8457 112 216
tile 8458 168 216
tile 8459 224 216
tile 8460 280 216
tile 8461 336 216
tile 8462 392 216
tile 8463 448 216
tile 8464 504 216
tile 8465 560 216
tile 8466 616 216
tile 8467 672 216
tile 8468 728 216
tile 8469 784 216
tile 8470 840 216
tile 8471 896 216
tile 8472 952 216
tile 8473 1008 216
tile 8474 1064 216
tile 8475 1120 216
tile 8476 1176 216
tile 8478 1232 216
tile 8479 1288 216
tile 8480 1344 216
tile 8481 1400 216
tile 8482 1456 216
tile 8483 1512 216
tile 8484 1568 216
tile 8485 1624 216
tile 8486 0 243
tile 8487 56 243
tile 8488 112 243
tile 8489 168 243
tile 8490 224 243
tile 8491 280 243
tile 8492 336 243
tile 8493 392 243
tile 8494 448 243
tile 8495 504 243
tile 8496 560 243
tile 8497 616 243
tile 8498 672 243
tile 8499 728 243
tile 8500 784 243
tile 8501 840 243
tile 8502 896 243
tile 8503 952 243
tile 8504 1008 243
tile 8505 1064 243
tile 8506 1120 243
tile 8507 1176 243
tile 8508 1232 243
tile 8509 1288 243
tile 8510 1344 243
tile 8511 1400 243
tile 8512 1456 243
tile 8513 1512 243
tile 8514 1568 243
tile 8515 1624 243
tile 8516 0 270
tile 8517 56 270
tile 8518 112 270
tile 8519 168 270
tile 8520 224 270
tile 8521 280 270
tile 8522 336 270
tile 8523 392 270
tile 8524 448 270
tile 8525 504 270
tile 8526 560 270
tile 8527 616 270
tile 8528 672 270
tile 8529 728 270
tile 8530 784 270
tile 8531 840 270
tile 8532 896 270
tile 8533 952 270
tile 8534 1008 270
tile 8535 1064 270
tile 8536 1120 270
tile 8537 1176 270
tile 8538 1232 270
tile 8539 1288 270
tile 8540 1344 270
tile 8541 1400 270
tile 8542 1456 270
tile 8543 1512 270
tile 8544 1568 270
tile 8545 1624 270
tile 8546 0 297
tile 8547 56 297
tile 8548 112 297
tile 8549 168 297
tile 8550 224 297
tile 8551 280 297
tile 8552 336 297
tile 8553 392 297
tile 8554 448 297
tile 8555 504 297
tile 8556 560 297
tile 8557 616 297
tile 8558 672 297
tile 8559 728 297
tile 8560 784 297
tile 8561 840 297
tile 8562 896 297
tile 8563 952 297
tile 8564 1008 297
tile 8565 1064 297
tile 8566 1120 297
tile 8567 1176 297
tile 8568 1232 297
tile 8569 1288 297
tile 8570 1344 297
tile 8571 1400 297
tile 8572 1456 297
tile 8573 1512 297
tile 8574 1568 297
tile 8575 1624 297
tile 8576 0 324
tile 8577 56 324
tile 8578 112 324
tile 8579 168 324
tile 8580 224 324
tile 8581 280 324
tile 8582 336 324
tile 8583 392 324
tile 8584 448 324
tile 8585 504 324
tile 8586 560 324
tile 8587 616 324
tile 8588 672 324
tile 8589 728 324
tile 8590 784 324
tile 8591 840 324
tile 8592 896 324
tile 8593 952 324
tile 8594 1008 324
tile 8595 1064 324
tile 8596 1120 324
tile 8597 1176 324
tile 8598 1232 324
tile 8599 1288 324
tile 8600 1344 324
tile 8601 1400 324
tile 8602 1456 324
tile 8603 1512 324
tile 8604 1568 324
tile 8605 1624 324
tile 8606 0 351
tile 8607 56 351
tile 8608 112 351
tile 8609 168 351
tile 8610 224 351
tile 8611 280 351
tile 8612 336 351
tile 8613 392 351
tile 8614 448 351
tile 8615 504 351
tile 8616 560 351
tile 8617 616 351
tile 8618 672 351
tile 8619 728 351
tile 8620 784 351
tile 8621 840 351
tile 8622 896 351
tile 8623 952 351
tile 8624 1008 351
tile 8625 1064 351
tile 8626 1120 351
tile 8627 1176 351
tile 8628 1232 351
tile 8629 1288 351
tile 8630 1344 351
tile 8631 1400 351
tile 8632 1456 351
tile 8633 1512 351
tile 8634 1568 351
tile 8635 1624 351
tile 8636 0 378
tile 8637 56 378
tile 8638 112 378
tile 8639 168 378
tile 8640 224 378
tile 8641 280 378
tile 8642 336 378
tile 8643 392 378
tile 8644 448 378
tile 8645 504 378
tile 8646 560 378
tile 8647 616 378
tile 8648 672 378
tile 8649 728 378
tile 8650 784 378
tile 8651 840 378
tile 8652 896 378
tile 8653 952 378
tile 8654 1008 378
tile 8655 1064 378
tile 8656 1120 378
tile 8657 1176 378
tile 8658 1232 378
tile 8659 1288 378
tile 8660 1344 378
tile 8661 1400 378
tile 8662 1456 378
tile 8663 1512 378
tile 8664 1568 378
tile 8665 1624 378
tile 8666 0 405
tile 8667 56 405
tile 8668 112 405
tile 8669 168 405
tile 8670 224 405
tile 8671 280 405
tile 8672 336 405
tile 8673 392 405
tile 8674 448 405
tile 8675 504 405
tile 8676 560 405
tile 8677 616 405
tile 8678 672 405
tile 8679 728 405
tile 8680 784 405
tile 8681 840 405
tile 8682 896 405
tile 8683 952 405
tile 8684 1008 405
tile 8685 1064 405
tile 8686 1120 405
tile 8687 1176 405
tile 8688 1232 405
tile 8689 1288 405
tile 8690 1344 405
tile 8691 1400 405
tile 8692 1456 405
tile 8693 1512 405
tile 8694 1568 405
tile 8695 1624 405
tile 8696 0 432
tile 8697 56 432
tile 8698 112 432
tile 8699 168 432
tile 8700 224 432
tile 8701 280 432
tile 8702 336 432
tile 8703 392 432
tile 8704 448 432
tile 8705 504 432
tile 8706 560 432
tile 8707 616 432
tile 8708 672 432
tile 8709 728 432
tile 8710 784 432
tile 8711 840 432
tile 8712 896 432
tile 8713 952 432
tile 8714 1008 432
tile 8715 1064 432
tile 8716 1120 432
tile 8717 1176 432
tile 8718 1232 432
tile 8719 1288 432
tile 8720 1344 432
tile 8721 1400 432
tile 8722 1456 432
tile 8723 1512 432
tile 8724 1568 432
tile 8725 1624 432
tile 8726 0 459
tile 8727 56 459
tile 8728 112 459
tile 8729 168 459
tile 8730 224 459
tile 8731 280 459
tile 8732 336 459
tile 8733 392 459
tile 8734 448 459
tile 9099 504 459
tile 9100 560 459
tile 9101 616 459
tile 9117 672 459
tile 9118 728 459
tile 9119 784 459
tile 9120 840 459
tile 9121 896 459
tile 9122 952 459
tile 9123 1008 459
tile 9124 1064 459
tile 9125 1120 459
tile 9126 1176 459
tile 9127 1232 459
tile 9128 1288 459
tile 9131 1344 459
tile 9132 1400 459
tile 9133 1456 459
tile 9134 1512 459
tile 9135 1568 459
tile 9136 1624 459
tile 9137 0 486
tile 9138 56 486
tile 9139 112 486
tile 9140 168 486
tile 9148 224 486
tile 9149 280 486
tile 9150 336 486
tile 9152 392 486
tile 9153 448 486
tile 9226 504 486
tile 9227 560 486
tile 9228 616 486
tile 9229 672 486
tile 9230 728 486
tile 9231 784 486
tile 9232 840 486
tile 9233 896 486
tile 9234 952 486
tile 9235 1008 486
tile 9237 1064 486
tile 9238 1120 486
tile 9239 1176 486
tile 9240 1232 486
tile 9241 1288 486
tile 9243 1344 486
tile 9244 1400 486
tile 9245 1456 486
tile 9246 1512 486
tile 9247 1568 486
tile 9249 1624 486
tile 9250 0 513
tile 9251 56 513
tile 9252 112 513
tile 9253 168 513
tile 9255 224 513
tile 9256 280 513
tile 9257 336 513
tile 9258 392 513
tile 9259 448 513
tile 9324 504 513
tile 9325 560 513
tile 9326 616 513
tile 9327 672 513
tile 9328 728 513
tile 9329 784 513
tile 9330 840 513
tile 9331 896 513
tile 9332 952 513
tile 9333 1008 513
tile 9334 1064 513
tile 9335 1120 513
tile 9336 1176 513
tile 9337 1232 513
tile 9338 1288 513
tile 9339 1344 513
tile 9340 1400 513
tile 9341 1456 513
tile 9342 1512 513
tile 9343 1568 513
tile 9344 1624 513
tile 9345 0 540
tile 9346 56 540
tile 9347 112 540
tile 9348 168 540
tile 9349 224 540
tile 9350 280 540
tile 9351 336 540
tile 9352 392 540
tile 9353 448 540
tile 9354 504 540
tile 9355 560 540
tile 9356 616 540
tile 9357 672 540
tile 9358 728 540
tile 9359 784 540
tile 9360 840 540
tile 9361 896 540
tile 9362 952 540
tile 9363 1008 540
tile 9364 1064 540
tile 9365 1120 540
tile 9366 1176 540
tile 9368 1232 540
tile 9369 1288 540
tile 9370 1344 540
tile 9371 1400 540
tile 9372 1456 540
tile 9373 1512 540
tile 9374 1568 540
tile 9375 1624 540
tile 9376 0 567
tile 9378 56 567
tile 9379 112 567
tile 9380 168 567
tile 9381 224 567
tile 9382 280 567
tile 9383 336 567
tile 9384 392 567
tile 9385 448 567
tile 9386 504 567
tile 9388 560 567
tile 9389 616 567
tile 9390 672 567
tile 9391 728 567
tile 9392 784 567
tile 9393 840 567
tile 9394 896 567
tile 9395 952 567
tile 9396 1008 567
tile 9398 1064 567
tile 9399 1120 567
tile 9400 1176 567
tile 9401 1232 567
tile 9402 1288 567
tile 9403 1344 567
tile 9404 1400 567
tile 9405 1456 567
tile 9406 1512 567
tile 9408 1568 567
tile 9409 1624 567
tile 9410 0 594
tile 9411 56 594
tile 9412 112 594
tile 9413 168 594
tile 9414 224 594
tile 9415 280 594
tile 9416 336 594
tile 9418 392 594
tile 9544 448 594
tile 9545 504 594
tile 9546 560 594
tile 9547 616 594
tile 9548 672 594
tile 9549 728 594
tile 9550 784 594
tile 9551 840 594
tile 9552 896 594
tile 9553 952 594
tile 9554 1008 594
tile 9555 1064 594
tile 9556 1120 594
tile 9557 1176 594
tile 9558 1232 594
tile 9559 1288 594
tile 9560 1344 594
tile 9561 1400 594
tile 9562 1456 594
tile 9563 1512 594
tile 9564 1568 594
tile 9565 1624 594
tile 9566 0 621
tile 9567 56 621
tile 9568 112 621
tile 9569 168 621
tile 9570 224 621
tile 9571 280 621
tile 9572 336 621
tile 9573 392 621
tile 9574 448 621
tile 9575 504 621
tile 9576 560 621
tile 9577 616 621
tile 9578 672 621
tile 9579 728 621
tile 9580 784 621
tile 9581 840 621
tile 9582 896 621
tile 9583 952 621
tile 9584 1008 621
tile 9585 1064 621
tile 9586 1120 621
tile 9587 1176 621
tile 9588 1232 621
tile 9589 1288 621
tile 9590 1344 621
tile 9591 1400 621
tile 9592 1456 621
tile 9593 1512 621
tile 9594 1568 621
tile 9595 1624 621
tile 9596 0 648
tile 9599 56 648
tile 9600 112 648
tile 9601 168 648
tile 9602 224 648
tile 9603 280 648
tile 9604 336 648
tile 9605 392 648
tile 9606 448 648
tile 9607 504 648
tile 9608 560 648
tile 9609 616 648
tile 9610 672 648
tile 9611 728 648
tile 9612 784 648
tile 9613 840 648
tile 9614 896 648
tile 9615 952 648
tile 9616 1008 648
tile 9617 1064 648
tile 9618 1120 648
tile 9619 1176 648
tile 9620 1232 648
tile 9621 1288 648
tile 9622 1344 648
tile 9623 1400 648
tile 9624 1456 648
tile 9625 1512 648
tile 9626 1568 648
tile 9627 1624 648
tile 9628 0 675
tile 9629 56 675
tile 9630 112 675
tile 9631 168 675
tile 9632 224 675
tile 9633 280 675
tile 9634 336 675
tile 9635 392 675
tile 9636 448 675
tile 9637 504 675
tile 9638 560 675
tile 9639 616 675
tile 9640 672 675
tile 9641 728 675
tile 9642 784 675
tile 9643 840 675
tile 9644 896 675
tile 9645 952 675
tile 9646 1008 675
tile 9647 1064 675
tile 9648 1120 675
tile 9650 1176 675
tile 9651 1232 675
tile 9653 1288 675
tile 9656 1344 675
tile 9658 1400 675
tile 9660 1456 675
tile 9661 1512 675
tile 9662 1568 675
tile 9665 1624 675
tile 9666 0 702
tile 9667 56 702
tile 9673 112 702
tile 9674 168 702
tile 9678 224 702
tile 9679 280 702
tile 9685 336 702
tile 9689 392 702
tile 9693 448 702
tile 9694 504 702
tile 9695 560 702
tile 9696 616 702
tile 9697 672 702
tile 9698 728 702
tile 9699 784 702
tile 9700 840 702
tile 9715 896 702
tile 9716 952 702
tile 9717 1008 702
tile 9718 1064 702
tile 9721 1120 702
tile 9722 1176 702
tile 9723 1232 702
tile 9724 1288 702
tile 9726 1344 702
tile 9727 1400 702
tile 9728 1456 702
tile 9729 1512 702
tile 9731 1568 702
tile 9732 1624 702
tile 9733 0 729
tile 9734 56 729
tile 9735 112 729
tile 9736 168 729
tile 9737 224 729
tile 9738 280 729
tile 9739 336 729
tile 9740 392 729
tile 9741 448 729
tile 9742 504 729
tile 9743 560 729
tile 9744 616 729
tile 9745 672 729
tile 9746 728 729
tile 9747 784 729
tile 9754 840 729
tile 9755 896 729
tile 9756 952 729
tile 9757 1008 729
tile 9758 1064 729
tile 9759 1120 729
tile 9760 1176 729
tile 9761 1232 729
tile 9762 1288 729
tile 9763 1344 729
tile 9764 1400 729
tile 9765 1456 729
tile 9766 1512 729
tile 9767 1568 729
tile 9768 1624 729
tile 9769 0 756
tile 9770 56 756
tile 9771 112 756
tile 11668 168 756
tile 11669 224 756
tile 11670 280 756
tile 11671 336 756
tile 11672 392 756
tile 11673 448 756
tile 11674 504 756
tile 11675 560 756
tile 11676 616 756
tile 12251 672 756
tile 12252 728 756
tile 12258 784 756
tile 12259 840 756
tile 12275 896 756
tile 12276 952 756
tile 12277 1008 756
tile 12278 1064 756
tile 12279 1120 756
tile 12280 1176 756
tile 12281 1232 756
tile 12282 1288 756
tile 12283 1344 756
tile 12284 1400 756
tile 12285 1456 756
tile 12286 1512 756
tile 12287 1568 756
tile 12288 1624 756
tile 12289 0 783
tile 12290 56 783
tile 12291 112 783
tile 12292 168 783
tile 12293 224 783
tile 12294 280 783
tile 12295 336 783
tile 12296 392 783
tile 12297 448 783
tile 12298 504 783
tile 12299 560 783
picture 10015 868 388 32 0
picture 10016 868 484 31 0
picture 10017 840 248 47 0
picture 10018 840 200 48 0
picture 10019 644 734 144 0
picture 10020 532 339 167 0
picture 10021 336 609 202 0
picture 10022 252 417 207 0
picture 10023 392 0 199 0
picture 10024 56 498 247 0
picture 10025 0 262 261 0
picture 10026 28 517 251 0
picture 10027 140 0 227 0
picture 10028 84 739 240 0
picture 10029 112 240 239 0
picture 10030 140 680 225 0
picture 10031 168 225 224 0
picture 10032 280 619 205 0
picture 10033 364 202 201 0
picture 10034 504 699 170 0
picture 10035 728 574 101 0
picture 10036 700 402 131 0
picture 10037 588 475 154 0
picture 10038 392 783 192 0
picture 10039 280 207 206 0
picture 10040 252 209 208 0
picture 10041 168 671 221 0
picture 10042 308 820 203 0
picture 10043 504 528 171 0
picture 10044 56 745 247 0
picture 10045 0 523 261 0
picture 10046 84 0 247 0
picture 10047 140 227 227 0
picture 10048 112 0 240 0
picture 10049 28 768 250 0
picture 10050 644 297 146 0
picture 10051 616 456 150 0
picture 10052 672 569 138 0
picture 10053 728 773 96 0
picture 10054 700 270 132 0
picture 10055 476 370 181 0
picture 10056 420 0 192 0
picture 10057 476 732 180 0
picture 10058 560 330 164 0
picture 10059 672 844 136 0
picture 10060 616 606 150 0
picture 10061 448 0 189 0
picture 10062 196 0 220 0
picture 10063 308 0 205 0
picture 10064 504 0 176 0
picture 10065 644 878 143 0
picture 10066 756 92 89 0
picture 10067 728 117 116 0
picture 10068 532 840 165 0
picture 10069 392 397 193 0
picture 10070 252 0 209 0
picture 10071 168 449 222 0
picture 10072 336 811 202 0
picture 10073 532 0 170 0
picture 10074 700 905 117 0
picture 10075 756 181 89 0
picture 10076 756 623 84 0
picture 10077 672 0 143 0
picture 10078 420 576 191 0
picture 10079 308 205 205 0
picture 10080 364 604 200 0
picture 10081 448 564 186 0
picture 10082 588 783 153 0
picture 10083 784 79 73 0
picture 10084 840 888 38 0
picture 10085 728 233 116 0
picture 10086 560 0 165 0
picture 10087 392 199 198 0
picture 10088 224 0 216 0
picture 10089 112 711 229 0
picture 10090 364 403 201 0
picture 10091 532 170 169 0
picture 10092 728 0 117 0
picture 10093 756 270 89 0
picture 10094 756 707 84 0
picture 10095 672 143 143 0
picture 10096 420 767 191 0
picture 10097 308 410 205 0
picture 10098 364 804 200 0
picture 10099 448 750 186 0
picture 10100 616 0 153 0
picture 10101 784 152 73 0
picture 10102 840 964 37 0
picture 10103 728 464 110 0
picture 10104 588 0 159 0
picture 10105 448 377 187 0
picture 10106 336 0 203 0
picture 10107 224 216 216 0
picture 10108 336 203 203 0
picture 10109 196 440 219 0
picture 10110 280 413 206 0
picture 10111 504 176 176 0
picture 10112 588 318 157 0
picture 10113 756 359 89 0
picture 10115 224 648 210 0
picture 10116 196 659 219 0
picture 10117 308 615 205 0
picture 10118 504 352 176 0
picture 10119 672 286 143 0
picture 10121 700 0 136 0
picture 10122 644 0 149 0
picture 10123 420 192 192 0
picture 10124 196 220 220 0
picture 10125 0 0 262 0
picture 10126 28 260 257 0
picture 10127 112 479 232 0
picture 10128 560 165 165 0
picture 10129 728 869 95 0
picture 10130 728 349 115 0
picture 10131 560 494 164 0
picture 10132 420 384 192 0
picture 10133 224 432 216 0
picture 10134 56 0 249 0
picture 10135 56 249 249 0
picture 10136 784 0 79 0
picture 10137 364 0 202 0
picture 10138 448 189 188 0
picture 10139 616 756 150 0
picture 10141 840 295 46 0
picture 10142 840 387 45 0
picture 10143 840 432 45 0
picture 10144 840 341 46 0
picture 10145 868 661 24 0
picture 10146 840 606 41 0
picture 10147 840 647 41 0
picture 10148 840 688 41 0
picture 10149 840 729 41 0
picture 10152 868 685 23 0
picture 10153 868 708 23 0
picture 10168 868 218 34 0
picture 10169 868 577 28 0
picture 10170 868 515 31 0
picture 10171 840 770 40 0
picture 10174 868 0 37 0
picture 10175 868 252 34 0
picture 10176 868 37 37 0
picture 10177 868 286 34 0
picture 10178 868 74 37 0
picture 10179 840 926 38 0
picture 10180 868 320 34 0
picture 10181 868 354 34 0
picture 10182 840 564 42 0
picture 10183 868 111 37 0
picture 10231 644 589 145 0
picture 10232 532 506 167 0
picture 10233 336 406 203 0
picture 10234 252 624 207 0
picture 10235 476 0 185 0
picture 10236 588 629 154 0
picture 10237 756 536 87 0
picture 10238 700 787 118 0
picture 10239 700 136 134 0
picture 10240 616 305 151 0
picture 10241 644 149 148 0
picture 10242 616 153 152 0
picture 10243 672 429 140 0
picture 10244 728 675 98 0
picture 10245 644 443 146 0
picture 10246 532 673 167 0
picture 10247 84 247 246 0
picture 10248 28 0 260 0
picture 10249 84 493 246 0
picture 10250 140 454 226 0
picture 10251 168 0 225 0
picture 10252 280 0 207 0
picture 10483 672 707 137 0
picture 10484 560 822 162 0
picture 10485 476 185 185 0
picture 10486 392 590 193 0
picture 10487 476 551 181 0
picture 10488 560 658 164 0
picture 11541 700 533 127 0
picture 11542 700 660 127 0
picture 11543 756 0 92 0
picture 11544 756 448 88 0
picture 11545 784 645 69 0
picture 11546 784 714 69 0
picture 11950 868 148 35 0
picture 11951 812 66 63 0
picture 11952 840 102 49 0
picture 11953 756 791 83 0
picture 11954 756 874 83 0
picture 11955 868 605 28 0
picture 11961 868 633 28 0
picture 11962 840 477 44 0
picture 11963 840 151 49 0
picture 11964 868 183 35 0
picture 12145 812 436 56 0
picture 12146 812 940 53 0
picture 12158 868 420 32 0
picture 12592 812 378 58 0
picture 12593 784 225 70 0
picture 12594 812 129 63 0
picture 12595 840 0 51 0
picture 12596 812 492 56 0
picture 12597 784 783 68 0
picture 12598 784 295 70 0
picture 12599 812 548 56 0
picture 12600 812 317 61 0
picture 12601 784 365 70 0
picture 12602 784 435 70 0
picture 12603 812 604 56 0
picture 12604 812 660 56 0
picture 12605 784 505 70 0
picture 12606 784 851 68 0
picture 12607 812 716 56 0
picture 12608 840 51 51 0
picture 12609 812 192 63 0
picture 12610 784 575 70 0
picture 12611 812 772 56 0
picture 12612 812 255 62 0
picture 12613 840 521 43 0
picture 12614 784 919 66 0
picture 12615 812 0 66 0
picture 12616 840 810 39 0
picture 12617 840 849 39 0
picture 12620 812 828 56 0
picture 12629 812 884 56 0
picture 12630 868 452 32 0
picture 12631 868 546 31 0
picture 18675 588 159 159 0
object 15 0 left 10180
object 15 0 right 10181
object 39 0 left 10174
object 39 0 right 10175
object 41 0 left 10180
object 41 0 right 10181
object 43 0 left 12600
object 44 0 left 12601
object 45 0 left 12602
object 45 0 right 12603
object 46 0 left 12596
object 47 0 left 12597
object 48 0 left 12598
object 48 0 right 12599
object 6 1 right 10488
object 15 1 left 10180
object 15 1 right 10181
object 21 1 right 10252
object 24 1 right 12611
object 25 1 right 12158
object 37 1 right 10075
object 39 1 left 10170
object 39 1 right 10171
object 40 1 left 12620
object 40 1 right 12629
object 41 1 left 10178
object 41 1 right 10179
object 43 1 left 12614
object 43 1 right 12615
object 44 1 left 10178
object 44 1 right 10179
object 48 1 right 12611
object 49 1 left 10174
object 49 1 right 10175
object 6 2 right 10487
object 15 2 left 10180
object 15 2 right 10181
object 21 2 right 10251
object 24 2 right 12610
object 37 2 right 10074
object 38 2 left 11961
object 38 2 right 10179
object 39 2 left 11962
object 40 2 left 11963
object 40 2 right 11964
object 41 2 left 10168
object 41 2 right 10169
object 48 2 right 12610
object 49 2 left 12616
object 49 2 right 12617
object 4 3 left 10483
object 5 3 left 10484
object 6 3 left 10485
object 6 3 right 10486
object 21 3 right 10250
object 24 3 left 12608
object 24 3 right 12609
object 25 3 left 10178
object 25 3 right 10179
object 37 3 right 10073
object 48 3 left 12608
object 48 3 right 12609
object 18 4 left 10245
object 19 4 left 10246
object 20 4 left 10247
object 21 4 left 10248
object 21 4 right 10249
object 33 4 left 10067
object 34 4 left 10068
object 35 4 left 10069
object 36 4 left 10070
object 37 4 left 10071
object 37 4 right 10072
object 31 5 right 10244
object 19 6 left 10176
object 19 6 right 10177
object 31 6 right 10243
object 31 7 right 10242
object 35 7 left 11541
object 35 7 right 11542
object 44 7 left 12600
object 45 7 left 12601
object 46 7 left 12602
object 46 7 right 12603
object 47 7 left 12614
object 47 7 right 12615
object 29 8 left 10238
object 30 8 left 10239
object 31 8 left 10240
object 31 8 right 10241
object 33 8 left 11545
object 33 8 right 11546
object 38 8 left 11543
object 38 8 right 11544
object 42 8 left 10180
object 42 8 right 10181
object 44 8 left 12592
object 45 8 left 12593
object 46 8 left 12594
object 46 8 right 12595
object 47 8 left 10178
object 47 8 right 10179
object 42 9 left 10178
object 42 9 right 10179
object 45 9 left 12612
object 45 9 right 12613
object 28 10 left 11961
object 28 10 right 10179
object 39 10 left 11545
object 39 10 right 11546
object 42 10 left 10168
object 42 10 right 10169
object 17 11 right 10084
object 35 11 left 11543
object 35 11 right 11544
object 17 12 right 10083
object 25 12 left 10178
object 25 12 right 10179
object 38 12 left 11545
object 38 12 right 11546
object 17 13 right 10082
object 22 13 right 10488
object 31 13 left 12592
object 32 13 left 12593
object 33 13 left 12594
object 33 13 right 12595
object 34 13 left 12145
object 34 13 right 12146
object 44 13 left 12630
object 44 13 right 12631
object 48 13 right 12607
object 49 13 left 12612
object 49 13 right 12613
object 4 14 left 10176
object 4 14 right 10177
object 5 14 left 10143
object 5 14 right 10144
object 6 14 left 10178
object 6 14 right 10179
object 17 14 right 10081
object 22 14 right 10487
object 27 14 left 10178
object 27 14 right 10179
object 31 14 left 12620
object 31 14 right 12629
object 32 14 left 10178
object 32 14 right 10179
object 38 14 left 10178
object 38 14 right 10179
object 39 14 left 10178
object 39 14 right 10179
object 48 14 right 12606
object 49 14 left 10178
object 49 14 right 10179
object 5 15 left 10174
object 5 15 right 10175
object 6 15 left 10180
object 6 15 right 10181
object 14 15 left 10076
object 15 15 left 10077
object 16 15 left 10078
object 17 15 left 10079
object 17 15 right 10080
object 20 15 left 10483
object 21 15 left 10484
object 22 15 left 10485
object 22 15 right 10486
object 38 15 left 10178
object 38 15 right 10179
object 44 15 right 12611
object 48 15 left 12604
object 48 15 right 12605
object 49 15 left 10174
object 49 15 right 10175
object 5 16 left 10170
object 5 16 right 10171
object 6 16 left 10182
object 6 16 right 10183
object 21 16 right 10066
object 28 16 left 10176
object 28 16 right 10177
object 44 16 right 12610
object 45 16 right 11955
object 21 17 right 10065
object 28 17 left 10170
object 28 17 right 10171
object 29 17 right 10145
object 41 17 left 12600
object 42 17 left 12601
object 43 17 left 12602
object 43 17 right 12603
object 44 17 left 12608
object 44 17 right 12609
object 45 17 left 11953
object 45 17 right 11954
object 21 18 right 10064
object 27 18 left 10176
object 27 18 right 10177
object 28 18 left 10143
object 28 18 right 10144
object 29 18 left 10178
object 29 18 right 10179
object 39 18 right 10244
object 41 18 left 12614
object 41 18 right 12615
object 44 18 left 10178
object 44 18 right 10179
object 49 18 left 10180
object 49 18 right 10181
object 21 19 right 10063
object 28 19 left 10174
object 28 19 right 10175
object 29 19 left 10180
object 29 19 right 10181
object 39 19 right 10243
object 48 19 left 12620
object 48 19 right 12629
object 49 19 left 10178
object 49 19 right 10179
object 4 20 right 10236
object 18 20 left 10176
object 18 20 right 10177
object 19 20 left 10059
object 20 20 left 10060
object 21 20 left 10061
object 21 20 right 10062
object 28 20 left 10170
object 28 20 right 10171
object 29 20 left 10182
object 29 20 right 10183
object 32 20 left 10170
object 32 20 right 10171
object 39 20 right 10242
object 49 20 left 10168
object 49 20 right 10169
object 4 21 right 10235
object 18 21 left 10170
object 18 21 right 10171
object 19 21 right 10145
object 37 21 left 10238
object 38 21 left 10239
object 39 21 left 10240
object 39 21 right 10241
object 44 21 right 10082
object 2 22 left 10231
object 3 22 left 10232
object 4 22 left 10233
object 4 22 right 10234
object 44 22 right 10081
object 49 22 right 10236
object 7 23 right 11952
object 41 23 left 10076
object 42 23 left 10077
object 43 23 left 10078
object 44 23 left 10079
object 44 23 right 10080
object 49 23 right 10235
object 7 24 left 11950
object 7 24 right 11951
object 29 24 left 10180
object 29 24 right 10181
object 30 24 left 10146
object 30 24 right 10147
object 47 24 left 10231
object 48 24 left 10232
object 49 24 left 10233
object 49 24 right 10234
object 29 25 left 10178
object 29 25 right 10179
object 30 25 left 10178
object 30 25 right 10179
object 44 25 right 10084
object 13 26 left 10176
object 13 26 right 10177
object 14 26 left 11962
object 15 26 left 11963
object 15 26 right 11964
object 27 26 left 10176
object 27 26 right 10177
object 44 26 right 10083
object 44 27 right 10082
object 44 28 right 10081
object 37 29 right 10075
object 41 29 left 10076
object 42 29 left 10077
object 43 29 left 10078
object 44 29 left 10079
object 44 29 right 10080
object 2 30 right 10488
object 37 30 right 10074
object 39 30 left 10152
object 39 30 right 10153
object 2 31 right 10487
object 37 31 right 10073
object 0 32 left 10483
object 1 32 left 10484
object 2 32 left 10485
object 2 32 right 10486
object 23 32 right 10236
object 32 32 left 10180
object 32 32 right 10181
object 33 32 left 10067
object 34 32 left 10068
object 35 32 left 10069
object 36 32 left 10070
object 37 32 left 10071
object 37 32 right 10072
object 23 33 right 10235
object 31 33 left 10180
object 31 33 right 10181
object 32 33 left 10180
object 32 33 right 10181
object 33 33 left 10180
object 33 33 right 10181
object 11 34 left 10152
object 11 34 right 10153
object 21 34 left 10231
object 22 34 left 10232
object 23 34 left 10233
object 23 34 right 10234
object 3 35 right 10244
object 11 35 left 10148
object 11 35 right 10149
object 20 35 right 10102
object 31 35 left 10180
object 31 35 right 10181
object 1 36 left 10152
object 1 36 right 10153
object 3 36 right 10243
object 20 36 right 10101
object 3 37 right 10242
object 12 37 right 10139
object 17 37 right 10129
object 20 37 right 10100
object 0 38 left 10237
object 1 38 left 10238
object 2 38 left 10239
object 3 38 left 10240
object 3 38 right 10241
object 12 38 left 10178
object 12 38 right 10138
object 17 38 right 10128
object 20 38 right 10099
object 32 38 right 10252
object 48 38 right 10053
object 12 39 left 10136
object 12 39 right 10137
object 13 39 left 10121
object 14 39 left 10122
object 14 39 right 10122
object 15 39 left 10123
object 15 39 right 10124
object 17 39 left 10094
object 17 39 right 10127
object 18 39 left 10095
object 19 39 left 10096
object 20 39 left 10097
object 20 39 right 10098
object 32 39 right 10251
object 48 39 right 10052
object 11 40 right 10113
object 17 40 left 10125
object 17 40 right 10126
object 19 40 left 10093
object 24 40 right 10066
object 32 40 right 10250
object 42 40 right 10058
object 48 40 right 10051
object 9 41 left 10130
object 10 41 left 10131
object 11 41 left 10132
object 11 41 right 10112
object 12 41 left 10133
object 13 41 left 10134
object 13 41 right 10135
object 19 41 left 10092
object 24 41 right 10065
object 29 41 left 10245
object 30 41 left 10246
object 31 41 left 10247
object 32 41 left 10248
object 32 41 right 10249
object 42 41 right 10057
object 47 41 left 10048
object 48 41 left 10049
object 48 41 right 10050
object 11 42 right 10111
object 13 42 right 10119
object 15 42 left 10178
object 15 42 right 10179
object 19 42 left 10091
object 24 42 right 10064
object 41 42 left 10054
object 42 42 left 10055
object 42 42 right 10056
object 46 42 right 10047
object 49 42 right 10035
object 1 43 left 10170
object 1 43 right 10171
object 11 43 right 10110
object 13 43 right 10118
object 15 43 left 10085
object 15 43 right 10177
object 16 43 left 10086
object 17 43 left 10087
object 17 43 right 10091
object 18 43 left 10088
object 19 43 left 10089
object 19 43 right 10090
object 24 43 right 10063
object 30 43 left 10176
object 30 43 right 10177
object 43 43 right 10043
object 45 43 left 10044
object 46 43 left 10045
object 46 43 right 10046
object 49 43 left 10033
object 49 43 right 10034
object 11 44 right 10109
object 13 44 right 10117
object 21 44 left 10076
object 22 44 left 10059
object 23 44 left 10060
object 24 44 left 10061
object 24 44 right 10062
object 30 44 left 10170
object 30 44 right 10171
object 31 44 right 10145
object 42 44 left 10040
object 43 44 left 10041
object 43 44 right 10042
object 47 44 left 10030
object 48 44 left 10031
object 48 44 right 10032
object 7 45 left 10103
object 8 45 left 10104
object 9 45 left 10105
object 10 45 left 10106
object 11 45 left 10107
object 11 45 right 10108
object 13 45 left 10115
object 13 45 right 10116
object 22 45 left 10141
object 22 45 right 10142
object 30 45 left 10168
object 30 45 right 10169
object 31 45 left 10143
object 31 45 right 10144
object 41 45 left 10038
object 41 45 right 10039
object 46 45 left 10028
object 46 45 right 10029
object 40 46 left 10036
object 40 46 right 10037
object 41 46 left 18675
object 43 46 left 10015
object 43 46 right 10016
object 45 46 right 10027
object 43 47 left 10023
object 44 47 left 10024
object 45 47 left 10025
object 45 47 right 10026
object 9 48 right 10084
object 40 48 left 10019
object 41 48 left 10020
object 42 48 left 10021
object 42 48 right 10022
object 43 48 left 10143
object 43 48 right 10144
object 48 48 left 10017
object 48 48 right 10018
object 9 49 right 10083
