# lod20379 — tools/dat-extract layout 이 만든다. 손으로 고치지 말 것.
size 20 20
blocked
####################
########............
########............
#......#.###.###..#.
#......#............
#......#..#.........
#...####..#..###....
##..#.....#.........
##..#...............
#...#...............
##..#...............
##..#....####.......
##..#....####.......
##..#....####.......
#...#....####.......
#...#...............
#...#...#...#...#...
#...#..###.###.###..
##..#...###.###.###.
#####....#...#...#..
floor
9160 9165 9170 9175 9200 9205 9210 9215 9160 9165 9170 9175 9200 9205 9210 9215 9160 9165 9170 9160
9159 9164 9169 9215 9199 9204 9209 9214 9159 9164 9169 9174 9199 9204 9209 9214 9159 9164 9169 9159
9158 9163 9168 9214 9198 9203 9208 9213 9158 9163 9168 9173 9198 9203 9208 9213 9158 9163 9168 9158
9196 9162 9167 9174 9197 9202 9207 9212 9157 9162 9167 9172 9197 9202 9207 9212 9157 9162 9167 9157
9160 9161 9166 9173 9196 9201 9206 9211 9156 9161 9166 9171 9196 9201 9206 9211 9156 9161 9166 9156
9200 9205 9210 9215 9160 9165 9170 9175 9200 9205 9210 9215 9160 9165 9170 9175 9200 9205 9210 9200
9199 9204 9209 9214 9159 9164 9169 9174 9199 9204 9209 9214 9159 9164 9169 9174 9199 9204 9209 9199
9198 9203 9208 9213 9158 11081 11064 11065 11066 11067 11082 9213 9158 9163 9168 9173 9198 9203 9208 9198
9197 9202 9207 9212 9157 11075 11511 11515 11519 11522 11079 9212 9157 9162 9167 9172 9197 9162 7941 7938
9196 9201 9206 9211 9156 11074 11510 11514 11518 11521 11078 9211 9156 9161 9166 9171 9160 9161 7920 7937
9160 9165 9170 9175 9200 11073 11509 11513 11517 11520 11077 9195 9200 9205 9210 9215 9159 9205 7918 7937
9159 9164 9169 9174 9199 11072 11056 11512 11516 11053 11076 9194 9199 9204 9209 9214 9158 9204 7932 7929
9158 9183 9168 9173 9198 11080 11068 11069 11069 11070 11083 9193 9198 9203 9208 9213 9157 9162 9167 9158
9198 9182 9167 9172 9197 9202 9207 9212 9177 9182 9187 9192 9197 9202 9207 9212 9156 9161 9166 9157
9197 9181 9166 9171 9196 9201 9206 9211 9176 9181 9186 9191 9196 9201 9206 9211 9200 9205 9210 9156
9200 9205 9210 9215 9160 9165 9170 9175 9200 9205 9210 9215 9180 9185 9190 9195 9199 9204 9209 9200
9199 9204 9209 9214 9159 9164 9169 9174 9199 9204 9209 9214 9179 9219 9222 9194 9198 9203 9208 9199
9198 9203 9208 9213 9158 9204 9209 9214 9179 9203 9208 9213 9178 9218 9221 9224 9197 9202 9207 9198
9197 9202 9207 9212 9157 9203 9208 9212 9180 9185 9190 9195 9177 9217 9220 9223 9160 9165 9170 9197
9160 9165 9170 9175 9200 9205 9210 9215 9179 9184 9189 9194 9200 9205 9210 9215 9160 9165 9170 9160
tile 7918 0 0
tile 7920 56 0
tile 7929 112 0
tile 7932 168 0
tile 7937 224 0
tile 7938 280 0
tile 7941 336 0
tile 9156 392 0
tile 9157 448 0
tile 9158 504 0
tile 9159 560 0
tile 9160 0 27
tile 9161 56 27
tile 9162 112 27
tile 9163 168 27
tile 9164 224 27
tile 9165 280 27
tile 9166 336 27
tile 9167 392 27
tile 9168 448 27
tile 9169 504 27
tile 9170 560 27
tile 9171 0 54
tile 9172 56 54
tile 9173 112 54
tile 9174 168 54
tile 9175 224 54
tile 9176 280 54
tile 9177 336 54
tile 9178 392 54
tile 9179 448 54
tile 9180 504 54
tile 9181 560 54
tile 9182 0 81
tile 9183 56 81
tile 9184 112 81
tile 9185 168 81
tile 9186 224 81
tile 9187 280 81
tile 9189 336 81
tile 9190 392 81
tile 9191 448 81
tile 9192 504 81
tile 9193 560 81
tile 9194 0 108
tile 9195 56 108
tile 9196 112 108
tile 9197 168 108
tile 9198 224 108
tile 9199 280 108
tile 9200 336 108
tile 9201 392 108
tile 9202 448 108
tile 9203 504 108
tile 9204 560 108
tile 9205 0 135
tile 9206 56 135
tile 9207 112 135
tile 9208 168 135
tile 9209 224 135
tile 9210 280 135
tile 9211 336 135
tile 9212 392 135
tile 9213 448 135
tile 9214 504 135
tile 9215 560 135
tile 9217 0 162
tile 9218 56 162
tile 9219 112 162
tile 9220 168 162
tile 9221 224 162
tile 9222 280 162
tile 9223 336 162
tile 9224 392 162
tile 11053 448 162
tile 11056 504 162
tile 11064 560 162
tile 11065 0 189
tile 11066 56 189
tile 11067 112 189
tile 11068 168 189
tile 11069 224 189
tile 11070 280 189
tile 11072 336 189
tile 11073 392 189
tile 11074 448 189
tile 11075 504 189
tile 11076 560 189
tile 11077 0 216
tile 11078 56 216
tile 11079 112 216
tile 11080 168 216
tile 11081 224 216
tile 11082 280 216
tile 11083 336 216
tile 11509 392 216
tile 11510 448 216
tile 11511 504 216
tile 11512 560 216
tile 11513 0 243
tile 11514 56 243
tile 11515 112 243
tile 11516 168 243
tile 11517 224 243
tile 11518 280 243
tile 11519 336 243
tile 11520 392 243
tile 11521 448 243
tile 11522 504 243
picture 10255 168 858 53 0
picture 10256 168 911 53 0
picture 10286 84 575 85 0
picture 10287 84 660 85 0
picture 10288 112 556 74 0
picture 10289 112 402 77 0
picture 10290 112 479 77 0
picture 10291 112 630 74 0
picture 10306 84 745 85 0
picture 10307 84 830 85 0
picture 10368 196 252 47 0
picture 10369 196 104 50 0
picture 10372 168 964 53 0
picture 10373 196 0 53 0
picture 10810 196 53 51 0
picture 10811 84 915 84 0
picture 10812 84 0 98 0
picture 10813 84 196 97 0
picture 10814 84 98 98 0
picture 10815 84 390 96 0
picture 10816 84 486 89 0
picture 10817 196 299 47 0
picture 10841 140 138 68 0
picture 10842 112 704 74 0
picture 10843 140 816 66 0
picture 10844 196 346 47 0
picture 11007 140 882 63 0
picture 11008 168 188 58 0
picture 11009 168 246 58 0
picture 11010 140 945 63 0
picture 11011 112 922 69 0
picture 11012 140 206 68 0
picture 11013 140 274 68 0
picture 11014 140 0 69 0
picture 11313 168 478 55 0
picture 11314 168 0 63 0
picture 11315 168 304 58 0
picture 11316 196 547 34 0
picture 11317 196 581 34 0
picture 11318 168 362 58 0
picture 11319 168 63 63 0
picture 11320 168 533 55 0
picture 11345 196 477 35 0
picture 11346 196 512 35 0
picture 11971 28 264 118 0
picture 11972 0 0 132 0
picture 11973 28 382 118 0
picture 12009 28 500 118 0
picture 12010 0 132 132 0
picture 12011 28 618 118 0
picture 12012 28 736 118 0
picture 12013 0 264 132 0
picture 12014 28 854 118 0
picture 12015 140 342 68 0
picture 12016 112 84 82 0
picture 12017 140 410 68 0
picture 12018 112 324 78 0
picture 12019 112 852 70 0
picture 12020 140 478 68 0
picture 12021 168 588 54 0
picture 12022 168 420 58 0
picture 12023 84 293 97 0
picture 12024 112 0 84 0
picture 12025 168 126 62 0
picture 12026 112 166 79 0
picture 12027 112 245 79 0
picture 12031 196 393 44 0
picture 12032 140 69 69 0
picture 12033 112 778 74 0
picture 12034 196 437 40 0
picture 12035 140 682 67 0
picture 12036 140 749 67 0
picture 12037 196 154 49 0
picture 12038 196 203 49 0
picture 12039 168 642 54 0
picture 12040 140 546 68 0
picture 12041 168 696 54 0
picture 12042 168 750 54 0
picture 12043 140 614 68 0
picture 12044 168 804 54 0
picture 12642 56 0 118 0
picture 12643 0 396 132 0
picture 12644 56 118 118 0
picture 12645 56 236 118 0
picture 12646 0 528 132 0
picture 12647 56 354 118 0
picture 12648 56 472 118 0
picture 12649 0 660 132 0
picture 12650 56 590 118 0
picture 12651 56 708 118 0
picture 12652 0 792 132 0
picture 12653 56 826 118 0
picture 12654 28 0 132 0
picture 12655 28 132 132 0
object 1 0 left 12655
object 1 0 right 12653
object 2 0 left 12652
object 2 0 right 12653
object 3 0 left 12648
object 4 0 left 12649
object 4 0 right 12650
object 5 0 left 12651
object 6 0 left 12652
object 6 0 right 12653
object 7 0 left 12648
object 8 0 left 12649
object 8 0 right 12650
object 9 0 left 12651
object 10 0 left 12652
object 10 0 right 12653
object 11 0 left 12648
object 12 0 left 12649
object 12 0 right 12650
object 13 0 left 12651
object 14 0 left 12652
object 14 0 right 12653
object 15 0 left 12648
object 16 0 left 12649
object 16 0 right 12650
object 17 0 left 12648
object 18 0 left 12652
object 18 0 right 12653
object 19 0 left 12649
object 19 0 right 12650
object 0 1 left 12645
object 0 1 right 12654
object 6 1 right 10817
object 7 1 right 12044
object 0 2 left 12645
object 0 2 right 12646
object 1 2 left 10810
object 2 2 left 10811
object 3 2 left 10812
object 4 2 left 10813
object 5 2 left 10814
object 6 2 left 10815
object 6 2 right 10816
object 7 2 left 12042
object 7 2 right 12043
object 0 3 right 11973
object 7 3 right 12024
object 9 3 left 11345
object 9 3 right 11346
object 10 3 left 12037
object 10 3 right 12038
object 11 3 left 11345
object 11 3 right 11346
object 13 3 left 11319
object 13 3 right 11320
object 14 3 left 12035
object 14 3 right 12036
object 15 3 left 11317
object 15 3 right 11318
object 18 3 left 12037
object 18 3 right 12038
object 0 4 left 11971
object 0 4 right 11972
object 7 4 left 12022
object 7 4 right 12023
object 0 5 right 12014
object 7 5 right 12017
object 10 5 left 11313
object 10 5 right 11314
object 0 6 left 12012
object 0 6 right 12013
object 4 6 right 12044
object 5 6 left 12025
object 6 6 left 12026
object 6 6 right 12027
object 7 6 left 12015
object 7 6 right 12016
object 10 6 left 12037
object 10 6 right 12038
object 13 6 left 11011
object 13 6 right 11012
object 14 6 left 12035
object 14 6 right 12036
object 15 6 left 11009
object 15 6 right 11010
object 0 7 right 12647
object 1 7 left 10286
object 1 7 right 10287
object 4 7 left 12042
object 4 7 right 12043
object 10 7 left 11315
object 10 7 right 11316
object 0 8 left 12645
object 0 8 right 12646
object 1 8 left 10368
object 1 8 right 10369
object 4 8 right 12041
object 0 9 right 12647
object 4 9 left 12039
object 4 9 right 12040
object 0 10 left 12645
object 0 10 right 12646
object 1 10 left 10255
object 1 10 right 10256
object 4 10 right 12021
object 0 11 right 12644
object 1 11 right 10844
object 4 11 right 12020
object 9 11 left 11013
object 9 11 right 11014
object 10 11 left 11013
object 10 11 right 11014
object 11 11 left 11013
object 11 11 right 11014
object 12 11 left 11013
object 12 11 right 11014
object 0 12 left 12642
object 0 12 right 12643
object 1 12 right 10843
object 4 12 left 12018
object 4 12 right 12019
object 10 12 right 12034
object 12 12 right 12034
object 0 13 right 12011
object 1 13 left 10841
object 1 13 right 10842
object 4 13 right 12024
object 9 13 left 12031
object 10 13 left 12032
object 10 13 right 12033
object 11 13 left 12031
object 12 13 left 12032
object 12 13 right 12033
object 0 14 left 12009
object 0 14 right 12010
object 4 14 left 12022
object 4 14 right 12023
object 9 14 left 11007
object 9 14 right 11008
object 10 14 left 11007
object 10 14 right 11008
object 11 14 left 11007
object 11 14 right 11008
object 12 14 left 11007
object 12 14 right 11008
object 0 15 right 12014
object 4 15 right 12017
object 0 16 left 12012
object 0 16 right 12013
object 4 16 left 12015
object 4 16 right 12016
object 8 16 left 11013
object 8 16 right 11014
object 12 16 left 11013
object 12 16 right 11014
object 16 16 left 11013
object 16 16 right 11014
object 0 17 right 12647
object 4 17 right 12044
object 7 17 left 11011
object 7 17 right 11012
object 9 17 right 12034
object 11 17 left 11011
object 11 17 right 11012
object 13 17 right 12034
object 15 17 left 11011
object 15 17 right 11012
object 17 17 right 12034
object 0 18 left 12645
object 0 18 right 12646
object 1 18 left 10290
object 1 18 right 10291
object 4 18 left 12042
object 4 18 right 12043
object 8 18 left 12031
object 9 18 left 12032
object 9 18 right 12033
object 10 18 left 11009
object 10 18 right 11010
object 12 18 left 12031
object 13 18 left 12032
object 13 18 right 12033
object 14 18 left 11009
object 14 18 right 11010
object 16 18 left 12031
object 17 18 left 12032
object 17 18 right 12033
object 18 18 left 11009
object 18 18 right 11010
object 0 19 left 12642
object 0 19 right 12644
object 1 19 left 10288
object 1 19 right 10289
object 2 19 left 10306
object 2 19 right 10307
object 3 19 left 10372
object 3 19 right 10373
object 4 19 left 12039
object 4 19 right 12040
object 9 19 left 11007
object 9 19 right 11008
object 13 19 left 11007
object 13 19 right 11008
object 17 19 left 11007
object 17 19 right 11008
