# lod20832 — tools/dat-extract layout 이 만든다. 손으로 고치지 말 것.
size 50 50
blocked
##################################################
##################################################
#####.##.#########################################
####....#.########################################
####.....#.#######################################
###.#.......######################################
#####........##########################.####.....#
######.......###########################.##......#
######.......###......########.#........#........#
######.......................#.#.................#
######............................................
######...........................................#
#####............................................#
#######..........................................#
#########........................................#
##########.......................................#
############.....................................#
############.....................................#
############.....................................#
##.#########.....................................#
###########......................................#
##.#..####.......................................#
###..............................................#
###..............................................#
####.............................................#
####.............................................#
#####............................................#
#####............................................#
#####............................................#
#####............................................#
#####...........................#####............#
#####.........................#########..........#
#####.........................#########..........#
#####........................##########..........#
######.......................###########.........#
#######......................###########.........#
########....................##############.......#
#########...................##############.......#
##########....................#############......#
##########....................##############.....#
#########......................#############.....#
########..........................#########......#
#########.........................########.......#
##########..........................#####........#
##########...........................###.........#
##########............................##.........#
###########......................................#
############.....................................#
############.....................................#
##################.###############################
floor
3759 3759 3759 3770 3771 3772 3781 3782 3783 3754 3754 3754 3759 3759 3776 3777 3778 3775 3776 3777 3778 3787 3788 3789 3790 3759 3760 3754 3754 3754 3754 3754 3754 3754 3754 3754 3754 3754 3754 3754 3754 3754 3754 3754 3754 3754 3754 3754 3758 3754
3770 3765 3757 3758 3777 3778 3787 3788 3789 3790 3759 3760 3780 3781 3782 3783 3784 3754 3782 3783 3784 3761 3762 3763 3764 3765 3766 3754 3771 3772 3757 3758 3759 3784 3784 3784 3784 3784 3784 3784 3784 3782 3783 3784 3749 3782 3775 3776 3765 3754
3770 3765 3763 3764 3780 3784 3774 3762 3763 3764 3765 3766 3786 3787 3788 3789 3790 3760 3788 3789 3790 3767 3768 3769 3770 3771 3772 3754 3777 3778 3763 3764 3765 3766 3786 3787 3788 3789 3790 3784 3787 3788 3789 3790 3754 3788 3754 3782 3783 3754
3770 3765 3769 3774 3789 3790 3767 3768 3774 3770 3771 3772 3761 3762 3763 3764 3765 3766 3751 3752 3753 3754 3774 3775 3776 3777 3778 3754 3784 3784 3769 3770 3771 3772 3755 3756 3757 3758 3759 3760 3756 3757 3758 3759 3760 3763 3760 3788 3789 3754
3770 3775 3776 3762 3752 3753 3754 3774 3775 3762 3777 3778 3767 3768 3769 3770 3771 3772 3757 3758 3759 3760 3780 3781 3782 3783 3784 3754 3754 3790 3775 3776 3777 3778 3761 3762 3763 3764 3765 3766 3762 3763 3764 3765 3766 3769 3766 3751 3752 3760
3770 3781 3749 3757 3780 3759 3760 3780 3781 3782 3783 3784 3773 3774 3775 3776 3777 3778 3763 3764 3765 3766 3786 3787 3788 3789 3790 3754 3754 3761 3754 3782 3783 3784 3761 3762 3763 3764 3765 3766 3762 3763 3764 3765 3766 3775 3772 3757 3758 3770
3770 3787 3755 3774 3774 3765 3766 3786 3787 3788 3789 3790 3779 3780 3781 3789 3790 3767 3768 3770 3771 3772 3754 3782 3783 3784 3761 3762 3763 3764 3761 3788 3789 3790 3767 3768 3769 3770 3771 3772 3754 3754 3783 3783 3772 3781 3778 3763 3764 3769
3770 3752 3753 3769 3780 3774 3772 3755 3756 3757 3758 3759 3785 3786 3787 3758 3752 3753 3754 3774 3775 3775 3774 3788 3789 3790 3767 3768 3769 3770 3778 3751 3752 3753 3754 3774 3775 3776 3783 3757 3774 3783 3776 3777 3778 3787 3784 3769 3770 3770
3770 3758 3759 3775 3753 3780 3778 3761 3762 3763 3764 3765 3766 3769 3788 3776 3764 3759 3760 3789 3790 3764 3773 3751 3752 3753 3754 3774 3775 3776 3784 3783 3764 3759 3760 3789 3790 3755 3756 3757 3783 3759 3780 3781 3782 3783 3784 0 0 3769
3765 3764 3765 3766 3759 3780 3751 3752 3749 3750 3751 3780 3782 3783 3775 3776 3780 3781 3782 3783 3784 3777 3784 3763 3764 3759 3760 3789 3787 3783 3757 3783 3770 3765 3749 3750 3751 3752 3753 3754 3764 3765 3786 3787 3788 3789 3790 0 0 3757
3765 3770 3771 3772 3765 3762 3757 3758 3755 3756 3757 3765 3788 3759 3754 3782 3786 3787 3788 3789 3790 3775 3776 3780 3781 3782 3783 3784 3762 3752 3753 3775 3776 3752 3755 3756 3757 3758 3759 3760 3770 3771 3749 3750 3751 3752 3753 0 0 3763
3765 3776 3777 3778 3771 3780 3763 3764 3761 3762 3763 3771 3751 3765 3760 3788 3749 3750 3751 3752 3753 3754 3782 3786 3787 3788 3789 3790 3768 3766 3786 3781 3782 3758 3761 3762 3763 3764 3765 3766 3776 3777 3755 3756 3757 3758 3759 0 0 3782
3765 3782 3783 3784 3777 3768 3769 3770 3767 3768 3769 3777 3757 3758 3759 3760 3755 3756 3757 3758 3759 3760 3788 3749 3750 3751 3752 3753 3774 3772 3755 3787 3788 3764 3767 3768 3769 3770 3771 3772 3782 3783 3761 3762 3763 3764 3765 0 0 3775
3765 3788 3789 3790 3783 3774 3775 3776 3773 3774 3775 3783 3763 3764 3765 3749 3761 3783 3784 3760 3764 3767 3768 3755 3756 3757 3758 3759 3780 3781 3782 3783 3784 3770 3773 3774 3775 3776 3777 3749 3750 3751 3787 3749 3750 3751 3752 0 0 3770
3765 3751 3752 3763 3764 3780 3781 3782 3779 3780 3781 3750 3769 3770 3781 3782 3787 3789 3790 3766 3770 3773 3774 3761 3762 3763 3764 3765 3786 3787 3788 3789 3790 3776 3752 3753 3754 3782 3783 3755 3756 3757 3754 3755 3756 3757 3758 0 0 3769
3765 3757 3758 3769 3770 3786 3787 3788 3785 3786 3749 3756 3775 3776 3787 3788 3754 3752 3753 3772 3776 3752 3753 3787 3749 3750 3751 3752 3749 3750 3751 3752 3753 3780 3781 3778 3770 3773 3774 3775 3776 3777 3749 3750 3751 3787 3749 0 0 3775
3765 3763 3764 3765 3766 3749 3750 3751 3752 3753 3755 3762 3781 3782 3763 3764 3749 3758 3759 3778 3782 3758 3759 3754 3755 3756 3757 3758 3755 3756 3757 3758 3759 3761 3762 3763 3764 3765 3765 3766 3772 3768 3769 3770 3771 3772 3781 3778 3763 3775
3765 3769 3790 3771 3772 3755 3756 3757 3758 3759 3761 3768 3787 3788 3769 3770 3778 3764 3765 3784 3788 3764 3765 3749 3750 3751 3787 3749 3761 3762 3763 3764 3765 3786 3787 3788 3789 3790 3775 3777 3778 3774 3775 3776 3777 3778 3787 3784 3769 3770
3765 3775 3784 3777 3778 3761 3762 3763 3764 3765 3767 3774 3775 3776 3777 3778 3775 3751 3752 3790 3763 3770 3771 3778 3774 3775 3776 3777 3787 3749 3750 3751 3752 3761 3762 3763 3764 3765 3766 3776 3777 3761 3762 3763 3764 3765 3749 3750 3751 3769
3778 3763 3771 3752 3784 3767 3768 3769 3770 3771 3773 3780 3781 3782 3783 3784 3754 3757 3758 3759 3753 3754 3785 3750 3751 3752 3762 3757 3754 3755 3756 3757 3758 3767 3768 3769 3770 3771 3772 3782 3783 3787 3749 3750 3751 3752 3755 3756 3757 3775
3784 3769 3779 3752 3753 3754 3774 3775 3776 3777 3779 3786 3787 3788 3789 3790 3760 3775 3776 3787 3788 3754 3755 3756 3757 3758 3768 3777 3749 3750 3751 3787 3749 3773 3774 3775 3776 3777 3749 3750 3751 3754 3755 3756 3757 3758 3761 3762 3763 3770
3790 3775 3750 3776 3752 3751 3776 3780 3774 3788 3764 3769 3772 3773 3774 3775 3776 3781 3782 3763 3764 3749 3750 3751 3787 3749 3772 3768 3769 3770 3771 3772 3776 3752 3753 3754 3782 3783 3755 3756 3757 3760 3761 3762 3763 3764 3767 3768 3769 3769
3769 3770 3757 3755 3756 3757 3758 3756 3757 3773 3770 3775 3778 3779 3780 3781 3782 3787 3788 3769 3770 3778 3774 3775 3776 3777 3778 3774 3775 3776 3777 3778 3782 3758 3759 3760 3788 3789 3761 3762 3763 3766 3767 3768 3769 3770 3773 3774 3775 3775
3775 3776 3780 3782 3783 3784 3749 3775 3776 3777 3754 3788 3784 3785 3786 3787 3788 3754 3758 3761 3762 3763 3764 3765 3766 3776 3777 3761 3762 3763 3764 3765 3788 3764 3765 3749 3750 3751 3767 3768 3769 3772 3773 3774 3775 3776 3752 3753 3754 3770
3790 3786 3787 3774 3789 3790 3754 3781 3782 3783 3775 3776 3780 3781 3782 3783 3784 3760 3764 3767 3768 3769 3770 3771 3772 3782 3783 3787 3749 3750 3751 3752 3763 3770 3771 3755 3756 3757 3773 3774 3775 3778 3779 3780 3781 3782 3758 3759 3760 3775
3759 3760 3756 3757 3758 3759 3760 3787 3788 3759 3754 3782 3786 3787 3788 3789 3790 3766 3770 3773 3774 3775 3776 3777 3749 3750 3751 3754 3755 3756 3757 3758 3753 3754 3785 3786 3787 3788 3789 3790 3775 3784 3785 3786 3787 3788 3764 3765 3749 3770
3765 3783 3784 3785 3753 3787 3749 3750 3751 3765 3760 3788 3749 3750 3751 3752 3753 3772 3776 3752 3753 3754 3782 3783 3755 3756 3757 3760 3761 3762 3763 3764 3759 3760 3789 3790 3755 3756 3757 3758 3759 3780 3781 3782 3783 3784 3770 3773 3774 3769
3765 3789 3790 3752 3753 3754 3755 3756 3757 3758 3759 3760 3755 3756 3757 3758 3759 3778 3782 3758 3759 3760 3788 3789 3761 3762 3763 3766 3767 3768 3769 3770 3765 3749 3750 3751 3752 3753 3754 3764 3765 3786 3787 3788 3789 3790 3776 3779 3780 3775
3765 3754 3757 3758 3759 3760 3761 3762 3763 3764 3765 3749 3761 3762 3763 3764 3765 3784 3788 3764 3765 3749 3750 3751 3767 3768 3769 3772 3773 3774 3775 3776 3752 3755 3756 3757 3758 3759 3760 3770 3771 3749 3750 3751 3752 3753 3754 3785 3786 3770
3759 3760 3763 3764 3765 3766 3767 3768 3769 3770 3781 3782 3787 3749 3750 3751 3752 3790 3763 3770 3771 3755 3756 3757 3773 3774 3775 3778 3779 3780 3781 3782 3758 3761 3762 3763 3764 3765 3766 3776 3777 3755 3756 3757 3758 3759 3760 3789 3790 3769
3765 3766 3769 3770 3771 3772 3773 3774 3775 3776 3787 3788 3754 3755 3756 3757 3758 3759 3753 3754 3785 3786 3787 3788 3789 3790 3775 3784 3772 3754 3759 3760 3756 3757 3758 3759 3760 3757 3758 3759 3760 3769 3770 3771 3764 3765 3749 3750 3751 3775
3771 3772 3775 3776 3777 3778 3779 3780 3781 3782 3763 3764 3749 3750 3751 3787 3749 3772 3759 3760 3789 3790 3755 3756 3757 3758 3759 3780 3778 3760 3765 3766 3762 3763 3764 3765 3766 3763 3764 3765 3766 3775 3776 3777 3751 3752 3755 3756 3757 3770
3777 3778 3781 3782 3783 3784 3785 3786 3787 3788 3769 3770 3778 3774 3775 3776 3777 3778 3765 3749 3750 3751 3752 3753 3754 3764 3765 3786 3784 3766 3771 3772 3768 3769 3770 3771 3772 3769 3770 3771 3772 3781 3782 3783 3757 3758 3761 3762 3763 3769
3783 3784 3753 3754 3750 3751 3752 3753 3754 3763 3775 3776 3772 3761 3762 3763 3764 3765 3752 3755 3756 3757 3758 3759 3760 3770 3771 3749 3790 3772 3777 3778 3774 3775 3776 3777 3778 3775 3776 3777 3778 3787 3788 3789 3787 3749 3789 3789 3789 3775
3789 3790 3759 3760 3756 3757 3758 3759 3760 3769 3781 3782 3778 3787 3749 3750 3751 3752 3758 3761 3762 3763 3764 3765 3766 3776 3777 3755 3777 3778 3783 3784 3780 3781 3782 3783 3784 3754 3782 3783 3784 3761 3762 3763 3770 3771 3772 3781 3778 3763
3763 3764 3765 3766 3762 3763 3764 3765 3766 3775 3787 3788 3765 3754 3755 3756 3757 3758 3764 3767 3768 3769 3770 3771 3772 3782 3783 3761 3783 3784 3789 3790 3786 3787 3788 3789 3790 3760 3788 3789 3790 3767 3768 3769 3776 3777 3778 3787 3784 3769
3766 3769 3770 3771 3772 3781 3782 3783 3784 3785 3786 3787 3752 3760 3761 3762 3763 3764 3770 3773 3774 3775 3776 3777 3749 3750 3751 3787 3789 3790 3758 3759 3761 3762 3763 3764 3765 3766 3751 3752 3753 3754 3774 3775 3763 3764 3765 3749 3750 3751
3772 3775 3776 3777 3778 3787 3788 3789 3790 3752 3753 3754 3758 3766 3767 3768 3769 3770 3776 3752 3753 3754 3782 3783 3755 3756 3757 3754 3752 3763 3764 3765 3767 3768 3769 3770 3771 3772 3757 3758 3759 3760 3780 3781 3750 3751 3752 3755 3756 3757
3778 3781 3749 3750 3751 3752 3753 3754 3757 3758 3759 3760 3764 3772 3773 3774 3775 3776 3758 3761 3762 3763 3764 3765 3765 3766 3772 3768 3758 3769 3770 3771 3773 3774 3775 3776 3777 3778 3763 3764 3765 3766 3786 3787 3756 3757 3758 3761 3762 3763
3784 3787 3755 3756 3757 3758 3759 3760 3763 3764 3765 3766 3770 3778 3779 3780 3781 3782 3785 3786 3787 3788 3789 3790 3775 3777 3778 3774 3764 3775 3776 3777 3779 3780 3781 3782 3783 3784 3769 3770 3771 3772 3755 3756 3762 3763 3764 3767 3768 3769
3751 3752 3753 3754 3763 3764 3765 3766 3769 3770 3771 3772 3776 3784 3785 3786 3787 3788 3758 3761 3762 3763 3764 3765 3766 3776 3777 3761 3770 3781 3782 3783 3785 3786 3787 3788 3789 3790 3775 3776 3777 3778 3761 3762 3768 3769 3770 3773 3774 3775
3757 3758 3759 3760 3769 3770 3771 3772 3775 3776 3777 3778 3782 3780 3781 3782 3783 3784 3764 3767 3768 3769 3770 3771 3772 3782 3783 3787 3776 3787 3788 3789 3790 3757 3758 3759 3779 3780 3781 3782 3783 3784 3767 3768 3774 3775 3776 3752 3753 3754
3763 3764 3765 3766 3775 3776 3777 3778 3781 3782 3783 3784 3788 3786 3787 3788 3789 3790 3770 3773 3774 3775 3776 3777 3749 3750 3751 3754 3782 3763 3764 3765 3766 3763 3764 3765 3785 3786 3787 3788 3789 3790 3773 3774 3780 3781 3782 3758 3759 3760
3769 3770 3771 3772 3781 3782 3783 3784 3753 3754 3750 3751 3784 3749 3750 3751 3752 3753 3776 3752 3753 3754 3782 3783 3755 3756 3757 3760 3788 3769 3770 3771 3772 3769 3770 3771 3772 3762 3763 3764 3765 3766 3779 3780 3786 3787 3788 3764 3765 3749
3775 3776 3777 3770 3787 3788 3789 3790 3759 3760 3756 3757 3790 3755 3756 3757 3758 3759 3782 3758 3759 3760 3788 3789 3761 3762 3763 3766 3763 3775 3776 3777 3778 3775 3776 3777 3778 3768 3769 3770 3771 3772 3785 3786 3782 3783 3784 3770 3773 3774
3754 3782 3783 3784 3761 3762 3763 3764 3765 3766 3762 3763 3753 3761 3762 3763 3764 3765 3788 3764 3765 3749 3750 3751 3767 3768 3769 3772 3769 3781 3782 3783 3784 3781 3782 3783 3784 3774 3775 3776 3777 3778 3755 3756 3788 3789 3790 3776 3779 3780
3770 3788 3789 3790 3767 3768 3769 3770 3771 3772 3768 3769 3759 3787 3749 3750 3751 3752 3763 3770 3771 3755 3756 3757 3773 3774 3775 3778 3779 3780 3781 3782 3760 3752 3755 3756 3757 3758 3759 3760 3770 3771 3749 3750 3751 3752 3753 3754 3785 3786
3770 3770 3770 3753 3754 3774 3775 3776 3777 3778 3774 3775 3765 3754 3755 3756 3757 3758 3753 3754 3785 3786 3787 3788 3789 3790 3775 3784 3785 3786 3787 3788 3766 3758 3761 3762 3763 3764 3765 3766 3776 3777 3755 3756 3757 3758 3759 3760 3789 3790
3772 3757 3758 3759 3760 3780 3781 3782 3783 3784 3780 3781 3752 3749 3750 3751 3787 3749 3759 3760 3789 3790 3755 3756 3757 3758 3759 3780 3781 3782 3783 3784 3772 3764 3767 3768 3769 3770 3771 3772 3782 3783 3761 3762 3763 3764 3765 3749 3750 3751
3783 3753 3754 3782 3783 3755 3756 3757 3754 3755 3756 3757 3758 3751 3752 3775 3757 3754 3765 3749 3750 3751 3752 3753 3754 3764 3765 3786 3787 3788 3789 3790 3778 3770 3773 3774 3775 3776 3777 3749 3750 3751 3787 3749 3750 3751 3752 3755 3756 3757
tile 3749 0 0
tile 3750 56 0
tile 3751 112 0
tile 3752 168 0
tile 3753 224 0
tile 3754 280 0
tile 3755 336 0
tile 3756 0 27
tile 3757 56 27
tile 3758 112 27
tile 3759 168 27
tile 3760 224 27
tile 3761 280 27
tile 3762 336 27
tile 3763 0 54
tile 3764 56 54
tile 3765 112 54
tile 3766 168 54
tile 3767 224 54
tile 3768 280 54
tile 3769 336 54
tile 3770 0 81
tile 3771 56 81
tile 3772 112 81
tile 3773 168 81
tile 3774 224 81
tile 3775 280 81
tile 3776 336 81
tile 3777 0 108
tile 3778 56 108
tile 3779 112 108
tile 3780 168 108
tile 3781 224 108
tile 3782 280 108
tile 3783 336 108
tile 3784 0 135
tile 3785 56 135
tile 3786 112 135
tile 3787 168 135
tile 3788 224 135
tile 3789 280 135
tile 3790 336 135
picture 4910 56 362 167 0
picture 4911 56 529 167 0
picture 4912 56 696 167 0
picture 4916 84 0 167 0
picture 4917 84 167 167 0
picture 4920 84 334 167 0
picture 4921 84 501 167 0
picture 4922 84 668 167 0
picture 4923 84 835 167 0
picture 4924 112 0 167 0
picture 4925 112 167 167 0
picture 4928 112 334 167 0
picture 4929 112 501 167 0
picture 4930 112 668 167 0
picture 4931 112 835 167 0
picture 4932 140 0 167 0
picture 4933 140 167 167 0
picture 4934 448 0 163 0
picture 4935 448 163 163 0
picture 4936 140 334 167 0
picture 4937 140 501 167 0
picture 4939 140 668 167 0
picture 4941 140 835 167 0
picture 4942 168 0 167 0
picture 4943 168 167 167 0
picture 4944 168 334 167 0
picture 4945 168 501 167 0
picture 4947 168 668 167 0
picture 4949 168 835 167 0
picture 4952 448 326 163 0
picture 4953 448 489 163 0
picture 4958 196 0 167 0
picture 4959 196 167 167 0
picture 4974 476 787 155 0
picture 4975 448 652 161 0
picture 4976 476 0 159 0
picture 4977 448 813 161 0
picture 4982 196 334 167 0
picture 4983 476 159 157 0
picture 4984 196 501 167 0
picture 4985 504 0 154 0
picture 4986 196 668 167 0
picture 4987 420 501 164 0
picture 4988 196 835 167 0
picture 4989 420 665 164 0
picture 4990 224 0 167 0
picture 4991 476 316 157 0
picture 4992 224 167 167 0
picture 4993 224 334 167 0
picture 4994 224 501 167 0
picture 4995 224 668 167 0
picture 4996 224 835 167 0
picture 4997 252 0 167 0
picture 4998 252 167 167 0
picture 4999 252 334 167 0
picture 5000 476 473 157 0
picture 5001 252 501 167 0
picture 5002 420 829 164 0
picture 5003 252 668 167 0
picture 5004 504 154 154 0
picture 5005 252 835 167 0
picture 5006 476 630 157 0
picture 5007 280 0 167 0
picture 5008 280 167 167 0
picture 5009 280 334 167 0
picture 5010 280 501 167 0
picture 5011 280 668 167 0
picture 5012 280 835 167 0
picture 5013 308 0 167 0
picture 5014 308 167 167 0
picture 5015 308 334 167 0
picture 5028 308 501 167 0
picture 5029 308 668 167 0
picture 5030 308 835 167 0
picture 5031 336 0 167 0
picture 5032 336 167 167 0
picture 5033 336 334 167 0
picture 5040 336 501 167 0
picture 5041 336 668 167 0
picture 5042 336 835 167 0
picture 5043 364 0 167 0
picture 5044 364 167 167 0
picture 5045 364 334 167 0
picture 5048 532 0 97 0
picture 5049 532 97 97 0
picture 5050 532 577 91 0
picture 5051 532 485 92 0
picture 5052 532 759 90 0
picture 5053 532 668 91 0
picture 5054 560 916 78 0
picture 5055 588 0 77 0
picture 5056 588 151 71 0
picture 5057 588 77 74 0
picture 5062 588 222 66 0
picture 5063 504 784 115 0
picture 5064 504 899 114 0
picture 5065 532 849 86 0
picture 5066 588 948 27 0
picture 5067 588 288 55 0
picture 5068 560 86 83 0
picture 5069 560 169 83 0
picture 5070 588 343 55 0
picture 5071 588 975 27 0
picture 5072 616 0 27 0
picture 5073 588 398 55 0
picture 5074 560 252 83 0
picture 5075 560 335 83 0
picture 5076 588 453 55 0
picture 5077 616 27 27 0
picture 5078 616 54 27 0
picture 5079 532 935 86 0
picture 5080 504 308 119 0
picture 5081 504 427 119 0
picture 5082 588 508 55 0
picture 5083 616 81 27 0
picture 5090 616 108 27 0
picture 5091 560 0 86 0
picture 5092 504 546 119 0
picture 5093 504 665 119 0
picture 5094 588 563 55 0
picture 5095 616 135 27 0
picture 5115 616 162 27 0
picture 5116 588 618 55 0
picture 5117 560 418 83 0
picture 5118 532 194 97 0
picture 5119 560 501 83 0
picture 5120 588 673 55 0
picture 5121 616 189 27 0
picture 5122 616 216 27 0
picture 5123 588 728 55 0
picture 5124 560 584 83 0
picture 5125 532 291 97 0
picture 5126 560 667 83 0
picture 5127 588 783 55 0
picture 5128 616 243 27 0
picture 5136 616 270 27 0
picture 5137 588 838 55 0
picture 5138 560 750 83 0
picture 5139 532 388 97 0
picture 5140 560 833 83 0
picture 5141 588 893 55 0
picture 5142 616 297 27 0
picture 5178 364 501 167 0
picture 5179 0 0 181 0
picture 5180 0 181 181 0
picture 5181 364 668 167 0
picture 5186 364 835 167 0
picture 5187 0 362 181 0
picture 5188 0 543 181 0
picture 5189 392 0 167 0
picture 5202 392 167 167 0
picture 5203 0 724 181 0
picture 5204 28 0 181 0
picture 5205 392 334 167 0
picture 5210 392 501 167 0
picture 5211 28 181 181 0
picture 5212 28 362 181 0
picture 5213 392 668 167 0
picture 5218 392 835 167 0
picture 5219 28 543 181 0
picture 5220 28 724 181 0
picture 5221 420 0 167 0
picture 5222 420 167 167 0
picture 5223 56 0 181 0
picture 5224 56 181 181 0
picture 5225 420 334 167 0
object 0 0 left 5048
object 0 0 right 5049
object 1 0 left 5048
object 1 0 right 5049
object 2 0 left 5048
object 2 0 right 5049
object 3 0 left 5048
object 3 0 right 5049
object 4 0 left 5048
object 4 0 right 5049
object 5 0 left 5048
object 5 0 right 5049
object 6 0 left 5048
object 6 0 right 5049
object 7 0 left 5048
object 7 0 right 5049
object 8 0 left 5048
object 8 0 right 5049
object 9 0 left 5048
object 9 0 right 5049
object 10 0 left 5048
object 10 0 right 5049
object 11 0 left 5048
object 11 0 right 5049
object 12 0 left 5048
object 12 0 right 5049
object 13 0 left 5048
object 13 0 right 5049
object 14 0 left 5048
object 14 0 right 5049
object 15 0 left 5048
object 15 0 right 5049
object 16 0 left 5048
object 16 0 right 5049
object 17 0 left 5048
object 17 0 right 5049
object 18 0 left 5048
object 18 0 right 5049
object 19 0 left 5048
object 19 0 right 5049
object 20 0 left 5048
object 20 0 right 5049
object 21 0 left 5048
object 21 0 right 5049
object 22 0 left 5048
object 22 0 right 5049
object 23 0 left 5048
object 23 0 right 5049
object 24 0 left 5048
object 24 0 right 5049
object 25 0 left 5048
object 25 0 right 5049
object 26 0 left 5048
object 26 0 right 5049
object 27 0 left 5048
object 27 0 right 5049
object 28 0 left 5048
object 28 0 right 5049
object 29 0 left 5048
object 29 0 right 5049
object 30 0 left 5048
object 30 0 right 5049
object 31 0 left 5048
object 31 0 right 5049
object 32 0 left 5048
object 32 0 right 5049
object 33 0 left 5048
object 33 0 right 5049
object 34 0 left 5048
object 34 0 right 5049
object 35 0 left 5048
object 35 0 right 5049
object 36 0 left 5048
object 36 0 right 5049
object 37 0 left 5048
object 37 0 right 5049
object 38 0 left 5048
object 38 0 right 5049
object 39 0 left 5048
object 39 0 right 5049
object 40 0 left 5048
object 40 0 right 5049
object 41 0 left 5048
object 41 0 right 5049
object 42 0 left 5048
object 42 0 right 5049
object 43 0 left 5048
object 43 0 right 5049
object 44 0 left 5048
object 44 0 right 5049
object 45 0 left 5048
object 45 0 right 5049
object 46 0 left 5048
object 46 0 right 5049
object 47 0 left 5048
object 47 0 right 5049
object 48 0 left 5048
object 48 0 right 5049
object 49 0 left 5048
object 49 0 right 5049
object 0 1 left 5048
object 0 1 right 5049
object 1 1 left 5048
object 1 1 right 5049
object 2 1 left 5048
object 2 1 right 5049
object 3 1 left 5032
object 3 1 right 5033
object 4 1 left 4958
object 4 1 right 4959
object 5 1 left 5186
object 5 1 right 4941
object 6 1 left 5187
object 6 1 right 4947
object 7 1 left 5188
object 7 1 right 5189
object 8 1 left 4936
object 8 1 right 4937
object 9 1 left 5008
object 9 1 right 5009
object 10 1 left 5048
object 10 1 right 5049
object 11 1 left 5048
object 11 1 right 5049
object 12 1 left 5048
object 12 1 right 5049
object 13 1 left 5048
object 13 1 right 5049
object 14 1 left 5048
object 14 1 right 5049
object 15 1 left 5048
object 15 1 right 5049
object 16 1 left 5048
object 16 1 right 5049
object 17 1 left 5048
object 17 1 right 5049
object 18 1 left 5048
object 18 1 right 5049
object 19 1 left 5048
object 19 1 right 5049
object 20 1 left 5048
object 20 1 right 5049
object 21 1 left 5048
object 21 1 right 5049
object 22 1 left 5048
object 22 1 right 5049
object 23 1 left 5048
object 23 1 right 5049
object 24 1 left 5048
object 24 1 right 5049
object 25 1 left 5048
object 25 1 right 5049
object 26 1 left 5048
object 26 1 right 5049
object 27 1 left 5048
object 27 1 right 5049
object 28 1 left 5048
object 28 1 right 5049
object 29 1 left 5048
object 29 1 right 5049
object 30 1 left 5048
object 30 1 right 5049
object 31 1 left 5048
object 31 1 right 5049
object 32 1 left 5048
object 32 1 right 5049
object 33 1 left 5048
object 33 1 right 5049
object 34 1 left 5048
object 34 1 right 5049
object 35 1 left 5048
object 35 1 right 5049
object 36 1 left 5048
object 36 1 right 5049
object 37 1 left 5048
object 37 1 right 5049
object 38 1 left 5048
object 38 1 right 5049
object 39 1 left 5048
object 39 1 right 5049
object 40 1 left 5048
object 40 1 right 5049
object 41 1 left 5048
object 41 1 right 5049
object 42 1 left 5048
object 42 1 right 5049
object 43 1 left 5048
object 43 1 right 5049
object 44 1 left 5048
object 44 1 right 5049
object 45 1 left 5048
object 45 1 right 5049
object 46 1 left 5048
object 46 1 right 5049
object 47 1 left 5048
object 47 1 right 5049
object 48 1 left 5048
object 48 1 right 5049
object 49 1 left 5048
object 49 1 right 5049
object 0 2 left 5048
object 0 2 right 5049
object 1 2 left 5048
object 1 2 right 5049
object 2 2 left 5028
object 2 2 right 5029
object 3 2 left 5044
object 3 2 right 5045
object 4 2 left 5063
object 4 2 right 5064
object 6 2 right 5065
object 7 2 right 5065
object 9 2 left 5000
object 9 2 right 5001
object 10 2 left 5010
object 10 2 right 5011
object 11 2 left 5048
object 11 2 right 5049
object 12 2 left 5048
object 12 2 right 5049
object 13 2 left 5048
object 13 2 right 5049
object 14 2 left 5048
object 14 2 right 5049
object 15 2 left 5048
object 15 2 right 5049
object 16 2 left 5048
object 16 2 right 5049
object 17 2 left 5048
object 17 2 right 5049
object 18 2 left 5048
object 18 2 right 5049
object 19 2 left 5048
object 19 2 right 5049
object 20 2 left 5048
object 20 2 right 5049
object 21 2 left 5048
object 21 2 right 5049
object 22 2 left 5048
object 22 2 right 5049
object 23 2 left 5048
object 23 2 right 5049
object 24 2 left 5048
object 24 2 right 5049
object 25 2 left 5048
object 25 2 right 5049
object 26 2 left 5048
object 26 2 right 5049
object 27 2 left 5048
object 27 2 right 5049
object 28 2 left 5048
object 28 2 right 5049
object 29 2 left 5048
object 29 2 right 5049
object 30 2 left 5048
object 30 2 right 5049
object 31 2 left 5048
object 31 2 right 5049
object 32 2 left 5048
object 32 2 right 5049
object 33 2 left 5048
object 33 2 right 5049
object 34 2 left 5048
object 34 2 right 5049
object 35 2 left 5048
object 35 2 right 5049
object 36 2 left 5048
object 36 2 right 5049
object 37 2 left 5048
object 37 2 right 5049
object 38 2 left 5048
object 38 2 right 5049
object 39 2 left 5048
object 39 2 right 5049
object 40 2 left 5048
object 40 2 right 5049
object 41 2 left 5048
object 41 2 right 5049
object 42 2 left 5048
object 42 2 right 5049
object 43 2 left 5048
object 43 2 right 5049
object 44 2 left 5048
object 44 2 right 5049
object 45 2 left 5048
object 45 2 right 5049
object 46 2 left 5048
object 46 2 right 5049
object 47 2 left 5048
object 47 2 right 5049
object 48 2 left 5048
object 48 2 right 5049
object 49 2 left 5048
object 49 2 right 5049
object 0 3 left 5048
object 0 3 right 5049
object 1 3 left 5048
object 1 3 right 5049
object 2 3 left 4910
object 2 3 right 4911
object 3 3 right 5065
object 8 3 right 5065
object 10 3 left 5002
object 10 3 right 5003
object 11 3 left 5012
object 11 3 right 5013
object 12 3 left 5048
object 12 3 right 5049
object 13 3 left 5048
object 13 3 right 5049
object 14 3 left 5048
object 14 3 right 5049
object 15 3 left 5048
object 15 3 right 5049
object 16 3 left 5048
object 16 3 right 5049
object 17 3 left 5048
object 17 3 right 5049
object 18 3 left 5048
object 18 3 right 5049
object 19 3 left 5048
object 19 3 right 5049
object 20 3 left 5048
object 20 3 right 5049
object 21 3 left 5048
object 21 3 right 5049
object 22 3 left 5048
object 22 3 right 5049
object 23 3 left 5048
object 23 3 right 5049
object 24 3 left 5048
object 24 3 right 5049
object 25 3 left 5048
object 25 3 right 5049
object 26 3 left 5048
object 26 3 right 5049
object 27 3 left 5048
object 27 3 right 5049
object 28 3 left 5048
object 28 3 right 5049
object 29 3 left 5048
object 29 3 right 5049
object 30 3 left 5048
object 30 3 right 5049
object 31 3 left 5048
object 31 3 right 5049
object 32 3 left 5048
object 32 3 right 5049
object 33 3 left 5048
object 33 3 right 5049
object 34 3 left 5048
object 34 3 right 5049
object 35 3 left 5048
object 35 3 right 5049
object 36 3 left 5048
object 36 3 right 5049
object 37 3 left 5048
object 37 3 right 5049
object 38 3 left 5048
object 38 3 right 5049
object 39 3 left 5048
object 39 3 right 5049
object 40 3 left 5048
object 40 3 right 5049
object 41 3 left 5048
object 41 3 right 5049
object 42 3 left 5048
object 42 3 right 5049
object 43 3 left 5048
object 43 3 right 5049
object 44 3 left 5048
object 44 3 right 5049
object 45 3 left 5048
object 45 3 right 5049
object 46 3 left 5048
object 46 3 right 5049
object 47 3 left 5048
object 47 3 right 5049
object 48 3 left 5048
object 48 3 right 5049
object 49 3 left 5048
object 49 3 right 5049
object 0 4 left 5048
object 0 4 right 5049
object 1 4 left 5048
object 1 4 right 5049
object 2 4 left 4924
object 2 4 right 4925
object 3 4 right 5065
object 9 4 right 5065
object 11 4 left 5004
object 11 4 right 5005
object 12 4 left 5014
object 12 4 right 5015
object 13 4 left 5048
object 13 4 right 5049
object 14 4 left 5048
object 14 4 right 5049
object 15 4 left 5048
object 15 4 right 5049
object 16 4 left 5048
object 16 4 right 5049
object 17 4 left 5048
object 17 4 right 5049
object 18 4 left 5048
object 18 4 right 5049
object 19 4 left 5048
object 19 4 right 5049
object 20 4 left 5048
object 20 4 right 5049
object 21 4 left 5048
object 21 4 right 5049
object 22 4 left 5048
object 22 4 right 5049
object 23 4 left 5048
object 23 4 right 5049
object 24 4 left 5048
object 24 4 right 5049
object 25 4 left 5048
object 25 4 right 5049
object 26 4 left 5048
object 26 4 right 5049
object 27 4 left 5048
object 27 4 right 5049
object 28 4 left 5048
object 28 4 right 5049
object 29 4 left 5048
object 29 4 right 5049
object 30 4 left 5048
object 30 4 right 5049
object 31 4 left 5048
object 31 4 right 5049
object 32 4 left 5048
object 32 4 right 5049
object 33 4 left 5048
object 33 4 right 5049
object 34 4 left 5048
object 34 4 right 5049
object 35 4 left 5048
object 35 4 right 5049
object 36 4 left 5048
object 36 4 right 5049
object 37 4 left 5048
object 37 4 right 5049
object 38 4 left 5048
object 38 4 right 5049
object 39 4 left 5048
object 39 4 right 5049
object 40 4 left 5048
object 40 4 right 5049
object 41 4 left 5048
object 41 4 right 5049
object 42 4 left 5048
object 42 4 right 5049
object 43 4 left 5048
object 43 4 right 5049
object 44 4 left 5048
object 44 4 right 5049
object 45 4 left 5048
object 45 4 right 5049
object 46 4 left 5048
object 46 4 right 5049
object 47 4 left 5048
object 47 4 right 5049
object 48 4 left 5032
object 48 4 right 5033
object 49 4 left 4934
object 49 4 right 4935
object 0 5 left 5048
object 0 5 right 5049
object 1 5 left 5048
object 1 5 right 5049
object 2 5 left 4930
object 2 5 right 4931
object 4 5 left 5063
object 4 5 right 5064
object 12 5 left 5006
object 12 5 right 5007
object 13 5 left 5010
object 13 5 right 5011
object 14 5 left 5048
object 14 5 right 5049
object 15 5 left 5048
object 15 5 right 5049
object 16 5 left 5048
object 16 5 right 5049
object 17 5 left 5048
object 17 5 right 5049
object 18 5 left 5048
object 18 5 right 5049
object 19 5 left 5048
object 19 5 right 5049
object 20 5 left 5048
object 20 5 right 5049
object 21 5 left 5048
object 21 5 right 5049
object 22 5 left 5048
object 22 5 right 5049
object 23 5 left 5048
object 23 5 right 5049
object 24 5 left 5048
object 24 5 right 5049
object 25 5 left 5048
object 25 5 right 5049
object 26 5 left 5048
object 26 5 right 5049
object 27 5 left 5048
object 27 5 right 5049
object 28 5 left 5048
object 28 5 right 5049
object 29 5 left 5048
object 29 5 right 5049
object 30 5 left 5048
object 30 5 right 5049
object 31 5 left 5048
object 31 5 right 5049
object 32 5 left 5048
object 32 5 right 5049
object 33 5 left 5048
object 33 5 right 5049
object 34 5 left 5048
object 34 5 right 5049
object 35 5 left 5048
object 35 5 right 5049
object 36 5 left 5048
object 36 5 right 5049
object 37 5 left 5048
object 37 5 right 5049
object 38 5 left 5030
object 38 5 right 5031
object 39 5 left 4944
object 39 5 right 4945
object 40 5 left 4958
object 40 5 right 4959
object 41 5 left 5186
object 41 5 right 4941
object 42 5 left 5187
object 42 5 right 4947
object 43 5 left 5188
object 43 5 right 5189
object 44 5 left 5178
object 44 5 right 4939
object 45 5 left 5179
object 45 5 right 4949
object 46 5 left 5180
object 46 5 right 5181
object 47 5 left 4942
object 47 5 right 4943
object 48 5 left 5044
object 48 5 right 5045
object 49 5 left 4928
object 49 5 right 4929
object 0 6 left 5048
object 0 6 right 5049
object 1 6 left 5048
object 1 6 right 5049
object 2 6 left 4916
object 2 6 right 4917
object 3 6 right 5065
object 4 6 left 5062
object 4 6 right 5065
object 13 6 left 4974
object 13 6 right 4975
object 14 6 left 5048
object 14 6 right 5049
object 15 6 left 5048
object 15 6 right 5049
object 16 6 left 5048
object 16 6 right 5049
object 17 6 left 5048
object 17 6 right 5049
object 18 6 left 5048
object 18 6 right 5049
object 19 6 left 5048
object 19 6 right 5049
object 20 6 left 5048
object 20 6 right 5049
object 21 6 left 5048
object 21 6 right 5049
object 22 6 left 5048
object 22 6 right 5049
object 23 6 left 5048
object 23 6 right 5049
object 24 6 left 5048
object 24 6 right 5049
object 25 6 left 5048
object 25 6 right 5049
object 26 6 left 5048
object 26 6 right 5049
object 27 6 left 5048
object 27 6 right 5049
object 28 6 left 5048
object 28 6 right 5049
object 29 6 left 5048
object 29 6 right 5049
object 30 6 left 5048
object 30 6 right 5049
object 31 6 left 5048
object 31 6 right 5049
object 32 6 left 5048
object 32 6 right 5049
object 33 6 left 5048
object 33 6 right 5049
object 34 6 left 5048
object 34 6 right 5049
object 35 6 left 5048
object 35 6 right 5049
object 36 6 left 5048
object 36 6 right 5049
object 37 6 left 5032
object 37 6 right 5033
object 38 6 left 5042
object 38 6 right 5043
object 40 6 left 5062
object 41 6 left 5062
object 42 6 left 5052
object 42 6 right 5053
object 43 6 left 5052
object 43 6 right 5053
object 49 6 left 4910
object 49 6 right 4911
object 0 7 left 5048
object 0 7 right 5049
object 1 7 left 5048
object 1 7 right 5049
object 2 7 left 4996
object 2 7 right 4997
object 3 7 left 4988
object 3 7 right 4989
object 4 7 left 5063
object 4 7 right 5064
object 5 7 right 5065
object 13 7 left 4976
object 13 7 right 4977
object 14 7 left 5048
object 14 7 right 5049
object 15 7 left 5032
object 15 7 right 5033
object 16 7 left 4958
object 16 7 right 4959
object 17 7 left 5178
object 17 7 right 4939
object 18 7 left 5179
object 18 7 right 4947
object 19 7 left 5180
object 19 7 right 5181
object 20 7 left 4936
object 20 7 right 4937
object 21 7 left 4958
object 21 7 right 4959
object 22 7 left 5010
object 22 7 right 5011
object 23 7 left 5048
object 23 7 right 5049
object 24 7 left 5048
object 24 7 right 5049
object 25 7 left 5048
object 25 7 right 5049
object 26 7 left 5048
object 26 7 right 5049
object 27 7 left 5048
object 27 7 right 5049
object 28 7 left 5048
object 28 7 right 5049
object 29 7 left 5032
object 29 7 right 5033
object 30 7 left 5186
object 30 7 right 4941
object 31 7 left 4944
object 31 7 right 4945
object 32 7 left 4958
object 32 7 right 4959
object 33 7 left 5178
object 33 7 right 4939
object 34 7 left 5179
object 34 7 right 4947
object 35 7 left 5180
object 35 7 right 5181
object 36 7 left 4936
object 36 7 right 4937
object 37 7 left 5044
object 37 7 right 5045
object 38 7 left 5052
object 38 7 right 5053
object 39 7 right 5065
object 41 7 left 5052
object 41 7 right 5053
object 42 7 right 5065
object 49 7 left 4928
object 49 7 right 4929
object 0 8 left 5048
object 0 8 right 5049
object 1 8 left 5048
object 1 8 right 5049
object 2 8 left 5048
object 2 8 right 5049
object 3 8 left 4998
object 3 8 right 4999
object 4 8 left 4922
object 4 8 right 4923
object 5 8 left 5063
object 5 8 right 5064
object 13 8 left 4952
object 13 8 right 4953
object 14 8 left 4944
object 14 8 right 4945
object 15 8 left 5044
object 15 8 right 5045
object 22 8 left 5006
object 22 8 right 5007
object 23 8 left 4944
object 23 8 right 4945
object 24 8 left 4958
object 24 8 right 4959
object 25 8 left 5178
object 25 8 right 4939
object 26 8 left 5179
object 26 8 right 4947
object 27 8 left 5180
object 27 8 right 5181
object 28 8 left 4936
object 28 8 right 4937
object 29 8 left 5044
object 29 8 right 5045
object 31 8 left 5052
object 31 8 right 5053
object 40 8 left 5052
object 40 8 right 5053
object 49 8 left 4910
object 49 8 right 4911
object 0 9 left 5048
object 0 9 right 5049
object 1 9 left 5048
object 1 9 right 5049
object 2 9 left 5048
object 2 9 right 5049
object 3 9 left 5048
object 3 9 right 5049
object 4 9 left 4932
object 4 9 right 4933
object 5 9 left 5063
object 5 9 right 5064
object 29 9 left 5052
object 29 9 right 5053
object 31 9 left 5052
object 31 9 right 5053
object 49 9 left 4910
object 49 9 right 5225
object 0 10 left 5048
object 0 10 right 5049
object 1 10 left 5048
object 1 10 right 5049
object 2 10 left 5048
object 2 10 right 5049
object 3 10 left 5048
object 3 10 right 5049
object 4 10 left 4912
object 4 10 right 5213
object 5 10 right 5065
object 49 10 right 5224
object 0 11 left 5048
object 0 11 right 5049
object 1 11 left 5048
object 1 11 right 5049
object 2 11 left 5048
object 2 11 right 5049
object 3 11 left 5048
object 3 11 right 5049
object 4 11 left 4920
object 4 11 right 5212
object 5 11 left 5063
object 5 11 right 5064
object 49 11 left 5222
object 49 11 right 5223
object 0 12 left 5048
object 0 12 right 5049
object 1 12 left 5048
object 1 12 right 5049
object 2 12 left 5048
object 2 12 right 5049
object 3 12 left 5048
object 3 12 right 5049
object 4 12 left 5210
object 4 12 right 5211
object 49 12 left 4920
object 49 12 right 4921
object 0 13 left 5048
object 0 13 right 5049
object 1 13 left 5048
object 1 13 right 5049
object 2 13 left 5048
object 2 13 right 5049
object 3 13 left 5050
object 3 13 right 5051
object 4 13 left 4916
object 4 13 right 4917
object 5 13 left 5056
object 5 13 right 5057
object 6 13 left 5050
object 6 13 right 5051
object 49 13 left 4928
object 49 13 right 4929
object 0 14 left 5048
object 0 14 right 5049
object 1 14 left 5048
object 1 14 right 5049
object 2 14 left 5048
object 2 14 right 5049
object 3 14 left 5032
object 3 14 right 5033
object 4 14 left 5042
object 4 14 right 5043
object 6 14 right 5083
object 8 14 right 5065
object 49 14 left 4910
object 49 14 right 4911
object 0 15 left 5048
object 0 15 right 5049
object 1 15 left 5048
object 1 15 right 5049
object 2 15 left 5032
object 2 15 right 5033
object 3 15 left 5040
object 3 15 right 5041
object 6 15 right 5082
object 7 15 left 5062
object 8 15 left 5063
object 8 15 right 5064
object 9 15 left 5052
object 9 15 right 5053
object 49 15 left 4920
object 49 15 right 4921
object 0 16 left 5048
object 0 16 right 5049
object 1 16 left 5028
object 1 16 right 5029
object 2 16 left 5044
object 2 16 right 5045
object 3 16 left 5063
object 3 16 right 5064
object 4 16 left 5078
object 5 16 left 5079
object 6 16 left 5080
object 6 16 right 5081
object 9 16 right 5121
object 11 16 right 5065
object 49 16 left 4920
object 49 16 right 4921
object 0 17 left 5048
object 0 17 right 5049
object 1 17 left 4910
object 1 17 right 4911
object 2 17 right 5065
object 6 17 right 5142
object 9 17 right 5120
object 10 17 left 5062
object 11 17 left 5063
object 11 17 right 5064
object 49 17 left 4928
object 49 17 right 4929
object 0 18 left 5048
object 0 18 right 5049
object 1 18 left 4920
object 1 18 right 4921
object 2 18 left 5050
object 2 18 right 5051
object 6 18 right 5141
object 9 18 right 5119
object 11 18 right 5065
object 49 18 left 4910
object 49 18 right 4911
object 0 19 left 5048
object 0 19 right 5049
object 1 19 left 4910
object 1 19 right 5205
object 3 19 left 5062
object 4 19 left 5137
object 5 19 left 5138
object 6 19 left 5139
object 6 19 right 5140
object 7 19 left 5115
object 8 19 left 5116
object 9 19 left 5117
object 9 19 right 5118
object 10 19 left 5062
object 11 19 left 5063
object 11 19 right 5064
object 49 19 left 4920
object 49 19 right 4921
object 0 20 left 5048
object 0 20 right 5049
object 1 20 left 4924
object 1 20 right 5204
object 2 20 left 5052
object 2 20 right 5053
object 4 20 right 5065
object 7 20 right 5077
object 9 20 right 5065
object 10 20 left 5052
object 10 20 right 5053
object 49 20 left 4928
object 49 20 right 4929
object 0 21 left 5048
object 0 21 right 5049
object 1 21 left 5202
object 1 21 right 5203
object 3 21 left 5062
object 6 21 left 5062
object 7 21 left 5063
object 7 21 right 5064
object 8 21 left 5062
object 8 21 right 5065
object 9 21 left 5062
object 49 21 left 4910
object 49 21 right 4911
object 0 22 left 5048
object 0 22 right 5049
object 1 22 left 4910
object 1 22 right 4911
object 2 22 right 5065
object 49 22 left 4920
object 49 22 right 4921
object 0 23 left 5048
object 0 23 right 5049
object 1 23 left 4924
object 1 23 right 4925
object 2 23 left 5063
object 2 23 right 5064
object 49 23 left 4928
object 49 23 right 4929
object 0 24 left 5048
object 0 24 right 5049
object 1 24 left 4992
object 1 24 right 4993
object 2 24 left 4986
object 2 24 right 4987
object 3 24 left 5062
object 3 24 right 5065
object 49 24 left 4920
object 49 24 right 4921
object 0 25 left 5048
object 0 25 right 5049
object 1 25 left 5048
object 1 25 right 5049
object 2 25 left 4994
object 2 25 right 4995
object 3 25 left 4988
object 3 25 right 4989
object 49 25 left 4928
object 49 25 right 4929
object 0 26 left 5048
object 0 26 right 5049
object 1 26 left 5048
object 1 26 right 5049
object 2 26 left 5048
object 2 26 right 5049
object 3 26 left 4996
object 3 26 right 4997
object 4 26 left 4990
object 4 26 right 5065
object 49 26 left 4910
object 49 26 right 4911
object 0 27 left 5048
object 0 27 right 5049
object 1 27 left 5048
object 1 27 right 5049
object 2 27 left 5048
object 2 27 right 5049
object 3 27 left 5048
object 3 27 right 5049
object 4 27 left 4922
object 4 27 right 4923
object 49 27 left 4920
object 49 27 right 4921
object 0 28 left 5048
object 0 28 right 5049
object 1 28 left 5048
object 1 28 right 5049
object 2 28 left 5048
object 2 28 right 5049
object 3 28 left 5048
object 3 28 right 5049
object 4 28 left 4932
object 4 28 right 4933
object 49 28 left 4928
object 49 28 right 4929
object 0 29 left 5048
object 0 29 right 5049
object 1 29 left 5048
object 1 29 right 5049
object 2 29 left 5048
object 2 29 right 5049
object 3 29 left 5048
object 3 29 right 5049
object 4 29 left 4912
object 4 29 right 5213
object 49 29 left 4910
object 49 29 right 4911
object 0 30 left 5048
object 0 30 right 5049
object 1 30 left 5048
object 1 30 right 5049
object 2 30 left 5048
object 2 30 right 5049
object 3 30 left 5048
object 3 30 right 5049
object 4 30 left 4920
object 4 30 right 5212
object 33 30 right 5065
object 34 30 left 5052
object 34 30 right 5053
object 35 30 left 5054
object 35 30 right 5055
object 36 30 left 5056
object 36 30 right 5057
object 49 30 left 4920
object 49 30 right 4921
object 0 31 left 5048
object 0 31 right 5049
object 1 31 left 5048
object 1 31 right 5049
object 2 31 left 5048
object 2 31 right 5049
object 3 31 left 5048
object 3 31 right 5049
object 4 31 left 5210
object 4 31 right 5211
object 30 31 left 5052
object 30 31 right 5053
object 31 31 left 5050
object 31 31 right 5051
object 32 31 left 5062
object 33 31 left 5063
object 33 31 right 5064
object 36 31 right 5121
object 38 31 right 5065
object 49 31 left 4928
object 49 31 right 4929
object 0 32 left 5048
object 0 32 right 5049
object 1 32 left 5048
object 1 32 right 5049
object 2 32 left 5048
object 2 32 right 5049
object 3 32 left 5048
object 3 32 right 5049
object 4 32 left 4916
object 4 32 right 4917
object 30 32 left 5056
object 30 32 right 5057
object 33 32 right 5095
object 36 32 right 5120
object 37 32 left 5062
object 38 32 left 5063
object 38 32 right 5064
object 49 32 left 4910
object 49 32 right 4911
object 0 33 left 5048
object 0 33 right 5049
object 1 33 left 5048
object 1 33 right 5049
object 2 33 left 5048
object 2 33 right 5049
object 3 33 left 5048
object 3 33 right 5049
object 4 33 left 4922
object 4 33 right 4923
object 30 33 right 5065
object 33 33 right 5094
object 36 33 right 5119
object 38 33 right 5065
object 49 33 left 4920
object 49 33 right 4921
object 0 34 left 5048
object 0 34 right 5049
object 1 34 left 5048
object 1 34 right 5049
object 2 34 left 5048
object 2 34 right 5049
object 3 34 left 5048
object 3 34 right 5049
object 4 34 left 4998
object 4 34 right 4999
object 5 34 left 4984
object 5 34 right 4985
object 29 34 left 5062
object 30 34 left 5063
object 30 34 right 5064
object 31 34 left 5090
object 32 34 left 5091
object 33 34 left 5092
object 33 34 right 5093
object 34 34 left 5115
object 35 34 left 5116
object 36 34 left 5117
object 36 34 right 5118
object 37 34 left 5062
object 38 34 left 5063
object 38 34 right 5064
object 39 34 left 5052
object 39 34 right 5053
object 49 34 left 4928
object 49 34 right 4929
object 0 35 left 5048
object 0 35 right 5049
object 1 35 left 5048
object 1 35 right 5049
object 2 35 left 5048
object 2 35 right 5049
object 3 35 left 5048
object 3 35 right 5049
object 4 35 left 5048
object 4 35 right 5049
object 5 35 left 4992
object 5 35 right 4993
object 6 35 left 4982
object 6 35 right 4983
object 29 35 left 5050
object 29 35 right 5051
object 33 35 right 5128
object 36 35 right 5083
object 39 35 right 5071
object 49 35 left 4910
object 49 35 right 4911
object 0 36 left 5048
object 0 36 right 5049
object 1 36 left 5048
object 1 36 right 5049
object 2 36 left 5048
object 2 36 right 5049
object 3 36 left 5048
object 3 36 right 5049
object 4 36 left 5048
object 4 36 right 5049
object 5 36 left 5048
object 5 36 right 5049
object 6 36 left 4992
object 6 36 right 4993
object 7 36 left 4986
object 7 36 right 4987
object 29 36 right 5065
object 33 36 right 5127
object 36 36 right 5082
object 39 36 right 5070
object 41 36 right 5065
object 49 36 left 4920
object 49 36 right 4921
object 0 37 left 5048
object 0 37 right 5049
object 1 37 left 5048
object 1 37 right 5049
object 2 37 left 5048
object 2 37 right 5049
object 3 37 left 5048
object 3 37 right 5049
object 4 37 left 5048
object 4 37 right 5049
object 5 37 left 5048
object 5 37 right 5049
object 6 37 left 5048
object 6 37 right 5049
object 7 37 left 4994
object 7 37 right 4995
object 8 37 left 4988
object 8 37 right 4989
object 28 37 left 5062
object 29 37 left 5063
object 29 37 right 5064
object 30 37 left 5122
object 31 37 left 5123
object 32 37 left 5124
object 33 37 left 5125
object 33 37 right 5126
object 34 37 left 5078
object 35 37 left 5079
object 36 37 left 5080
object 36 37 right 5081
object 37 37 left 5066
object 38 37 left 5067
object 39 37 left 5068
object 39 37 right 5069
object 40 37 left 5062
object 41 37 left 5063
object 41 37 right 5064
object 49 37 left 4928
object 49 37 right 4929
object 0 38 left 5048
object 0 38 right 5049
object 1 38 left 5048
object 1 38 right 5049
object 2 38 left 5048
object 2 38 right 5049
object 3 38 left 5048
object 3 38 right 5049
object 4 38 left 5048
object 4 38 right 5049
object 5 38 left 5048
object 5 38 right 5049
object 6 38 left 5048
object 6 38 right 5049
object 7 38 left 5048
object 7 38 right 5049
object 8 38 left 4996
object 8 38 right 4997
object 9 38 left 4934
object 9 38 right 4935
object 31 38 right 5065
object 34 38 right 5071
object 38 38 right 5142
object 41 38 right 5121
object 42 38 left 5050
object 42 38 right 5051
object 49 38 left 4920
object 49 38 right 4921
object 0 39 left 5048
object 0 39 right 5049
object 1 39 left 5048
object 1 39 right 5049
object 2 39 left 5048
object 2 39 right 5049
object 3 39 left 5048
object 3 39 right 5049
object 4 39 left 5048
object 4 39 right 5049
object 5 39 left 5048
object 5 39 right 5049
object 6 39 left 5048
object 6 39 right 5049
object 7 39 left 5048
object 7 39 right 5049
object 8 39 left 5032
object 8 39 right 5033
object 9 39 left 5042
object 9 39 right 5043
object 30 39 left 5062
object 31 39 left 5063
object 31 39 right 5064
object 34 39 right 5070
object 38 39 right 5141
object 41 39 right 5120
object 43 39 right 5065
object 49 39 left 4928
object 49 39 right 4929
object 0 40 left 5048
object 0 40 right 5049
object 1 40 left 5048
object 1 40 right 5049
object 2 40 left 5048
object 2 40 right 5049
object 3 40 left 5048
object 3 40 right 5049
object 4 40 left 5048
object 4 40 right 5049
object 5 40 left 5048
object 5 40 right 5049
object 6 40 left 5048
object 6 40 right 5049
object 7 40 left 5030
object 7 40 right 5031
object 8 40 left 5040
object 8 40 right 5041
object 31 40 left 5050
object 31 40 right 5051
object 32 40 left 5066
object 33 40 left 5067
object 34 40 left 5068
object 34 40 right 5069
object 35 40 left 5136
object 36 40 left 5137
object 37 40 left 5138
object 38 40 left 5139
object 38 40 right 5140
object 41 40 right 5119
object 42 40 left 5062
object 43 40 left 5063
object 43 40 right 5064
object 49 40 left 4910
object 49 40 right 4911
object 0 41 left 5048
object 0 41 right 5049
object 1 41 left 5048
object 1 41 right 5049
object 2 41 left 5048
object 2 41 right 5049
object 3 41 left 5048
object 3 41 right 5049
object 4 41 left 5048
object 4 41 right 5049
object 5 41 left 5048
object 5 41 right 5049
object 6 41 left 5048
object 6 41 right 5049
object 7 41 left 4932
object 7 41 right 4933
object 35 41 right 5065
object 38 41 right 5077
object 39 41 left 5115
object 40 41 left 5116
object 41 41 left 5117
object 41 41 right 5118
object 42 41 left 5050
object 42 41 right 5051
object 49 41 left 4920
object 49 41 right 4921
object 0 42 left 5048
object 0 42 right 5049
object 1 42 left 5048
object 1 42 right 5049
object 2 42 left 5048
object 2 42 right 5049
object 3 42 left 5048
object 3 42 right 5049
object 4 42 left 5048
object 4 42 right 5049
object 5 42 left 5048
object 5 42 right 5049
object 6 42 left 5048
object 6 42 right 5049
object 7 42 left 4996
object 7 42 right 4997
object 8 42 left 4990
object 8 42 right 4991
object 34 42 left 5062
object 35 42 left 5063
object 35 42 right 5064
object 38 42 right 5076
object 40 42 right 5065
object 41 42 left 5052
object 41 42 right 5053
object 49 42 left 4928
object 49 42 right 4929
object 0 43 left 5048
object 0 43 right 5049
object 1 43 left 5048
object 1 43 right 5049
object 2 43 left 5048
object 2 43 right 5049
object 3 43 left 5048
object 3 43 right 5049
object 4 43 left 5048
object 4 43 right 5049
object 5 43 left 5048
object 5 43 right 5049
object 6 43 left 5048
object 6 43 right 5049
object 7 43 left 5048
object 7 43 right 5049
object 8 43 left 4998
object 8 43 right 4999
object 9 43 left 4934
object 9 43 right 4935
object 36 43 left 5072
object 37 43 left 5073
object 38 43 left 5074
object 38 43 right 5075
object 39 43 left 5062
object 40 43 left 5063
object 40 43 right 5064
object 49 43 left 4910
object 49 43 right 4911
object 0 44 left 5048
object 0 44 right 5049
object 1 44 left 5048
object 1 44 right 5049
object 2 44 left 5048
object 2 44 right 5049
object 3 44 left 5048
object 3 44 right 5049
object 4 44 left 5048
object 4 44 right 5049
object 5 44 left 5048
object 5 44 right 5049
object 6 44 left 5048
object 6 44 right 5049
object 7 44 left 5048
object 7 44 right 5049
object 8 44 left 5048
object 8 44 right 5049
object 9 44 left 4916
object 9 44 right 4917
object 37 44 left 5050
object 37 44 right 5051
object 39 44 right 5065
object 49 44 left 4920
object 49 44 right 4921
object 0 45 left 5048
object 0 45 right 5049
object 1 45 left 5048
object 1 45 right 5049
object 2 45 left 5048
object 2 45 right 5049
object 3 45 left 5048
object 3 45 right 5049
object 4 45 left 5048
object 4 45 right 5049
object 5 45 left 5048
object 5 45 right 5049
object 6 45 left 5048
object 6 45 right 5049
object 7 45 left 5048
object 7 45 right 5049
object 8 45 left 5048
object 8 45 right 5049
object 9 45 left 4922
object 9 45 right 4923
object 38 45 left 5062
object 39 45 left 5063
object 39 45 right 5064
object 49 45 left 4928
object 49 45 right 4929
object 0 46 left 5048
object 0 46 right 5049
object 1 46 left 5048
object 1 46 right 5049
object 2 46 left 5048
object 2 46 right 5049
object 3 46 left 5048
object 3 46 right 5049
object 4 46 left 5048
object 4 46 right 5049
object 5 46 left 5048
object 5 46 right 5049
object 6 46 left 5048
object 6 46 right 5049
object 7 46 left 5048
object 7 46 right 5049
object 8 46 left 5048
object 8 46 right 5049
object 9 46 left 4998
object 9 46 right 4999
object 10 46 left 4984
object 10 46 right 4985
object 49 46 left 4910
object 49 46 right 4911
object 0 47 left 5048
object 0 47 right 5049
object 1 47 left 5048
object 1 47 right 5049
object 2 47 left 5048
object 2 47 right 5049
object 3 47 left 5048
object 3 47 right 5049
object 4 47 left 5048
object 4 47 right 5049
object 5 47 left 5048
object 5 47 right 5049
object 6 47 left 5048
object 6 47 right 5049
object 7 47 left 5048
object 7 47 right 5049
object 8 47 left 5048
object 8 47 right 5049
object 9 47 left 5048
object 9 47 right 5049
object 10 47 left 4996
object 10 47 right 4997
object 11 47 left 4984
object 11 47 right 4985
object 49 47 left 4920
object 49 47 right 4921
object 0 48 left 5048
object 0 48 right 5049
object 1 48 left 5048
object 1 48 right 5049
object 2 48 left 5048
object 2 48 right 5049
object 3 48 left 5048
object 3 48 right 5049
object 4 48 left 5048
object 4 48 right 5049
object 5 48 left 5048
object 5 48 right 5049
object 6 48 left 5048
object 6 48 right 5049
object 7 48 left 5048
object 7 48 right 5049
object 8 48 left 5048
object 8 48 right 5049
object 9 48 left 5048
object 9 48 right 5049
object 10 48 left 5048
object 10 48 right 5049
object 11 48 left 4922
object 11 48 right 4923
object 49 48 left 4928
object 49 48 right 4929
object 0 49 left 4952
object 0 49 right 4953
object 1 49 left 4944
object 1 49 right 4945
object 2 49 left 4958
object 2 49 right 4959
object 3 49 left 4958
object 3 49 right 4959
object 4 49 left 4944
object 4 49 right 4945
object 5 49 left 4958
object 5 49 right 4959
object 6 49 left 4944
object 6 49 right 4945
object 7 49 left 4958
object 7 49 right 4959
object 8 49 left 4936
object 8 49 right 4937
object 9 49 left 4942
object 9 49 right 4943
object 10 49 left 4958
object 10 49 right 4959
object 11 49 left 4944
object 11 49 right 4945
object 12 49 left 4958
object 12 49 right 4959
object 13 49 left 4944
object 13 49 right 4945
object 14 49 left 4958
object 14 49 right 4959
object 15 49 left 4936
object 15 49 right 4937
object 16 49 left 4942
object 16 49 right 4943
object 17 49 left 5218
object 17 49 right 4939
object 18 49 left 5219
object 19 49 left 5220
object 19 49 right 5221
object 20 49 left 4944
object 20 49 right 4945
object 21 49 left 4958
object 21 49 right 4959
object 22 49 left 4944
object 22 49 right 4945
object 23 49 left 4958
object 23 49 right 4959
object 24 49 left 4944
object 24 49 right 4945
object 25 49 left 4942
object 25 49 right 4943
object 26 49 left 4944
object 26 49 right 4945
object 27 49 left 4958
object 27 49 right 4959
object 28 49 left 4958
object 28 49 right 4959
object 29 49 left 4944
object 29 49 right 4945
object 30 49 left 4958
object 30 49 right 4959
object 31 49 left 4944
object 31 49 right 4945
object 32 49 left 4958
object 32 49 right 4959
object 33 49 left 4936
object 33 49 right 4937
object 34 49 left 4944
object 34 49 right 4945
object 35 49 left 4958
object 35 49 right 4959
object 36 49 left 4958
object 36 49 right 4959
object 37 49 left 4944
object 37 49 right 4945
object 38 49 left 4958
object 38 49 right 4959
object 39 49 left 4944
object 39 49 right 4945
object 40 49 left 4958
object 40 49 right 4959
object 41 49 left 4936
object 41 49 right 4937
object 42 49 left 4944
object 42 49 right 4945
object 43 49 left 4958
object 43 49 right 4959
object 44 49 left 4958
object 44 49 right 4959
object 45 49 left 4944
object 45 49 right 4945
object 46 49 left 4958
object 46 49 right 4959
object 47 49 left 4944
object 47 49 right 4945
object 48 49 left 4958
object 48 49 right 4959
object 49 49 left 5042
object 49 49 right 5043
