# lod20373 — tools/dat-extract layout 이 만든다. 손으로 고치지 말 것.
size 70 70
blocked
......................................................................
......................................................................
......................................................................
.................................................#....................
......................................................................
..........................................#...........................
......................................................................
......................#...##......##..#....................#..#....#..
..........................####..####............................#.....
..............#.............................................#.........
......................................................................
............#.....................................................#...
.........#....#...........................................#...........
.......#....#.............................................#.#.........
.........#............................................................
...........#.............####.........................................
........#.....#..........####..................######.................
##.......................####............#####.######.................
####.....................................####..######.................
####.....................................####..#####..................
.####............................#.......####..####...................
..###....................................####..####........#..........
..###......#........############.........####..####................#..
..####..............############.........####..####...................
...######...........############.........#####.######.................
....#######.........###########..........###...###....................
....#######........######.......................##....................
........####.......######.............................................
..#......###.......######.............................................
.........###..........................................................
.........###..........................................................
....#######...........................................................
...########...........................................................
...#######............................................................
..####................................................................
..###.................................................................
..###..........................................#####..................
..###............................#.............#####......###.........
..###...#......................................##.##......###.........
..###.............#............................#####......###.......#.
..###................###########........#......#####..................
..###................###########......................................
..###................###########......................................
..###................###########......................................
..###................###########......................................
..###.................................................................
..###......#........#.......##........................................
..###...............##########..............####......................
####................##########..............####......................
####...............##########...............####......................
###.................#.###...#....#..........####......................
.......#..............#.....................####......................
............................................####......................
.........................................#..####......................
.................................................#....................
......................................................................
......................................................................
......................................................................
.............................................................#........
....................................................................#.
.............#......#.................................................
......................................................................
...........#...........................#..............................
........#....#..........................................#.............
......#....#......................................#...................
........#.........................................................#...
..........#...........................................................
.......#.....#.............................................#..........
.....................#........................#........#..............
......................................................................
floor
9603 9608 9613 9618 9623 9628 9633 9638 9643 9648 9603 9608 9613 9618 9623 9628 9633 9638 9643 9648 9603 9608 9613 9618 9623 9664 9678 9679 9679 9678 9679 9669 9613 9618 9623 9628 9633 9638 9643 9648 9603 9608 9613 9618 9623 9628 9633 9638 9643 9648 9603 9608 9613 8517 8531 8545 8561 8578 8595 8611 9603 8642 8657 8670 9623 9628 9633 9638 9643 9648
9602 9607 9612 9617 9622 8269 8285 9637 9642 9647 9602 9615 9620 9625 9630 9627 9632 9637 9642 9647 9602 9607 9612 9617 9622 9663 9678 9678 9683 9678 9678 9668 9600 9617 9622 9627 9632 9637 9642 9647 9602 9607 9612 9617 9622 9627 9632 9572 9575 9579 9602 8491 8503 8516 8530 8544 8560 8577 8594 8610 8626 8641 8656 8669 8682 9627 9632 9637 9642 9647
9601 9606 9611 9616 9621 8268 8284 8301 9641 9646 9601 9614 9619 9624 9629 9626 9631 9636 9641 9646 9601 9606 9611 9616 9621 9662 9672 9677 9682 9672 9677 9667 9599 9616 9621 9626 9631 9636 9641 9646 9601 8419 8425 8431 9621 9626 9631 9571 9574 9578 9582 9606 8502 8515 8529 8543 8559 8576 8593 8609 8625 8640 8655 8668 8681 8694 8706 8718 9641 9646
9600 9605 8230 8242 8254 8267 8283 8300 8316 9645 8345 8360 8375 9603 9608 9625 9630 9635 9640 9645 9600 9605 9610 9615 9620 9661 9671 9676 9681 9671 9676 9666 9610 9615 9620 9625 9630 9635 9640 9645 9600 8418 8424 8430 8435 9625 9630 9570 9573 9577 9581 8490 8501 8514 8528 8542 8558 8575 8592 8608 8624 8639 8654 8667 8680 8693 8705 8717 8728 9645
9599 9604 8229 8241 8253 8266 8282 8299 8315 8330 8344 8359 8374 8389 9607 9624 9629 9642 9647 9602 9607 9604 9609 9614 9619 9660 9670 9675 9680 9670 9675 9665 9609 9614 9619 9624 9629 9634 9553 9644 9599 8417 8423 8429 8434 9624 9629 9634 9639 9576 9580 8489 8500 8513 8527 8541 8557 8574 8591 8607 8623 8638 8653 8666 8679 8692 8704 8716 8727 8734
9628 8219 8228 8240 8252 8265 8281 8298 8314 8329 8343 8358 8373 8388 8402 9603 9608 9641 9646 9601 8439 8444 8449 8454 9648 9603 12245 12248 9618 9623 9628 9633 9638 12243 12245 12248 9608 9548 9552 9623 9628 8416 8422 8428 8433 9603 9608 9613 9618 9623 9628 8488 8499 8512 8526 8540 8556 8573 8590 8606 8622 8637 8652 8665 8678 8691 8703 8715 8726 8733
9627 8218 8227 8239 8251 8264 8280 8297 8313 8328 8342 8357 8372 8387 8401 8413 9607 9640 9645 9600 8438 8443 8448 8453 8458 9602 12244 12247 12237 12239 9627 9632 9637 9642 12244 12247 9545 9547 9551 9555 9627 8415 8421 8427 8432 9602 9646 9601 9606 9603 8481 8487 8498 8511 8525 8539 8555 8572 8589 8605 8621 8636 8651 8664 8677 8690 8702 8714 8725 8732
9626 8217 8226 8238 8250 8263 8279 8296 8312 8327 8341 8356 8371 8386 8400 8412 9606 9639 9644 9599 8437 8442 8447 8452 8457 9601 9646 12246 12236 12238 12241 8491 8503 8516 9646 12246 9544 9546 9550 9554 9626 9631 8420 8426 9646 9601 9637 9642 9647 9602 8480 8486 8497 8510 8524 8538 8554 8571 8588 8604 8620 8635 8650 8663 8676 8689 8701 8713 8724 8731
9625 8216 8225 8237 8249 8262 8278 8295 8311 8326 8340 8355 8370 8385 8399 8411 9605 9610 9615 9620 8436 8441 8446 8451 8456 9600 9645 9600 9615 9620 12240 9630 8502 8515 9645 9600 9605 9610 9549 9620 9625 9630 9635 9640 9645 9600 9636 9641 9646 9601 8479 8485 8496 8509 8523 8537 8553 8570 8587 8603 8619 8634 8649 8662 8675 8688 8700 8712 8723 8730
9624 8215 8224 8236 8248 8261 8277 8294 8310 8325 8339 8354 8369 8384 8398 8410 9604 9609 9614 9619 9624 8440 8445 8450 8455 9599 9604 9609 9614 9619 9624 9629 9634 9639 9644 9599 9604 9609 9614 9619 9624 9629 9634 9639 9644 9599 9604 9609 9614 9619 8478 8484 8495 8508 8522 8536 8552 8569 8586 8602 8618 8633 8648 8661 8674 8687 8699 8711 8722 8729
9603 9608 8223 8235 8247 8260 8276 8293 8309 8324 8338 8353 8368 8383 8397 8409 9647 8285 9644 9627 12136 12140 12144 12148 12152 12156 12039 12041 12043 12045 12047 12039 12041 12043 12045 12047 12039 12041 12043 12045 12047 12039 12041 12043 12045 12047 12018 12022 9647 9606 9644 8483 8494 8507 8521 8535 8551 8568 8585 8601 8617 8632 8647 8660 8673 8686 8698 8710 8721 9648
9602 8214 8222 8234 8246 8259 8275 8292 8308 8323 8337 8352 8367 8382 8396 8408 9623 9628 9635 9640 12135 12139 12143 12147 12151 12155 12038 12040 12042 12044 12046 12038 12040 12042 12044 12046 12038 12040 12042 12044 12046 12038 12040 12042 12044 12046 12017 12021 12025 12028 12031 8482 8493 8506 8520 8534 8550 8567 8584 8600 8616 8631 8646 8659 8672 8685 8697 8709 8720 9647
9601 9641 8221 8233 8245 8258 8274 8291 8307 8322 8336 8351 8366 8381 8395 8407 9622 9627 9634 9639 12134 12138 12142 12146 12150 12154 11708 11710 11708 11710 11708 11710 11708 11710 11708 11710 11708 11710 11708 11710 11708 11710 11708 11710 11708 11710 12016 12020 12024 12027 12030 12033 8492 8505 8519 8533 8549 8566 8583 8599 8615 8630 8645 8658 8671 8684 8696 8708 8719 9646
9600 9632 8220 8232 8244 8257 8273 8290 8306 8321 8335 8350 8365 8380 8394 8406 9621 9626 12102 12106 12110 12114 11707 11709 11707 11709 11707 11709 11707 11709 11707 11709 11707 11709 11707 11709 11707 11709 11707 11709 11707 11709 11707 11709 11707 11709 12015 12019 12023 12026 12029 12032 12000 8504 8518 8532 8548 8565 8582 8598 8614 8629 8644 9636 9641 8683 8695 8707 9640 9645
9599 9604 9609 8231 8243 8256 8272 8289 8305 8320 8334 8349 8364 8379 8393 8405 9620 9625 12101 12105 12109 12113 11708 11710 11734 11741 11743 11744 11742 11736 11708 11710 11708 11710 11708 11710 11708 11710 11708 11710 11708 11710 11708 11710 11708 11710 11708 11710 11708 11710 11708 11710 11999 12003 12009 12013 8547 8564 8581 8597 8613 8628 8643 9635 9640 9645 9629 9634 9639 9644
9628 9633 9638 9643 9648 8255 8271 8288 8304 8319 8333 8348 8363 8378 8392 8405 9641 9646 12100 12104 12108 12112 11707 11709 11721 11692 11694 11691 11693 11712 11707 11709 11707 11709 11707 11709 11707 11709 11707 11709 11708 11710 11708 11710 11708 11710 11707 11709 11707 11709 11707 11709 11998 12002 12008 12012 9641 8563 8580 8596 8612 8627 9638 9643 9648 9603 9608 9613 9618 9623
9267 9273 9279 9642 9647 9606 8270 8287 8303 8318 8332 8347 8362 8377 8391 8404 12106 12110 12114 11708 11710 11710 11708 11710 11720 11691 9606 9639 11694 11712 11708 11710 11708 11710 11708 11710 11708 11710 11708 11734 11741 11741 11715 11741 11717 11743 11741 11741 11715 11741 11717 11743 11741 11736 12007 12011 9648 9634 9599 9628 9627 9632 9637 9642 9647 9602 9607 9612 9617 9622
9266 9272 9278 9284 9646 9647 9602 8286 8302 8317 8331 8346 8361 8376 8390 8403 12105 12109 12113 11707 11709 11709 11707 11709 11728 11692 11694 11691 11693 11713 11707 11709 11707 11709 11707 11709 11707 11709 11707 11729 11689 11683 11689 11689 11689 11683 11683 11689 11689 11689 11689 11683 11694 11726 12006 12010 9647 8285 9644 9627 9626 9631 9636 9641 9646 9647 9602 9607 9616 9621
9265 9271 9277 9283 9288 9628 9633 9638 9643 9648 9635 9640 9645 9600 9602 9628 12104 12108 12112 11708 11710 11710 11708 11710 11720 11691 11693 11692 11694 11712 11708 11710 11708 11710 11708 11710 11708 11710 11708 11727 11693 11687 0 0 0 11695 11689 11683 11689 11683 11683 11806 11683 11725 11992 11996 9604 9609 9635 9640 9625 9630 9635 9640 9645 9646 9601 9606 9615 9620
9264 9270 9276 9282 9287 9291 9632 9637 9642 9647 9600 9639 9644 9599 12078 9603 9608 11709 11734 11743 11741 11743 11744 11742 11719 11684 11686 11691 11693 11711 11741 11743 11744 11742 11736 11709 11707 11709 11707 11729 11686 11696 0 0 0 11688 11690 11689 11683 11690 11794 11805 11683 11726 11991 11995 9760 9618 8462 8467 8472 8476 9634 9639 9644 9645 9600 9553 9614 9619
9263 9269 9275 9281 9286 9290 9609 9614 9619 8439 8444 8449 8454 9644 9645 9602 9628 12097 11721 11684 11686 11696 11698 11692 11698 11692 11694 11695 11697 11786 11786 11791 11694 11695 11726 11710 11708 11710 11708 11729 11685 11695 0 0 0 11687 11689 11683 11687 11689 11794 11804 11698 11725 11961 11967 9612 9617 8461 8466 8471 8475 9613 9618 9623 9628 9588 9592 9596 9648
9262 9268 9274 9280 9285 9289 9638 9643 9648 8438 8443 8448 8453 8458 9628 12084 12090 12096 11720 11683 11685 11695 11697 11691 11697 11691 11693 11688 11690 11785 11785 11789 11693 11688 11725 11709 11707 11709 11707 11727 11694 11688 11690 11684 0 11805 11698 11692 11696 11698 11794 11804 11697 11723 11960 11966 9642 9647 8460 8465 8470 8474 9612 9617 9622 9584 9587 9591 9595 9598
9607 9295 9299 9304 9310 9316 9322 9642 9647 8437 8442 8447 8452 8457 9627 12083 12089 12095 11728 11698 11692 11694 11695 11697 11690 11684 11686 11687 11689 11684 11686 11785 11698 11687 11726 11710 11708 11710 11708 11728 11693 11687 0 0 0 11804 11697 11691 11695 11697 11794 11804 11691 11726 12007 12011 9641 9646 8459 8464 8469 8473 9642 9647 9621 9583 9586 9590 9594 9597
9606 9294 9298 9303 9309 9315 9321 9267 9273 9625 8441 8446 8451 8456 9626 12082 12088 12094 11727 11697 11691 11693 11688 11690 11689 11683 11685 11696 11698 11683 11685 11785 11685 11696 11725 11709 11707 11709 11707 11721 11689 11683 11689 11683 11689 11803 11689 11683 11689 11683 11794 11803 11684 11725 12006 12010 9648 9634 9603 8463 8468 9605 9641 9646 9620 9625 9585 9589 9593 9645
9605 9293 9297 9302 9308 9314 9320 9266 9272 9278 8440 8445 8450 8455 9625 12081 12087 12093 11729 11690 11684 11686 11687 11689 11698 11692 11694 11695 11697 11692 11694 11785 11694 11695 11723 11710 11708 11710 11708 11729 11696 11811 11811 11811 11811 11802 11696 11698 11696 11698 11794 11802 11683 11723 12194 11996 9647 9628 9602 9628 9603 9608 9613 9618 9623 9628 9633 9638 9643 9648
9604 9609 9296 9301 9307 9313 9319 9265 9271 9277 9283 9288 9614 9619 9624 12080 12086 12092 11727 11689 11683 11685 11696 11698 11684 11686 11696 11698 11692 11691 11693 11787 11693 11688 11712 11709 11707 11709 11707 11729 11695 11697 11695 11697 11695 11697 11695 11697 11695 11697 11695 11697 11692 11712 12193 12163 9694 9651 9653 9655 9657 9659 9651 9653 9655 9657 9659 9651 9653 9655
9572 9575 9579 9300 9306 9312 9318 9264 9270 9276 9282 9287 9643 9648 9603 12123 11708 11710 11727 11698 11692 11694 11695 11697 11691 11697 11695 11697 11691 11695 11695 11791 11686 11687 11713 11710 11708 11710 11708 11727 11685 11689 11683 11685 11695 11697 11687 11689 11683 11685 11695 11697 11691 11713 12159 12163 9664 9677 9679 9677 9678 9679 9679 9678 9679 9678 9677 9679 9677 9678
9571 9574 9578 9582 9305 9311 9317 9263 9269 9275 9281 9286 9642 9647 9602 12122 11707 11709 11729 11697 9648 9558 9630 8455 11684 11697 11695 11697 11691 11697 11691 11693 11688 11690 11712 11709 11707 11709 11707 11733 11740 11738 11740 11737 11740 11737 11740 11737 11740 11737 11740 11737 11740 11735 12158 12162 9663 9678 9678 9677 9677 9677 9678 9678 9678 9678 9677 9677 9678 9678
9570 9573 9577 9581 9604 9609 9614 9262 9268 9274 9280 9285 9644 9645 9601 12121 12127 12131 11727 11684 9641 11942 11946 11976 9627 11697 11694 11695 11697 11690 11684 11686 11687 11689 11713 11710 11708 11710 11708 11710 11708 11710 11708 11710 11708 11710 11708 11710 11708 11710 11708 11710 11708 11710 11992 11996 9662 9677 9677 9677 9678 9677 9677 9677 9678 9678 9677 9677 9678 9677
9613 9618 9576 9580 9633 9638 9643 9329 9335 9341 9347 9353 9358 9628 9600 12120 12126 12130 11733 11737 11716 11718 11738 11740 11737 11740 11716 11740 11716 11718 11738 11740 11737 11740 11735 11709 11707 11709 11707 11709 11707 11709 11707 11709 11707 11709 11707 11709 11707 11709 11707 11709 11707 11709 11991 11995 9661 9677 9676 9677 9677 9677 9678 9678 9677 9677 9677 9676 9678 9677
9633 9638 9236 9242 9248 9254 9260 9328 9334 9340 9346 9352 9357 9627 9599 9628 12125 12129 11708 11710 11708 11710 11708 11710 11708 11710 11708 11710 11708 11710 11708 11710 11708 11710 11708 11710 11708 11710 11708 11710 11708 11710 11708 11710 11708 11710 11734 11741 11741 11715 11741 11717 11741 11736 11961 11967 9660 9677 9675 9675 9678 9675 9677 9675 9675 9675 9677 9675 9678 9677
9632 9230 9235 9241 9247 9253 9259 9327 9333 9339 9345 9351 9356 9626 9628 9598 12124 12128 11707 11709 11707 11709 11707 11709 11707 11709 11707 11709 11707 11709 11707 11709 11707 11709 11707 11709 11707 11709 11707 11709 11707 11709 11707 11709 11707 11709 11721 11698 11692 11698 11698 11692 11692 11726 11960 11966 9650 9650 9652 9654 9656 9658 9650 9652 9654 9656 9658 9650 9652 9654
9610 9229 9234 9240 9246 9252 9258 9326 9332 9338 9344 9350 9355 9625 9627 9597 12091 12097 11708 11710 11708 11710 11708 11710 11708 11710 11708 11710 11708 11710 11708 11710 11708 11710 11708 11710 11708 11710 11708 11710 11708 11710 11708 11710 11708 11710 11729 11692 11694 11687 11692 11694 11687 11723 12007 12037 12039 12041 12043 12045 12047 12001 12005 9645 9599 9601 9606 9611 9616 9621
9609 9228 9233 9239 9245 9251 9257 9325 9331 9337 9343 9349 9354 9624 9626 12084 12090 12096 11707 11709 11707 11709 11707 11709 11707 11709 11707 11709 11707 11709 11707 11709 11707 11709 11707 11709 11707 11709 11707 11709 11707 11709 11707 11709 11707 11709 11729 11697 11691 11696 11697 11691 11696 11712 12006 12036 12038 12040 12042 12044 12046 12000 12004 9644 9628 9600 9605 9610 9615 9620
9638 9227 9232 9238 9244 9250 9256 9324 9330 9336 9342 9348 9648 9603 9625 12083 12089 12095 11708 11710 11708 11710 11708 11710 11708 11710 11708 11710 11708 11710 11708 11710 11708 11710 11708 11710 11708 11710 11708 11710 11734 11743 11741 11743 11744 11742 11719 11690 11684 11696 11690 11684 11696 11712 11710 11708 11710 11708 11710 11746 11748 11949 11955 11961 9627 9599 9604 9609 9614 9619
9637 9226 9231 9237 9243 9249 9255 8419 8425 8431 9637 9642 9647 9602 12076 12082 12088 12094 11707 11709 11707 11709 11707 11709 11707 11709 11707 11709 11707 11709 11707 11709 11707 11709 11707 11709 11707 11709 11707 11709 11727 11698 11692 11698 11692 11697 11689 11683 11689 11683 11687 11687 11684 11712 11709 11707 11709 11707 11709 11745 11747 11948 11954 11960 11966 9632 9608 9641 9646 9601
9636 9368 9378 9388 9398 9408 9418 8418 8424 8430 8435 9641 9646 9601 12075 12081 12087 12093 11734 11743 11741 11743 11744 11742 11743 11741 11743 11744 11742 11743 11741 11743 11744 11742 11736 11710 11708 11710 11708 11710 11729 11687 11687 11698 11692 11690 11698 11692 11698 11692 11696 11696 11689 11711 11736 11744 11742 11744 11743 11744 11742 11744 11736 12194 12198 9641 9607 9640 9553 9600
9635 9367 9377 9387 9397 9407 9417 8417 8423 8429 8434 9640 9645 9600 12074 12080 12086 12092 11727 11684 11686 11696 11698 11692 11694 11688 11690 11684 11686 11696 11698 11687 11689 11683 11726 11709 11707 11709 11707 11709 11729 11696 11696 11698 11692 11689 11698 11692 5950 5950 5949 11696 11696 11698 11726 11683 11685 11688 9599 9628 9626 11696 11726 12193 12197 9632 9606 9548 9552 9599
9634 9366 9376 9386 9396 9406 9416 8416 8422 8428 8433 9639 9644 9599 12079 12085 12091 12097 11728 11683 11685 11695 11697 11691 11693 11687 11689 11683 11685 11695 11786 11786 11689 11685 11712 11710 11708 11710 11708 11710 11727 11696 11696 11687 11687 11698 11689 11683 5949 5949 5950 11683 11687 11687 11732 11684 11686 11687 9644 9627 9625 11695 11725 11953 11959 11965 9545 9547 9551 9555
9613 9365 9375 9385 9395 9405 9415 8415 8421 8427 8432 9618 9623 9628 12078 12084 12090 12096 11721 11697 11691 11692 11692 11692 11692 11692 11692 11692 11692 11698 11785 11785 11788 11689 11712 11709 11707 11709 11707 11709 11728 11687 11687 11696 11696 11698 11692 11692 5950 5950 5949 11692 11696 11696 11731 11683 11685 11696 9635 9640 9624 11688 11726 11952 11958 11964 9544 9546 9550 9554
9612 9364 9374 9384 9394 9404 9414 9647 8420 8426 9620 9625 9630 9627 12077 12083 12089 12095 11720 11690 11684 11692 11692 11692 11692 11692 11692 11692 11692 11697 11691 11785 11788 11693 11725 11710 11708 11710 11708 11710 11721 11696 11696 11696 11687 11687 11687 11692 11696 11696 11698 11692 11696 11696 11723 11692 11694 11695 11697 11691 11693 11687 11725 11951 11957 11963 9633 9638 9549 9648
9611 9363 9373 9383 9393 9403 9413 9646 9601 9614 9619 9624 9629 9626 12076 12082 12088 12094 11728 11689 11683 11692 11692 11692 11692 11692 11692 11689 11683 11689 11683 11794 11788 11686 11723 11709 11707 11709 11707 11709 11729 11698 11692 11696 11696 11696 11696 11698 11692 11696 11696 11714 11740 11718 11735 11739 11761 11762 11718 11716 11718 11738 11735 11950 11956 11962 9632 9637 9642 9647
9610 9362 9372 9382 9392 9402 9412 9645 9600 9643 9648 9603 9608 9625 12075 12081 12087 12093 11727 11698 11692 11692 11692 11692 11692 11692 11690 11696 11698 11696 11689 11794 11788 11685 11712 11710 11708 11710 11708 11710 11729 11687 11689 11683 11687 11689 11683 11687 11687 11689 11683 11713 11708 11710 11949 11934 11938 11942 11946 11976 11980 11984 11988 11992 11996 9647 9631 9636 9641 9646
9600 9361 9371 9381 9391 9401 9411 9635 9640 9645 9608 9613 9618 9623 12074 12080 12086 12092 11729 11684 11686 11696 11698 11692 11694 11683 11685 11794 11794 11695 11696 11785 11788 11697 11713 11709 11707 11709 11707 11709 11728 11696 11698 11692 11696 11698 11692 11696 11696 11698 11692 11712 11707 11709 11948 11768 11770 11708 11945 11975 11979 11983 11987 11991 11995 9646 9630 9635 9640 9645
9599 9360 9370 9380 9390 9400 9410 9634 9639 9572 9575 9579 9638 9643 12079 12085 12091 12097 11727 11683 11685 11695 11697 11691 11693 11689 11683 11691 11693 11786 11695 11697 11787 11693 11712 11710 11708 11710 11708 11710 11727 11696 11698 11692 11696 11698 11692 11696 11696 11698 11692 11712 11708 11710 11708 11767 11769 11707 11944 11974 11978 11982 11986 11990 11994 9645 9629 9634 9639 9644
9628 9359 9369 9379 9389 9399 9409 9628 9641 9571 9574 9578 9582 9642 12078 12084 12090 12096 11720 11698 11692 11694 11695 11697 11691 11696 11698 11785 11785 11785 11684 11686 11696 11698 11712 11709 11707 11709 11707 11709 11727 11688 11690 11684 11686 11811 11813 11815 11698 11692 11694 11723 11707 11709 11707 11953 11959 12127 12181 11973 11977 11981 11985 11989 11993 9603 9608 9613 9618 9623
9329 9335 9341 9347 9353 9358 9603 9627 9632 9570 9573 9577 9581 9600 12077 12083 12089 12095 11728 11697 11691 11693 11688 11690 11684 11695 11697 11695 11697 11788 11683 11685 11695 11697 11723 11710 11708 11710 11708 11710 11729 11687 11689 11683 11685 11694 11688 11785 11789 11697 11691 11712 11708 11710 11708 11710 11961 11967 9635 9640 9627 9632 9637 9642 9647 9602 9607 9612 9617 9622
9328 9334 9340 9346 9352 9357 8458 9626 9631 9636 9630 9576 9580 9640 12076 12082 12088 12094 11727 11690 11684 11686 11687 11689 11689 11683 11689 11683 11689 11789 11689 11683 11685 11696 11726 11709 11707 11709 11707 11709 11729 11696 11698 11692 11694 11785 11785 11785 11789 11690 11684 11713 11707 11709 11707 11709 11960 11966 9634 9639 9626 9631 9636 9641 9646 9647 9602 9607 9616 9621
9327 9333 9339 9345 9351 9356 8457 9553 9630 9635 9614 9619 9634 9639 12075 12081 12087 12093 11729 11689 11683 11685 11696 11698 11696 11698 11696 11698 11696 11788 11698 11692 11694 11695 11732 11710 11708 11710 11708 11710 11728 11690 11688 11690 11684 11785 11785 11785 11789 11689 11683 11712 11708 11710 11708 11710 11992 11996 9599 9628 9625 9630 11670 11673 11676 9646 9601 9641 9615 9620
9326 9332 9338 9344 9350 9355 9588 9592 9596 9619 9603 9608 9613 9618 12074 12080 12086 12092 11729 11698 11692 11694 11695 11697 11695 11697 11695 11697 11695 11788 11697 11691 11693 11688 11731 11709 11707 11709 11707 11709 11727 11684 11687 11689 11683 11785 11785 11785 11789 11698 11692 11712 11707 11709 11707 11709 11991 11995 9644 9627 9624 9629 11669 11672 11675 9645 12269 9647 12269 9619
9325 9331 9337 9343 9349 9584 9587 9591 9595 9598 9602 9628 9633 9638 12119 12123 11708 11710 11727 11697 11691 11693 11688 11690 11684 11686 11696 11698 11692 11685 11683 11685 11686 11683 11723 11710 11708 11710 11708 11710 11729 11683 11696 11698 11692 11694 11688 11785 11789 11697 11691 11723 11708 11710 11708 11710 11961 11967 9635 9640 9603 9608 11668 11671 11674 12269 12256 12269 9641 9648
9324 9330 9336 9342 9348 9583 9586 9590 9594 9597 9599 9628 9628 9633 12118 12122 11707 11709 11733 11737 11738 11739 11740 11716 11718 11738 11740 11762 11740 11716 11718 11738 11740 11716 11735 11709 11707 11709 11707 11709 11729 11692 11695 11689 11683 11689 11683 11689 11789 11690 11684 11726 11707 11709 11707 11709 11960 11966 9634 9639 9602 9615 9620 9625 12256 12269 9647 9641 12256 9647
9601 9606 9611 9616 8269 8285 9585 9589 9593 9646 9644 9627 9627 9632 12054 12060 11708 11710 11708 11710 11708 11710 11708 11710 11708 11710 11708 11710 11708 11710 12159 11942 11946 12178 12182 12186 12190 11710 12161 12165 11727 11691 11688 11696 11698 11696 11698 11785 11788 11689 11683 11732 11708 11710 11708 11710 12007 12011 9602 9640 9601 9614 9619 9624 9629 12269 12256 9645 9641 9646
9600 9605 9610 9615 8268 8284 8301 9635 9640 9645 9635 9640 9645 9600 12053 12059 11707 11709 11707 11709 11707 11709 11707 11709 11707 11709 11707 11709 11707 11709 12158 11941 11945 12177 12181 12185 12189 11709 12160 12164 11728 11698 11687 11695 11785 11785 11785 11785 11787 11690 11684 11731 11707 11709 11707 11709 12006 12010 9608 9613 9600 9643 9648 9603 9608 9625 12269 9635 9640 9645
9599 8230 8242 8254 8267 8283 8300 8316 9639 8345 8360 8375 9644 9599 12052 12058 12064 12068 11708 11710 11926 11930 11934 11938 11942 11946 11976 11980 11984 11988 11992 11940 11944 12176 12180 12184 12188 11988 12159 12163 11721 11697 11691 11693 11695 11697 11691 11693 11687 11689 11683 11723 11708 11710 11708 11710 12194 12198 9628 9633 9599 9642 9647 9602 9607 9624 9629 9642 12269 9602
9628 8229 8241 8253 8266 8282 8299 8315 8330 8344 8359 8374 8389 9599 12051 12057 12063 12067 11707 11709 11925 11929 11933 11937 11941 11945 11975 11979 11983 11987 11991 11939 11943 12175 12179 12183 12187 11987 12158 12162 11733 11737 11738 11739 11740 11716 11718 11738 11740 11761 11762 11735 11707 11709 11707 11709 12193 12197 9627 9632 9628 9553 9646 9601 9606 9603 9608 9641 9646 9601
8219 8228 8240 8252 8265 8281 8298 8314 8329 8343 8358 8373 8388 8402 12050 12056 12062 12066 12070 12072 11924 11928 11932 11936 11940 11944 11974 11978 11982 11986 11990 11994 9642 9647 9625 9599 11982 11986 12065 12057 12054 12060 11708 11710 11707 11709 11708 11710 11708 11710 11708 11710 11708 11710 11708 11710 12159 12163 12167 9627 9588 9592 9596 9642 9647 9602 9607 9640 9553 9600
8218 8227 8239 8251 8264 8280 8297 8313 8328 8342 8357 8372 8387 8401 8413 12055 12061 12065 12069 8419 8425 8431 11931 11935 11939 11943 11973 11977 11981 9630 9635 9635 9640 9646 9600 9599 11981 11985 11989 11993 12053 12059 11707 11709 11708 11710 11707 11709 11707 11709 11707 11709 11707 11709 11707 11709 12158 12162 12166 9584 9587 9591 9595 9598 9646 9601 9606 9548 9552 9599
8217 8226 8238 8250 8263 8279 8296 8312 8327 8341 8356 8371 8386 8400 8412 9638 9648 9634 9599 8418 8424 8430 8435 9618 9623 9608 9613 9618 9623 9614 9619 9634 9639 9634 9599 9628 9644 9599 9623 9608 12052 12058 12064 12068 11942 11946 11926 11930 11934 11938 11942 11946 11976 11980 11984 11988 11992 11996 9634 9583 9586 9590 9594 9597 9645 9600 9545 9547 9551 9555
8216 8225 8237 8249 8262 8278 8295 8311 8326 8340 8355 8370 8385 8399 8411 9642 9647 9628 9644 8417 8423 8429 8434 9638 9643 9628 9633 9638 9698 9651 9651 9653 9655 9657 9659 9696 9599 9599 8419 8425 8431 12057 12063 12067 11941 11945 11925 11929 11933 11937 11941 11945 11975 11979 11983 11987 11991 11995 9699 9644 9585 9589 9593 9639 9644 9599 9544 9546 9550 9554
8215 8224 8236 8248 8261 8277 8294 8310 8325 8339 8354 8369 8384 8398 8410 9628 9633 9638 9643 8416 8422 8428 8433 9618 9623 9628 9633 9638 9664 9675 9677 9677 9677 9677 9678 9669 9599 9604 8418 8424 8430 8435 12062 12066 12070 12072 11924 11928 11932 11936 11940 11944 11974 11978 11982 11986 9553 11994 9625 9599 9603 9608 9613 9618 9623 9628 9633 9638 9549 9648
9602 8223 8235 8247 8260 8276 8293 8309 8324 8338 8353 8368 8383 8397 8409 9648 9632 9637 9642 8415 8421 8427 8432 9617 9622 9627 9632 9637 9663 9676 9678 9678 9678 9678 9677 9668 9599 9604 8417 8423 8429 8434 12061 12065 12069 12071 11923 11927 11931 11935 11939 11943 11973 11977 11981 9548 9552 11993 9600 9599 9602 9607 9633 9638 9643 9648 9632 9637 9642 9647
8214 8222 8234 8246 8259 8275 8292 8308 8323 8337 8352 8367 8382 8396 8408 9647 9631 9636 9641 9646 8420 8426 9611 9616 9621 9626 9631 9636 9662 9676 9677 9678 9676 9677 9678 9667 9628 9633 8416 8422 8428 8433 9599 9628 9628 9633 9638 9760 9648 8462 8467 8472 8476 9633 9545 9547 9551 9555 9599 9628 9601 9606 9632 9637 9642 9647 9631 9636 9641 9646
9600 8221 8233 8245 8258 8274 8291 8307 8322 8336 8351 8366 8381 8395 8407 9646 9630 9635 9640 9645 9600 9605 9610 9615 9620 9625 9630 9635 9661 9675 9676 9678 9675 9676 9677 9666 9630 9635 8415 8421 8427 8432 9637 9642 9620 9625 9630 9635 9640 8461 8466 8471 8475 9642 9544 9546 9550 9554 9640 9645 9600 9605 9631 9636 8439 8444 8449 8454 9640 9645
9599 8220 8232 8244 8257 8273 8290 8306 8321 8335 8350 8365 8380 8394 8406 9645 9629 9634 9639 9644 9599 9604 9609 9614 9619 9624 9629 9634 9660 9678 9678 9678 9676 9678 9675 9665 9629 9634 9639 8420 8426 9604 9609 9614 9619 9624 9629 9634 9639 8460 8465 8470 8474 9614 9619 9624 9549 9634 8419 8425 8431 9604 9630 9635 8438 8443 8448 8453 8458 9644
9628 9633 8231 8243 8256 8272 8289 8305 8320 8334 8349 8364 8379 8393 8405 9603 9608 9613 9618 9623 9628 9553 9638 9643 9648 9603 9608 9613 9664 9676 9678 9678 9678 9678 9678 9669 9608 9613 9618 9623 9628 9633 9638 9643 9648 9618 9553 9628 9641 8459 8464 8469 8473 9643 9648 9618 9623 9628 8418 8424 8430 8435 9638 9643 8437 8442 8447 8452 8457 9623
9627 9632 9637 9642 8255 8271 8288 8304 8319 8333 8348 8363 8378 8392 8405 9602 9607 9612 9617 9622 9548 9552 9637 9642 9647 9602 9600 9605 9663 9676 9678 9678 9678 9676 9678 9668 9607 9612 9617 9622 9627 9632 9637 9642 9647 9588 9592 9596 9632 9637 8463 8468 9637 9572 9575 9579 9603 9627 8417 8423 8429 8434 9637 9642 8436 8441 8446 8451 8456 9622
9626 9631 9636 9641 9646 8270 8287 8303 8318 8332 8347 8362 8377 8391 8404 9647 9602 9607 9616 9545 9547 9551 9555 9641 9646 9601 9599 9604 9662 9676 9677 9678 9678 9675 9676 9667 9606 9611 9616 9621 9626 9631 9636 9641 9584 9587 9591 9595 9598 9636 9626 9631 9636 9571 9574 9578 9582 9626 8416 8422 8428 8433 9636 9641 9646 8440 8445 8450 8455 9621
9625 9630 9635 9640 9645 9646 8286 8302 8317 8331 8346 8361 8376 8390 8403 9646 9601 9606 9615 9544 9546 9550 9554 9640 9645 9600 9628 9633 9661 9675 9676 9678 9678 9678 9678 9666 9605 9610 9615 9620 9625 9630 9635 9640 9583 9586 9590 9594 9597 9635 9625 9630 9635 9570 9573 9577 9581 9625 8415 8421 8427 8432 9635 9640 9645 9646 9601 9606 9615 9620
9624 9629 9634 9639 9644 9599 8285 9609 9614 9619 9624 9629 9634 9639 9644 9645 9600 9605 9614 9619 9624 9549 9634 9639 9644 9599 9604 9609 9660 9676 9675 9676 9678 9676 9678 9665 9604 9609 9614 9619 9624 9629 9634 9639 9644 9585 9589 9593 9614 9619 9624 9629 9634 9639 9644 9576 9580 9609 9614 8420 8426 9629 9634 9639 9644 9645 9600 9605 9614 9619
tile 5949 0 0
tile 5950 56 0
tile 8214 112 0
tile 8215 168 0
tile 8216 224 0
tile 8217 280 0
tile 8218 336 0
tile 8219 392 0
tile 8220 448 0
tile 8221 504 0
tile 8222 560 0
tile 8223 616 0
tile 8224 672 0
tile 8225 728 0
tile 8226 784 0
tile 8227 840 0
tile 8228 896 0
tile 8229 952 0
tile 8230 1008 0
tile 8231 1064 0
tile 8232 1120 0
tile 8233 1176 0
tile 8234 1232 0
tile 8235 1288 0
tile 8236 1344 0
tile 8237 1400 0
tile 8238 1456 0
tile 8239 1512 0
tile 8240 1568 0
tile 8241 1624 0
tile 8242 1680 0
tile 8243 1736 0
tile 8244 1792 0
tile 8245 1848 0
tile 8246 1904 0
tile 8247 0 27
tile 8248 56 27
tile 8249 112 27
tile 8250 168 27
tile 8251 224 27
tile 8252 280 27
tile 8253 336 27
tile 8254 392 27
tile 8255 448 27
tile 8256 504 27
tile 8257 560 27
tile 8258 616 27
tile 8259 672 27
tile 8260 728 27
tile 8261 784 27
tile 8262 840 27
tile 8263 896 27
tile 8264 952 27
tile 8265 1008 27
tile 8266 1064 27
tile 8267 1120 27
tile 8268 1176 27
tile 8269 1232 27
tile 8270 1288 27
tile 8271 1344 27
tile 8272 1400 27
tile 8273 1456 27
tile 8274 1512 27
tile 8275 1568 27
tile 8276 1624 27
tile 8277 1680 27
tile 8278 1736 27
tile 8279 1792 27
tile 8280 1848 27
tile 8281 1904 27
tile 8282 0 54
tile 8283 56 54
tile 8284 112 54
tile 8285 168 54
tile 8286 224 54
tile 8287 280 54
tile 8288 336 54
tile 8289 392 54
tile 8290 448 54
tile 8291 504 54
tile 8292 560 54
tile 8293 616 54
tile 8294 672 54
tile 8295 728 54
tile 8296 784 54
tile 8297 840 54
tile 8298 896 54
tile 8299 952 54
tile 8300 1008 54
tile 8301 1064 54
tile 8302 1120 54
tile 8303 1176 54
tile 8304 1232 54
tile 8305 1288 54
tile 8306 1344 54
tile 8307 1400 54
tile 8308 1456 54
tile 8309 1512 54
tile 8310 1568 54
tile 8311 1624 54
tile 8312 1680 54
tile 8313 1736 54
tile 8314 1792 54
tile 8315 1848 54
tile 8316 1904 54
tile 8317 0 81
tile 8318 56 81
tile 8319 112 81
tile 8320 168 81
tile 8321 224 81
tile 8322 280 81
tile 8323 336 81
tile 8324 392 81
tile 8325 448 81
tile 8326 504 81
tile 8327 560 81
tile 8328 616 81
tile 8329 672 81
tile 8330 728 81
tile 8331 784 81
tile 8332 840 81
tile 8333 896 81
tile 8334 952 81
tile 8335 1008 81
tile 8336 1064 81
tile 8337 1120 81
tile 8338 1176 81
tile 8339 1232 81
tile 8340 1288 81
tile 8341 1344 81
tile 8342 1400 81
tile 8343 1456 81
tile 8344 1512 81
tile 8345 1568 81
tile 8346 1624 81
tile 8347 1680 81
tile 8348 1736 81
tile 8349 1792 81
tile 8350 1848 81
tile 8351 1904 81
tile 8352 0 108
tile 8353 56 108
tile 8354 112 108
tile 8355 168 108
tile 8356 224 108
tile 8357 280 108
tile 8358 336 108
tile 8359 392 108
tile 8360 448 108
tile 8361 504 108
tile 8362 560 108
tile 8363 616 108
tile 8364 672 108
tile 8365 728 108
tile 8366 784 108
tile 8367 840 108
tile 8368 896 108
tile 8369 952 108
tile 8370 1008 108
tile 8371 1064 108
tile 8372 1120 108
tile 8373 1176 108
tile 8374 1232 108
tile 8375 1288 108
tile 8376 1344 108
tile 8377 1400 108
tile 8378 1456 108
tile 8379 1512 108
tile 8380 1568 108
tile 8381 1624 108
tile 8382 1680 108
tile 8383 1736 108
tile 8384 1792 108
tile 8385 1848 108
tile 8386 1904 108
tile 8387 0 135
tile 8388 56 135
tile 8389 112 135
tile 8390 168 135
tile 8391 224 135
tile 8392 280 135
tile 8393 336 135
tile 8394 392 135
tile 8395 448 135
tile 8396 504 135
tile 8397 560 135
tile 8398 616 135
tile 8399 672 135
tile 8400 728 135
tile 8401 784 135
tile 8402 840 135
tile 8403 896 135
tile 8404 952 135
tile 8405 1008 135
tile 8406 1064 135
tile 8407 1120 135
tile 8408 1176 135
tile 8409 1232 135
tile 8410 1288 135
tile 8411 1344 135
tile 8412 1400 135
tile 8413 1456 135
tile 8415 1512 135
tile 8416 1568 135
tile 8417 1624 135
tile 8418 1680 135
tile 8419 1736 135
tile 8420 1792 135
tile 8421 1848 135
tile 8422 1904 135
tile 8423 0 162
tile 8424 56 162
tile 8425 112 162
tile 8426 168 162
tile 8427 224 162
tile 8428 280 162
tile 8429 336 162
tile 8430 392 162
tile 8431 448 162
tile 8432 504 162
tile 8433 560 162
tile 8434 616 162
tile 8435 672 162
tile 8436 728 162
tile 8437 784 162
tile 8438 840 162
tile 8439 896 162
tile 8440 952 162
tile 8441 1008 162
tile 8442 1064 162
tile 8443 1120 162
tile 8444 1176 162
tile 8445 1232 162
tile 8446 1288 162
tile 8447 1344 162
tile 8448 1400 162
tile 8449 1456 162
tile 8450 1512 162
tile 8451 1568 162
tile 8452 1624 162
tile 8453 1680 162
tile 8454 1736 162
tile 8455 1792 162
tile 8456 1848 162
tile 8457 1904 162
tile 8458 0 189
tile 8459 56 189
tile 8460 112 189
tile 8461 168 189
tile 8462 224 189
tile 8463 280 189
tile 8464 336 189
tile 8465 392 189
tile 8466 448 189
tile 8467 504 189
tile 8468 560 189
tile 8469 616 189
tile 8470 672 189
tile 8471 728 189
tile 8472 784 189
tile 8473 840 189
tile 8474 896 189
tile 8475 952 189
tile 8476 1008 189
tile 8478 1064 189
tile 8479 1120 189
tile 8480 1176 189
tile 8481 1232 189
tile 8482 1288 189
tile 8483 1344 189
tile 8484 1400 189
tile 8485 1456 189
tile 8486 1512 189
tile 8487 1568 189
tile 8488 1624 189
tile 8489 1680 189
tile 8490 1736 189
tile 8491 1792 189
tile 8492 1848 189
tile 8493 1904 189
tile 8494 0 216
tile 8495 56 216
tile 8496 112 216
tile 8497 168 216
tile 8498 224 216
tile 8499 280 216
tile 8500 336 216
tile 8501 392 216
tile 8502 448 216
tile 8503 504 216
tile 8504 560 216
tile 8505 616 216
tile 8506 672 216
tile 8507 728 216
tile 8508 784 216
tile 8509 840 216
tile 8510 896 216
tile 8511 952 216
tile 8512 1008 216
tile 8513 1064 216
tile 8514 1120 216
tile 8515 1176 216
tile 8516 1232 216
tile 8517 1288 216
tile 8518 1344 216
tile 8519 1400 216
tile 8520 1456 216
tile 8521 1512 216
tile 8522 1568 216
tile 8523 1624 216
tile 8524 1680 216
tile 8525 1736 216
tile 8526 1792 216
tile 8527 1848 216
tile 8528 1904 216
tile 8529 0 243
tile 8530 56 243
tile 8531 112 243
tile 8532 168 243
tile 8533 224 243
tile 8534 280 243
tile 8535 336 243
tile 8536 392 243
tile 8537 448 243
tile 8538 504 243
tile 8539 560 243
tile 8540 616 243
tile 8541 672 243
tile 8542 728 243
tile 8543 784 243
tile 8544 840 243
tile 8545 896 243
tile 8547 952 243
tile 8548 1008 243
tile 8549 1064 243
tile 8550 1120 243
tile 8551 1176 243
tile 8552 1232 243
tile 8553 1288 243
tile 8554 1344 243
tile 8555 1400 243
tile 8556 1456 243
tile 8557 1512 243
tile 8558 1568 243
tile 8559 1624 243
tile 8560 1680 243
tile 8561 1736 243
tile 8563 1792 243
tile 8564 1848 243
tile 8565 1904 243
tile 8566 0 270
tile 8567 56 270
tile 8568 112 270
tile 8569 168 270
tile 8570 224 270
tile 8571 280 270
tile 8572 336 270
tile 8573 392 270
tile 8574 448 270
tile 8575 504 270
tile 8576 560 270
tile 8577 616 270
tile 8578 672 270
tile 8580 728 270
tile 8581 784 270
tile 8582 840 270
tile 8583 896 270
tile 8584 952 270
tile 8585 1008 270
tile 8586 1064 270
tile 8587 1120 270
tile 8588 1176 270
tile 8589 1232 270
tile 8590 1288 270
tile 8591 1344 270
tile 8592 1400 270
tile 8593 1456 270
tile 8594 1512 270
tile 8595 1568 270
tile 8596 1624 270
tile 8597 1680 270
tile 8598 1736 270
tile 8599 1792 270
tile 8600 1848 270
tile 8601 1904 270
tile 8602 0 297
tile 8603 56 297
tile 8604 112 297
tile 8605 168 297
tile 8606 224 297
tile 8607 280 297
tile 8608 336 297
tile 8609 392 297
tile 8610 448 297
tile 8611 504 297
tile 8612 560 297
tile 8613 616 297
tile 8614 672 297
tile 8615 728 297
tile 8616 784 297
tile 8617 840 297
tile 8618 896 297
tile 8619 952 297
tile 8620 1008 297
tile 8621 1064 297
tile 8622 1120 297
tile 8623 1176 297
tile 8624 1232 297
tile 8625 1288 297
tile 8626 1344 297
tile 8627 1400 297
tile 8628 1456 297
tile 8629 1512 297
tile 8630 1568 297
tile 8631 1624 297
tile 8632 1680 297
tile 8633 1736 297
tile 8634 1792 297
tile 8635 1848 297
tile 8636 1904 297
tile 8637 0 324
tile 8638 56 324
tile 8639 112 324
tile 8640 168 324
tile 8641 224 324
tile 8642 280 324
tile 8643 336 324
tile 8644 392 324
tile 8645 448 324
tile 8646 504 324
tile 8647 560 324
tile 8648 616 324
tile 8649 672 324
tile 8650 728 324
tile 8651 784 324
tile 8652 840 324
tile 8653 896 324
tile 8654 952 324
tile 8655 1008 324
tile 8656 1064 324
tile 8657 1120 324
tile 8658 1176 324
tile 8659 1232 324
tile 8660 1288 324
tile 8661 1344 324
tile 8662 1400 324
tile 8663 1456 324
tile 8664 1512 324
tile 8665 1568 324
tile 8666 1624 324
tile 8667 1680 324
tile 8668 1736 324
tile 8669 1792 324
tile 8670 1848 324
tile 8671 1904 324
tile 8672 0 351
tile 8673 56 351
tile 8674 112 351
tile 8675 168 351
tile 8676 224 351
tile 8677 280 351
tile 8678 336 351
tile 8679 392 351
tile 8680 448 351
tile 8681 504 351
tile 8682 560 351
tile 8683 616 351
tile 8684 672 351
tile 8685 728 351
tile 8686 784 351
tile 8687 840 351
tile 8688 896 351
tile 8689 952 351
tile 8690 1008 351
tile 8691 1064 351
tile 8692 1120 351
tile 8693 1176 351
tile 8694 1232 351
tile 8695 1288 351
tile 8696 1344 351
tile 8697 1400 351
tile 8698 1456 351
tile 8699 1512 351
tile 8700 1568 351
tile 8701 1624 351
tile 8702 1680 351
tile 8703 1736 351
tile 8704 1792 351
tile 8705 1848 351
tile 8706 1904 351
tile 8707 0 378
tile 8708 56 378
tile 8709 112 378
tile 8710 168 378
tile 8711 224 378
tile 8712 280 378
tile 8713 336 378
tile 8714 392 378
tile 8715 448 378
tile 8716 504 378
tile 8717 560 378
tile 8718 616 378
tile 8719 672 378
tile 8720 728 378
tile 8721 784 378
tile 8722 840 378
tile 8723 896 378
tile 8724 952 378
tile 8725 1008 378
tile 8726 1064 378
tile 8727 1120 378
tile 8728 1176 378
tile 8729 1232 378
tile 8730 1288 378
tile 8731 1344 378
tile 8732 1400 378
tile 8733 1456 378
tile 8734 1512 378
tile 9226 1568 378
tile 9227 1624 378
tile 9228 1680 378
tile 9229 1736 378
tile 9230 1792 378
tile 9231 1848 378
tile 9232 1904 378
tile 9233 0 405
tile 9234 56 405
tile 9235 112 405
tile 9236 168 405
tile 9237 224 405
tile 9238 280 405
tile 9239 336 405
tile 9240 392 405
tile 9241 448 405
tile 9242 504 405
tile 9243 560 405
tile 9244 616 405
tile 9245 672 405
tile 9246 728 405
tile 9247 784 405
tile 9248 840 405
tile 9249 896 405
tile 9250 952 405
tile 9251 1008 405
tile 9252 1064 405
tile 9253 1120 405
tile 9254 1176 405
tile 9255 1232 405
tile 9256 1288 405
tile 9257 1344 405
tile 9258 1400 405
tile 9259 1456 405
tile 9260 1512 405
tile 9262 1568 405
tile 9263 1624 405
tile 9264 1680 405
tile 9265 1736 405
tile 9266 1792 405
tile 9267 1848 405
tile 9268 1904 405
tile 9269 0 432
tile 9270 56 432
tile 9271 112 432
tile 9272 168 432
tile 9273 224 432
tile 9274 280 432
tile 9275 336 432
tile 9276 392 432
tile 9277 448 432
tile 9278 504 432
tile 9279 560 432
tile 9280 616 432
tile 9281 672 432
tile 9282 728 432
tile 9283 784 432
tile 9284 840 432
tile 9285 896 432
tile 9286 952 432
tile 9287 1008 432
tile 9288 1064 432
tile 9289 1120 432
tile 9290 1176 432
tile 9291 1232 432
tile 9293 1288 432
tile 9294 1344 432
tile 9295 1400 432
tile 9296 1456 432
tile 9297 1512 432
tile 9298 1568 432
tile 9299 1624 432
tile 9300 1680 432
tile 9301 1736 432
tile 9302 1792 432
tile 9303 1848 432
tile 9304 1904 432
tile 9305 0 459
tile 9306 56 459
tile 9307 112 459
tile 9308 168 459
tile 9309 224 459
tile 9310 280 459
tile 9311 336 459
tile 9312 392 459
tile 9313 448 459
tile 9314 504 459
tile 9315 560 459
tile 9316 616 459
tile 9317 672 459
tile 9318 728 459
tile 9319 784 459
tile 9320 840 459
tile 9321 896 459
tile 9322 952 459
tile 9324 1008 459
tile 9325 1064 459
tile 9326 1120 459
tile 9327 1176 459
tile 9328 1232 459
tile 9329 1288 459
tile 9330 1344 459
tile 9331 1400 459
tile 9332 1456 459
tile 9333 1512 459
tile 9334 1568 459
tile 9335 1624 459
tile 9336 1680 459
tile 9337 1736 459
tile 9338 1792 459
tile 9339 1848 459
tile 9340 1904 459
tile 9341 0 486
tile 9342 56 486
tile 9343 112 486
tile 9344 168 486
tile 9345 224 486
tile 9346 280 486
tile 9347 336 486
tile 9348 392 486
tile 9349 448 486
tile 9350 504 486
tile 9351 560 486
tile 9352 616 486
tile 9353 672 486
tile 9354 728 486
tile 9355 784 486
tile 9356 840 486
tile 9357 896 486
tile 9358 952 486
tile 9359 1008 486
tile 9360 1064 486
tile 9361 1120 486
tile 9362 1176 486
tile 9363 1232 486
tile 9364 1288 486
tile 9365 1344 486
tile 9366 1400 486
tile 9367 1456 486
tile 9368 1512 486
tile 9369 1568 486
tile 9370 1624 486
tile 9371 1680 486
tile 9372 1736 486
tile 9373 1792 486
tile 9374 1848 486
tile 9375 1904 486
tile 9376 0 513
tile 9377 56 513
tile 9378 112 513
tile 9379 168 513
tile 9380 224 513
tile 9381 280 513
tile 9382 336 513
tile 9383 392 513
tile 9384 448 513
tile 9385 504 513
tile 9386 560 513
tile 9387 616 513
tile 9388 672 513
tile 9389 728 513
tile 9390 784 513
tile 9391 840 513
tile 9392 896 513
tile 9393 952 513
tile 9394 1008 513
tile 9395 1064 513
tile 9396 1120 513
tile 9397 1176 513
tile 9398 1232 513
tile 9399 1288 513
tile 9400 1344 513
tile 9401 1400 513
tile 9402 1456 513
tile 9403 1512 513
tile 9404 1568 513
tile 9405 1624 513
tile 9406 1680 513
tile 9407 1736 513
tile 9408 1792 513
tile 9409 1848 513
tile 9410 1904 513
tile 9411 0 540
tile 9412 56 540
tile 9413 112 540
tile 9414 168 540
tile 9415 224 540
tile 9416 280 540
tile 9417 336 540
tile 9418 392 540
tile 9544 448 540
tile 9545 504 540
tile 9546 560 540
tile 9547 616 540
tile 9548 672 540
tile 9549 728 540
tile 9550 784 540
tile 9551 840 540
tile 9552 896 540
tile 9553 952 540
tile 9554 1008 540
tile 9555 1064 540
tile 9558 1120 540
tile 9570 1176 540
tile 9571 1232 540
tile 9572 1288 540
tile 9573 1344 540
tile 9574 1400 540
tile 9575 1456 540
tile 9576 1512 540
tile 9577 1568 540
tile 9578 1624 540
tile 9579 1680 540
tile 9580 1736 540
tile 9581 1792 540
tile 9582 1848 540
tile 9583 1904 540
tile 9584 0 567
tile 9585 56 567
tile 9586 112 567
tile 9587 168 567
tile 9588 224 567
tile 9589 280 567
tile 9590 336 567
tile 9591 392 567
tile 9592 448 567
tile 9593 504 567
tile 9594 560 567
tile 9595 616 567
tile 9596 672 567
tile 9597 728 567
tile 9598 784 567
tile 9599 840 567
tile 9600 896 567
tile 9601 952 567
tile 9602 1008 567
tile 9603 1064 567
tile 9604 1120 567
tile 9605 1176 567
tile 9606 1232 567
tile 9607 1288 567
tile 9608 1344 567
tile 9609 1400 567
tile 9610 1456 567
tile 9611 1512 567
tile 9612 1568 567
tile 9613 1624 567
tile 9614 1680 567
tile 9615 1736 567
tile 9616 1792 567
tile 9617 1848 567
tile 9618 1904 567
tile 9619 0 594
tile 9620 56 594
tile 9621 112 594
tile 9622 168 594
tile 9623 224 594
tile 9624 280 594
tile 9625 336 594
tile 9626 392 594
tile 9627 448 594
tile 9628 504 594
tile 9629 560 594
tile 9630 616 594
tile 9631 672 594
tile 9632 728 594
tile 9633 784 594
tile 9634 840 594
tile 9635 896 594
tile 9636 952 594
tile 9637 1008 594
tile 9638 1064 594
tile 9639 1120 594
tile 9640 1176 594
tile 9641 1232 594
tile 9642 1288 594
tile 9643 1344 594
tile 9644 1400 594
tile 9645 1456 594
tile 9646 1512 594
tile 9647 1568 594
tile 9648 1624 594
tile 9650 1680 594
tile 9651 1736 594
tile 9652 1792 594
tile 9653 1848 594
tile 9654 1904 594
tile 9655 0 621
tile 9656 56 621
tile 9657 112 621
tile 9658 168 621
tile 9659 224 621
tile 9660 280 621
tile 9661 336 621
tile 9662 392 621
tile 9663 448 621
tile 9664 504 621
tile 9665 560 621
tile 9666 616 621
tile 9667 672 621
tile 9668 728 621
tile 9669 784 621
tile 9670 840 621
tile 9671 896 621
tile 9672 952 621
tile 9675 1008 621
tile 9676 1064 621
tile 9677 1120 621
tile 9678 1176 621
tile 9679 1232 621
tile 9680 1288 621
tile 9681 1344 621
tile 9682 1400 621
tile 9683 1456 621
tile 9694 1512 621
tile 9696 1568 621
tile 9698 1624 621
tile 9699 1680 621
tile 9760 1736 621
tile 11668 1792 621
tile 11669 1848 621
tile 11670 1904 621
tile 11671 0 648
tile 11672 56 648
tile 11673 112 648
tile 11674 168 648
tile 11675 224 648
tile 11676 280 648
tile 11683 336 648
tile 11684 392 648
tile 11685 448 648
tile 11686 504 648
tile 11687 560 648
tile 11688 616 648
tile 11689 672 648
tile 11690 728 648
tile 11691 784 648
tile 11692 840 648
tile 11693 896 648
tile 11694 952 648
tile 11695 1008 648
tile 11696 1064 648
tile 11697 1120 648
tile 11698 1176 648
tile 11707 1232 648
tile 11708 1288 648
tile 11709 1344 648
tile 11710 1400 648
tile 11711 1456 648
tile 11712 1512 648
tile 11713 1568 648
tile 11714 1624 648
tile 11715 1680 648
tile 11716 1736 648
tile 11717 1792 648
tile 11718 1848 648
tile 11719 1904 648
tile 11720 0 675
tile 11721 56 675
tile 11723 112 675
tile 11725 168 675
tile 11726 224 675
tile 11727 280 675
tile 11728 336 675
tile 11729 392 675
tile 11731 448 675
tile 11732 504 675
tile 11733 560 675
tile 11734 616 675
tile 11735 672 675
tile 11736 728 675
tile 11737 784 675
tile 11738 840 675
tile 11739 896 675
tile 11740 952 675
tile 11741 1008 675
tile 11742 1064 675
tile 11743 1120 675
tile 11744 1176 675
tile 11745 1232 675
tile 11746 1288 675
tile 11747 1344 675
tile 11748 1400 675
tile 11761 1456 675
tile 11762 1512 675
tile 11767 1568 675
tile 11768 1624 675
tile 11769 1680 675
tile 11770 1736 675
tile 11785 1792 675
tile 11786 1848 675
tile 11787 1904 675
tile 11788 0 702
tile 11789 56 702
tile 11791 112 702
tile 11794 168 702
tile 11802 224 702
tile 11803 280 702
tile 11804 336 702
tile 11805 392 702
tile 11806 448 702
tile 11811 504 702
tile 11813 560 702
tile 11815 616 702
tile 11923 672 702
tile 11924 728 702
tile 11925 784 702
tile 11926 840 702
tile 11927 896 702
tile 11928 952 702
tile 11929 1008 702
tile 11930 1064 702
tile 11931 1120 702
tile 11932 1176 702
tile 11933 1232 702
tile 11934 1288 702
tile 11935 1344 702
tile 11936 1400 702
tile 11937 1456 702
tile 11938 1512 702
tile 11939 1568 702
tile 11940 1624 702
tile 11941 1680 702
tile 11942 1736 702
tile 11943 1792 702
tile 11944 1848 702
tile 11945 1904 702
tile 11946 0 729
tile 11948 56 729
tile 11949 112 729
tile 11950 168 729
tile 11951 224 729
tile 11952 280 729
tile 11953 336 729
tile 11954 392 729
tile 11955 448 729
tile 11956 504 729
tile 11957 560 729
tile 11958 616 729
tile 11959 672 729
tile 11960 728 729
tile 11961 784 729
tile 11962 840 729
tile 11963 896 729
tile 11964 952 729
tile 11965 1008 729
tile 11966 1064 729
tile 11967 1120 729
tile 11973 1176 729
tile 11974 1232 729
tile 11975 1288 729
tile 11976 1344 729
tile 11977 1400 729
tile 11978 1456 729
tile 11979 1512 729
tile 11980 1568 729
tile 11981 1624 729
tile 11982 1680 729
tile 11983 1736 729
tile 11984 1792 729
tile 11985 1848 729
tile 11986 1904 729
tile 11987 0 756
tile 11988 56 756
tile 11989 112 756
tile 11990 168 756
tile 11991 224 756
tile 11992 280 756
tile 11993 336 756
tile 11994 392 756
tile 11995 448 756
tile 11996 504 756
tile 11998 560 756
tile 11999 616 756
tile 12000 672 756
tile 12001 728 756
tile 12002 784 756
tile 12003 840 756
tile 12004 896 756
tile 12005 952 756
tile 12006 1008 756
tile 12007 1064 756
tile 12008 1120 756
tile 12009 1176 756
tile 12010 1232 756
tile 12011 1288 756
tile 12012 1344 756
tile 12013 1400 756
tile 12015 1456 756
tile 12016 1512 756
tile 12017 1568 756
tile 12018 1624 756
tile 12019 1680 756
tile 12020 1736 756
tile 12021 1792 756
tile 12022 1848 756
tile 12023 1904 756
tile 12024 0 783
tile 12025 56 783
tile 12026 112 783
tile 12027 168 783
tile 12028 224 783
tile 12029 280 783
tile 12030 336 783
tile 12031 392 783
tile 12032 448 783
tile 12033 504 783
tile 12036 560 783
tile 12037 616 783
tile 12038 672 783
tile 12039 728 783
tile 12040 784 783
tile 12041 840 783
tile 12042 896 783
tile 12043 952 783
tile 12044 1008 783
tile 12045 1064 783
tile 12046 1120 783
tile 12047 1176 783
tile 12050 1232 783
tile 12051 1288 783
tile 12052 1344 783
tile 12053 1400 783
tile 12054 1456 783
tile 12055 1512 783
tile 12056 1568 783
tile 12057 1624 783
tile 12058 1680 783
tile 12059 1736 783
tile 12060 1792 783
tile 12061 1848 783
tile 12062 1904 783
tile 12063 0 810
tile 12064 56 810
tile 12065 112 810
tile 12066 168 810
tile 12067 224 810
tile 12068 280 810
tile 12069 336 810
tile 12070 392 810
tile 12071 448 810
tile 12072 504 810
tile 12074 560 810
tile 12075 616 810
tile 12076 672 810
tile 12077 728 810
tile 12078 784 810
tile 12079 840 810
tile 12080 896 810
tile 12081 952 810
tile 12082 1008 810
tile 12083 1064 810
tile 12084 1120 810
tile 12085 1176 810
tile 12086 1232 810
tile 12087 1288 810
tile 12088 1344 810
tile 12089 1400 810
tile 12090 1456 810
tile 12091 1512 810
tile 12092 1568 810
tile 12093 1624 810
tile 12094 1680 810
tile 12095 1736 810
tile 12096 1792 810
tile 12097 1848 810
tile 12100 1904 810
tile 12101 0 837
tile 12102 56 837
tile 12104 112 837
tile 12105 168 837
tile 12106 224 837
tile 12108 280 837
tile 12109 336 837
tile 12110 392 837
tile 12112 448 837
tile 12113 504 837
tile 12114 560 837
tile 12118 616 837
tile 12119 672 837
tile 12120 728 837
tile 12121 784 837
tile 12122 840 837
tile 12123 896 837
tile 12124 952 837
tile 12125 1008 837
tile 12126 1064 837
tile 12127 1120 837
tile 12128 1176 837
tile 12129 1232 837
tile 12130 1288 837
tile 12131 1344 837
tile 12134 1400 837
tile 12135 1456 837
tile 12136 1512 837
tile 12138 1568 837
tile 12139 1624 837
tile 12140 1680 837
tile 12142 1736 837
tile 12143 1792 837
tile 12144 1848 837
tile 12146 1904 837
tile 12147 0 864
tile 12148 56 864
tile 12150 112 864
tile 12151 168 864
tile 12152 224 864
tile 12154 280 864
tile 12155 336 864
tile 12156 392 864
tile 12158 448 864
tile 12159 504 864
tile 12160 560 864
tile 12161 616 864
tile 12162 672 864
tile 12163 728 864
tile 12164 784 864
tile 12165 840 864
tile 12166 896 864
tile 12167 952 864
tile 12175 1008 864
tile 12176 1064 864
tile 12177 1120 864
tile 12178 1176 864
tile 12179 1232 864
tile 12180 1288 864
tile 12181 1344 864
tile 12182 1400 864
tile 12183 1456 864
tile 12184 1512 864
tile 12185 1568 864
tile 12186 1624 864
tile 12187 1680 864
tile 12188 1736 864
tile 12189 1792 864
tile 12190 1848 864
tile 12193 1904 864
tile 12194 0 891
tile 12197 56 891
tile 12198 112 891
tile 12236 168 891
tile 12237 224 891
tile 12238 280 891
tile 12239 336 891
tile 12240 392 891
tile 12241 448 891
tile 12243 504 891
tile 12244 560 891
tile 12245 616 891
tile 12246 672 891
tile 12247 728 891
tile 12248 784 891
tile 12256 840 891
tile 12269 896 891
picture 8558 1624 654 122 0
picture 8559 1540 0 151 0
picture 8560 1596 833 134 0
picture 8561 1764 519 28 0
picture 8562 1764 547 28 0
picture 8563 1764 575 28 0
picture 8564 1764 603 28 0
picture 8565 1736 928 37 0
picture 8566 1736 965 37 0
picture 8567 1764 0 37 0
picture 8568 1764 37 37 0
picture 8569 1764 631 28 0
picture 8570 1736 490 42 0
picture 8571 1736 532 42 0
picture 8572 1764 659 28 0
picture 8573 1764 222 36 0
picture 8574 1736 658 40 0
picture 8575 1736 698 40 0
picture 8576 1764 258 36 0
picture 8577 1708 797 65 0
picture 8578 1708 862 65 0
picture 8579 1708 927 65 0
picture 8580 1736 0 65 0
picture 10015 1764 329 32 0
picture 10016 1764 457 31 0
picture 10017 1736 175 47 0
picture 10018 1736 127 48 0
picture 10019 1568 583 144 0
picture 10020 1428 680 167 0
picture 10021 1120 203 202 0
picture 10022 952 624 207 0
picture 10023 1176 200 199 0
picture 10024 532 249 247 0
picture 10025 308 262 261 0
picture 10026 448 504 251 0
picture 10027 700 694 227 0
picture 10028 588 738 240 0
picture 10029 616 480 239 0
picture 10030 728 680 225 0
picture 10031 756 450 224 0
picture 10032 1008 618 205 0
picture 10033 1120 809 201 0
picture 10034 1428 171 170 0
picture 10035 1652 683 101 0
picture 10036 1624 266 131 0
picture 10037 1512 0 154 0
picture 10038 1232 0 192 0
picture 10039 980 621 206 0
picture 10040 952 0 208 0
picture 10041 812 670 221 0
picture 10042 1092 0 203 0
picture 10043 1428 0 171 0
picture 10044 532 496 247 0
picture 10045 308 523 261 0
picture 10046 532 743 247 0
picture 10047 728 0 227 0
picture 10048 616 0 240 0
picture 10049 504 0 250 0
picture 10050 1568 0 146 0
picture 10051 1540 302 150 0
picture 10052 1596 286 138 0
picture 10053 1652 784 96 0
picture 10054 1624 134 132 0
picture 10055 1344 551 181 0
picture 10056 1232 192 192 0
picture 10057 1372 0 180 0
picture 10058 1456 829 164 0
picture 10059 1596 561 136 0
picture 10060 1540 452 150 0
picture 10061 1288 760 189 0
picture 10062 840 0 220 0
picture 10063 1036 0 205 0
picture 10064 1372 359 176 0
picture 10065 1568 727 143 0
picture 10066 1680 0 89 0
picture 10067 1652 117 116 0
picture 10068 1456 334 165 0
picture 10069 1204 584 193 0
picture 10070 924 210 209 0
picture 10071 812 448 222 0
picture 10072 1120 405 202 0
picture 10073 1428 341 170 0
picture 10074 1624 895 117 0
picture 10075 1680 89 89 0
picture 10076 1680 356 84 0
picture 10077 1568 870 143 0
picture 10078 1260 576 191 0
picture 10079 1036 205 205 0
picture 10080 1148 402 200 0
picture 10081 1316 375 186 0
picture 10082 1512 616 153 0
picture 10083 1708 302 73 0
picture 10084 1736 738 38 0
picture 10085 1652 233 116 0
picture 10086 1456 499 165 0
picture 10087 1176 399 198 0
picture 10088 868 657 216 0
picture 10089 700 465 229 0
picture 10090 1148 0 201 0
picture 10091 1428 511 169 0
picture 10092 1652 0 117 0
picture 10093 1680 178 89 0
picture 10094 1680 440 84 0
picture 10095 1596 0 143 0
picture 10096 1260 767 191 0
picture 10097 1036 410 205 0
picture 10098 1148 602 200 0
picture 10099 1316 561 186 0
picture 10100 1512 769 153 0
picture 10101 1708 375 73 0
picture 10102 1764 74 37 0
picture 10103 1652 464 110 0
picture 10104 1484 654 159 0
picture 10105 1316 188 187 0
picture 10106 1092 203 203 0
picture 10107 896 0 216 0
picture 10108 1092 406 203 0
picture 10109 840 660 219 0
picture 10110 1008 0 206 0
picture 10111 1372 535 176 0
picture 10112 1484 813 157 0
picture 10113 1680 267 89 0
picture 10115 924 0 210 0
picture 10116 868 0 219 0
picture 10117 1036 615 205 0
picture 10118 1372 711 176 0
picture 10119 1596 143 143 0
picture 10121 1596 697 136 0
picture 10122 1540 752 149 0
picture 10123 1232 384 192 0
picture 10124 840 220 220 0
picture 10125 308 0 262 0
picture 10126 364 259 257 0
picture 10127 700 233 232 0
picture 10128 1456 664 165 0
picture 10129 1652 880 95 0
picture 10130 1652 349 115 0
picture 10131 1484 0 164 0
picture 10132 1232 576 192 0
picture 10133 896 216 216 0
picture 10134 504 750 249 0
picture 10135 532 0 249 0
picture 10136 1680 849 79 0
picture 10137 1120 607 202 0
picture 10138 1316 0 188 0
picture 10139 1540 602 150 0
picture 10231 1568 438 145 0
picture 10232 1428 847 167 0
picture 10233 1092 609 203 0
picture 10234 980 0 207 0
picture 10235 1316 747 185 0
picture 10236 1512 154 154 0
picture 10246 1456 0 167 0
picture 10247 560 494 246 0
picture 10248 336 522 260 0
picture 10249 560 740 246 0
picture 10250 728 454 226 0
picture 10251 756 0 225 0
picture 10252 980 207 207 0
picture 10483 1596 424 137 0
picture 10484 1484 492 162 0
picture 10485 1344 0 185 0
picture 10486 1204 777 193 0
picture 10487 1344 732 181 0
picture 10488 1484 164 164 0
picture 11438 1512 308 154 0
picture 11439 1064 0 205 0
picture 11440 392 257 256 0
picture 11441 224 0 270 0
picture 11442 280 0 264 0
picture 11443 84 569 278 0
picture 11444 112 556 277 0
picture 11445 168 0 275 0
picture 11446 672 234 233 0
picture 11447 672 467 233 0
picture 11448 168 275 275 0
picture 11449 140 0 277 0
picture 11450 112 0 278 0
picture 11453 392 513 256 0
picture 11454 1064 205 205 0
picture 11455 1512 462 154 0
picture 11456 1064 410 205 0
picture 11457 336 0 261 0
picture 11458 140 277 277 0
picture 11459 112 278 278 0
picture 11460 280 264 264 0
picture 11461 644 476 236 0
picture 11462 952 208 208 0
picture 11463 756 674 224 0
picture 11464 224 270 270 0
picture 11465 56 0 289 0
picture 11466 56 578 285 0
picture 11467 448 755 251 0
picture 11468 952 416 208 0
picture 11477 476 0 251 0
picture 11478 84 0 285 0
picture 11479 56 289 289 0
picture 11480 224 540 270 0
picture 11481 784 0 224 0
picture 11517 1680 928 77 0
picture 11518 1708 593 70 0
picture 11519 1708 0 77 0
picture 11520 1708 448 73 0
picture 11521 1708 154 74 0
picture 11522 1708 521 72 0
picture 11523 1736 404 43 0
picture 11524 1736 314 45 0
picture 11525 1736 447 43 0
picture 11526 1736 359 45 0
picture 11533 1764 488 31 0
picture 11534 1764 294 35 0
picture 11737 1764 111 37 0
picture 11741 1736 776 38 0
picture 11742 1736 814 38 0
picture 11743 1764 771 24 0
picture 11744 1764 361 32 0
picture 11745 1736 574 42 0
picture 11746 1736 616 42 0
picture 11747 1764 687 28 0
picture 11758 1764 795 24 0
picture 11759 1736 222 46 0
picture 11760 1764 715 28 0
picture 11761 1764 891 23 0
picture 11762 1764 148 37 0
picture 11763 1764 185 37 0
picture 11764 1764 819 24 0
picture 11765 1764 393 32 0
picture 11766 1764 425 32 0
picture 11767 1764 743 28 0
picture 11768 1736 268 46 0
picture 11769 1764 843 24 0
picture 11780 1708 663 67 0
picture 11781 1708 77 77 0
picture 11782 1708 730 67 0
picture 11783 1736 65 62 0
picture 11792 1232 768 192 0
picture 11793 1204 196 194 0
picture 11794 1624 397 131 0
picture 11795 1624 0 134 0
picture 11796 1204 390 194 0
picture 11797 1260 0 192 0
picture 11798 1764 867 24 0
picture 11799 1736 852 38 0
picture 11800 1680 606 81 0
picture 11801 1624 528 126 0
picture 11802 1624 776 119 0
picture 11803 1680 687 81 0
picture 11804 1736 890 38 0
picture 11830 1680 768 81 0
picture 11831 1400 349 173 0
picture 11832 1008 206 206 0
picture 11833 476 251 251 0
picture 11834 504 250 250 0
picture 11835 420 506 252 0
picture 11836 1092 812 203 0
picture 11837 1652 574 109 0
picture 11838 1148 201 201 0
picture 11839 672 0 234 0
picture 11840 252 536 265 0
picture 11841 504 500 250 0
picture 11842 420 758 252 0
picture 11843 1120 0 203 0
picture 11851 1064 615 204 0
picture 11852 392 769 253 0
picture 11853 476 502 251 0
picture 11854 476 753 251 0
picture 11855 980 414 207 0
picture 11856 1400 175 174 0
picture 11857 1680 524 82 0
picture 11900 280 528 264 0
picture 11901 252 0 270 0
picture 11902 84 285 284 0
picture 11903 672 700 233 0
picture 11904 1344 185 184 0
picture 11905 1708 228 74 0
picture 12210 1176 597 196 0
picture 12211 28 293 291 0
picture 12212 0 305 301 0
picture 12213 168 550 274 0
picture 12214 588 0 246 0
picture 12215 1260 192 192 0
picture 12216 28 584 291 0
picture 12217 0 606 301 0
picture 12218 196 0 274 0
picture 12219 588 246 246 0
picture 12220 1456 167 167 0
picture 12221 252 270 266 0
picture 12222 0 0 305 0
picture 12223 28 0 293 0
picture 12224 588 492 246 0
picture 12225 1260 384 192 0
picture 12226 140 554 277 0
picture 12227 196 274 273 0
picture 12228 364 0 259 0
picture 12229 700 0 233 0
picture 12230 1484 328 164 0
picture 12232 784 224 224 0
picture 12235 1148 802 200 0
picture 12236 924 419 209 0
picture 12237 784 448 224 0
picture 12238 616 719 239 0
picture 12239 1288 0 190 0
picture 12240 756 225 225 0
picture 12241 448 0 252 0
picture 12242 420 0 253 0
picture 12243 1288 190 190 0
picture 12244 1400 522 172 0
picture 12245 896 432 215 0
picture 12246 560 0 247 0
picture 12247 364 516 257 0
picture 12248 868 219 219 0
picture 12249 1176 793 196 0
picture 12250 1344 369 182 0
picture 12251 868 438 219 0
picture 12252 392 0 257 0
picture 12253 560 247 247 0
picture 12254 896 647 215 0
picture 12255 1400 694 172 0
picture 12256 1288 380 190 0
picture 12257 420 253 253 0
picture 12258 448 252 252 0
picture 12259 784 672 224 0
picture 12260 1288 570 190 0
picture 12261 644 0 239 0
picture 12262 812 0 224 0
picture 12263 924 628 209 0
picture 12264 1176 0 200 0
picture 12268 644 239 237 0
picture 12269 812 224 224 0
picture 12270 1372 180 179 0
picture 12275 1568 146 146 0
picture 12276 1568 292 146 0
picture 12299 1540 151 151 0
picture 12300 1008 412 206 0
picture 12301 840 440 220 0
picture 12302 336 261 261 0
picture 12303 196 547 272 0
picture 12304 728 227 227 0
picture 12305 1400 0 175 0
picture 12306 1064 819 204 0
picture 12307 616 240 240 0
picture 12308 644 712 236 0
picture 12309 1204 0 196 0
object 42 1 right 10066
object 49 1 right 10488
object 42 2 right 10065
object 49 2 right 10487
object 42 3 right 10064
object 47 3 left 10483
object 48 3 left 10484
object 49 3 left 10485
object 49 3 right 10486
object 67 3 right 10102
object 22 4 right 10075
object 42 4 right 10063
object 67 4 right 10101
object 22 5 right 10074
object 38 5 right 10236
object 40 5 left 10059
object 41 5 left 10060
object 42 5 left 10061
object 42 5 right 10062
object 59 5 right 10139
object 64 5 right 10129
object 67 5 right 10100
object 14 6 right 10053
object 22 6 right 10073
object 38 6 right 10235
object 59 6 right 10138
object 64 6 right 10128
object 67 6 right 10099
object 14 7 right 10052
object 18 7 left 10067
object 19 7 left 10068
object 20 7 left 10069
object 21 7 left 10070
object 22 7 left 10071
object 22 7 right 10072
object 27 7 right 12309
object 35 7 right 12309
object 36 7 left 10231
object 37 7 left 10232
object 38 7 left 10233
object 38 7 right 10234
object 59 7 left 10136
object 59 7 right 10137
object 60 7 left 10121
object 61 7 left 10122
object 61 7 right 10122
object 62 7 left 10123
object 62 7 right 10124
object 64 7 left 10094
object 64 7 right 10127
object 65 7 left 10095
object 66 7 left 10096
object 67 7 left 10097
object 67 7 right 10098
object 8 8 right 10058
object 14 8 right 10051
object 26 8 left 12306
object 27 8 left 12307
object 27 8 right 12308
object 28 8 left 12299
object 29 8 left 12300
object 29 8 right 12301
object 31 8 left 12302
object 32 8 left 12303
object 33 8 left 12304
object 33 8 right 12305
object 34 8 left 12306
object 35 8 left 12307
object 35 8 right 12308
object 58 8 right 10113
object 64 8 left 10125
object 64 8 right 10126
object 66 8 left 10093
object 8 9 right 10057
object 13 9 left 10048
object 14 9 left 10049
object 14 9 right 10050
object 56 9 left 10130
object 57 9 left 10131
object 58 9 left 10132
object 58 9 right 10112
object 59 9 left 10133
object 60 9 left 10134
object 60 9 right 10135
object 66 9 right 10092
object 7 10 left 10054
object 8 10 left 10055
object 8 10 right 10056
object 12 10 right 10047
object 15 10 right 10035
object 58 10 right 10111
object 60 10 right 10119
object 66 10 right 10091
object 9 11 right 10043
object 11 11 left 10044
object 12 11 left 10045
object 12 11 right 10046
object 15 11 left 10033
object 15 11 right 10034
object 58 11 right 10110
object 60 11 right 10118
object 62 11 left 10085
object 63 11 left 10086
object 64 11 left 10087
object 64 11 right 10091
object 65 11 left 10088
object 66 11 left 10089
object 66 11 right 10090
object 8 12 left 10040
object 9 12 left 10041
object 9 12 right 10042
object 13 12 left 10030
object 14 12 left 10031
object 14 12 right 10032
object 58 12 right 10109
object 60 12 right 10117
object 7 13 left 10038
object 7 13 right 10039
object 12 13 left 10028
object 12 13 right 10029
object 54 13 left 10103
object 55 13 left 10104
object 56 13 left 10105
object 57 13 left 10106
object 58 13 left 10107
object 58 13 right 10108
object 60 13 left 10115
object 60 13 right 10116
object 6 14 left 10036
object 6 14 right 10037
object 9 14 left 10015
object 9 14 right 10016
object 11 14 right 10027
object 9 15 left 10023
object 10 15 left 10024
object 11 15 left 10025
object 11 15 right 10026
object 25 15 left 11761
object 26 15 left 11763
object 26 15 right 11764
object 27 15 left 11763
object 27 15 right 11764
object 28 15 right 11769
object 6 16 left 10019
object 7 16 left 10020
object 8 16 left 10021
object 8 16 right 10022
object 14 16 left 10017
object 14 16 right 10018
object 25 16 left 11761
object 25 16 right 11762
object 26 16 left 11519
object 26 16 right 11520
object 27 16 left 11519
object 27 16 right 11520
object 28 16 left 11767
object 28 16 right 11768
object 47 16 left 11761
object 47 16 right 11764
object 48 16 left 11763
object 48 16 right 11764
object 49 16 left 11742
object 49 16 right 11743
object 50 16 left 11741
object 50 16 right 11743
object 51 16 left 11742
object 51 16 right 11743
object 52 16 right 11769
object 25 17 left 11758
object 25 17 right 11737
object 26 17 left 11759
object 26 17 right 11760
object 27 17 left 11746
object 27 17 right 11747
object 28 17 left 11765
object 28 17 right 11766
object 41 17 left 12244
object 42 17 left 12245
object 43 17 left 12246
object 44 17 left 12247
object 44 17 right 12248
object 45 17 right 12249
object 47 17 left 11761
object 47 17 right 11762
object 48 17 left 11533
object 48 17 right 11534
object 49 17 left 11523
object 49 17 right 11524
object 50 17 left 11523
object 50 17 right 11524
object 51 17 left 11525
object 51 17 right 11526
object 52 17 left 11767
object 52 17 right 11768
object 59 17 right 10084
object 42 18 left 12244
object 43 18 left 12244
object 44 18 right 12243
object 47 18 left 11758
object 47 18 right 11737
object 48 18 left 11759
object 48 18 right 11760
object 49 18 left 11744
object 50 18 left 11745
object 50 18 right 11747
object 51 18 left 11746
object 51 18 right 11747
object 52 18 left 11765
object 52 18 right 11766
object 59 18 right 10083
object 11 19 right 10075
object 33 19 right 11798
object 42 19 left 12244
object 43 19 left 12240
object 44 19 left 12241
object 44 19 right 12242
object 47 19 left 12244
object 48 19 left 12245
object 49 19 left 12246
object 50 19 left 12247
object 50 19 right 12248
object 51 19 right 12249
object 59 19 right 10082
object 67 19 right 10252
object 11 20 right 10074
object 32 20 left 11795
object 33 20 left 11796
object 33 20 right 11797
object 42 20 left 12235
object 42 20 right 12236
object 43 20 left 12237
object 44 20 left 12238
object 44 20 right 12239
object 48 20 left 12235
object 48 20 right 12236
object 49 20 left 12237
object 50 20 left 12238
object 50 20 right 12239
object 59 20 right 10081
object 67 20 right 10251
object 11 21 right 10073
object 30 21 right 11455
object 31 21 right 11905
object 42 21 right 12244
object 43 21 right 12244
object 44 21 right 12243
object 50 21 right 12243
object 56 21 left 10076
object 57 21 left 10077
object 58 21 left 10078
object 59 21 left 10079
object 59 21 right 10080
object 67 21 right 10250
object 7 22 left 10067
object 8 22 left 10068
object 9 22 left 10069
object 10 22 left 10070
object 11 22 left 10071
object 11 22 right 10072
object 30 22 right 11454
object 31 22 right 11904
object 42 22 right 12244
object 43 22 left 12240
object 44 22 left 12241
object 44 22 right 12242
object 49 22 left 12240
object 50 22 left 12241
object 50 22 right 12242
object 65 22 left 10246
object 66 22 left 10247
object 67 22 left 10248
object 67 22 right 10249
object 22 23 right 11468
object 26 23 right 11462
object 30 23 right 11453
object 31 23 right 11903
object 42 23 left 12235
object 42 23 right 12236
object 43 23 left 12237
object 44 23 left 12238
object 44 23 right 12239
object 48 23 left 12235
object 48 23 right 12236
object 49 23 left 12237
object 50 23 left 12238
object 50 23 right 12239
object 52 23 right 11798
object 22 24 right 11467
object 26 24 right 11461
object 30 24 right 11901
object 31 24 right 11902
object 40 24 left 12276
object 45 24 left 11836
object 46 24 left 12276
object 48 24 left 12232
object 51 24 left 11843
object 52 24 left 11796
object 52 24 right 11797
object 20 25 left 11463
object 21 25 left 11464
object 22 25 left 11465
object 22 25 right 11466
object 23 25 left 11456
object 24 25 left 11457
object 25 25 left 11458
object 26 25 left 11459
object 26 25 right 11460
object 29 25 left 11449
object 30 25 left 11450
object 30 25 right 11900
object 40 25 left 11830
object 41 25 left 11831
object 42 25 left 11832
object 43 25 left 11833
object 43 25 right 11834
object 44 25 right 11835
object 49 25 right 11841
object 50 25 right 11842
object 2 26 right 10488
object 19 26 left 11761
object 20 26 left 11763
object 20 26 right 11764
object 21 26 left 11742
object 21 26 right 11743
object 22 26 left 11741
object 23 26 left 11742
object 23 26 right 11743
object 24 26 right 11769
object 28 26 left 11447
object 28 26 right 11448
object 47 26 left 11837
object 48 26 left 11838
object 49 26 left 11839
object 49 26 right 11840
object 2 27 right 10487
object 19 27 left 11761
object 19 27 right 11762
object 20 27 left 11517
object 20 27 right 11518
object 21 27 left 11521
object 21 27 right 11522
object 22 27 left 11519
object 22 27 right 11520
object 23 27 left 11525
object 23 27 right 11526
object 24 27 left 11767
object 24 27 right 11768
object 0 28 left 10483
object 1 28 left 10484
object 2 28 left 10485
object 2 28 right 10486
object 19 28 left 11758
object 19 28 right 11737
object 20 28 left 11759
object 20 28 right 11760
object 21 28 left 11744
object 21 28 right 11524
object 22 28 left 11745
object 22 28 right 11526
object 23 28 left 11746
object 23 28 right 11747
object 24 28 left 11765
object 24 28 right 11766
object 8 34 right 10066
object 8 35 right 10065
object 8 36 right 10064
object 48 36 left 8575
object 48 36 right 8576
object 49 36 left 8567
object 49 36 right 8568
object 8 37 right 10063
object 32 37 left 11795
object 33 37 left 11796
object 33 37 right 11797
object 47 37 left 8573
object 47 37 right 8574
object 48 37 left 8558
object 49 37 left 8559
object 49 37 right 8560
object 51 37 left 8577
object 51 37 right 8578
object 60 37 right 11804
object 68 37 right 10236
object 6 38 left 10059
object 7 38 left 10060
object 8 38 left 10061
object 8 38 right 10062
object 18 38 right 11798
object 47 38 left 8565
object 47 38 right 8566
object 51 38 left 8561
object 51 38 right 8562
object 60 38 right 11803
object 68 38 right 10235
object 18 39 left 11796
object 18 39 right 11797
object 48 39 left 8558
object 49 39 left 8559
object 49 39 right 8560
object 51 39 right 8572
object 58 39 left 11799
object 59 39 left 11800
object 60 39 left 11801
object 60 39 right 11802
object 66 39 left 10231
object 67 39 left 10232
object 68 39 left 10233
object 68 39 right 10234
object 31 40 right 12230
object 40 40 left 11758
object 48 40 left 8579
object 48 40 right 8580
object 49 40 left 8563
object 49 40 right 8564
object 50 40 left 8569
object 51 40 left 8570
object 51 40 right 8571
object 31 41 right 12229
object 22 42 right 12224
object 24 42 right 12214
object 26 42 right 12219
object 28 42 right 12219
object 30 42 right 12219
object 31 42 right 12228
object 22 43 right 12223
object 24 43 right 12213
object 26 43 right 12218
object 28 43 right 12213
object 30 43 right 12218
object 31 43 right 12227
object 11 44 right 10488
object 21 44 left 12220
object 22 44 left 12221
object 22 44 right 12222
object 23 44 left 12210
object 24 44 left 12211
object 24 44 right 12212
object 25 44 left 12215
object 26 44 left 12216
object 26 44 right 12217
object 27 44 left 12210
object 28 44 left 12211
object 28 44 right 12212
object 29 44 left 12215
object 30 44 left 12216
object 30 44 right 12217
object 31 44 left 12225
object 31 44 right 12226
object 11 45 right 10487
object 28 45 right 12275
object 29 45 right 11857
object 9 46 left 10483
object 10 46 left 10484
object 11 46 left 10485
object 11 46 right 10486
object 21 46 right 12255
object 28 46 right 12270
object 29 46 right 11856
object 21 47 right 12254
object 24 47 left 12263
object 24 47 right 12264
object 27 47 left 12263
object 27 47 right 12264
object 28 47 right 12269
object 29 47 right 11855
object 44 47 left 12244
object 45 47 left 12244
object 46 47 left 12244
object 47 47 right 11481
object 7 48 right 10252
object 19 48 right 11798
object 21 48 right 12253
object 23 48 right 12259
object 24 48 right 12262
object 26 48 right 12259
object 27 48 right 12262
object 28 48 right 12268
object 29 48 left 11853
object 29 48 right 11854
object 44 48 left 12244
object 45 48 left 12244
object 46 48 left 12244
object 47 48 right 11480
object 7 49 right 10251
object 18 49 left 11795
object 19 49 left 11796
object 19 49 right 11797
object 21 49 left 12251
object 21 49 right 12252
object 22 49 left 12256
object 23 49 left 12257
object 23 49 right 12258
object 24 49 left 12260
object 24 49 right 12261
object 25 49 left 12256
object 26 49 left 12257
object 26 49 right 12258
object 27 49 left 12260
object 27 49 right 12261
object 29 49 left 11852
object 33 49 right 11798
object 44 49 left 12244
object 45 49 left 12244
object 46 49 left 11477
object 47 49 left 11478
object 47 49 right 11479
object 7 50 right 10250
object 20 50 right 12250
object 22 50 left 11780
object 23 50 left 11781
object 24 50 left 11782
object 24 50 right 11783
object 28 50 right 11851
object 33 50 left 11796
object 33 50 right 11797
object 44 50 left 12244
object 45 50 left 12244
object 46 50 left 12244
object 47 50 left 12244
object 5 51 left 10246
object 6 51 left 10247
object 7 51 left 10248
object 7 51 right 10249
object 44 51 left 12244
object 45 51 left 12244
object 46 51 right 12244
object 47 51 left 12244
object 48 51 left 11445
object 48 51 right 11446
object 41 52 right 11798
object 44 52 left 12244
object 45 52 left 12244
object 46 52 right 12244
object 47 52 right 11444
object 40 53 left 11795
object 41 53 left 11796
object 41 53 right 11797
object 43 53 left 11438
object 44 53 left 11439
object 45 53 left 11440
object 46 53 left 11441
object 47 53 left 11442
object 47 53 right 11443
object 49 53 right 11794
object 49 54 left 11792
object 49 54 right 11793
object 61 55 right 10252
object 20 56 right 10066
object 61 56 right 10251
object 13 57 right 10053
object 20 57 right 10065
object 61 57 right 10250
object 68 57 right 10236
object 13 58 right 10052
object 20 58 right 10064
object 39 58 right 10066
object 59 58 left 10246
object 60 58 left 10247
object 61 58 left 10248
object 61 58 right 10249
object 68 58 right 10235
object 7 59 right 10058
object 13 59 right 10051
object 20 59 right 10063
object 39 59 right 10065
object 66 59 left 10231
object 67 59 left 10232
object 68 59 left 10233
object 68 59 right 10234
object 7 60 right 10057
object 12 60 left 10048
object 13 60 left 10049
object 13 60 right 10050
object 18 60 left 10059
object 19 60 left 10060
object 20 60 left 10061
object 20 60 right 10062
object 39 60 right 10064
object 50 60 right 10084
object 6 61 left 10054
object 7 61 left 10055
object 7 61 right 10056
object 11 61 right 10047
object 14 61 right 10035
object 39 61 right 10063
object 50 61 right 10083
object 56 61 right 10236
object 8 62 right 10043
object 10 62 left 10044
object 11 62 left 10045
object 11 62 right 10046
object 14 62 left 10033
object 14 62 right 10034
object 37 62 left 10059
object 38 62 left 10060
object 39 62 left 10061
object 39 62 right 10062
object 50 62 right 10082
object 56 62 right 10235
object 66 62 right 10075
object 7 63 left 10040
object 8 63 left 10041
object 8 63 right 10042
object 12 63 left 10030
object 13 63 left 10031
object 13 63 right 10032
object 50 63 right 10081
object 54 63 left 10231
object 55 63 left 10232
object 56 63 left 10233
object 56 63 right 10234
object 59 63 right 10066
object 66 63 right 10074
object 6 64 left 10038
object 6 64 right 10039
object 11 64 left 10028
object 11 64 right 10029
object 47 64 left 10076
object 48 64 left 10077
object 49 64 left 10078
object 50 64 left 10079
object 50 64 right 10080
object 59 64 right 10065
object 66 64 right 10073
object 5 65 left 10036
object 5 65 right 10037
object 8 65 left 10015
object 8 65 right 10016
object 10 65 right 10027
object 46 65 right 10252
object 59 65 right 10064
object 62 65 left 10067
object 63 65 left 10068
object 64 65 left 10069
object 65 65 left 10070
object 66 65 left 10071
object 66 65 right 10072
object 8 66 left 10023
object 9 66 left 10024
object 10 66 left 10025
object 10 66 right 10026
object 21 66 right 10236
object 46 66 right 10251
object 55 66 right 10488
object 59 66 right 10063
object 5 67 left 10019
object 6 67 left 10020
object 7 67 left 10021
object 7 67 right 10022
object 13 67 left 10017
object 13 67 right 10018
object 21 67 right 10235
object 46 67 right 10250
object 55 67 right 10487
object 57 67 left 10059
object 58 67 left 10060
object 59 67 left 10061
object 59 67 right 10062
object 19 68 left 10231
object 20 68 left 10232
object 21 68 left 10233
object 21 68 right 10234
object 44 68 left 10246
object 45 68 left 10247
object 46 68 left 10248
object 46 68 right 10249
object 53 68 left 10483
object 54 68 left 10484
object 55 68 left 10485
object 55 68 right 10486
