# lod20589 — tools/dat-extract layout 이 만든다. 손으로 고치지 말 것.
size 50 50
blocked
###........##....##...............................
###........##....###..............................
####.......##....##...............................
####...#####............#.........................
####...######.....................................
####.....#####......................#..........#..
####..............................................
####..............................................
####..............................................
####..............................................
#####.............................................
####...........................................#..
####....#.........................................
###...............................................
###........................#......................
###..............................#................
###..............................#................
###......................................#........
####..............................................
####..............................................
####..............................................
####.#..........................#................#
####..........................#.#.................
#####.............................................
############...........................#..........
#############...............##..##................
##############...................#................
###############...................................
###############...................................
###############...................................
###############....#..............................
###############...................................
##############....................................
##############.............................#....##
#############...................................##
#############.....................................
##############....................................
##############....................................
###############.................................##
###############...............................#.##
###############...............................####
###############.................#.............####
###############.................................##
###############...................................
###############...................................
##########..###.................................#.
####...............#..............................
###.............................................#.
###........................##....##......#.#....#.
####.......................##....##...............
floor
10903 10911 10919 10927 10935 10462 10470 10757 10759 10762 10317 10325 10985 10989 10993 10997 10422 10430 10438 10810 10454 10462 10470 10478 10301 10309 10317 10325 10333 10341 10349 10357 10422 10430 10779 10784 10790 10462 10470 10478 10301 10309 10317 10325 10333 10779 10784 10790 10422 10430
10902 10910 10918 10735 10934 10461 10756 10477 10758 10761 10765 10324 10984 10988 10992 10996 10421 10429 10437 10809 10811 10461 10469 10853 10856 10858 10316 10324 10332 10340 10348 10356 10421 10429 10778 10783 10789 10793 10469 10477 10300 10308 10316 10324 10332 10778 10783 10789 10793 10429
10901 10909 10917 10925 10933 10460 10468 10476 10299 10760 10764 10323 10983 10987 10991 10995 10420 10428 10436 10808 10452 10460 10468 10476 10855 10857 10315 10323 10331 10339 10347 10355 10420 10428 10777 10782 10788 10460 10468 10476 10299 10307 10315 10323 10331 10777 10782 10788 10420 10428
10900 10908 10916 10924 10932 10459 10467 10475 10298 10306 10763 10799 10982 10986 10990 10994 10419 10427 10435 10443 10451 10459 10467 10475 10854 10306 10314 10322 10330 10338 10346 10354 10419 10427 10435 10781 10787 10792 10794 10475 10298 10306 10314 10322 10330 10338 10781 10787 10792 10794
10948 10956 10964 10972 10979 10458 10466 10474 10297 10305 10313 10766 10802 10337 10345 10353 10418 10426 10434 10442 10450 10458 10466 10474 10297 10305 10313 10736 10329 10337 10345 10353 10418 10426 10434 10780 10786 10791 10466 10474 10297 10305 10313 10321 10329 10337 10780 10786 10791 10426
10947 10955 10963 10971 10979 10736 10465 10473 10296 10304 10312 10320 10805 10336 10344 10352 10417 10425 10433 10441 10449 10457 10465 10473 10296 10304 10312 10735 10328 10336 10344 10352 10417 10425 10433 10441 10785 10457 10465 10473 10296 10304 10312 10320 10328 10336 10344 10785 10417 10425
10946 10954 10962 10970 10978 10456 9860 9864 9871 10303 10311 10319 10327 10335 10343 10351 10416 10424 10432 10440 10448 10456 10464 10472 10295 10303 10311 10319 10327 10335 10343 10351 10416 10424 10432 10440 10448 10456 10464 10472 10295 10303 10311 10319 10327 10779 10784 10790 10416 10424
10945 10953 10961 10969 10977 9856 9859 9863 9870 9877 10310 10318 10326 10334 10342 10350 10415 10423 10431 10439 10447 10455 10463 10471 10294 10302 10310 10318 10326 10334 10342 10350 10415 10423 10431 10439 10447 10455 10463 10471 10294 10302 10310 10318 10326 10778 10783 10789 10793 10423
10944 10952 10960 10968 10976 10341 9858 9862 9869 9876 10438 10446 10454 10462 10470 10478 10301 10309 10317 10325 10333 10341 10349 10357 10422 10430 10438 10446 10454 10462 10470 10478 10301 10309 10317 10325 10333 10341 10349 10737 10422 10430 10438 10446 10454 10777 10782 10788 10301 10309
10943 10951 10959 10967 10975 10340 9857 9861 9868 9875 10437 10445 10453 10461 10469 10477 10300 10308 10316 10324 10332 10340 10348 10356 10421 10824 10831 10445 10453 10461 10469 10477 10300 10308 10316 10324 10332 10340 10348 10356 10421 10429 10437 10445 10453 10461 10781 10787 10792 10794
10942 10950 10958 10966 10974 10339 10347 10355 9867 9874 10436 10444 10452 10733 10468 10476 10299 10307 10315 10323 10331 10339 10347 10355 10817 10823 10830 10837 10842 10460 10468 10476 10299 10307 10315 10323 10331 10339 10347 10355 10420 10428 10436 10444 10452 10460 10780 10786 10791 10307
10941 10949 10957 10965 10973 10338 10346 10354 9866 9873 10435 10443 10451 10459 10467 10475 10298 10306 10314 10322 10330 10338 10346 10354 10816 10822 10829 10836 10841 10459 10467 10475 10298 10306 10314 10322 10330 10338 10346 10354 10419 10427 10435 10443 10451 10459 10467 10785 10298 10306
10907 10915 10923 10931 10939 10337 10345 10353 9865 9872 10434 10442 10450 10458 10466 10474 10297 10305 10313 10321 10329 10337 10345 10353 10815 10821 10828 10835 10840 10458 10466 10474 10297 10305 10313 10321 10329 10337 10345 10779 10784 10790 10434 10442 10450 10458 10466 10474 10297 10305
10906 10914 10922 10930 10938 10336 10344 10352 10417 10425 10433 10441 10449 10457 10465 10473 10296 10304 10312 10320 10328 10336 10344 10352 10814 10820 10827 10834 10839 10457 10465 10473 10296 10304 10312 10320 10328 10336 10344 10778 10783 10789 10793 10441 10449 10457 10465 10473 10296 10304
10905 10913 10921 10929 10937 9888 9897 9903 10416 10424 10432 10440 10448 10456 10464 10472 10295 10303 10311 10319 10737 10335 10343 10351 10813 10819 10826 10833 10838 10456 10464 10472 10295 9852 10311 10319 10327 10335 10343 10777 10782 10788 10432 10440 10448 10456 10464 10472 10295 10303
10904 10912 10920 10928 10936 9887 9896 9902 9906 10423 10431 10439 10447 10455 10463 10471 10294 10302 10310 10318 10735 10736 10342 10350 10415 10818 10825 10832 10447 10455 10463 10471 9849 9851 9854 10318 10326 10334 10342 10350 10781 10787 10792 10794 10447 10455 10463 10471 10294 10302
10903 10911 10919 10927 10935 9886 9895 9901 9905 10309 10317 10325 10333 10341 10349 10357 10422 10430 10438 10446 10454 10462 10470 10478 10301 10309 10317 10325 10333 10341 10349 10357 9848 9850 9853 10446 10454 10462 10470 10478 10780 10786 10791 10325 10333 10341 10349 10779 10784 10790
10902 10910 10918 10926 10934 9885 9894 9900 9904 10308 10316 10324 10332 10340 10348 10356 10421 10429 10437 10445 10453 10461 10469 10477 10300 10308 10316 10324 10332 10340 10348 10356 10421 10429 10437 10445 10453 10461 10469 10477 10300 10785 10316 10324 10332 10340 10348 10778 10783 10789
10901 10909 10917 10925 10933 10460 9893 9899 10299 10307 10315 10323 10331 10339 10347 10355 10420 10428 10436 10444 10452 10460 10468 10476 10299 10307 10315 10323 10331 10339 10347 10355 10420 10428 10436 10444 10452 10460 10468 10476 10299 10307 10315 10323 10331 10339 10347 10777 10782 10788
10900 10908 10916 10924 10932 10459 9892 9898 10298 10306 10314 10322 10330 10338 10346 10736 10419 10427 10435 10443 10451 10459 10467 10475 10298 10306 10314 10322 10330 10338 10346 10354 10419 10427 10435 10443 10451 10459 10467 10737 10298 10306 10314 10322 10330 10338 10346 10354 10781 10787
10245 10253 10261 10269 10277 9884 9891 10474 10297 10305 10313 10321 10329 10337 10345 10353 10418 10426 10434 10442 10450 10458 10466 10474 10297 10305 10313 10321 10329 10337 9802 9808 9814 9819 10434 10442 10450 10458 10466 10474 10297 10305 10313 10321 10329 10337 10345 10353 10780 10786
10244 10252 10260 10268 10276 9883 9890 10473 10733 10304 10312 10320 10328 10336 10344 10352 10417 10425 10433 10441 10449 10457 10465 10473 10296 10304 10312 10320 10328 10336 9801 9807 9813 9818 10433 10441 10449 10457 10465 10473 10296 10304 10312 10320 10328 10336 10344 10352 10417 10785
10243 10251 10259 10267 10275 9882 9889 10472 10295 10303 10311 10319 10327 10335 10343 10351 10416 10424 10432 10440 10448 10456 10464 10472 10295 10303 10311 10319 10327 10335 9800 9806 9812 9817 10432 10440 10448 10456 9830 9835 10295 10303 10311 10319 10327 10335 10343 10351 10416 10424
10242 10250 10258 10266 10274 10282 10287 10292 10186 10191 10196 10204 10212 10220 10228 10236 10415 10423 10431 10439 10447 10455 10463 10471 10294 10302 10310 10318 10326 9796 9799 9805 9811 9816 10431 10439 10447 9825 9829 9834 10294 10302 10310 10318 10326 10334 10342 10350 10415 10423
10241 10249 10257 10265 10273 10281 10286 10291 10185 10190 10195 10203 10211 10219 10227 10235 10301 10309 10317 10325 10333 10341 10349 10357 10422 10430 10438 10446 10454 9795 9798 9804 9810 9815 10317 10325 9821 9824 9828 9833 9837 10430 10438 10446 10454 10462 10470 10478 10301 10309
10240 10248 10256 10264 10272 10280 10285 10290 10184 10189 10194 10202 10210 10218 10226 10234 10300 10308 10316 10324 10332 10737 10348 10356 10421 10429 10437 10445 10453 9794 9797 9803 9809 10308 10316 10324 10332 9823 9827 9832 9836 10429 10437 10445 10453 10461 10469 10477 10300 10308
10239 10247 10255 10263 10271 10279 10284 10289 10183 10188 10193 10201 10209 10217 10225 10233 10299 10307 10315 10323 10331 10339 10347 10355 10420 10428 10436 10444 10452 10460 10468 10476 10299 10307 10315 10323 10331 9822 9826 9831 10420 10428 10436 10444 10452 10460 10468 10476 10299 10307
10238 10246 10254 10262 10270 10278 10283 10288 10182 10187 10192 10200 10208 10216 10224 10232 10298 10306 10314 10322 10330 10338 10346 10354 10419 10427 10435 10443 10451 10459 10467 10475 10298 10306 10314 10322 10330 10338 10346 10354 10419 10427 10435 10443 10451 10459 10467 10475 10735 10306
7945 7950 7955 7960 7965 7945 7950 7955 7960 7965 7965 10199 10207 10215 10223 10231 10297 10305 9830 9835 10329 10337 10345 10353 10418 10426 10434 10442 10450 10458 10466 10474 10297 10305 10313 10321 10329 10337 10345 10353 10418 10426 10434 10442 10450 10458 10466 10474 10297 10305
7944 7949 7954 7959 7964 7944 7949 7954 7959 7964 7964 10198 10206 10214 10222 10230 10296 9825 9829 9834 10328 10336 10344 10352 10417 10425 10433 10441 10449 10457 10465 10473 10296 10304 10312 10320 10328 10336 10344 10352 10417 10425 10433 10441 10449 10457 10465 10473 10296 10304
7943 7948 7953 7958 7963 7943 7948 7953 7958 7963 7963 10197 10205 10213 10221 10229 9821 9824 9828 9833 9837 10335 10343 10351 10416 10424 10432 10440 10448 10456 10464 10472 10295 10303 10311 10319 10327 10335 10343 10351 10416 10424 10432 10440 10448 10456 10464 10472 10295 10303
8179 7947 7952 7957 7962 8179 7947 7952 7957 7962 7962 10907 10915 10923 10931 10939 10294 9823 9827 9832 9836 10334 10342 10350 10415 10423 10431 10439 10447 10455 10463 10471 10294 10302 10310 10318 10326 10334 10342 10736 10415 10423 10431 10439 10447 10455 10463 10471 10294 10302
8178 7946 7951 7956 7961 8178 7946 7951 7956 7961 7961 10906 10914 10922 10930 10938 10422 9822 9826 9831 10454 10462 10470 10478 10301 10309 10317 10325 10333 10341 10349 10357 10422 10430 10438 10446 10454 10462 10470 10478 10301 10309 10317 10325 10333 10341 10349 10357 10422 10430
7945 7950 7955 7960 7965 7945 7950 7955 7960 7965 7964 10905 10913 10921 10929 10937 10421 10736 10437 10445 10453 10461 10469 10477 10300 10308 10316 10324 10332 10340 10348 10356 10421 10429 10437 10445 10453 10461 10469 10477 10300 10308 10316 10324 10332 10340 10348 10356 10421 10429
7944 7949 7954 7959 7964 7944 7949 7954 7959 7964 7963 10904 10912 10920 10928 10936 10420 10428 10436 10444 10452 10460 10468 10476 10299 10307 10315 10323 10331 10339 10347 10355 10420 10428 10436 10444 10452 10460 10468 10476 10299 10307 10315 10323 10331 10339 10347 10355 10420 10428
7943 7948 7953 7958 7963 7943 7948 7953 7958 7963 7962 10903 10911 10919 10927 10935 10419 10427 10435 10443 10451 10459 10467 10475 10298 10306 10736 10322 10330 10338 10346 10354 10733 10427 10435 10443 10451 10459 10467 10475 10298 10306 10314 10322 10330 10338 11036 11040 11044 11048
8179 7947 7952 7957 7962 8179 7947 7952 7957 7962 7961 10902 10910 10918 10926 10934 10418 10426 10434 10442 10450 10458 10466 10474 10297 10305 10313 10321 10329 10337 10345 10353 10418 10426 10434 10442 10450 10458 10466 10474 10297 10305 10313 10321 10329 10774 11035 11039 11043 11047
7945 7950 7955 7960 7965 8178 7946 7951 7956 7961 7965 10901 10909 10917 10925 10933 10417 10733 10433 10441 10449 10457 10465 10473 10296 10304 10312 10320 10328 10336 10344 10352 10417 10425 10433 10441 10449 10457 10465 10473 10296 10304 10312 10320 10328 10773 11034 11038 11042 11046
7944 7949 7954 7959 7964 7964 7944 7949 7954 7959 7964 10900 10908 10916 10924 10932 10416 10424 10432 10440 10448 10456 10464 10472 10295 10303 10311 10319 10327 10335 10343 10351 10416 10424 10432 10440 10448 10456 10464 10472 10295 10303 10311 10319 10327 10772 11033 11037 11041 11045
7943 7948 7953 7958 7963 7963 7943 7948 7953 7958 7963 10696 10704 10712 10720 10728 10415 10423 10431 10439 10447 10455 10463 10471 10294 10302 10310 10318 10326 10334 10342 10350 10415 10423 10431 10439 10447 10455 10463 10471 10294 10302 10310 10318 10326 10334 10752 10754 10415 9785
8179 7947 7952 7957 7962 7962 8179 7947 7952 7957 7962 10695 10703 10711 10719 10727 10301 9860 9864 9871 10333 10341 10349 10357 10422 10430 10438 10446 10454 10462 10470 10478 10301 10309 10317 10325 10333 10341 10349 10357 10422 10430 10438 10446 10454 10462 10470 10478 10301 10309
8178 7946 7951 7956 7961 7961 8178 7946 7951 7956 7961 10694 10702 10710 10718 10726 9856 9859 9863 9870 9877 10340 10348 10356 10421 10429 10437 10445 10453 10461 10469 10477 10300 10308 10316 10324 10332 10340 10348 10356 10421 10429 10437 10445 10453 10461 10469 10477 10769 10770
10487 10495 10503 10511 10519 10524 10529 10534 10678 10683 10688 10693 10701 10709 10717 10725 10299 9858 9862 9869 9876 10339 10347 10355 10420 10428 10436 10444 10452 10460 10468 10476 10299 10307 10315 10323 10331 10339 10347 10355 10420 10428 10436 10444 10452 10460 10468 10476 10299 10307
10486 10494 10502 10510 10518 10523 10528 10533 10677 10682 10687 10692 10700 10708 10716 10724 10298 9857 9861 9868 9875 10338 10346 10354 10419 10427 10435 10443 10451 10459 10467 10475 10298 10306 10314 10322 10330 10338 10346 10824 10831 10427 10435 10443 10451 10459 10467 10853 10856 10858
10485 10493 10501 10509 10517 10522 10527 10532 10676 10681 10686 10691 10699 10707 10715 10723 10297 10305 10313 9867 9874 10337 10345 10353 10418 10426 10434 10442 10450 10458 10466 10474 10297 10305 10313 10321 10329 10337 10817 10823 10830 10837 10842 10442 10450 10458 10466 10474 10855 10857
10484 10492 10500 10508 10516 10521 10526 10531 10675 10680 10685 10690 10698 10706 10714 10722 10296 10304 10312 9866 9873 10336 10344 10352 10417 10425 9775 9778 9781 10457 10465 10473 9775 9778 9781 10320 10328 10336 10816 10822 10829 10836 10841 10441 10449 10457 10465 10473 10854 10304
10483 10491 10499 10507 10515 10520 10525 10530 10674 10679 10684 10689 10697 10705 10713 10721 10295 10303 10311 9865 9872 10335 10343 10351 10416 10424 9774 9777 9780 11019 11023 11027 11031 9777 9780 10319 10327 10335 10815 10821 10828 10835 10840 10440 10448 10456 10464 10472 9852 10303
10482 10490 10498 10506 10514 10334 10342 10350 10415 10423 10431 10735 10447 10455 10463 10736 10294 10302 10310 10318 10326 10334 10342 10350 10415 10423 10431 9776 9779 11018 11022 11026 11030 9776 9779 10318 10326 10334 10814 10820 10827 10834 10839 10810 10447 10455 10463 9849 9851 9854
10481 10489 10497 10505 10513 10462 10470 10737 10301 10309 10317 10325 10333 10341 10349 10357 10422 10430 10438 10446 10454 10462 10470 10478 10301 10309 10317 10325 10333 11017 11021 11025 11029 10430 10438 10446 10454 10462 10813 10819 10826 10833 10838 10809 10811 10341 10349 9848 9850 9853
10480 10488 10496 10504 10512 10461 10469 10477 10300 10308 10316 10324 10332 10733 10348 10356 10421 10429 10437 10445 10453 10461 10469 10477 10300 10308 10316 10324 10332 11016 11020 11024 11028 10429 10437 10445 10453 10461 10469 10818 10825 10832 10316 10808 10332 10340 10348 10356 10421 10429
tile 7943 0 0
tile 7944 56 0
tile 7945 112 0
tile 7946 168 0
tile 7947 224 0
tile 7948 280 0
tile 7949 336 0
tile 7950 392 0
tile 7951 448 0
tile 7952 504 0
tile 7953 560 0
tile 7954 616 0
tile 7955 672 0
tile 7956 728 0
tile 7957 784 0
tile 7958 840 0
tile 7959 896 0
tile 7960 952 0
tile 7961 1008 0
tile 7962 1064 0
tile 7963 1120 0
tile 7964 1176 0
tile 7965 1232 0
tile 8178 1288 0
tile 8179 1344 0
tile 9774 1400 0
tile 9775 1456 0
tile 9776 0 27
tile 9777 56 27
tile 9778 112 27
tile 9779 168 27
tile 9780 224 27
tile 9781 280 27
tile 9785 336 27
tile 9794 392 27
tile 9795 448 27
tile 9796 504 27
tile 9797 560 27
tile 9798 616 27
tile 9799 672 27
tile 9800 728 27
tile 9801 784 27
tile 9802 840 27
tile 9803 896 27
tile 9804 952 27
tile 9805 1008 27
tile 9806 1064 27
tile 9807 1120 27
tile 9808 1176 27
tile 9809 1232 27
tile 9810 1288 27
tile 9811 1344 27
tile 9812 1400 27
tile 9813 1456 27
tile 9814 0 54
tile 9815 56 54
tile 9816 112 54
tile 9817 168 54
tile 9818 224 54
tile 9819 280 54
tile 9821 336 54
tile 9822 392 54
tile 9823 448 54
tile 9824 504 54
tile 9825 560 54
tile 9826 616 54
tile 9827 672 54
tile 9828 728 54
tile 9829 784 54
tile 9830 840 54
tile 9831 896 54
tile 9832 952 54
tile 9833 1008 54
tile 9834 1064 54
tile 9835 1120 54
tile 9836 1176 54
tile 9837 1232 54
tile 9848 1288 54
tile 9849 1344 54
tile 9850 1400 54
tile 9851 1456 54
tile 9852 0 81
tile 9853 56 81
tile 9854 112 81
tile 9856 168 81
tile 9857 224 81
tile 9858 280 81
tile 9859 336 81
tile 9860 392 81
tile 9861 448 81
tile 9862 504 81
tile 9863 560 81
tile 9864 616 81
tile 9865 672 81
tile 9866 728 81
tile 9867 784 81
tile 9868 840 81
tile 9869 896 81
tile 9870 952 81
tile 9871 1008 81
tile 9872 1064 81
tile 9873 1120 81
tile 9874 1176 81
tile 9875 1232 81
tile 9876 1288 81
tile 9877 1344 81
tile 9882 1400 81
tile 9883 1456 81
tile 9884 0 108
tile 9885 56 108
tile 9886 112 108
tile 9887 168 108
tile 9888 224 108
tile 9889 280 108
tile 9890 336 108
tile 9891 392 108
tile 9892 448 108
tile 9893 504 108
tile 9894 560 108
tile 9895 616 108
tile 9896 672 108
tile 9897 728 108
tile 9898 784 108
tile 9899 840 108
tile 9900 896 108
tile 9901 952 108
tile 9902 1008 108
tile 9903 1064 108
tile 9904 1120 108
tile 9905 1176 108
tile 9906 1232 108
tile 10182 1288 108
tile 10183 1344 108
tile 10184 1400 108
tile 10185 1456 108
tile 10186 0 135
tile 10187 56 135
tile 10188 112 135
tile 10189 168 135
tile 10190 224 135
tile 10191 280 135
tile 10192 336 135
tile 10193 392 135
tile 10194 448 135
tile 10195 504 135
tile 10196 560 135
tile 10197 616 135
tile 10198 672 135
tile 10199 728 135
tile 10200 784 135
tile 10201 840 135
tile 10202 896 135
tile 10203 952 135
tile 10204 1008 135
tile 10205 1064 135
tile 10206 1120 135
tile 10207 1176 135
tile 10208 1232 135
tile 10209 1288 135
tile 10210 1344 135
tile 10211 1400 135
tile 10212 1456 135
tile 10213 0 162
tile 10214 56 162
tile 10215 112 162
tile 10216 168 162
tile 10217 224 162
tile 10218 280 162
tile 10219 336 162
tile 10220 392 162
tile 10221 448 162
tile 10222 504 162
tile 10223 560 162
tile 10224 616 162
tile 10225 672 162
tile 10226 728 162
tile 10227 784 162
tile 10228 840 162
tile 10229 896 162
tile 10230 952 162
tile 10231 1008 162
tile 10232 1064 162
tile 10233 1120 162
tile 10234 1176 162
tile 10235 1232 162
tile 10236 1288 162
tile 10238 1344 162
tile 10239 1400 162
tile 10240 1456 162
tile 10241 0 189
tile 10242 56 189
tile 10243 112 189
tile 10244 168 189
tile 10245 224 189
tile 10246 280 189
tile 10247 336 189
tile 10248 392 189
tile 10249 448 189
tile 10250 504 189
tile 10251 560 189
tile 10252 616 189
tile 10253 672 189
tile 10254 728 189
tile 10255 784 189
tile 10256 840 189
tile 10257 896 189
tile 10258 952 189
tile 10259 1008 189
tile 10260 1064 189
tile 10261 1120 189
tile 10262 1176 189
tile 10263 1232 189
tile 10264 1288 189
tile 10265 1344 189
tile 10266 1400 189
tile 10267 1456 189
tile 10268 0 216
tile 10269 56 216
tile 10270 112 216
tile 10271 168 216
tile 10272 224 216
tile 10273 280 216
tile 10274 336 216
tile 10275 392 216
tile 10276 448 216
tile 10277 504 216
tile 10278 560 216
tile 10279 616 216
tile 10280 672 216
tile 10281 728 216
tile 10282 784 216
tile 10283 840 216
tile 10284 896 216
tile 10285 952 216
tile 10286 1008 216
tile 10287 1064 216
tile 10288 1120 216
tile 10289 1176 216
tile 10290 1232 216
tile 10291 1288 216
tile 10292 1344 216
tile 10294 1400 216
tile 10295 1456 216
tile 10296 0 243
tile 10297 56 243
tile 10298 112 243
tile 10299 168 243
tile 10300 224 243
tile 10301 280 243
tile 10302 336 243
tile 10303 392 243
tile 10304 448 243
tile 10305 504 243
tile 10306 560 243
tile 10307 616 243
tile 10308 672 243
tile 10309 728 243
tile 10310 784 243
tile 10311 840 243
tile 10312 896 243
tile 10313 952 243
tile 10314 1008 243
tile 10315 1064 243
tile 10316 1120 243
tile 10317 1176 243
tile 10318 1232 243
tile 10319 1288 243
tile 10320 1344 243
tile 10321 1400 243
tile 10322 1456 243
tile 10323 0 270
tile 10324 56 270
tile 10325 112 270
tile 10326 168 270
tile 10327 224 270
tile 10328 280 270
tile 10329 336 270
tile 10330 392 270
tile 10331 448 270
tile 10332 504 270
tile 10333 560 270
tile 10334 616 270
tile 10335 672 270
tile 10336 728 270
tile 10337 784 270
tile 10338 840 270
tile 10339 896 270
tile 10340 952 270
tile 10341 1008 270
tile 10342 1064 270
tile 10343 1120 270
tile 10344 1176 270
tile 10345 1232 270
tile 10346 1288 270
tile 10347 1344 270
tile 10348 1400 270
tile 10349 1456 270
tile 10350 0 297
tile 10351 56 297
tile 10352 112 297
tile 10353 168 297
tile 10354 224 297
tile 10355 280 297
tile 10356 336 297
tile 10357 392 297
tile 10415 448 297
tile 10416 504 297
tile 10417 560 297
tile 10418 616 297
tile 10419 672 297
tile 10420 728 297
tile 10421 784 297
tile 10422 840 297
tile 10423 896 297
tile 10424 952 297
tile 10425 1008 297
tile 10426 1064 297
tile 10427 1120 297
tile 10428 1176 297
tile 10429 1232 297
tile 10430 1288 297
tile 10431 1344 297
tile 10432 1400 297
tile 10433 1456 297
tile 10434 0 324
tile 10435 56 324
tile 10436 112 324
tile 10437 168 324
tile 10438 224 324
tile 10439 280 324
tile 10440 336 324
tile 10441 392 324
tile 10442 448 324
tile 10443 504 324
tile 10444 560 324
tile 10445 616 324
tile 10446 672 324
tile 10447 728 324
tile 10448 784 324
tile 10449 840 324
tile 10450 896 324
tile 10451 952 324
tile 10452 1008 324
tile 10453 1064 324
tile 10454 1120 324
tile 10455 1176 324
tile 10456 1232 324
tile 10457 1288 324
tile 10458 1344 324
tile 10459 1400 324
tile 10460 1456 324
tile 10461 0 351
tile 10462 56 351
tile 10463 112 351
tile 10464 168 351
tile 10465 224 351
tile 10466 280 351
tile 10467 336 351
tile 10468 392 351
tile 10469 448 351
tile 10470 504 351
tile 10471 560 351
tile 10472 616 351
tile 10473 672 351
tile 10474 728 351
tile 10475 784 351
tile 10476 840 351
tile 10477 896 351
tile 10478 952 351
tile 10480 1008 351
tile 10481 1064 351
tile 10482 1120 351
tile 10483 1176 351
tile 10484 1232 351
tile 10485 1288 351
tile 10486 1344 351
tile 10487 1400 351
tile 10488 1456 351
tile 10489 0 378
tile 10490 56 378
tile 10491 112 378
tile 10492 168 378
tile 10493 224 378
tile 10494 280 378
tile 10495 336 378
tile 10496 392 378
tile 10497 448 378
tile 10498 504 378
tile 10499 560 378
tile 10500 616 378
tile 10501 672 378
tile 10502 728 378
tile 10503 784 378
tile 10504 840 378
tile 10505 896 378
tile 10506 952 378
tile 10507 1008 378
tile 10508 1064 378
tile 10509 1120 378
tile 10510 1176 378
tile 10511 1232 378
tile 10512 1288 378
tile 10513 1344 378
tile 10514 1400 378
tile 10515 1456 378
tile 10516 0 405
tile 10517 56 405
tile 10518 112 405
tile 10519 168 405
tile 10520 224 405
tile 10521 280 405
tile 10522 336 405
tile 10523 392 405
tile 10524 448 405
tile 10525 504 405
tile 10526 560 405
tile 10527 616 405
tile 10528 672 405
tile 10529 728 405
tile 10530 784 405
tile 10531 840 405
tile 10532 896 405
tile 10533 952 405
tile 10534 1008 405
tile 10674 1064 405
tile 10675 1120 405
tile 10676 1176 405
tile 10677 1232 405
tile 10678 1288 405
tile 10679 1344 405
tile 10680 1400 405
tile 10681 1456 405
tile 10682 0 432
tile 10683 56 432
tile 10684 112 432
tile 10685 168 432
tile 10686 224 432
tile 10687 280 432
tile 10688 336 432
tile 10689 392 432
tile 10690 448 432
tile 10691 504 432
tile 10692 560 432
tile 10693 616 432
tile 10694 672 432
tile 10695 728 432
tile 10696 784 432
tile 10697 840 432
tile 10698 896 432
tile 10699 952 432
tile 10700 1008 432
tile 10701 1064 432
tile 10702 1120 432
tile 10703 1176 432
tile 10704 1232 432
tile 10705 1288 432
tile 10706 1344 432
tile 10707 1400 432
tile 10708 1456 432
tile 10709 0 459
tile 10710 56 459
tile 10711 112 459
tile 10712 168 459
tile 10713 224 459
tile 10714 280 459
tile 10715 336 459
tile 10716 392 459
tile 10717 448 459
tile 10718 504 459
tile 10719 560 459
tile 10720 616 459
tile 10721 672 459
tile 10722 728 459
tile 10723 784 459
tile 10724 840 459
tile 10725 896 459
tile 10726 952 459
tile 10727 1008 459
tile 10728 1064 459
tile 10733 1120 459
tile 10735 1176 459
tile 10736 1232 459
tile 10737 1288 459
tile 10752 1344 459
tile 10754 1400 459
tile 10756 1456 459
tile 10757 0 486
tile 10758 56 486
tile 10759 112 486
tile 10760 168 486
tile 10761 224 486
tile 10762 280 486
tile 10763 336 486
tile 10764 392 486
tile 10765 448 486
tile 10766 504 486
tile 10769 560 486
tile 10770 616 486
tile 10772 672 486
tile 10773 728 486
tile 10774 784 486
tile 10777 840 486
tile 10778 896 486
tile 10779 952 486
tile 10780 1008 486
tile 10781 1064 486
tile 10782 1120 486
tile 10783 1176 486
tile 10784 1232 486
tile 10785 1288 486
tile 10786 1344 486
tile 10787 1400 486
tile 10788 1456 486
tile 10789 0 513
tile 10790 56 513
tile 10791 112 513
tile 10792 168 513
tile 10793 224 513
tile 10794 280 513
tile 10799 336 513
tile 10802 392 513
tile 10805 448 513
tile 10808 504 513
tile 10809 560 513
tile 10810 616 513
tile 10811 672 513
tile 10813 728 513
tile 10814 784 513
tile 10815 840 513
tile 10816 896 513
tile 10817 952 513
tile 10818 1008 513
tile 10819 1064 513
tile 10820 1120 513
tile 10821 1176 513
tile 10822 1232 513
tile 10823 1288 513
tile 10824 1344 513
tile 10825 1400 513
tile 10826 1456 513
tile 10827 0 540
tile 10828 56 540
tile 10829 112 540
tile 10830 168 540
tile 10831 224 540
tile 10832 280 540
tile 10833 336 540
tile 10834 392 540
tile 10835 448 540
tile 10836 504 540
tile 10837 560 540
tile 10838 616 540
tile 10839 672 540
tile 10840 728 540
tile 10841 784 540
tile 10842 840 540
tile 10853 896 540
tile 10854 952 540
tile 10855 1008 540
tile 10856 1064 540
tile 10857 1120 540
tile 10858 1176 540
tile 10900 1232 540
tile 10901 1288 540
tile 10902 1344 540
tile 10903 1400 540
tile 10904 1456 540
tile 10905 0 567
tile 10906 56 567
tile 10907 112 567
tile 10908 168 567
tile 10909 224 567
tile 10910 280 567
tile 10911 336 567
tile 10912 392 567
tile 10913 448 567
tile 10914 504 567
tile 10915 560 567
tile 10916 616 567
tile 10917 672 567
tile 10918 728 567
tile 10919 784 567
tile 10920 840 567
tile 10921 896 567
tile 10922 952 567
tile 10923 1008 567
tile 10924 1064 567
tile 10925 1120 567
tile 10926 1176 567
tile 10927 1232 567
tile 10928 1288 567
tile 10929 1344 567
tile 10930 1400 567
tile 10931 1456 567
tile 10932 0 594
tile 10933 56 594
tile 10934 112 594
tile 10935 168 594
tile 10936 224 594
tile 10937 280 594
tile 10938 336 594
tile 10939 392 594
tile 10941 448 594
tile 10942 504 594
tile 10943 560 594
tile 10944 616 594
tile 10945 672 594
tile 10946 728 594
tile 10947 784 594
tile 10948 840 594
tile 10949 896 594
tile 10950 952 594
tile 10951 1008 594
tile 10952 1064 594
tile 10953 1120 594
tile 10954 1176 594
tile 10955 1232 594
tile 10956 1288 594
tile 10957 1344 594
tile 10958 1400 594
tile 10959 1456 594
tile 10960 0 621
tile 10961 56 621
tile 10962 112 621
tile 10963 168 621
tile 10964 224 621
tile 10965 280 621
tile 10966 336 621
tile 10967 392 621
tile 10968 448 621
tile 10969 504 621
tile 10970 560 621
tile 10971 616 621
tile 10972 672 621
tile 10973 728 621
tile 10974 784 621
tile 10975 840 621
tile 10976 896 621
tile 10977 952 621
tile 10978 1008 621
tile 10979 1064 621
tile 10982 1120 621
tile 10983 1176 621
tile 10984 1232 621
tile 10985 1288 621
tile 10986 1344 621
tile 10987 1400 621
tile 10988 1456 621
tile 10989 0 648
tile 10990 56 648
tile 10991 112 648
tile 10992 168 648
tile 10993 224 648
tile 10994 280 648
tile 10995 336 648
tile 10996 392 648
tile 10997 448 648
tile 11016 504 648
tile 11017 560 648
tile 11018 616 648
tile 11019 672 648
tile 11020 728 648
tile 11021 784 648
tile 11022 840 648
tile 11023 896 648
tile 11024 952 648
tile 11025 1008 648
tile 11026 1064 648
tile 11027 1120 648
tile 11028 1176 648
tile 11029 1232 648
tile 11030 1288 648
tile 11031 1344 648
tile 11033 1400 648
tile 11034 1456 648
tile 11035 0 675
tile 11036 56 675
tile 11037 112 675
tile 11038 168 675
tile 11039 224 675
tile 11040 280 675
tile 11041 336 675
tile 11042 392 675
tile 11043 448 675
tile 11044 504 675
tile 11045 560 675
tile 11046 616 675
tile 11047 672 675
tile 11048 728 675
picture 10255 364 216 53 0
picture 10256 364 269 53 0
picture 10288 336 318 74 0
picture 10289 336 241 77 0
picture 10356 364 505 43 0
picture 10357 364 736 35 0
picture 10429 336 766 54 0
picture 10430 336 820 54 0
picture 10435 336 874 54 0
picture 10436 336 928 54 0
picture 10437 364 0 54 0
picture 10438 364 54 54 0
picture 10489 112 204 200 0
picture 10490 84 224 214 0
picture 10491 28 272 271 0
picture 10492 0 333 303 0
picture 10493 0 0 333 0
picture 10494 56 270 261 0
picture 10495 112 404 200 0
picture 10496 84 0 224 0
picture 10497 28 543 271 0
picture 10498 0 636 285 0
picture 10499 28 0 272 0
picture 10500 56 0 270 0
picture 10501 56 531 256 0
picture 10503 252 430 140 0
picture 10504 224 163 156 0
picture 10505 140 581 190 0
picture 10506 140 771 187 0
picture 10507 112 604 200 0
picture 10508 84 652 204 0
picture 10509 252 570 138 0
picture 10510 308 97 94 0
picture 10511 364 664 36 0
picture 10512 336 654 56 0
picture 10513 336 710 56 0
picture 10514 112 0 204 0
picture 10515 56 787 229 0
picture 10516 84 438 214 0
picture 10517 196 181 177 0
picture 10518 196 358 175 0
picture 10519 224 0 163 0
picture 10520 280 0 127 0
picture 10521 336 0 81 0
picture 10522 280 920 102 0
picture 10523 224 475 153 0
picture 10524 168 374 185 0
picture 10525 112 804 200 0
picture 10526 168 559 185 0
picture 10527 196 533 167 0
picture 10528 252 0 146 0
picture 10529 280 816 104 0
picture 10531 308 191 94 0
picture 10532 252 708 133 0
picture 10533 224 778 149 0
picture 10534 168 744 181 0
picture 10535 140 0 197 0
picture 10536 196 0 181 0
picture 10537 224 628 150 0
picture 10538 280 376 115 0
picture 10539 308 747 85 0
picture 10545 364 590 37 0
picture 10546 336 591 63 0
picture 10547 336 461 65 0
picture 10548 364 371 45 0
picture 10553 308 658 89 0
picture 10554 308 285 94 0
picture 10556 280 127 126 0
picture 10557 252 841 130 0
picture 10558 280 491 113 0
picture 10559 364 416 45 0
picture 10560 336 392 69 0
picture 10561 336 81 80 0
picture 10562 364 108 54 0
picture 10564 280 604 107 0
picture 10567 364 771 35 0
picture 10569 364 461 44 0
picture 10570 364 627 37 0
picture 10575 196 700 165 0
picture 10576 140 197 192 0
picture 10577 140 389 192 0
picture 10578 252 146 142 0
picture 10580 364 162 54 0
picture 10581 336 526 65 0
picture 10582 308 473 93 0
picture 10583 280 711 105 0
picture 10584 308 379 94 0
picture 10585 364 322 49 0
picture 10586 308 917 84 0
picture 10587 252 288 142 0
picture 10588 224 319 156 0
picture 10589 168 0 187 0
picture 10590 168 187 187 0
picture 10591 280 253 123 0
picture 10605 336 161 80 0
picture 10606 308 832 85 0
picture 10609 364 839 31 0
picture 10610 364 806 33 0
picture 10611 364 700 36 0
picture 10612 364 548 42 0
picture 10615 308 0 97 0
picture 10616 308 566 92 0
object 12 1 right 10578
object 18 1 right 10578
object 19 1 left 10611
object 19 1 right 10612
object 11 2 left 10575
object 12 2 left 10576
object 12 2 right 10577
object 17 2 left 10575
object 18 2 left 10576
object 18 2 right 10577
object 24 2 right 10558
object 11 3 left 10553
object 11 3 right 10554
object 24 3 left 10556
object 24 3 right 10557
object 36 3 right 10495
object 47 3 right 10495
object 7 4 left 10586
object 11 4 right 10591
object 12 4 left 10605
object 12 4 right 10606
object 36 4 right 10494
object 47 4 right 10494
object 9 5 left 10587
object 10 5 left 10588
object 11 5 left 10589
object 11 5 right 10590
object 12 5 left 10609
object 12 5 right 10610
object 13 5 left 10429
object 13 5 right 10430
object 33 5 left 10489
object 34 5 left 10490
object 35 5 left 10491
object 36 5 left 10492
object 36 5 right 10493
object 44 5 left 10489
object 45 5 left 10490
object 46 5 left 10491
object 47 5 left 10492
object 47 5 right 10493
object 47 9 right 10495
object 8 10 right 10501
object 47 10 right 10494
object 8 11 right 10500
object 27 11 right 10529
object 44 11 left 10489
object 45 11 left 10490
object 46 11 left 10491
object 47 11 left 10492
object 47 11 right 10493
object 6 12 left 10496
object 7 12 left 10497
object 8 12 left 10498
object 8 12 right 10499
object 27 12 right 10528
object 5 13 right 10520
object 27 13 right 10527
object 5 14 right 10519
object 23 14 left 10521
object 24 14 left 10522
object 25 14 left 10523
object 26 14 left 10524
object 27 14 left 10525
object 27 14 right 10526
object 5 15 right 10518
object 33 15 right 10548
object 41 15 right 10495
object 5 16 right 10517
object 32 16 left 10545
object 33 16 left 10546
object 33 16 right 10547
object 41 16 right 10494
object 5 17 right 10516
object 38 17 left 10489
object 39 17 left 10490
object 40 17 left 10491
object 41 17 left 10492
object 41 17 right 10493
object 5 18 right 10515
object 5 19 right 10514
object 49 19 right 10495
object 5 20 right 10513
object 49 20 right 10494
object 5 21 left 10511
object 5 21 right 10512
object 32 21 right 10539
object 46 21 left 10489
object 47 21 left 10490
object 48 21 left 10491
object 49 21 left 10492
object 49 21 right 10493
object 32 22 right 10538
object 32 23 right 10537
object 32 24 right 10536
object 33 24 left 10503
object 34 24 left 10504
object 35 24 left 10505
object 36 24 left 10506
object 37 24 left 10507
object 38 24 left 10508
object 39 24 left 10509
object 39 24 right 10510
object 28 25 left 10288
object 28 25 right 10289
object 29 25 left 10531
object 30 25 left 10532
object 31 25 left 10533
object 32 25 left 10534
object 32 25 right 10535
object 33 25 left 10255
object 33 25 right 10256
object 33 26 left 10356
object 33 26 right 10357
object 13 30 left 10503
object 14 30 left 10504
object 15 30 left 10505
object 16 30 left 10506
object 17 30 left 10507
object 18 30 left 10508
object 19 30 left 10509
object 19 30 right 10510
object 43 33 left 10435
object 43 33 right 10436
object 49 33 right 10578
object 48 34 left 10575
object 49 34 left 10576
object 49 34 right 10577
object 49 38 right 10567
object 46 39 left 10615
object 46 39 right 10616
object 49 39 right 10585
object 47 40 right 10562
object 49 40 left 10564
object 49 40 right 10584
object 32 41 left 10437
object 32 41 right 10438
object 46 41 left 10559
object 47 41 left 10560
object 47 41 right 10561
object 49 41 left 10582
object 49 41 right 10583
object 48 42 left 10580
object 48 42 right 10581
object 49 42 left 10569
object 49 42 right 10570
object 19 44 right 10501
object 48 44 right 10558
object 19 45 right 10500
object 41 45 right 10529
object 48 45 left 10556
object 48 45 right 10557
object 17 46 left 10496
object 18 46 left 10497
object 19 46 left 10498
object 19 46 right 10499
object 41 46 right 10528
object 41 47 right 10527
object 48 47 right 10548
object 28 48 right 10578
object 34 48 right 10578
object 37 48 left 10521
object 38 48 left 10522
object 39 48 left 10523
object 40 48 left 10524
object 41 48 left 10525
object 41 48 right 10526
object 43 48 left 10611
object 43 48 right 10612
object 47 48 left 10545
object 48 48 left 10546
object 48 48 right 10547
object 27 49 left 10575
object 28 49 left 10576
object 28 49 right 10577
object 33 49 left 10575
object 34 49 left 10576
object 34 49 right 10577
