# lod20376 — tools/dat-extract layout 이 만든다. 손으로 고치지 말 것.
size 30 15
blocked
##############################
####.###.###.#.##.##.####.##..
####.....##..#....##..###.....
####.....##..#................
##.#.....##..#....#...........
##.......#...#....#...........
##.......#####....############
##................#######.##..
##.......#........#...........
##.......##...................
##.......##.......#...........
#........#........##..........
#..###...#........##..........
#........#........##..#.......
#........#.......###.###......
floor
9160 9165 9170 9175 9200 9205 9210 9215 9160 9165 9170 9175 9200 9205 9210 9215 9160 9165 9170 9160 9165 9170 9175 9200 9205 9210 9215 9160 9165 9170
9159 9164 9169 9174 9199 9204 9209 9214 9159 9164 9169 9174 9199 9204 9209 9214 9159 9164 9169 9159 9164 9169 9174 9199 9204 9209 9214 9159 9164 9169
9158 9163 9168 9173 9198 9203 9208 9213 9158 9163 9168 9173 9198 9203 9208 9213 9158 9163 9168 9158 9163 9168 9173 9198 9203 9208 9213 9158 9163 9168
9157 9162 9167 9172 9197 9202 9207 9212 9157 9162 9167 9172 9197 9202 9207 9212 9157 9162 9167 9157 9162 9167 9172 9197 9202 9207 9212 9157 9162 9167
9156 9161 9166 9171 9196 9201 9206 9211 9156 9161 9166 9171 9196 9201 9206 9211 9156 9161 9166 9156 9161 9166 9171 9196 9201 9206 9211 9156 9161 9166
9200 9205 11642 11626 11627 11643 9170 9175 9200 9162 9210 9215 9160 9165 9170 9175 9200 9205 9210 9200 9205 9210 9215 9160 9165 9170 9175 9200 9205 9210
9199 9204 11634 11645 11648 11640 9169 9174 9199 9161 9209 9214 9159 9164 9169 9174 9199 9204 9209 9199 9204 9209 9214 9159 9164 9169 9174 9199 9204 9209
9198 9203 11633 11620 11647 11639 9168 9173 9198 9205 9208 9213 9158 9163 9168 9173 9198 9203 9208 9198 9203 9208 9213 9158 9163 9168 9173 9198 9203 9208
9197 9202 11641 11631 11632 11644 9167 9172 9197 9204 9207 9212 9157 9162 9167 9172 9197 9162 9167 9197 11081 11064 11065 11066 11067 11064 11065 11065 11082 9207
9196 9201 9206 9211 9156 9161 9166 9171 9196 9201 9206 9211 9156 9161 9166 9171 9160 9161 9166 9196 11075 11053 11511 11515 11519 11522 11059 11053 11079 9206
9160 9165 9170 9175 9200 9205 9210 9215 9180 9185 9190 9195 9200 9205 9210 9215 9159 9205 9210 9160 11074 11052 11510 11514 11518 11521 11058 11052 11078 9190
9159 9164 9169 9174 9199 9204 9209 9214 9179 9184 9189 9194 9199 9204 9209 9214 9158 9204 9209 9159 11073 11051 11509 11513 11517 11520 11057 11051 11077 9189
9158 9163 9168 9173 9198 9203 9208 9213 9178 9183 9188 9193 9198 9203 9208 9213 9157 9162 9167 9158 11072 11053 11056 11512 11516 11053 11056 11053 11076 9188
9157 9162 9167 9172 9197 9202 9207 9212 9177 9182 9187 9192 7941 7936 7936 7938 9156 9161 9166 9157 11080 11068 11069 11070 11071 11068 11069 11070 11083 9187
9156 9161 9166 9171 9196 9201 9206 9211 9176 9181 9186 9191 7932 7925 7925 7929 9200 9205 9210 9156 9161 9166 9171 9196 9201 9206 9211 9176 9181 9186
tile 7925 0 0
tile 7929 56 0
tile 7932 112 0
tile 7936 168 0
tile 7938 224 0
tile 7941 280 0
tile 9156 336 0
tile 9157 392 0
tile 9158 448 0
tile 9159 504 0
tile 9160 560 0
tile 9161 616 0
tile 9162 0 27
tile 9163 56 27
tile 9164 112 27
tile 9165 168 27
tile 9166 224 27
tile 9167 280 27
tile 9168 336 27
tile 9169 392 27
tile 9170 448 27
tile 9171 504 27
tile 9172 560 27
tile 9173 616 27
tile 9174 0 54
tile 9175 56 54
tile 9176 112 54
tile 9177 168 54
tile 9178 224 54
tile 9179 280 54
tile 9180 336 54
tile 9181 392 54
tile 9182 448 54
tile 9183 504 54
tile 9184 560 54
tile 9185 616 54
tile 9186 0 81
tile 9187 56 81
tile 9188 112 81
tile 9189 168 81
tile 9190 224 81
tile 9191 280 81
tile 9192 336 81
tile 9193 392 81
tile 9194 448 81
tile 9195 504 81
tile 9196 560 81
tile 9197 616 81
tile 9198 0 108
tile 9199 56 108
tile 9200 112 108
tile 9201 168 108
tile 9202 224 108
tile 9203 280 108
tile 9204 336 108
tile 9205 392 108
tile 9206 448 108
tile 9207 504 108
tile 9208 560 108
tile 9209 616 108
tile 9210 0 135
tile 9211 56 135
tile 9212 112 135
tile 9213 168 135
tile 9214 224 135
tile 9215 280 135
tile 11051 336 135
tile 11052 392 135
tile 11053 448 135
tile 11056 504 135
tile 11057 560 135
tile 11058 616 135
tile 11059 0 162
tile 11064 56 162
tile 11065 112 162
tile 11066 168 162
tile 11067 224 162
tile 11068 280 162
tile 11069 336 162
tile 11070 392 162
tile 11071 448 162
tile 11072 504 162
tile 11073 560 162
tile 11074 616 162
tile 11075 0 189
tile 11076 56 189
tile 11077 112 189
tile 11078 168 189
tile 11079 224 189
tile 11080 280 189
tile 11081 336 189
tile 11082 392 189
tile 11083 448 189
tile 11509 504 189
tile 11510 560 189
tile 11511 616 189
tile 11512 0 216
tile 11513 56 216
tile 11514 112 216
tile 11515 168 216
tile 11516 224 216
tile 11517 280 216
tile 11518 336 216
tile 11519 392 216
tile 11520 448 216
tile 11521 504 216
tile 11522 560 216
tile 11620 616 216
tile 11626 0 243
tile 11627 56 243
tile 11631 112 243
tile 11632 168 243
tile 11633 224 243
tile 11634 280 243
tile 11639 336 243
tile 11640 392 243
tile 11641 448 243
tile 11642 504 243
tile 11643 560 243
tile 11644 616 243
tile 11645 0 270
tile 11647 56 270
tile 11648 112 270
picture 10263 280 100 47 0
picture 10264 252 948 50 0
picture 10278 280 458 40 0
picture 10279 252 126 62 0
picture 10288 196 459 74 0
picture 10289 168 850 77 0
picture 10306 168 514 85 0
picture 10307 168 599 85 0
picture 10372 252 842 53 0
picture 10373 252 895 53 0
picture 10376 280 241 45 0
picture 10377 280 286 45 0
picture 10378 280 725 34 0
picture 10379 280 759 34 0
picture 10662 168 768 82 0
picture 10663 0 881 133 0
picture 10664 0 0 156 0
picture 10665 0 156 156 0
picture 10829 280 147 47 0
picture 10830 224 0 70 0
picture 10831 168 684 84 0
picture 10832 224 210 69 0
picture 10837 252 616 58 0
picture 10838 196 680 72 0
picture 10839 224 70 70 0
picture 10840 252 732 55 0
picture 10841 224 348 68 0
picture 10842 196 533 74 0
picture 10843 224 756 66 0
picture 10844 280 194 47 0
picture 10945 196 752 72 0
picture 10946 168 427 87 0
picture 10947 168 927 77 0
picture 10948 196 896 71 0
picture 10981 252 374 61 0
picture 10982 196 231 76 0
picture 10983 196 0 77 0
picture 10984 252 188 62 0
picture 10989 0 608 139 0
picture 10990 0 312 153 0
picture 10991 0 465 143 0
picture 10992 84 126 120 0
picture 10993 0 747 134 0
picture 10994 84 246 119 0
picture 11009 252 674 58 0
picture 11010 252 0 63 0
picture 11011 224 279 69 0
picture 11012 224 416 68 0
picture 11015 196 824 72 0
picture 11016 224 140 70 0
picture 11019 280 793 28 0
picture 11020 280 821 26 0
picture 11025 280 652 37 0
picture 11026 280 538 38 0
picture 11027 280 331 43 0
picture 11208 224 822 65 0
picture 11209 196 307 76 0
picture 11210 252 250 62 0
picture 11250 140 690 114 0
picture 11251 56 645 128 0
picture 11252 168 0 112 0
picture 11253 252 312 62 0
picture 11254 196 383 76 0
picture 11255 224 887 65 0
picture 11292 168 223 102 0
picture 11305 168 325 102 0
picture 11313 252 787 55 0
picture 11314 252 63 63 0
picture 11321 196 77 77 0
picture 11322 196 154 77 0
picture 11331 168 112 111 0
picture 11332 56 773 127 0
picture 11333 140 804 113 0
picture 11334 84 0 126 0
picture 11335 28 0 131 0
picture 11336 84 365 116 0
picture 11343 280 576 38 0
picture 11344 280 614 38 0
picture 11912 112 580 115 0
picture 11913 28 131 129 0
picture 11914 84 481 116 0
picture 11915 112 695 115 0
picture 11919 28 260 129 0
picture 11920 84 597 116 0
picture 11921 112 810 115 0
picture 11922 28 389 129 0
picture 11923 84 713 116 0
picture 11924 140 0 115 0
picture 11925 28 518 129 0
picture 11926 84 829 116 0
picture 11927 28 647 129 0
picture 11928 28 776 129 0
picture 11929 140 115 115 0
picture 11930 56 0 129 0
picture 11931 112 0 116 0
picture 11932 112 116 116 0
picture 11933 56 129 129 0
picture 11934 140 230 115 0
picture 11935 112 232 116 0
picture 11936 56 258 129 0
picture 11937 140 345 115 0
picture 11938 112 348 116 0
picture 11939 56 387 129 0
picture 11940 140 460 115 0
picture 11947 112 464 116 0
picture 11948 56 516 129 0
picture 11949 140 575 115 0
picture 12112 280 498 40 0
picture 12113 252 435 61 0
picture 12114 196 607 73 0
picture 12115 224 952 65 0
picture 12116 280 689 36 0
picture 12117 280 0 50 0
picture 12118 252 496 60 0
picture 12119 280 374 42 0
picture 12124 224 484 68 0
picture 12125 224 552 68 0
picture 12632 224 620 68 0
picture 12633 224 688 68 0
picture 12634 280 416 42 0
picture 12635 252 556 60 0
picture 12636 280 50 50 0
object 1 0 left 11928
object 2 0 left 11939
object 2 0 right 11940
object 3 0 left 11947
object 4 0 left 11948
object 4 0 right 11949
object 5 0 left 11935
object 6 0 left 11936
object 6 0 right 11937
object 7 0 left 11947
object 8 0 left 11948
object 8 0 right 11949
object 9 0 left 11948
object 9 0 right 11949
object 10 0 left 11928
object 11 0 left 11939
object 11 0 right 11940
object 12 0 left 11947
object 13 0 left 11948
object 13 0 right 11949
object 14 0 left 11932
object 15 0 left 11933
object 15 0 right 11934
object 16 0 left 11947
object 17 0 left 11948
object 17 0 right 11949
object 18 0 left 11948
object 18 0 right 11949
object 19 0 left 11928
object 20 0 left 11939
object 20 0 right 11940
object 21 0 left 11935
object 22 0 left 11936
object 22 0 right 11937
object 23 0 left 11947
object 24 0 left 11948
object 24 0 right 11949
object 25 0 left 11935
object 26 0 left 11936
object 26 0 right 11937
object 27 0 left 11935
object 28 0 left 11936
object 28 0 right 11937
object 29 0 left 11933
object 29 0 right 11934
object 0 1 right 11927
object 1 1 left 11027
object 2 1 left 11025
object 2 1 right 11026
object 3 1 left 11019
object 3 1 right 11020
object 5 1 left 10945
object 6 1 left 10946
object 7 1 left 10947
object 7 1 right 10948
object 9 1 right 11927
object 11 1 left 10664
object 11 1 right 10665
object 13 1 right 10844
object 15 1 left 10989
object 16 1 left 10990
object 16 1 right 10991
object 18 1 right 11927
object 19 1 left 10306
object 19 1 right 10307
object 20 1 right 11305
object 21 1 left 12632
object 21 1 right 12633
object 24 1 right 12116
object 26 1 left 11253
object 26 1 right 11255
object 27 1 left 11254
object 27 1 right 11255
object 0 2 left 11921
object 0 2 right 11922
object 3 2 right 12116
object 9 2 left 11921
object 9 2 right 11922
object 10 2 left 10662
object 10 2 right 10663
object 13 2 right 10843
object 18 2 left 11921
object 18 2 right 11922
object 19 2 left 10378
object 19 2 right 10379
object 22 2 left 12112
object 23 2 left 12113
object 24 2 left 12114
object 24 2 right 12115
object 0 3 right 11914
object 1 3 left 12112
object 2 3 left 12113
object 3 3 left 12114
object 3 3 right 12115
object 9 3 right 11926
object 10 3 right 10994
object 13 3 left 10841
object 13 3 right 10842
object 18 3 right 11920
object 0 4 left 11912
object 0 4 right 11913
object 1 4 left 12124
object 1 4 right 12125
object 3 4 left 11343
object 3 4 right 11344
object 9 4 left 11924
object 9 4 right 11925
object 10 4 left 10992
object 10 4 right 10993
object 13 4 right 10840
object 18 4 left 11915
object 18 4 right 11919
object 0 5 right 11926
object 1 5 right 12119
object 9 5 right 11926
object 13 5 right 10839
object 18 5 right 11923
object 0 6 left 11924
object 0 6 right 11925
object 1 6 left 12117
object 1 6 right 12118
object 9 6 left 11924
object 9 6 right 11925
object 10 6 left 10829
object 10 6 right 10829
object 11 6 left 10830
object 12 6 left 10831
object 12 6 right 10832
object 13 6 left 10837
object 13 6 right 10838
object 18 6 left 11921
object 18 6 right 11922
object 19 6 left 11928
object 20 6 left 11939
object 20 6 right 11940
object 21 6 left 11935
object 22 6 left 11936
object 22 6 right 11937
object 23 6 left 11938
object 24 6 left 11939
object 24 6 right 11940
object 25 6 left 11935
object 26 6 left 11936
object 26 6 right 11937
object 27 6 left 11935
object 28 6 left 11936
object 28 6 right 11937
object 29 6 left 11933
object 29 6 right 11934
object 0 7 right 11914
object 1 7 left 10378
object 1 7 right 10379
object 9 7 right 11920
object 18 7 right 11927
object 19 7 left 12634
object 20 7 left 12635
object 20 7 right 12636
object 21 7 left 11313
object 21 7 right 11314
object 22 7 left 11313
object 22 7 right 11314
object 23 7 left 11313
object 23 7 right 11314
object 24 7 left 11321
object 24 7 right 11322
object 25 7 right 11305
object 26 7 left 11250
object 27 7 left 11251
object 27 7 right 11252
object 0 8 left 11912
object 0 8 right 11913
object 1 8 left 10376
object 1 8 right 10377
object 9 8 left 11915
object 9 8 right 11919
object 18 8 left 11921
object 18 8 right 11922
object 0 9 right 11923
object 1 9 left 10263
object 1 9 right 10264
object 9 9 right 11926
object 10 9 right 11210
object 18 9 right 11920
object 0 10 left 11921
object 0 10 right 11922
object 1 10 left 10372
object 1 10 right 10373
object 9 10 left 11924
object 9 10 right 11925
object 10 10 left 11208
object 10 10 right 11209
object 18 10 left 11915
object 18 10 right 11919
object 0 11 left 10378
object 0 11 right 11914
object 9 11 right 11923
object 18 11 right 11923
object 19 11 right 11336
object 0 12 left 11912
object 0 12 right 11913
object 3 12 left 11011
object 3 12 right 11012
object 4 12 left 11015
object 4 12 right 11016
object 5 12 left 11009
object 5 12 right 11010
object 9 12 left 11921
object 9 12 right 11922
object 10 12 left 11292
object 18 12 left 11921
object 18 12 right 11922
object 19 12 left 11334
object 19 12 right 11335
object 0 13 right 11931
object 9 13 right 11926
object 18 13 right 11926
object 19 13 right 11333
object 22 13 left 10278
object 22 13 right 10279
object 0 14 left 11929
object 0 14 right 11930
object 9 14 left 11929
object 9 14 right 11930
object 17 14 left 10288
object 17 14 right 10289
object 18 14 left 11929
object 18 14 right 11930
object 19 14 left 11331
object 19 14 right 11332
object 21 14 left 10981
object 22 14 left 10982
object 23 14 left 10983
object 23 14 right 10984
