# lod20714 — tools/dat-extract layout 이 만든다. 손으로 고치지 말 것.
size 15 15
blocked
#########.#####
#..##.##...##..
##....##.......
#..............
#...#..........
#...#..........
#..............
#..............
#..............
#..............
#..............
#......###.....
#......###.....
#......###.....
#..............
floor
9165 0 0 0 0 0 0 0 0 0 0 0 0 0 0
0 9169 9174 9199 9204 9209 9214 9159 11584 11585 9174 9199 9159 9164 9169
0 9179 9184 9189 11081 11064 11065 11066 11067 11082 9173 9198 9158 9163 9168
0 9178 9183 9188 11075 11511 11515 11519 11522 11079 9172 9197 9157 9162 9167
0 9177 9182 9187 11074 11510 11514 11518 11521 11078 9171 9196 9156 9161 9166
0 9176 9181 9186 11073 11509 11513 11517 11520 11077 9215 9160 9200 9205 9210
0 9209 9214 9159 11072 11058 11512 11516 11058 11076 9214 9159 9199 9204 9209
0 9208 9213 9158 11080 11068 11069 11070 11071 11083 9213 9158 9198 9203 9208
0 9207 9212 9157 9162 9167 9172 9197 9202 9207 9212 9157 9197 9202 9207
0 9206 9211 9156 11461 11463 11463 11463 11463 11463 11463 11475 9196 9201 9206
0 9170 9175 9200 11465 11052 11055 11058 11052 11055 11058 11474 9160 9165 9170
0 9170 9175 9200 11465 11051 11054 11057 11051 11054 11057 11474 9194 9165 9170
0 9169 9174 9199 11465 11053 11056 11059 11053 11056 11059 11474 9224 9164 9169
0 9168 9173 9198 11465 11052 11055 11058 11052 11055 11058 11474 9223 9163 9168
0 9167 9172 9197 11464 11466 11466 11466 11466 11466 11466 11470 9157 9162 9167
tile 9156 0 0
tile 9157 56 0
tile 9158 112 0
tile 9159 168 0
tile 9160 224 0
tile 9161 280 0
tile 9162 336 0
tile 9163 392 0
tile 9164 448 0
tile 9165 504 0
tile 9166 560 0
tile 9167 0 27
tile 9168 56 27
tile 9169 112 27
tile 9170 168 27
tile 9171 224 27
tile 9172 280 27
tile 9173 336 27
tile 9174 392 27
tile 9175 448 27
tile 9176 504 27
tile 9177 560 27
tile 9178 0 54
tile 9179 56 54
tile 9181 112 54
tile 9182 168 54
tile 9183 224 54
tile 9184 280 54
tile 9186 336 54
tile 9187 392 54
tile 9188 448 54
tile 9189 504 54
tile 9194 560 54
tile 9196 0 81
tile 9197 56 81
tile 9198 112 81
tile 9199 168 81
tile 9200 224 81
tile 9201 280 81
tile 9202 336 81
tile 9203 392 81
tile 9204 448 81
tile 9205 504 81
tile 9206 560 81
tile 9207 0 108
tile 9208 56 108
tile 9209 112 108
tile 9210 168 108
tile 9211 224 108
tile 9212 280 108
tile 9213 336 108
tile 9214 392 108
tile 9215 448 108
tile 9223 504 108
tile 9224 560 108
tile 11051 0 135
tile 11052 56 135
tile 11053 112 135
tile 11054 168 135
tile 11055 224 135
tile 11056 280 135
tile 11057 336 135
tile 11058 392 135
tile 11059 448 135
tile 11064 504 135
tile 11065 560 135
tile 11066 0 162
tile 11067 56 162
tile 11068 112 162
tile 11069 168 162
tile 11070 224 162
tile 11071 280 162
tile 11072 336 162
tile 11073 392 162
tile 11074 448 162
tile 11075 504 162
tile 11076 560 162
tile 11077 0 189
tile 11078 56 189
tile 11079 112 189
tile 11080 168 189
tile 11081 224 189
tile 11082 280 189
tile 11083 336 189
tile 11461 392 189
tile 11463 448 189
tile 11464 504 189
tile 11465 560 189
tile 11466 0 216
tile 11470 56 216
tile 11474 112 216
tile 11475 168 216
tile 11509 224 216
tile 11510 280 216
tile 11511 336 216
tile 11512 392 216
tile 11513 448 216
tile 11514 504 216
tile 11515 560 216
tile 11516 0 243
tile 11517 56 243
tile 11518 112 243
tile 11519 168 243
tile 11520 224 243
tile 11521 280 243
tile 11522 336 243
tile 11584 392 243
tile 11585 448 243
picture 11208 168 621 65 0
picture 11209 168 469 76 0
picture 11210 168 751 62 0
picture 11214 0 509 152 0
picture 11215 0 661 152 0
picture 11216 112 423 138 0
picture 11217 0 813 152 0
picture 11218 28 0 152 0
picture 11219 28 152 152 0
picture 11220 28 304 152 0
picture 11221 28 456 152 0
picture 11242 28 608 152 0
picture 11243 28 760 152 0
picture 11244 56 0 152 0
picture 11245 56 152 152 0
picture 11246 56 304 152 0
picture 11247 112 561 138 0
picture 11253 168 813 62 0
picture 11254 168 545 76 0
picture 11255 168 686 65 0
picture 11278 140 138 133 0
picture 11279 0 349 160 0
picture 11280 0 0 179 0
picture 11281 0 179 170 0
picture 11282 112 0 142 0
picture 11283 140 771 114 0
picture 11292 168 111 102 0
picture 11293 112 699 138 0
picture 11294 56 456 152 0
picture 11295 56 608 152 0
picture 11296 56 760 152 0
picture 11297 112 284 139 0
picture 11298 84 0 152 0
picture 11299 84 152 152 0
picture 11300 112 837 138 0
picture 11303 84 304 152 0
picture 11304 140 0 138 0
picture 11305 168 213 102 0
picture 11306 84 760 145 0
picture 11307 112 142 142 0
picture 11323 168 315 77 0
picture 11324 168 392 77 0
picture 11325 140 655 116 0
picture 11326 140 271 131 0
picture 11327 140 529 126 0
picture 11328 140 885 113 0
picture 11329 140 402 127 0
picture 11330 168 0 111 0
picture 11337 84 456 152 0
picture 11338 84 608 152 0
object 1 0 left 11338
object 2 0 left 11242
object 3 0 left 11243
object 4 0 left 11246
object 4 0 right 11247
object 5 0 left 11244
object 6 0 left 11245
object 7 0 left 11246
object 7 0 right 11247
object 8 0 left 11297
object 9 0 left 11298
object 10 0 left 11299
object 10 0 right 11300
object 11 0 left 11303
object 11 0 right 11304
object 12 0 left 11244
object 13 0 left 11245
object 14 0 left 11246
object 14 0 right 11247
object 0 1 right 11337
object 2 1 right 11305
object 4 1 left 11306
object 4 1 right 11307
object 6 1 left 11325
object 7 1 left 11326
object 7 1 right 11327
object 11 1 left 11328
object 12 1 left 11329
object 12 1 right 11330
object 13 1 right 11305
object 0 2 right 11221
object 1 2 left 11323
object 1 2 right 11324
object 6 2 left 11253
object 7 2 left 11254
object 7 2 right 11255
object 0 3 right 11220
object 0 4 right 11215
object 4 4 right 11210
object 0 5 right 11214
object 4 5 left 11208
object 4 5 right 11209
object 0 6 left 11293
object 0 6 right 11294
object 1 6 left 11292
object 0 7 right 11296
object 0 8 right 11295
object 0 9 right 11215
object 0 10 right 11214
object 0 11 left 11293
object 0 11 right 11294
object 1 11 left 11292
object 9 11 right 11283
object 0 12 right 11219
object 9 12 right 11282
object 0 13 right 11218
object 7 13 left 11278
object 8 13 left 11279
object 9 13 left 11280
object 9 13 right 11281
object 0 14 left 11216
object 0 14 right 11217
