# lod20590 — tools/dat-extract layout 이 만든다. 손으로 고치지 말 것.
size 50 50
blocked
.....................#............................
............#.....................................
..............#...................................
......#.......#...................................
.....................#............................
..................................................
...#....#.........................................
.........................#............#...........
..............................#...................
.....................................#............
#.................................................
..............#.#.................................
..................................................
........#....#...........#.........######.........
.............#....................######..........
..................................#####...........
..................................######..........
..........................#.......######..........
..................................######..........
...........#....#..................######........#
##..............#.................................
###.................................#.............
###.................................#.............
###.....#.........................................
###................#..............................
...................#.........................##...
......#.......####................#..........##...
..............#####.#..................##..####...
..............#####............#...........####...
..........#...######..............................
...............###................................
...................##....................#........
......#.............#.................#...........
..................#.#.............................
..................................................
............#.....................................
............#...#.................................
................#.................................
.........#........................................
.........#........................................
......#...........................#...............
..................................................
..........................#.......................
...#....#................................#........
........#.................#...#..........#....#...
...................#........................###...
.............##....#........................##....
..####....#..##.......#.......##............###...
..#######....##.........#.....#######.........#...
#...#######..#..........##....#####....#..........
floor
10422 10430 10438 10446 10454 10462 10470 10478 10301 10309 10317 10845 10333 10341 10349 10357 10422 10430 10438 10446 10454 10985 10989 10993 10997 10309 10317 10325 10333 10341 10349 10357 10422 10430 10438 10446 10454 10462 10470 10478 10301 10309 10317 10325 10333 10341 10349 10357 10422 10430
10421 10429 10437 10445 10453 9830 9835 10477 10300 10308 10316 10844 10848 10851 9852 10356 10421 10429 10437 10445 10453 10984 10988 10992 10996 10308 10316 10324 10332 10340 9888 9897 9903 10429 10437 10445 10453 10461 10469 10477 10300 10308 10316 10324 10332 10340 10348 10356 10421 10429
10420 10428 10436 10444 9825 9829 9834 10476 10299 10307 10315 10323 10847 9849 9851 9854 10420 10428 10436 10444 10452 10983 10987 10991 10995 10307 10315 10323 10331 10339 9887 9896 9902 9906 10436 10444 10779 10784 10790 10476 10299 10307 10315 10323 10331 10339 10347 10355 10420 10428
10419 10427 10435 9821 9824 9828 9833 9837 10298 10306 10314 10322 10846 9848 9850 9853 10419 10427 10435 10443 10845 10982 10986 10990 10994 10306 10314 10322 10330 10338 9886 9895 9901 9905 10435 10443 10778 10783 10789 10793 10298 10306 10314 10322 10330 10338 10346 10354 10419 10427
10418 10426 10434 10442 9823 9827 9832 9836 10297 10305 10313 10321 10329 10337 10345 10353 10418 10426 10434 10442 10844 10848 10851 10474 10297 10305 10313 10321 10329 10337 9885 9894 9900 9904 10434 10442 10777 10782 10788 10474 10297 10305 10313 10321 10329 10337 10345 10353 10418 10426
10417 10425 10845 10441 9822 9826 9831 10845 10296 10304 10312 10320 10328 10336 10344 10352 10417 10425 10433 10441 10449 10847 10850 10473 9830 9835 10312 10320 10328 10336 10344 9893 9899 10425 10433 10441 10449 10781 10787 10792 10794 10304 10312 10320 10328 10336 10344 10352 10417 10425
10416 10424 10844 10848 10851 10456 10464 10844 10848 10851 10311 10319 10779 10784 10790 10351 10416 10424 10432 10440 10448 10846 10849 9825 9829 9834 10311 10319 10327 10335 10343 9892 9898 10424 10432 10440 10448 10780 10786 10791 10295 10303 10311 10319 10327 10335 10343 10351 10416 10424
10415 10423 10431 10847 10850 10455 10463 10471 10847 10850 10310 10318 10778 10783 10789 10793 10415 10423 10431 10439 10447 10455 9821 9824 9828 9833 9837 10318 10326 10334 9884 9891 10415 10423 10431 10439 10447 10455 10785 10471 10294 10302 10310 10318 10326 10334 10342 10350 10415 10423
10301 10309 10317 10846 10849 10341 10779 10784 10846 10849 10438 10446 10777 10782 10788 10478 10301 10309 10317 10325 10333 10341 10349 9823 9827 9832 9836 10446 10454 10462 9883 9890 10301 10309 10317 10325 10845 10341 10349 10357 10422 10430 10438 10446 10454 10462 10470 10478 10301 10309
10300 10308 10316 10324 10332 10340 10778 10783 10789 10793 10437 10445 10453 10781 10787 10792 10794 10308 10316 10324 10332 10340 10348 9822 9826 9831 10437 10445 10453 10461 9882 9889 10300 10308 10316 10324 10844 10848 10851 10356 10421 10429 10437 10445 10453 10461 10469 10477 10300 10308
11002 11006 11010 11014 10331 10339 10777 10782 10788 10428 10436 10444 10452 10780 10786 10845 10299 10307 10315 10323 10331 10339 10347 10355 10420 10428 9888 9897 9903 10460 10468 10476 10299 10307 10315 10323 10331 10847 10850 10355 10420 10428 10436 10444 10452 10460 10468 10476 10299 10307
11001 11005 11009 11013 10330 10338 10346 10781 10787 10792 10794 10443 10451 10459 10785 10844 10848 10851 10314 10322 10330 10338 10346 10354 10419 10427 9887 9896 9902 9906 10467 10475 10298 10306 10742 10744 10746 10846 10849 10354 10419 10427 10435 10443 10451 10459 10467 10475 10298 10306
11000 11004 11008 11012 10329 10337 10345 10780 10786 10791 10434 10442 10450 9852 10466 10474 10847 10850 10313 10321 10329 10337 10345 10353 10845 10426 9886 9895 9901 9905 10466 10474 10297 10739 10741 10743 10745 10747 10749 10750 10418 10426 10434 10442 10450 10458 10466 10474 10297 10305
10990 11003 11007 11011 10328 10336 10344 10352 10785 10425 10433 10441 9849 9851 9854 10473 10846 10849 10312 10320 10328 10336 10344 10352 10844 10848 10851 9894 9900 9904 10465 10473 10296 10304 10740 10320 10328 10336 10344 10352 10417 10425 10433 10441 10449 10457 10465 10473 10296 10304
10295 10303 10311 10319 10327 10335 10343 10351 10416 10779 10784 10790 9848 9850 9853 10784 10790 10303 10311 10319 10327 10335 10343 10351 10416 10847 10850 9893 9899 10456 10464 10472 10295 10303 10322 10330 10327 10335 10343 10351 10416 10424 10432 10440 10448 10456 10464 10472 10295 10303
10294 10302 10310 10318 10326 10334 10342 10350 10415 10778 10783 10789 10793 10455 10778 10783 10789 10793 10310 10318 10326 10334 10342 10350 10415 10846 10849 9892 9898 10455 10463 10471 10294 10302 10321 10329 10326 10334 10342 10350 10415 10423 10431 10439 10447 10455 10463 10471 10294 10302
10422 10430 10438 10446 10454 10462 10470 10478 10301 10777 10782 10788 10333 10341 10777 10782 10788 10430 10438 10446 10454 10462 10470 10478 10301 10309 9884 9891 10333 10341 10349 10357 10422 10430 10438 10446 10454 10462 10470 10478 10301 10309 10317 10325 10333 10341 10349 10357 10422 10430
10421 10429 10437 10445 10453 10461 10469 10477 10300 10308 10781 10787 10792 10794 10348 10781 10787 10792 10794 10445 10453 10461 10469 10477 10300 10308 9883 9890 10332 10340 10348 10356 10421 10429 10437 10445 10453 10461 10469 10477 10300 10308 10316 10324 10332 10340 10348 10356 10421 10429
10420 10428 10436 10444 10452 10460 10779 10784 10790 10307 10780 10786 10791 10339 10347 10780 10786 10791 10436 10444 10452 10460 10468 10476 10299 10307 9882 9889 10331 10339 10347 10355 10420 10428 10436 10444 10452 10460 10468 10476 10299 10307 10315 10323 10331 10339 10347 10355 10420 10428
9790 9792 10435 10443 10451 10459 10778 10783 10789 10793 10314 10785 10330 10338 10346 10845 10785 10427 10435 10443 10451 10459 10467 10475 10298 10306 10314 10322 10330 10338 10346 10354 10419 10427 10435 10802 10799 10459 10467 10475 10298 10306 10314 10322 10330 10338 11036 11040 11044 11006
9789 9791 10434 10442 10450 10458 10777 10782 10788 10305 10313 10321 10329 10337 10345 10844 10848 10851 10434 10442 10450 10458 10466 10474 10297 10305 10313 10321 10329 10337 10345 10353 10418 10426 10434 10442 10798 10458 10466 10474 10297 10305 10313 10321 10329 10337 11035 11039 11043 11047
10417 10425 10433 10441 10449 10457 10465 10781 10787 10792 10794 10320 10779 10784 10790 10352 10847 10850 10433 10441 10449 10457 10465 10473 10296 10304 10312 10320 10328 10336 10344 10352 10779 10784 10790 9849 9851 9854 10465 10473 10296 10304 10312 10320 10328 10336 11034 11038 11042 11046
10416 10424 10432 10440 10448 10456 10464 10780 10786 10791 10311 10319 10778 10783 10789 10793 10846 10849 10332 10440 10448 10456 10464 10472 10295 10303 10311 10319 10327 10335 10343 10351 10778 10783 10789 9848 9850 9853 10464 10472 10295 10303 10311 10319 10327 10335 11033 11037 11041 11045
10415 10423 10431 10439 10447 10455 10463 10471 10785 10302 10310 10318 10777 10782 10788 10350 10415 10423 10431 9852 10447 10732 10463 10471 10294 10302 10310 10318 10326 10334 10342 10350 10777 10782 10788 10439 10447 10455 10463 10471 10294 10302 10310 10318 10326 9784 10342 10350 10415 10423
10301 10309 10317 10325 10333 10341 10349 10357 10779 10784 10790 10446 10454 10781 10787 10792 10794 10309 9849 9851 9854 10731 10738 10357 10422 10430 10438 10446 10454 10462 10470 10478 10301 10781 10787 10792 10794 10341 10349 10357 10422 10736 10438 10735 10454 9783 9786 10478 10301 10309
10300 10308 10316 10324 10332 10340 10348 10356 10778 10783 10789 10793 10453 10780 10786 10791 10300 10308 9848 9850 9853 10730 10731 10737 10421 10429 10437 10445 10420 10428 10436 10444 10452 10780 10786 10791 10299 10307 10348 10356 10421 10735 10735 10733 10453 10461 9785 10477 10300 10308
10299 10307 10315 10323 10331 10339 10347 10355 10777 10782 10788 10444 10452 10334 10785 10350 10415 10423 10431 9840 9843 10731 10730 10355 10420 10428 10436 10444 10419 10427 10435 10443 10451 10459 10785 10475 10298 10306 10351 10769 10770 10428 10436 10444 10452 10460 10468 10476 10299 10307
10298 10306 10314 10322 10779 10784 10790 10354 10419 10781 10787 10792 10794 10462 10470 10478 10301 10309 10317 9839 9842 10730 10734 10354 10419 10427 10435 10443 10418 10426 10845 10442 10450 10458 10466 10474 10779 10784 10790 10354 10419 10427 10435 10443 10451 10459 10467 10475 10298 10306
10297 10305 10313 10321 10778 10783 10789 10793 10418 10780 10786 10791 10450 10461 10469 10477 10824 10831 10316 10324 10332 10337 10345 10353 10418 10426 10434 10442 10417 10425 10844 10848 10851 10457 10465 10473 10778 10783 10789 10793 10418 10426 10434 10442 10450 10458 10466 10474 10297 10305
10296 10304 10312 10320 10777 10782 10788 10352 10417 10425 10785 10441 10449 10460 10468 10817 10823 10830 10837 10806 10331 10336 10344 10352 10417 10425 10433 10441 10416 10424 10432 10847 10850 10456 10464 10472 10777 10782 10788 10352 10417 10425 10433 10441 10449 10457 10465 10473 10296 10304
10295 10303 10311 10319 10327 10781 10787 10792 10794 10424 10779 10784 10790 10459 10467 10816 10822 10829 10836 10800 10330 10335 10343 10351 10416 10424 10432 10440 10415 10423 10431 10846 10849 10455 10463 10471 10294 10781 10787 10792 10845 10424 10432 10440 10448 10456 10464 10472 10295 10303
10294 10302 10310 10318 10326 10780 10786 10791 10415 10423 10778 10783 10789 10793 10817 10815 10821 10828 10835 10799 10805 10334 10342 10350 10415 10423 10431 10439 10301 10309 10317 10325 10333 10341 10349 10357 10422 10780 10786 10791 10844 10848 10851 10439 10447 10455 10463 10471 10294 10302
10422 10430 10438 10446 10454 10462 10785 10478 10301 10309 10777 10782 10788 10457 10816 10814 10820 10827 10834 9849 9851 9854 10470 10478 10301 10309 10317 10325 10300 10308 10316 10324 10332 10340 10348 10356 10421 10429 10785 10478 10301 10847 10850 10325 10333 10341 10349 10357 10422 10430
10421 10429 10437 10445 10453 10461 10469 10477 10300 10308 10316 10781 10787 10792 10794 10813 10819 10826 10833 9848 9850 9853 10469 10477 10300 10308 10316 10324 10299 10307 10315 10323 10331 10339 10347 10355 10420 10428 10473 10477 10300 10846 10849 10324 10332 10340 10348 10356 10421 10429
10420 10428 10436 10444 9860 9864 9871 10476 10299 10307 10315 10780 10786 10791 10347 10355 10420 10428 10436 10444 10452 10460 10468 10476 10299 10307 10315 10323 10298 10306 10314 10322 10330 10338 10346 10354 10419 10427 10472 10476 10299 10307 10315 10323 10331 10339 10347 10355 10420 10428
10419 10427 10435 9856 9859 9863 9870 9877 10298 10306 10314 10845 10785 10338 10346 10354 9852 10427 10435 10443 10451 10459 10467 10475 10298 10306 10314 10322 10297 10305 10313 10321 10329 10337 10345 10353 10418 10426 10471 10475 10298 10306 10314 10322 10330 10338 10346 10354 10419 10427
10418 10426 10434 10442 9858 9862 9869 9876 10297 10305 10313 10844 10848 10851 10345 9849 9851 9854 10434 10442 10450 10458 10466 10474 10297 10305 10313 10321 10296 10304 10312 10320 10328 10336 10344 10352 10417 10425 10357 10474 10297 10305 10313 10321 10329 10337 10345 10353 10418 10426
10417 10425 10433 10441 9857 9861 9868 9875 10296 9852 10312 10320 10847 10850 10344 9848 9850 9853 10433 10441 10449 10457 10465 10473 10779 10784 10790 10320 10461 10469 10477 10300 10308 10316 10324 10332 10340 10348 10356 10473 10296 10304 10312 10320 10328 10336 10344 10352 10417 10425
10416 10779 10784 10790 10448 10456 9867 9874 9849 9851 9854 10319 10846 10849 10343 10351 10416 10424 10432 10440 10448 10456 10464 10472 10778 10783 10789 10793 10327 10335 10343 10351 10416 9830 9835 10440 10448 10456 10464 10472 10295 10303 10311 10319 10327 10335 10343 10351 10416 10424
10415 10778 10783 10789 10793 10455 9866 9873 9848 9850 9853 10318 10326 10334 10342 10350 10415 10423 10431 10439 10447 10455 10463 10471 10777 10782 10788 10318 10326 10334 10342 10350 9825 9829 9834 10439 10447 10455 10463 10471 10294 10302 10310 10318 10326 10334 10342 10350 10415 10423
10301 10777 10782 10788 10333 10341 9865 9872 10422 10430 9888 9897 9903 10462 10470 10478 10301 10309 10317 10325 10333 10341 10349 10357 10422 10781 10787 10792 10794 10462 10470 9821 9824 9828 9833 9837 10333 10341 10349 10357 10422 10430 10438 10446 10454 10462 10470 10478 10301 10309
10300 10308 10781 10787 10792 10794 10348 10356 10421 10429 9887 9896 9902 9906 10469 10477 10300 10308 10316 10324 10332 10340 10348 10356 10421 10780 10786 10791 10453 10774 10469 10477 9823 9827 9832 9836 10332 10340 10348 10356 10421 10429 10437 10445 10453 10461 10469 10477 10300 10308
10299 10307 10780 10786 10791 10339 10347 10355 9852 10428 9886 9895 9901 9905 10468 10476 10299 10307 10315 10323 10331 10339 10347 10355 10420 10428 10785 10444 10452 10773 10776 10476 9822 9826 9831 10323 10331 10339 10347 10355 10420 9852 10436 9775 9778 9781 10468 10476 10299 10307
10298 10306 10314 10785 10330 10338 10346 9849 9851 9854 9885 9894 9900 9904 10467 10475 10298 10306 10314 10322 10330 10338 10346 10354 10419 10845 10435 10443 10451 10772 10775 10475 10298 10306 10314 10322 10330 10338 10346 10354 9849 9851 9854 9774 9777 9780 10807 10475 10298 10306
10297 10305 10757 10759 10762 10337 10345 9848 9850 9853 10434 9893 9899 10458 10466 10474 10297 10305 10313 9852 10329 10337 10345 10353 10418 10844 10848 10851 10450 10458 10466 10474 10297 10305 10313 10321 10329 10779 10784 10790 9848 9850 9853 10442 9776 9779 10806 10474 10297 10305
10296 10756 10312 10758 10761 10765 9775 9778 9781 10425 10433 9892 9898 9783 9786 10473 10296 10304 9849 9851 9854 9830 9835 10352 10417 10425 10847 10850 10449 10457 10465 10473 10296 10304 10312 10320 10328 10778 10783 10789 10793 10425 10433 10441 10449 10457 10805 10473 10296 10304
10295 10303 10311 10319 10760 10764 9774 9777 9780 10424 9884 9891 10448 10456 9785 10472 10295 10303 9848 9850 9853 9829 9834 10351 10416 10424 10846 10849 11027 9788 9790 9792 10295 10753 10311 10319 10327 10777 10782 10788 10416 10424 10432 10845 10448 10456 9852 10472 10295 10303
10776 10302 10310 10318 10326 10763 10767 9776 9779 10423 9883 9890 10447 10455 10463 10471 10294 10302 10310 9821 9824 9828 9833 9837 9852 11018 11022 11026 11030 10455 9789 9791 10294 10752 10754 10769 10770 10334 10781 10787 10792 10794 10431 10844 10848 10802 9851 9854 10294 10302
10775 10430 10438 10446 10454 10462 10766 10478 10301 10769 10770 9889 10333 10341 10349 10357 10422 10430 10438 10446 9823 9827 9832 9849 9851 11017 11021 11025 11029 10341 10349 10357 10422 10430 10438 10446 10454 10462 10780 10786 10791 10309 10317 10325 10847 9848 9850 9853 10422 10430
10421 10429 10437 10445 10453 10461 10469 10477 10300 10308 10316 10324 10332 10340 10348 10356 10421 10429 10437 10445 9822 9826 9831 9848 9850 11007 11020 11024 11028 10340 10348 10356 10421 10429 10437 10445 10453 10461 10469 10785 10300 10308 10316 10324 10846 10849 10348 10356 10421 10429
tile 9774 0 0
tile 9775 56 0
tile 9776 112 0
tile 9777 168 0
tile 9778 224 0
tile 9779 280 0
tile 9780 336 0
tile 9781 392 0
tile 9783 448 0
tile 9784 504 0
tile 9785 560 0
tile 9786 616 0
tile 9788 672 0
tile 9789 728 0
tile 9790 784 0
tile 9791 840 0
tile 9792 896 0
tile 9821 952 0
tile 9822 1008 0
tile 9823 1064 0
tile 9824 0 27
tile 9825 56 27
tile 9826 112 27
tile 9827 168 27
tile 9828 224 27
tile 9829 280 27
tile 9830 336 27
tile 9831 392 27
tile 9832 448 27
tile 9833 504 27
tile 9834 560 27
tile 9835 616 27
tile 9836 672 27
tile 9837 728 27
tile 9839 784 27
tile 9840 840 27
tile 9842 896 27
tile 9843 952 27
tile 9848 1008 27
tile 9849 1064 27
tile 9850 0 54
tile 9851 56 54
tile 9852 112 54
tile 9853 168 54
tile 9854 224 54
tile 9856 280 54
tile 9857 336 54
tile 9858 392 54
tile 9859 448 54
tile 9860 504 54
tile 9861 560 54
tile 9862 616 54
tile 9863 672 54
tile 9864 728 54
tile 9865 784 54
tile 9866 840 54
tile 9867 896 54
tile 9868 952 54
tile 9869 1008 54
tile 9870 1064 54
tile 9871 0 81
tile 9872 56 81
tile 9873 112 81
tile 9874 168 81
tile 9875 224 81
tile 9876 280 81
tile 9877 336 81
tile 9882 392 81
tile 9883 448 81
tile 9884 504 81
tile 9885 560 81
tile 9886 616 81
tile 9887 672 81
tile 9888 728 81
tile 9889 784 81
tile 9890 840 81
tile 9891 896 81
tile 9892 952 81
tile 9893 1008 81
tile 9894 1064 81
tile 9895 0 108
tile 9896 56 108
tile 9897 112 108
tile 9898 168 108
tile 9899 224 108
tile 9900 280 108
tile 9901 336 108
tile 9902 392 108
tile 9903 448 108
tile 9904 504 108
tile 9905 560 108
tile 9906 616 108
tile 10294 672 108
tile 10295 728 108
tile 10296 784 108
tile 10297 840 108
tile 10298 896 108
tile 10299 952 108
tile 10300 1008 108
tile 10301 1064 108
tile 10302 0 135
tile 10303 56 135
tile 10304 112 135
tile 10305 168 135
tile 10306 224 135
tile 10307 280 135
tile 10308 336 135
tile 10309 392 135
tile 10310 448 135
tile 10311 504 135
tile 10312 560 135
tile 10313 616 135
tile 10314 672 135
tile 10315 728 135
tile 10316 784 135
tile 10317 840 135
tile 10318 896 135
tile 10319 952 135
tile 10320 1008 135
tile 10321 1064 135
tile 10322 0 162
tile 10323 56 162
tile 10324 112 162
tile 10325 168 162
tile 10326 224 162
tile 10327 280 162
tile 10328 336 162
tile 10329 392 162
tile 10330 448 162
tile 10331 504 162
tile 10332 560 162
tile 10333 616 162
tile 10334 672 162
tile 10335 728 162
tile 10336 784 162
tile 10337 840 162
tile 10338 896 162
tile 10339 952 162
tile 10340 1008 162
tile 10341 1064 162
tile 10342 0 189
tile 10343 56 189
tile 10344 112 189
tile 10345 168 189
tile 10346 224 189
tile 10347 280 189
tile 10348 336 189
tile 10349 392 189
tile 10350 448 189
tile 10351 504 189
tile 10352 560 189
tile 10353 616 189
tile 10354 672 189
tile 10355 728 189
tile 10356 784 189
tile 10357 840 189
tile 10415 896 189
tile 10416 952 189
tile 10417 1008 189
tile 10418 1064 189
tile 10419 0 216
tile 10420 56 216
tile 10421 112 216
tile 10422 168 216
tile 10423 224 216
tile 10424 280 216
tile 10425 336 216
tile 10426 392 216
tile 10427 448 216
tile 10428 504 216
tile 10429 560 216
tile 10430 616 216
tile 10431 672 216
tile 10432 728 216
tile 10433 784 216
tile 10434 840 216
tile 10435 896 216
tile 10436 952 216
tile 10437 1008 216
tile 10438 1064 216
tile 10439 0 243
tile 10440 56 243
tile 10441 112 243
tile 10442 168 243
tile 10443 224 243
tile 10444 280 243
tile 10445 336 243
tile 10446 392 243
tile 10447 448 243
tile 10448 504 243
tile 10449 560 243
tile 10450 616 243
tile 10451 672 243
tile 10452 728 243
tile 10453 784 243
tile 10454 840 243
tile 10455 896 243
tile 10456 952 243
tile 10457 1008 243
tile 10458 1064 243
tile 10459 0 270
tile 10460 56 270
tile 10461 112 270
tile 10462 168 270
tile 10463 224 270
tile 10464 280 270
tile 10465 336 270
tile 10466 392 270
tile 10467 448 270
tile 10468 504 270
tile 10469 560 270
tile 10470 616 270
tile 10471 672 270
tile 10472 728 270
tile 10473 784 270
tile 10474 840 270
tile 10475 896 270
tile 10476 952 270
tile 10477 1008 270
tile 10478 1064 270
tile 10730 0 297
tile 10731 56 297
tile 10732 112 297
tile 10733 168 297
tile 10734 224 297
tile 10735 280 297
tile 10736 336 297
tile 10737 392 297
tile 10738 448 297
tile 10739 504 297
tile 10740 560 297
tile 10741 616 297
tile 10742 672 297
tile 10743 728 297
tile 10744 784 297
tile 10745 840 297
tile 10746 896 297
tile 10747 952 297
tile 10749 1008 297
tile 10750 1064 297
tile 10752 0 324
tile 10753 56 324
tile 10754 112 324
tile 10756 168 324
tile 10757 224 324
tile 10758 280 324
tile 10759 336 324
tile 10760 392 324
tile 10761 448 324
tile 10762 504 324
tile 10763 560 324
tile 10764 616 324
tile 10765 672 324
tile 10766 728 324
tile 10767 784 324
tile 10769 840 324
tile 10770 896 324
tile 10772 952 324
tile 10773 1008 324
tile 10774 1064 324
tile 10775 0 351
tile 10776 56 351
tile 10777 112 351
tile 10778 168 351
tile 10779 224 351
tile 10780 280 351
tile 10781 336 351
tile 10782 392 351
tile 10783 448 351
tile 10784 504 351
tile 10785 560 351
tile 10786 616 351
tile 10787 672 351
tile 10788 728 351
tile 10789 784 351
tile 10790 840 351
tile 10791 896 351
tile 10792 952 351
tile 10793 1008 351
tile 10794 1064 351
tile 10798 0 378
tile 10799 56 378
tile 10800 112 378
tile 10802 168 378
tile 10805 224 378
tile 10806 280 378
tile 10807 336 378
tile 10813 392 378
tile 10814 448 378
tile 10815 504 378
tile 10816 560 378
tile 10817 616 378
tile 10819 672 378
tile 10820 728 378
tile 10821 784 378
tile 10822 840 378
tile 10823 896 378
tile 10824 952 378
tile 10826 1008 378
tile 10827 1064 378
tile 10828 0 405
tile 10829 56 405
tile 10830 112 405
tile 10831 168 405
tile 10833 224 405
tile 10834 280 405
tile 10835 336 405
tile 10836 392 405
tile 10837 448 405
tile 10844 504 405
tile 10845 560 405
tile 10846 616 405
tile 10847 672 405
tile 10848 728 405
tile 10849 784 405
tile 10850 840 405
tile 10851 896 405
tile 10982 952 405
tile 10983 1008 405
tile 10984 1064 405
tile 10985 0 432
tile 10986 56 432
tile 10987 112 432
tile 10988 168 432
tile 10989 224 432
tile 10990 280 432
tile 10991 336 432
tile 10992 392 432
tile 10993 448 432
tile 10994 504 432
tile 10995 560 432
tile 10996 616 432
tile 10997 672 432
tile 11000 728 432
tile 11001 784 432
tile 11002 840 432
tile 11003 896 432
tile 11004 952 432
tile 11005 1008 432
tile 11006 1064 432
tile 11007 0 459
tile 11008 56 459
tile 11009 112 459
tile 11010 168 459
tile 11011 224 459
tile 11012 280 459
tile 11013 336 459
tile 11014 392 459
tile 11017 448 459
tile 11018 504 459
tile 11020 560 459
tile 11021 616 459
tile 11022 672 459
tile 11024 728 459
tile 11025 784 459
tile 11026 840 459
tile 11027 896 459
tile 11028 952 459
tile 11029 1008 459
tile 11030 1064 459
tile 11033 0 486
tile 11034 56 486
tile 11035 112 486
tile 11036 168 486
tile 11037 224 486
tile 11038 280 486
tile 11039 336 486
tile 11040 392 486
tile 11041 448 486
tile 11042 504 486
tile 11043 560 486
tile 11044 616 486
tile 11045 672 486
tile 11046 728 486
tile 11047 784 486
picture 10222 392 169 83 0
picture 10223 280 607 148 0
picture 10224 196 190 189 0
picture 10225 84 248 240 0
picture 10226 84 0 248 0
picture 10227 140 210 205 0
picture 10228 252 662 161 0
picture 10229 336 119 118 0
picture 10230 420 191 59 0
picture 10429 420 475 54 0
picture 10430 420 529 54 0
picture 10431 420 583 54 0
picture 10432 420 637 54 0
picture 10435 420 691 54 0
picture 10436 420 745 54 0
picture 10437 420 799 54 0
picture 10438 420 853 54 0
picture 10489 140 823 200 0
picture 10490 112 224 214 0
picture 10491 28 272 271 0
picture 10492 0 333 303 0
picture 10493 0 0 333 0
picture 10494 56 270 261 0
picture 10495 168 0 200 0
picture 10496 84 717 224 0
picture 10497 28 543 271 0
picture 10498 0 636 285 0
picture 10499 28 0 272 0
picture 10500 56 0 270 0
picture 10501 56 531 256 0
picture 10503 308 284 140 0
picture 10504 252 823 156 0
picture 10505 196 0 190 0
picture 10506 196 379 187 0
picture 10507 168 200 200 0
picture 10508 140 415 204 0
picture 10509 308 424 138 0
picture 10510 364 404 94 0
picture 10511 448 466 36 0
picture 10512 420 308 56 0
picture 10513 420 364 56 0
picture 10514 140 619 204 0
picture 10515 84 488 229 0
picture 10516 112 438 214 0
picture 10517 224 370 177 0
picture 10518 224 547 175 0
picture 10519 252 499 163 0
picture 10520 308 562 127 0
picture 10521 392 252 81 0
picture 10522 364 103 102 0
picture 10523 280 156 153 0
picture 10524 224 0 185 0
picture 10525 168 400 200 0
picture 10526 224 185 185 0
picture 10527 252 0 167 0
picture 10528 280 755 146 0
picture 10529 336 902 104 0
picture 10540 364 0 103 0
picture 10541 336 237 118 0
picture 10542 308 689 126 0
picture 10543 336 0 119 0
picture 10544 336 470 113 0
picture 10545 448 392 37 0
picture 10546 420 65 63 0
picture 10547 392 931 65 0
picture 10548 448 258 45 0
picture 10549 420 420 55 0
picture 10550 364 205 102 0
picture 10551 392 863 68 0
picture 10552 420 128 63 0
picture 10553 364 871 89 0
picture 10554 364 498 94 0
picture 10555 448 601 29 0
picture 10559 448 303 45 0
picture 10560 392 794 69 0
picture 10561 392 333 80 0
picture 10562 420 907 54 0
picture 10563 392 652 72 0
picture 10564 336 583 107 0
picture 10565 336 690 107 0
picture 10566 392 413 80 0
picture 10567 448 502 35 0
picture 10568 448 630 28 0
picture 10569 448 348 44 0
picture 10570 448 429 37 0
picture 10571 448 658 28 0
picture 10572 448 159 50 0
picture 10573 448 686 28 0
picture 10575 252 334 165 0
picture 10576 168 600 192 0
picture 10577 168 792 192 0
picture 10578 308 0 142 0
picture 10580 420 961 54 0
picture 10581 420 0 65 0
picture 10582 364 686 93 0
picture 10583 336 797 105 0
picture 10584 364 592 94 0
picture 10585 448 209 49 0
picture 10586 392 85 84 0
picture 10587 308 142 142 0
picture 10588 280 0 156 0
picture 10589 196 566 187 0
picture 10590 196 753 187 0
picture 10591 308 815 123 0
picture 10592 448 0 54 0
picture 10593 392 573 79 0
picture 10594 280 309 149 0
picture 10595 224 722 175 0
picture 10596 140 0 210 0
picture 10597 112 0 224 0
picture 10598 112 652 212 0
picture 10602 392 724 70 0
picture 10603 448 107 52 0
picture 10604 448 714 26 0
picture 10605 392 493 80 0
picture 10606 392 0 85 0
picture 10607 420 250 58 0
picture 10608 448 54 53 0
picture 10609 448 570 31 0
picture 10610 448 537 33 0
picture 10615 364 307 97 0
picture 10616 364 779 92 0
picture 10629 252 167 167 0
picture 10630 280 458 149 0
picture 10631 336 355 115 0
object 21 0 left 10429
object 21 0 right 10430
object 30 0 right 10520
object 12 1 left 10551
object 12 1 right 10552
object 30 1 right 10519
object 11 2 right 10550
object 14 2 right 10548
object 30 2 right 10518
object 0 3 left 10503
object 1 3 left 10504
object 2 3 left 10505
object 3 3 left 10506
object 4 3 left 10507
object 5 3 left 10508
object 6 3 left 10509
object 6 3 right 10510
object 11 3 right 10549
object 13 3 left 10545
object 14 3 left 10546
object 14 3 right 10547
object 30 3 right 10517
object 21 4 left 10551
object 21 4 right 10552
object 30 4 right 10516
object 20 5 right 10550
object 30 5 right 10515
object 38 5 right 10495
object 3 6 left 10551
object 3 6 right 10552
object 8 6 left 10551
object 8 6 right 10552
object 20 6 right 10549
object 30 6 right 10514
object 38 6 right 10494
object 2 7 right 10550
object 7 7 right 10550
object 19 7 left 10503
object 20 7 left 10504
object 21 7 left 10505
object 22 7 left 10506
object 23 7 left 10507
object 24 7 left 10508
object 25 7 left 10509
object 25 7 right 10510
object 30 7 right 10513
object 35 7 left 10489
object 36 7 left 10490
object 37 7 left 10491
object 38 7 left 10492
object 38 7 right 10493
object 2 8 right 10549
object 7 8 right 10549
object 30 8 left 10511
object 30 8 right 10512
object 14 9 right 10495
object 26 9 right 10520
object 37 9 left 10551
object 37 9 right 10552
object 0 10 left 10431
object 0 10 right 10432
object 14 10 right 10494
object 26 10 right 10519
object 36 10 right 10550
object 8 11 right 10495
object 11 11 left 10489
object 12 11 left 10490
object 13 11 left 10491
object 14 11 left 10492
object 14 11 right 10493
object 16 11 left 10551
object 16 11 right 10552
object 26 11 right 10518
object 36 11 right 10549
object 8 12 right 10494
object 15 12 right 10550
object 26 12 right 10517
object 5 13 left 10489
object 6 13 left 10490
object 7 13 left 10491
object 8 13 left 10492
object 8 13 right 10493
object 13 13 right 10548
object 15 13 right 10549
object 25 13 left 10551
object 25 13 right 10552
object 26 13 right 10516
object 40 13 left 10603
object 40 13 right 10604
object 12 14 left 10545
object 13 14 left 10546
object 13 14 right 10547
object 24 14 right 10550
object 26 14 right 10515
object 39 14 left 10631
object 39 14 right 10602
object 24 15 right 10549
object 26 15 right 10514
object 26 16 right 10513
object 39 16 right 10630
object 11 17 right 10495
object 16 17 right 10495
object 26 17 left 10511
object 26 17 right 10512
object 39 17 right 10629
object 11 18 right 10494
object 16 18 right 10494
object 34 18 left 10592
object 35 18 left 10593
object 8 19 left 10489
object 9 19 left 10490
object 10 19 left 10491
object 11 19 left 10492
object 11 19 right 10493
object 13 19 left 10489
object 14 19 left 10490
object 15 19 left 10491
object 16 19 left 10492
object 16 19 right 10493
object 35 19 left 10605
object 35 19 right 10606
object 36 19 left 10553
object 36 19 right 10554
object 37 19 left 10594
object 38 19 left 10595
object 39 19 left 10596
object 40 19 left 10597
object 40 19 right 10598
object 49 19 left 10435
object 49 19 right 10436
object 1 20 right 10567
object 16 20 left 10551
object 16 20 right 10552
object 1 21 right 10566
object 2 21 right 10573
object 8 21 right 10495
object 15 21 right 10550
object 36 21 right 10548
object 0 22 left 10563
object 1 22 left 10564
object 1 22 right 10565
object 2 22 left 10571
object 2 22 right 10572
object 8 22 right 10494
object 15 22 right 10549
object 35 22 left 10545
object 36 22 left 10546
object 36 22 right 10547
object 1 23 right 10562
object 2 23 right 10573
object 5 23 left 10489
object 6 23 left 10490
object 7 23 left 10491
object 8 23 left 10492
object 8 23 right 10493
object 0 24 left 10559
object 1 24 left 10560
object 1 24 right 10561
object 2 24 left 10571
object 2 24 right 10572
object 14 24 right 10495
object 19 24 right 10548
object 34 24 right 10495
object 14 25 right 10494
object 18 25 left 10545
object 19 25 left 10546
object 19 25 right 10547
object 34 25 right 10494
object 46 25 right 10585
object 6 26 left 10551
object 6 26 right 10552
object 11 26 left 10489
object 12 26 left 10490
object 13 26 left 10491
object 14 26 left 10492
object 14 26 right 10493
object 18 26 right 10230
object 20 26 right 10544
object 31 26 left 10489
object 32 26 left 10490
object 33 26 left 10491
object 34 26 left 10492
object 34 26 right 10493
object 46 26 right 10584
object 5 27 right 10550
object 10 27 right 10495
object 18 27 left 10540
object 18 27 right 10229
object 19 27 left 10541
object 20 27 left 10542
object 20 27 right 10543
object 39 27 left 10568
object 40 27 left 10569
object 40 27 right 10570
object 44 27 right 10566
object 46 27 left 10582
object 46 27 right 10583
object 5 28 right 10549
object 10 28 right 10494
object 18 28 right 10228
object 31 28 left 10551
object 31 28 right 10552
object 43 28 left 10563
object 44 28 left 10564
object 44 28 right 10565
object 45 28 left 10580
object 45 28 right 10581
object 46 28 left 10615
object 46 28 right 10616
object 7 29 left 10489
object 8 29 left 10490
object 9 29 left 10491
object 10 29 left 10492
object 10 29 right 10493
object 14 29 left 10222
object 18 29 left 10226
object 18 29 right 10227
object 19 29 left 10607
object 19 29 right 10608
object 30 29 right 10550
object 6 30 right 10495
object 16 30 left 10223
object 17 30 left 10224
object 17 30 right 10225
object 18 30 right 10529
object 19 30 right 10555
object 30 30 right 10549
object 38 30 right 10495
object 6 31 right 10494
object 18 31 right 10528
object 19 31 left 10553
object 19 31 right 10554
object 20 31 left 10609
object 20 31 right 10610
object 38 31 right 10494
object 41 31 left 10551
object 41 31 right 10552
object 3 32 left 10489
object 4 32 left 10490
object 5 32 left 10491
object 6 32 left 10492
object 6 32 right 10493
object 17 32 right 10529
object 18 32 right 10527
object 20 32 right 10548
object 35 32 left 10489
object 36 32 left 10490
object 37 32 left 10491
object 38 32 left 10492
object 38 32 right 10493
object 40 32 right 10550
object 12 33 right 10495
object 14 33 left 10521
object 15 33 left 10522
object 16 33 left 10523
object 17 33 left 10524
object 18 33 left 10525
object 18 33 right 10526
object 19 33 left 10545
object 20 33 left 10546
object 20 33 right 10547
object 40 33 right 10549
object 12 34 right 10494
object 9 35 left 10489
object 10 35 left 10490
object 11 35 left 10491
object 12 35 left 10492
object 12 35 right 10493
object 12 36 left 10551
object 12 36 right 10552
object 16 36 right 10548
object 11 37 right 10550
object 15 37 left 10545
object 16 37 left 10546
object 16 37 right 10547
object 6 38 right 10501
object 9 38 right 10548
object 11 38 right 10549
object 6 39 right 10500
object 8 39 left 10545
object 9 39 left 10546
object 9 39 right 10547
object 10 39 right 10520
object 4 40 left 10496
object 5 40 left 10497
object 6 40 left 10498
object 6 40 right 10499
object 10 40 right 10519
object 26 40 right 10495
object 28 40 left 10503
object 29 40 left 10504
object 30 40 left 10505
object 31 40 left 10506
object 32 40 left 10507
object 33 40 left 10508
object 34 40 left 10509
object 34 40 right 10510
object 3 41 right 10495
object 10 41 right 10518
object 26 41 right 10494
object 3 42 right 10494
object 10 42 right 10517
object 23 42 left 10489
object 24 42 left 10490
object 25 42 left 10491
object 26 42 left 10492
object 26 42 right 10493
object 0 43 left 10489
object 1 43 left 10490
object 2 43 left 10491
object 3 43 left 10492
object 3 43 right 10493
object 8 43 right 10548
object 10 43 right 10516
object 41 43 right 10548
object 7 44 left 10545
object 8 44 left 10546
object 8 44 right 10547
object 10 44 right 10515
object 26 44 left 10551
object 26 44 right 10552
object 30 44 left 10615
object 30 44 right 10616
object 40 44 left 10545
object 41 44 left 10546
object 41 44 right 10547
object 46 44 left 10607
object 46 44 right 10608
object 10 45 right 10514
object 19 45 right 10548
object 25 45 right 10550
object 45 45 right 10578
object 46 45 left 10609
object 46 45 right 10610
object 10 46 right 10513
object 14 46 right 10585
object 18 46 left 10545
object 19 46 left 10546
object 19 46 right 10547
object 25 46 right 10549
object 44 46 left 10575
object 45 46 left 10576
object 45 46 right 10577
object 10 47 left 10511
object 10 47 right 10512
object 14 47 right 10584
object 16 47 left 10503
object 17 47 left 10504
object 18 47 left 10505
object 19 47 left 10506
object 20 47 left 10507
object 21 47 left 10508
object 22 47 left 10509
object 22 47 right 10510
object 31 47 right 10567
object 39 47 right 10495
object 44 47 left 10551
object 44 47 right 10552
object 45 47 left 10605
object 45 47 right 10606
object 46 47 right 10548
object 2 48 left 10586
object 6 48 right 10591
object 8 48 right 10578
object 14 48 left 10582
object 14 48 right 10583
object 24 48 right 10548
object 31 48 right 10566
object 32 48 right 10573
object 34 48 right 10562
object 35 48 left 10568
object 36 48 left 10569
object 36 48 right 10570
object 39 48 right 10494
object 43 48 right 10550
object 45 48 left 10545
object 46 48 left 10546
object 46 48 right 10547
object 0 49 left 10615
object 0 49 right 10616
object 4 49 left 10587
object 5 49 left 10588
object 6 49 left 10589
object 6 49 right 10590
object 7 49 left 10575
object 8 49 left 10576
object 8 49 right 10577
object 9 49 left 10568
object 10 49 left 10569
object 10 49 right 10570
object 13 49 left 10580
object 13 49 right 10581
object 23 49 left 10545
object 24 49 left 10546
object 24 49 right 10547
object 25 49 left 10437
object 25 49 right 10438
object 30 49 left 10563
object 31 49 left 10564
object 31 49 right 10565
object 32 49 left 10571
object 32 49 right 10572
object 33 49 left 10559
object 34 49 left 10560
object 34 49 right 10561
object 36 49 left 10489
object 37 49 left 10490
object 38 49 left 10491
object 39 49 left 10492
object 39 49 right 10493
object 43 49 right 10549
