# lod20666 — tools/dat-extract layout 이 만든다. 손으로 고치지 말 것.
size 20 20
blocked
####################
#####.##.##....###..
###.......##.....#..
#...................
#...................
#...................
##..................
##..................
###.................
##..................
##..................
##.......#..........
##..................
##..................
#...................
#...................
#..##...............
#..##....#..........
##..................
##..................
floor
4970 4979 4979 4979 4970 4974 4978 4982 4986 4990 4994 4966 4970 4974 4978 5030 5034 4990 4994 5042
4965 4970 4979 4979 4979 4970 4977 4981 4965 4969 4973 4977 4981 4985 4989 5029 5033 5037 5041 5041
4964 4965 4981 5013 5017 5021 4988 5025 5021 4968 4972 4976 4980 4984 4988 5028 5032 5036 5040 5084
4963 4964 4980 5012 5016 5020 4987 4991 4963 4967 4971 5047 4975 4979 4983 4987 5031 5035 5039 5083
4982 4963 4967 4971 5080 5082 5024 5035 4979 4983 4987 4991 4994 4998 5002 5006 4998 5002 5006 4979
4981 4982 4986 4990 5079 5081 5055 4965 4990 4994 4977 4981 4993 4997 5001 5005 4997 5001 5005 4991
4980 4984 4996 5035 4988 4992 4992 4964 4989 4993 4976 4980 4992 4996 5000 5004 4996 5000 5004 5008
4979 4983 4995 4999 4990 4994 4991 4963 4967 4971 4975 4979 5011 5015 5019 5023 4995 4999 5003 5007
4998 5002 5006 5010 4989 4993 5006 5010 5046 5050 5054 5058 5030 5034 5038 5042 4982 4986 5001 5005
4997 5001 5005 5001 5005 5001 5005 5009 5045 5049 5053 5057 5029 5033 5037 5041 4981 4985 5000 5004
4996 5000 5004 5000 5004 5000 5004 5008 5044 5048 5052 5056 5028 5032 5036 5040 4980 4984 5007 4979
4995 4999 5003 4999 5003 4999 5003 5007 5043 5047 5051 5055 5027 5031 5035 5039 4979 4983 4987 4991
5014 5018 5022 5026 4982 4986 5002 5006 5006 4986 4990 4994 4966 4970 4974 4978 4982 4986 4990 4994
5013 5017 5021 5025 4981 4985 5001 5005 5005 4985 4989 4993 4965 4969 4973 4977 4981 4985 4989 4993
5012 5016 5020 5024 4980 4984 5000 5004 5004 4984 4988 4992 4964 4968 4972 4976 4980 4984 4988 4992
5011 5015 5019 5023 4979 4983 4987 4991 5013 5017 5021 5025 4963 4990 4994 4975 4979 4983 4987 4991
5030 5002 5006 4977 4981 4985 5006 5002 5012 5016 5020 5024 5006 4989 4993 4994 4998 5002 5006 5010
5029 5001 5005 4976 4980 4984 5005 5001 5011 5015 5019 5023 5005 4985 4989 4993 4997 5001 5005 5009
5028 4967 4971 4975 4971 4975 5004 5000 5004 5000 5004 5000 5004 4984 4988 4992 4996 5000 5004 5008
5027 4986 4990 4994 4990 4994 5003 4999 5003 4999 5003 5007 4979 4983 4987 4991 4995 4999 5003 5007
tile 4963 0 0
tile 4964 56 0
tile 4965 112 0
tile 4966 168 0
tile 4967 224 0
tile 4968 280 0
tile 4969 336 0
tile 4970 392 0
tile 4971 448 0
tile 4972 504 0
tile 4973 560 0
tile 4974 0 27
tile 4975 56 27
tile 4976 112 27
tile 4977 168 27
tile 4978 224 27
tile 4979 280 27
tile 4980 336 27
tile 4981 392 27
tile 4982 448 27
tile 4983 504 27
tile 4984 560 27
tile 4985 0 54
tile 4986 56 54
tile 4987 112 54
tile 4988 168 54
tile 4989 224 54
tile 4990 280 54
tile 4991 336 54
tile 4992 392 54
tile 4993 448 54
tile 4994 504 54
tile 4995 560 54
tile 4996 0 81
tile 4997 56 81
tile 4998 112 81
tile 4999 168 81
tile 5000 224 81
tile 5001 280 81
tile 5002 336 81
tile 5003 392 81
tile 5004 448 81
tile 5005 504 81
tile 5006 560 81
tile 5007 0 108
tile 5008 56 108
tile 5009 112 108
tile 5010 168 108
tile 5011 224 108
tile 5012 280 108
tile 5013 336 108
tile 5014 392 108
tile 5015 448 108
tile 5016 504 108
tile 5017 560 108
tile 5018 0 135
tile 5019 56 135
tile 5020 112 135
tile 5021 168 135
tile 5022 224 135
tile 5023 280 135
tile 5024 336 135
tile 5025 392 135
tile 5026 448 135
tile 5027 504 135
tile 5028 560 135
tile 5029 0 162
tile 5030 56 162
tile 5031 112 162
tile 5032 168 162
tile 5033 224 162
tile 5034 280 162
tile 5035 336 162
tile 5036 392 162
tile 5037 448 162
tile 5038 504 162
tile 5039 560 162
tile 5040 0 189
tile 5041 56 189
tile 5042 112 189
tile 5043 168 189
tile 5044 224 189
tile 5045 280 189
tile 5046 336 189
tile 5047 392 189
tile 5048 448 189
tile 5049 504 189
tile 5050 560 189
tile 5051 0 216
tile 5052 56 216
tile 5053 112 216
tile 5054 168 216
tile 5055 224 216
tile 5056 280 216
tile 5057 336 216
tile 5058 392 216
tile 5079 448 216
tile 5080 504 216
tile 5081 560 216
tile 5082 0 243
tile 5083 56 243
tile 5084 112 243
picture 6105 252 332 47 0
picture 6106 252 282 50 0
picture 6107 252 379 46 0
picture 6108 252 471 44 0
picture 6109 252 558 41 0
picture 6110 252 425 46 0
picture 6112 252 678 31 0
picture 6113 252 740 30 0
picture 6115 252 709 31 0
picture 6116 252 515 43 0
picture 6117 252 126 52 0
picture 6118 252 178 52 0
picture 6145 252 770 30 0
picture 6146 252 800 30 0
picture 6180 252 639 39 0
picture 6181 252 230 52 0
picture 6182 252 599 40 0
picture 6187 196 119 111 0
picture 6188 0 0 168 0
picture 6189 224 0 100 0
picture 6190 224 100 100 0
picture 6194 224 455 84 0
picture 6195 196 658 106 0
picture 6196 196 230 107 0
picture 6200 196 337 107 0
picture 6201 196 764 106 0
picture 6202 224 539 78 0
picture 6206 196 444 107 0
picture 6207 196 870 106 0
picture 6208 224 617 78 0
picture 6217 112 272 123 0
picture 6218 0 168 137 0
picture 6219 0 305 137 0
picture 6220 0 442 137 0
picture 6221 140 615 122 0
picture 6232 140 737 122 0
picture 6233 0 579 137 0
picture 6234 0 716 137 0
picture 6235 0 853 137 0
picture 6236 112 395 123 0
picture 6242 112 518 123 0
picture 6243 28 0 137 0
picture 6244 28 137 137 0
picture 6245 28 274 137 0
picture 6246 140 859 122 0
picture 6247 168 0 122 0
picture 6248 28 411 137 0
picture 6249 28 548 137 0
picture 6250 28 685 137 0
picture 6251 112 641 123 0
picture 6257 112 764 123 0
picture 6258 28 822 137 0
picture 6259 56 0 137 0
picture 6260 56 137 137 0
picture 6261 168 122 122 0
picture 6262 112 887 123 0
picture 6263 56 274 137 0
picture 6264 56 411 137 0
picture 6272 168 244 122 0
picture 6273 56 548 137 0
picture 6274 56 685 137 0
picture 6275 56 822 137 0
picture 6276 140 0 123 0
picture 6282 140 123 123 0
picture 6283 84 0 137 0
picture 6284 84 137 137 0
picture 6285 84 274 137 0
picture 6286 168 366 122 0
picture 6292 168 488 122 0
picture 6293 84 411 137 0
picture 6294 84 548 137 0
picture 6295 84 685 137 0
picture 6296 140 246 123 0
picture 6338 112 137 135 0
picture 6339 168 610 121 0
picture 6340 168 731 119 0
picture 6341 168 850 119 0
picture 6342 196 0 119 0
picture 6343 196 551 107 0
picture 6344 252 70 56 0
picture 6421 140 369 123 0
picture 6422 84 822 137 0
picture 6423 112 0 137 0
picture 6424 140 492 123 0
picture 6425 224 837 70 0
picture 6426 224 200 85 0
picture 6427 224 695 71 0
picture 6428 224 907 70 0
picture 6429 224 285 85 0
picture 6437 224 766 71 0
picture 6438 224 370 85 0
picture 6439 252 0 70 0
object 0 0 left 6292
object 1 0 left 6423
object 1 0 right 6424
object 2 0 left 6274
object 3 0 left 6275
object 3 0 right 6276
object 4 0 left 6272
object 5 0 left 6273
object 6 0 left 6274
object 7 0 left 6275
object 7 0 right 6276
object 8 0 left 6247
object 9 0 left 6248
object 10 0 left 6249
object 11 0 left 6250
object 11 0 right 6251
object 12 0 left 6232
object 13 0 left 6233
object 14 0 left 6234
object 15 0 left 6235
object 15 0 right 6236
object 16 0 left 6292
object 17 0 left 6293
object 18 0 left 6294
object 19 0 left 6295
object 19 0 right 6296
object 0 1 left 6421
object 0 1 right 6422
object 2 1 right 6202
object 3 1 left 6437
object 4 1 left 6438
object 4 1 right 6439
object 5 1 right 6189
object 6 1 left 6180
object 7 1 left 6181
object 7 1 right 6182
object 9 1 left 6105
object 9 1 right 6106
object 10 1 left 6117
object 10 1 right 6118
object 13 1 right 6189
object 15 1 left 6107
object 15 1 right 6108
object 17 1 right 6208
object 18 1 right 6189
object 0 2 right 6264
object 1 2 left 6112
object 2 2 left 6200
object 2 2 right 6201
object 10 2 left 6109
object 10 2 right 6110
object 11 2 left 6115
object 11 2 right 6116
object 17 2 left 6206
object 17 2 right 6207
object 0 3 left 6262
object 0 3 right 6263
object 1 3 left 6190
object 0 4 right 6286
object 0 5 right 6285
object 0 6 right 6284
object 1 6 left 6107
object 1 6 right 6108
object 0 7 left 6282
object 0 7 right 6283
object 0 8 right 6261
object 1 8 left 6194
object 2 8 left 6195
object 2 8 right 6196
object 0 9 right 6260
object 1 9 left 6187
object 1 9 right 6188
object 0 10 right 6259
object 1 10 left 6145
object 1 10 right 6146
object 0 11 left 6257
object 0 11 right 6258
object 1 11 left 6190
object 1 11 right 6427
object 9 11 left 6115
object 9 11 right 6116
object 0 12 right 6246
object 1 12 left 6425
object 1 12 right 6426
object 0 13 right 6245
object 1 13 left 6428
object 1 13 right 6429
object 0 14 right 6244
object 1 14 left 6190
object 0 15 left 6242
object 0 15 right 6243
object 0 16 right 6221
object 4 16 right 6344
object 0 17 right 6220
object 3 17 left 6341
object 4 17 left 6342
object 4 17 right 6343
object 9 17 left 6113
object 0 18 right 6219
object 1 18 left 6105
object 1 18 right 6106
object 2 18 right 6340
object 0 19 left 6217
object 0 19 right 6218
object 1 19 left 6105
object 1 19 right 6106
object 2 19 left 6338
object 2 19 right 6339
