# lod20678 — tools/dat-extract layout 이 만든다. 손으로 고치지 말 것.
size 50 20
blocked
###########.#############################.########
######........................................#..#
######...........................................#
######...........................................#
######...........................................#
###.......########################################
##...#................................###...#....#
##....................................##....#....#
##.....................................#.........#
#.....#................................#.........#
#.....#........#.................................#
#.....#........##................................#
###############################....###############
####........................#..............#######
#.#.........................................######
#...........................................#....#
#................................................#
#................................................#
#................................................#
##################################################
floor
5259 5225 5228 5231 5263 5296 5260 5275 5269 5231 5231 5234 5259 5281 5257 5260 5263 5266 5269 5251 5305 5251 5228 5231 5263 5263 5260 5275 5296 5299 5302 5305 5251 5254 5257 5260 5263 5266 5269 5231 5231 5234 5259 5263 5254 5263 5263 5254 5275 5251
5258 5264 5237 5240 5243 5255 5285 5288 5252 5276 5279 5295 5252 5264 5237 5240 5243 5255 5285 5288 5252 5286 5270 5258 5261 5295 5295 5274 5273 5276 5279 5295 5295 5287 5290 5259 5282 5285 5237 5306 5258 5286 5289 5238 5253 5256 5287 5274 5273 5254
5257 5274 5300 5225 5252 5263 5249 5239 5242 5282 5285 5237 5240 5274 5300 5225 5252 5263 5249 5239 5242 5288 5259 5261 5264 5294 5294 5273 5279 5282 5285 5237 5268 5271 5293 5258 5281 5284 5236 5305 5257 5288 5288 5259 5229 5255 5294 5273 5279 5294
5286 5273 5299 5224 5298 5301 5304 5307 5253 5281 5284 5236 5239 5273 5299 5224 5298 5301 5304 5307 5253 5287 5287 5293 5234 5253 5272 5275 5278 5281 5284 5236 5267 5270 5252 5255 5258 5275 5278 5281 5286 5287 5287 5293 5287 5253 5272 5275 5278 5238
5285 5287 5290 5259 5282 5285 5237 5306 5252 5256 5259 5229 5229 5287 5290 5259 5282 5285 5237 5306 5252 5298 5301 5226 5229 5232 5235 5238 5253 5256 5259 5229 5284 5269 5251 5254 5257 5271 5253 5256 5285 5298 5301 5226 5229 5232 5235 5238 5253 5259
5287 5271 5293 5258 5281 5284 5236 5305 5251 5270 5258 5261 5264 5271 5293 5258 5281 5284 5236 5305 5251 5264 5237 5240 5243 5255 5285 5288 5252 5270 5258 5261 5285 5288 5291 5294 5301 5270 5252 5255 5287 5261 5300 5225 5228 5231 5234 5259 5229 5236
5257 5270 5252 5255 5258 5275 5278 5281 5284 5259 5261 5264 5237 5270 5252 5255 5258 5275 5278 5281 5284 5274 5300 5225 5252 5263 5249 5239 5242 5259 5261 5264 5284 5287 5290 5304 5307 5269 5251 5254 5257 5264 5237 5240 5243 5255 5285 5288 5252 5250
5286 5269 5251 5254 5257 5271 5253 5256 5253 5266 5295 5274 5300 5269 5251 5254 5257 5271 5253 5256 5253 5273 5299 5224 5298 5301 5304 5307 5253 5266 5295 5274 5253 5253 5256 5259 5262 5265 5268 5271 5286 5274 5300 5225 5252 5263 5249 5239 5242 5271
5269 5288 5291 5294 5301 5270 5252 5255 5258 5287 5293 5273 5299 5288 5295 5287 5290 5259 5282 5285 5237 5306 5290 5259 5282 5285 5237 5306 5252 5287 5293 5273 5299 5224 5298 5301 5304 5307 5253 5270 5238 5273 5299 5224 5298 5301 5304 5307 5253 5270
5257 5260 5263 5236 5239 5242 5245 5248 5258 5257 5295 5287 5290 5259 5268 5271 5293 5258 5281 5284 5236 5305 5293 5258 5281 5284 5236 5305 5251 5257 5295 5287 5290 5273 5276 5279 5303 5306 5252 5269 5259 5287 5290 5259 5282 5285 5237 5306 5252 5269
5286 5298 5301 5304 5307 5253 5256 5259 5257 5286 5268 5271 5293 5258 5267 5270 5252 5255 5258 5275 5278 5281 5252 5255 5258 5275 5278 5281 5284 5286 5268 5271 5293 5272 5275 5278 5302 5305 5251 5253 5284 5271 5293 5258 5281 5284 5236 5305 5251 5257
5259 5240 5300 5303 5306 5252 5255 5258 5253 5286 5267 5264 5237 5240 5284 5269 5251 5254 5257 5271 5253 5256 5251 5254 5257 5271 5253 5256 5253 5286 5267 5270 5252 5268 5271 5253 5278 5281 5284 5252 5231 5270 5252 5255 5258 5275 5278 5281 5284 5286
5258 5295 5287 5290 5259 5282 5285 5237 5306 5270 5284 5274 5300 5225 5285 5288 5291 5294 5301 5270 5252 5255 5291 5294 5301 5270 5252 5255 5258 5270 5294 5257 5288 5295 5287 5290 5259 5282 5285 5237 5306 5269 5251 5254 5257 5271 5253 5256 5253 5256
5257 5268 5271 5293 5258 5281 5284 5236 5305 5295 5256 5273 5299 5224 5284 5287 5290 5304 5307 5269 5251 5254 5229 5232 5255 5238 5273 5276 5279 5282 5238 5286 5287 5268 5271 5293 5258 5281 5284 5236 5305 5288 5291 5294 5301 5270 5252 5255 5258 5257
5286 5267 5270 5252 5255 5258 5275 5278 5281 5281 5284 5287 5290 5259 5253 5253 5256 5259 5262 5265 5268 5271 5228 5231 5234 5237 5287 5275 5278 5281 5259 5285 5298 5267 5270 5252 5255 5258 5275 5278 5281 5225 5228 5231 5234 5237 5272 5275 5278 5286
5285 5284 5269 5251 5254 5257 5271 5253 5256 5256 5253 5271 5293 5258 5281 5284 5236 5305 5251 5256 5285 5257 5256 5259 5262 5265 5268 5271 5253 5256 5253 5253 5256 5284 5269 5251 5254 5257 5271 5253 5256 5257 5256 5259 5262 5265 5268 5271 5253 5256
5284 5285 5288 5291 5294 5301 5270 5252 5255 5255 5258 5270 5252 5255 5258 5275 5278 5281 5284 5255 5284 5252 5255 5258 5261 5264 5267 5270 5252 5255 5258 5252 5255 5285 5288 5291 5294 5301 5270 5252 5255 5252 5255 5258 5261 5264 5256 5259 5229 5255
5268 5284 5287 5290 5304 5307 5269 5251 5254 5254 5257 5269 5251 5254 5257 5271 5253 5256 5253 5288 5288 5251 5254 5257 5260 5263 5266 5269 5251 5254 5257 5251 5254 5284 5287 5290 5304 5307 5269 5251 5254 5251 5254 5257 5260 5263 5270 5258 5261 5254
5267 5253 5253 5256 5259 5262 5265 5268 5271 5294 5301 5288 5291 5294 5301 5270 5252 5255 5258 5287 5287 5257 5273 5276 5279 5282 5285 5288 5291 5294 5301 5238 5273 5286 5253 5256 5259 5262 5265 5268 5271 5238 5273 5276 5279 5282 5259 5261 5264 5294
5266 5237 5272 5275 5269 5231 5275 5296 5299 5302 5284 5287 5290 5275 5278 5281 5284 5287 5290 5304 5266 5237 5272 5275 5278 5281 5284 5287 5281 5281 5284 5287 5290 5275 5278 5281 5284 5287 5290 5304 5266 5237 5272 5275 5278 5281 5284 5287 5281 5304
tile 5224 0 0
tile 5225 56 0
tile 5226 112 0
tile 5228 168 0
tile 5229 224 0
tile 5231 280 0
tile 5232 336 0
tile 5234 392 0
tile 5235 448 0
tile 5236 0 27
tile 5237 56 27
tile 5238 112 27
tile 5239 168 27
tile 5240 224 27
tile 5242 280 27
tile 5243 336 27
tile 5245 392 27
tile 5248 448 27
tile 5249 0 54
tile 5250 56 54
tile 5251 112 54
tile 5252 168 54
tile 5253 224 54
tile 5254 280 54
tile 5255 336 54
tile 5256 392 54
tile 5257 448 54
tile 5258 0 81
tile 5259 56 81
tile 5260 112 81
tile 5261 168 81
tile 5262 224 81
tile 5263 280 81
tile 5264 336 81
tile 5265 392 81
tile 5266 448 81
tile 5267 0 108
tile 5268 56 108
tile 5269 112 108
tile 5270 168 108
tile 5271 224 108
tile 5272 280 108
tile 5273 336 108
tile 5274 392 108
tile 5275 448 108
tile 5276 0 135
tile 5278 56 135
tile 5279 112 135
tile 5281 168 135
tile 5282 224 135
tile 5284 280 135
tile 5285 336 135
tile 5286 392 135
tile 5287 448 135
tile 5288 0 162
tile 5289 56 162
tile 5290 112 162
tile 5291 168 162
tile 5293 224 162
tile 5294 280 162
tile 5295 336 162
tile 5296 392 162
tile 5298 448 162
tile 5299 0 189
tile 5300 56 189
tile 5301 112 189
tile 5302 168 189
tile 5303 224 189
tile 5304 280 189
tile 5305 336 189
tile 5306 392 189
tile 5307 448 189
picture 6105 252 908 47 0
picture 6106 252 762 50 0
picture 6113 280 99 30 0
picture 6115 280 68 31 0
picture 6116 252 955 43 0
picture 6125 280 35 33 0
picture 6126 280 129 29 0
picture 6534 196 109 104 0
picture 6535 28 863 118 0
picture 6536 56 0 118 0
picture 6537 56 118 118 0
picture 6538 196 213 104 0
picture 6539 196 317 104 0
picture 6540 56 236 118 0
picture 6541 56 354 118 0
picture 6542 56 472 118 0
picture 6543 196 421 104 0
picture 6544 196 525 104 0
picture 6548 196 629 104 0
picture 6549 196 733 104 0
picture 6550 56 590 118 0
picture 6551 56 708 118 0
picture 6555 56 826 118 0
picture 6556 84 0 118 0
picture 6557 84 118 118 0
picture 6558 196 837 104 0
picture 6564 224 0 104 0
picture 6565 84 236 118 0
picture 6566 84 354 118 0
picture 6567 84 472 118 0
picture 6568 224 104 104 0
picture 6569 224 208 104 0
picture 6570 84 590 118 0
picture 6571 84 708 118 0
picture 6574 224 312 104 0
picture 6575 84 826 118 0
picture 6576 112 0 118 0
picture 6577 112 118 118 0
picture 6578 224 416 104 0
picture 6579 224 520 104 0
picture 6580 112 236 118 0
picture 6581 112 354 118 0
picture 6582 112 472 118 0
picture 6583 224 624 104 0
picture 6584 224 728 104 0
picture 6585 112 590 118 0
picture 6586 112 708 118 0
picture 6587 112 826 118 0
picture 6588 224 832 104 0
picture 6591 140 0 118 0
picture 6592 140 118 118 0
picture 6594 252 0 104 0
picture 6604 28 377 123 0
picture 6605 0 784 127 0
picture 6606 0 528 128 0
picture 6607 168 590 111 0
picture 6608 168 701 111 0
picture 6609 0 656 128 0
picture 6610 28 0 127 0
picture 6611 28 500 123 0
picture 6614 252 694 68 0
picture 6615 252 624 70 0
picture 6616 280 0 35 0
picture 6628 252 104 104 0
picture 6629 252 208 104 0
picture 6630 252 312 104 0
picture 6631 252 416 104 0
picture 6637 140 236 118 0
picture 6638 140 354 118 0
picture 6639 140 472 118 0
picture 6640 252 520 104 0
picture 6646 168 812 109 0
picture 6647 140 590 118 0
picture 6648 28 127 125 0
picture 6649 140 708 118 0
picture 6650 140 826 118 0
picture 6651 28 623 120 0
picture 6652 0 0 134 0
picture 6653 168 0 118 0
picture 6654 0 268 130 0
picture 6655 252 812 48 0
picture 6656 252 860 48 0
picture 6657 0 398 130 0
picture 6658 168 118 118 0
picture 6659 0 134 134 0
picture 6660 28 743 120 0
picture 6661 168 236 118 0
picture 6662 168 354 118 0
picture 6663 28 252 125 0
picture 6664 168 472 118 0
picture 6665 196 0 109 0
object 0 0 left 6629
object 0 0 right 6630
object 1 0 left 6569
object 2 0 left 6570
object 3 0 left 6571
object 4 0 left 6535
object 5 0 left 6557
object 5 0 right 6558
object 6 0 left 6534
object 6 0 right 6640
object 7 0 left 6541
object 8 0 left 6537
object 8 0 right 6538
object 9 0 left 6571
object 9 0 right 6543
object 10 0 left 6637
object 10 0 right 6548
object 11 0 left 6638
object 12 0 left 6639
object 12 0 right 6640
object 13 0 left 6557
object 13 0 right 6558
object 14 0 left 6551
object 14 0 right 6558
object 15 0 left 6534
object 16 0 left 6535
object 17 0 left 6536
object 18 0 left 6537
object 18 0 right 6538
object 19 0 left 6542
object 19 0 right 6628
object 20 0 left 6542
object 20 0 right 6543
object 21 0 left 6549
object 21 0 right 6548
object 22 0 left 6570
object 23 0 left 6571
object 24 0 left 6535
object 25 0 left 6535
object 25 0 right 6558
object 26 0 left 6534
object 26 0 right 6640
object 27 0 left 6541
object 28 0 left 6557
object 28 0 right 6558
object 29 0 left 6540
object 30 0 left 6541
object 30 0 right 6543
object 31 0 left 6542
object 31 0 right 6543
object 32 0 left 6549
object 32 0 right 6548
object 33 0 left 6550
object 34 0 left 6551
object 34 0 right 6558
object 35 0 left 6534
object 36 0 left 6535
object 37 0 left 6536
object 38 0 left 6537
object 38 0 right 6538
object 39 0 left 6571
object 39 0 right 6543
object 40 0 left 6637
object 40 0 right 6548
object 41 0 left 6638
object 42 0 left 6639
object 42 0 right 6640
object 43 0 left 6535
object 43 0 right 6640
object 44 0 left 6550
object 44 0 right 6558
object 45 0 left 6535
object 45 0 right 6640
object 46 0 left 6535
object 46 0 right 6558
object 47 0 left 6550
object 47 0 right 6640
object 48 0 left 6541
object 48 0 right 6558
object 49 0 left 6542
object 49 0 right 6628
object 0 1 right 6568
object 5 1 right 6611
object 46 1 left 6115
object 46 1 right 6116
object 49 1 right 6576
object 0 2 right 6567
object 5 2 right 6610
object 49 2 left 6574
object 49 2 right 6575
object 0 3 right 6566
object 1 3 left 6534
object 2 3 left 6535
object 3 3 left 6536
object 4 3 left 6537
object 4 3 right 6628
object 5 3 left 6608
object 5 3 right 6609
object 49 3 right 6583
object 0 4 left 6564
object 0 4 right 6565
object 2 4 left 6661
object 3 4 left 6662
object 4 4 left 6663
object 5 4 left 6664
object 5 4 right 6665
object 49 4 right 6582
object 0 5 right 6583
object 1 5 right 6660
object 2 5 left 6113
object 10 5 left 6534
object 11 5 left 6535
object 12 5 left 6536
object 13 5 left 6537
object 13 5 right 6628
object 14 5 left 6594
object 14 5 right 6583
object 15 5 left 6604
object 16 5 left 6605
object 17 5 left 6606
object 17 5 right 6607
object 18 5 left 6534
object 19 5 left 6535
object 20 5 left 6536
object 21 5 left 6537
object 21 5 right 6628
object 22 5 left 6125
object 22 5 right 6126
object 23 5 left 6604
object 24 5 left 6605
object 25 5 left 6606
object 25 5 right 6607
object 26 5 left 6534
object 27 5 left 6535
object 28 5 left 6536
object 29 5 left 6537
object 29 5 right 6628
object 30 5 left 6594
object 30 5 right 6583
object 31 5 left 6604
object 32 5 left 6605
object 33 5 left 6606
object 33 5 right 6607
object 34 5 left 6534
object 35 5 left 6535
object 36 5 left 6536
object 37 5 left 6537
object 37 5 right 6628
object 38 5 right 6583
object 40 5 left 6651
object 41 5 left 6652
object 42 5 left 6653
object 43 5 left 6654
object 43 5 right 6655
object 44 5 right 6583
object 45 5 left 6534
object 46 5 left 6535
object 47 5 left 6536
object 48 5 left 6537
object 48 5 right 6628
object 49 5 right 6581
object 0 6 right 6586
object 1 6 right 6659
object 5 6 left 6115
object 5 6 right 6116
object 38 6 right 6586
object 39 6 right 6650
object 40 6 left 6113
object 44 6 right 6586
object 49 6 left 6579
object 49 6 right 6580
object 0 7 left 6584
object 0 7 right 6585
object 1 7 right 6658
object 38 7 left 6584
object 38 7 right 6585
object 39 7 right 6649
object 44 7 left 6584
object 44 7 right 6585
object 49 7 right 6588
object 0 8 left 6584
object 0 8 right 6586
object 1 8 left 6656
object 1 8 right 6657
object 39 8 right 6648
object 49 8 right 6587
object 0 9 right 6586
object 6 9 right 6583
object 39 9 left 6646
object 39 9 right 6647
object 49 9 right 6586
object 0 10 left 6584
object 0 10 right 6585
object 6 10 right 6586
object 15 10 right 6611
object 49 10 right 6586
object 0 11 right 6592
object 6 11 left 6584
object 6 11 right 6585
object 15 11 right 6610
object 16 11 left 6115
object 16 11 right 6116
object 49 11 left 6584
object 49 11 right 6585
object 0 12 left 6574
object 0 12 right 6591
object 1 12 left 6594
object 1 12 right 6583
object 2 12 left 6594
object 2 12 right 6583
object 3 12 left 6534
object 4 12 left 6535
object 5 12 left 6536
object 6 12 left 6537
object 6 12 right 6628
object 7 12 left 6594
object 7 12 right 6583
object 8 12 left 6604
object 9 12 left 6605
object 10 12 left 6606
object 10 12 right 6607
object 11 12 left 6534
object 12 12 left 6535
object 13 12 left 6536
object 14 12 left 6537
object 14 12 right 6628
object 15 12 left 6608
object 15 12 right 6609
object 16 12 left 6604
object 17 12 left 6605
object 18 12 left 6606
object 18 12 right 6607
object 19 12 left 6534
object 20 12 left 6535
object 21 12 left 6536
object 22 12 left 6537
object 22 12 right 6628
object 23 12 left 6594
object 23 12 right 6583
object 24 12 left 6604
object 25 12 left 6605
object 26 12 left 6606
object 26 12 right 6607
object 27 12 left 6534
object 28 12 left 6535
object 29 12 left 6536
object 30 12 left 6537
object 30 12 right 6628
object 35 12 left 6534
object 36 12 left 6535
object 37 12 left 6536
object 38 12 left 6537
object 38 12 right 6628
object 39 12 left 6534
object 40 12 left 6535
object 41 12 left 6536
object 42 12 left 6537
object 42 12 right 6628
object 43 12 left 6534
object 44 12 left 6535
object 45 12 left 6536
object 46 12 left 6537
object 46 12 right 6628
object 47 12 left 6536
object 48 12 left 6537
object 48 12 right 6628
object 49 12 left 6631
object 49 12 right 6578
object 0 13 right 6586
object 2 13 right 6616
object 3 13 left 6125
object 3 13 right 6126
object 28 13 left 6115
object 28 13 right 6116
object 43 13 left 6113
object 45 13 left 6534
object 46 13 left 6535
object 47 13 left 6536
object 48 13 left 6537
object 48 13 right 6628
object 49 13 right 6586
object 0 14 left 6584
object 0 14 right 6585
object 2 14 left 6614
object 2 14 right 6615
object 45 14 left 6534
object 46 14 left 6535
object 47 14 left 6536
object 48 14 left 6537
object 48 14 right 6628
object 49 14 left 6584
object 49 14 right 6585
object 0 15 right 6578
object 44 15 left 6105
object 44 15 right 6106
object 49 15 right 6578
object 0 16 right 6577
object 49 16 right 6577
object 0 17 right 6576
object 49 17 right 6576
object 0 18 left 6574
object 0 18 right 6575
object 49 18 left 6574
object 49 18 right 6575
object 0 19 left 6539
object 1 19 left 6540
object 2 19 left 6541
object 3 19 left 6542
object 3 19 right 6543
object 4 19 left 6537
object 4 19 right 6538
object 5 19 left 6571
object 5 19 right 6543
object 6 19 left 6541
object 7 19 left 6557
object 7 19 right 6558
object 8 19 left 6540
object 9 19 left 6541
object 9 19 right 6543
object 10 19 left 6534
object 11 19 left 6535
object 12 19 left 6536
object 13 19 left 6555
object 14 19 left 6556
object 15 19 left 6557
object 15 19 right 6558
object 16 19 left 6534
object 17 19 left 6535
object 18 19 left 6536
object 19 19 left 6537
object 19 19 right 6628
object 20 19 left 6539
object 21 19 left 6540
object 22 19 left 6541
object 23 19 left 6542
object 23 19 right 6543
object 24 19 left 6544
object 25 19 left 6570
object 25 19 right 6558
object 26 19 left 6534
object 27 19 left 6535
object 28 19 left 6557
object 28 19 right 6558
object 29 19 left 6557
object 29 19 right 6558
object 30 19 left 6534
object 31 19 left 6535
object 32 19 left 6536
object 33 19 left 6555
object 33 19 right 6575
object 34 19 left 6556
object 35 19 left 6557
object 35 19 right 6558
object 36 19 left 6534
object 37 19 left 6535
object 38 19 left 6536
object 39 19 left 6537
object 39 19 right 6628
object 40 19 left 6539
object 41 19 left 6540
object 42 19 left 6541
object 43 19 left 6542
object 43 19 right 6543
object 44 19 left 6544
object 45 19 left 6570
object 45 19 right 6558
object 46 19 left 6534
object 47 19 left 6535
object 48 19 left 6557
object 48 19 right 6558
object 49 19 left 6537
object 49 19 right 6628
