# lod20268 — tools/dat-extract layout 이 만든다. 손으로 고치지 말 것.
size 48 31
blocked
.............................###................
.............................###................
.............................###................
........................########................
......................##########................
......................#########.................
......................###.......................
..#...................###.......................
......................###.......................
................................................
.........#..#....#....###.......................
..............#.......###.............#.......#.
..........#...........###.......................
......................###.......#.........#.....
................#.....###.......................
........#.............###.......................
........#.#...........###.......................
......................###..#....................
......................###.......................
......................###.......................
................#########.......................
...............##########.......................
...........#...########..............#..#....#..
...............####.......................#.....
...............###....................#.........
...............###..............................
..........#....###..........................#...
##.............###..................#...........
####...........###..................#.#.........
#######........###...#..........................
#######........###..............................
floor
8946 8952 8958 8964 8970 8976 8982 8563 8580 8596 8612 8627 9644 9645 9621 9626 9636 9601 9607 9612 9608 9613 9628 9641 9641 9646 9618 9623 9359 9369 9379 9389 9399 9409 9640 9629 9634 9639 9644 9630 9635 9640 9645 9599 9638 9643 9648 9603
9005 9011 9017 9023 9029 9035 9041 9622 9627 9632 9613 9618 9623 9628 9614 9619 9646 9618 9418 9648 9607 9612 9609 9614 9619 9606 9604 9329 9335 9341 9347 9353 9358 9647 9602 9623 9628 9641 9646 9629 9634 9639 9644 9628 9637 9616 9621 9626
9004 9010 9016 9022 9028 9034 9040 9621 9626 9631 9600 9605 9610 9615 9608 9613 9628 9641 9417 9647 9602 9545 9236 9242 9248 9254 9260 9328 9334 9340 9346 9352 9357 9608 9613 9604 9609 9614 9619 9623 9628 9641 9646 9627 9636 9411 9616 9621
8947 8953 8959 8965 8971 8977 8561 8578 8595 8611 9647 8642 8657 9612 9609 9614 9619 9646 9618 9639 8457 9230 9235 9241 9247 9253 9259 9327 9333 9339 9345 9351 9356 9607 9612 9644 9638 9643 9648 9604 9609 9614 9619 9615 9614 9410 9615 9620
8946 8952 8503 8964 8530 8544 8560 8577 8594 8610 8626 8641 8656 8669 8682 9641 9613 9628 9641 9641 8456 9229 9234 9240 9246 9252 9258 9326 9332 9338 9344 9350 9355 8286 9611 9616 9621 9626 9625 9644 9638 9643 9648 9614 9643 9409 9608 9613
9005 9011 9017 9023 8529 8543 8559 8576 8593 8609 8625 8640 8655 8668 8681 8694 9612 9609 9614 9619 8455 9228 9233 9239 9245 9251 9257 9325 9331 9337 9343 9349 9354 9630 9604 9609 9614 9619 9624 9613 9628 9633 9638 9643 8375 9418 9607 9612
9004 9010 9016 8514 8528 8542 8558 8575 8592 8608 8624 8639 8654 8667 8680 8693 8705 8717 8728 9631 9636 9227 9232 9238 9244 9250 9256 9324 9330 9336 9342 9348 9545 9614 9619 9642 9647 9602 9607 9612 9648 9632 9637 9642 9647 9602 9607 9612
9003 9009 9015 8513 8527 8541 9039 8574 8591 8607 8623 8638 8653 8666 8679 8692 8704 8716 8727 8734 9635 9226 9231 9237 9243 9249 9255 9619 9624 9629 9610 9615 9620 9642 9646 9612 9617 9622 9627 9632 9637 9642 9647 9602 9636 9641 9646 9601
9002 9008 9014 8512 8526 8540 9038 8573 8590 8606 8622 8637 8652 8665 8678 8691 8703 8715 8726 8733 9634 9368 9378 9388 9398 9408 9418 9648 9603 9608 9602 9652 9645 9641 9645 9637 9642 9621 9626 9631 9636 9641 9646 9601 9635 9640 9553 9600
9001 9007 9013 8511 8525 8539 8555 8572 8589 8605 8621 8636 8651 8664 8677 8690 8702 8714 8725 8732 9613 9766 9767 9768 9769 9770 9771 9647 9602 9607 9601 9628 9644 9640 9582 9636 9572 9575 9579 9630 9635 9640 9645 9600 9634 9548 9552 9599
9000 9006 9012 8510 8524 8538 8554 8571 8588 8604 8620 8635 8650 8663 8676 8689 8701 8713 8724 8731 9612 9366 9376 9386 9396 9406 9416 9636 9630 9635 9614 9619 9624 9645 9581 9609 9571 9574 9578 9582 9634 9639 9644 9599 9545 9547 9551 9555
9060 9066 9072 9078 9084 8537 8553 8570 8587 8603 8619 8634 8649 8662 8675 8688 8700 8712 8723 8730 9611 9365 9375 9385 9395 9405 9415 9636 8378 8392 8405 8462 8467 8472 8476 9638 9570 9573 9577 9581 9613 8419 9646 9601 9544 9546 9550 9554
9059 9065 9071 9077 9083 8536 8552 8569 8586 8602 8618 8633 8648 8661 8674 8687 8699 8711 8722 8729 9610 9364 9374 9384 9394 9404 9414 8362 8377 8391 8404 8461 8466 8471 8475 9637 9642 9647 9576 9580 9612 8378 8392 8405 9643 9637 9549 9647
9058 9064 9070 9076 9082 8535 8551 8568 8585 8601 8617 8632 8647 8660 8673 8686 8698 8710 8721 9604 9609 9363 9373 9383 9393 9403 9413 8361 8376 8390 8403 8460 8465 8470 8474 9636 9641 9553 9601 9606 9611 8377 8391 8404 9610 9636 9641 9646
9057 9063 9069 9075 9081 9088 9094 8567 8584 8600 8616 8631 8646 8659 8672 8685 8697 8709 8720 9633 9638 9362 9372 9382 9392 9402 8419 8425 8431 9647 9602 8459 8464 8469 8473 8579 9635 9643 9600 9605 9610 8376 8390 8403 9609 9635 9640 9645
9056 9062 9068 9074 9080 9087 9093 8566 8583 8599 8615 8630 8645 8658 8671 8684 8696 8708 8719 9617 9622 9361 9371 9381 9391 9401 8418 8424 8430 8435 9601 8517 8463 8468 8561 8578 9619 9637 9642 8642 8657 9602 9607 9612 8432 9634 9639 9644
9055 9061 9067 9073 9079 9085 9092 8565 8582 8598 8614 8629 8644 9647 9602 8683 8695 8707 9626 9616 9621 9360 9370 9380 9390 9400 8417 8423 8429 8434 8503 8516 8530 8544 8560 8577 8594 8610 8626 8641 8656 8669 8682 8426 9608 9613 9618 9623
8947 8953 8959 8965 8971 8977 8983 8564 8581 8597 8613 8628 8643 9646 9601 9612 9553 9607 9608 9609 9614 9359 9369 9379 9389 9399 8416 8422 8428 8433 8502 8515 8529 8543 8559 8576 8593 8609 8625 8640 8655 8668 8681 8694 8706 8718 9606 9603
8946 8952 8958 8964 8970 8976 8982 8563 8580 8596 8612 8627 9644 9645 9621 9626 9636 9601 9607 9612 9608 9335 9341 9347 9353 9358 8415 8421 8427 8432 8501 8514 8528 8542 8558 8575 8592 8608 8624 8639 8654 8667 8680 8693 8705 8717 8728 9602
9005 9011 9017 9023 9029 9035 8987 9611 9616 9621 9626 9625 9637 9642 9545 9236 9242 9248 9254 9260 9328 9334 9340 9346 9352 9357 9619 8420 8426 8489 8500 8513 8527 8541 8557 8574 8591 8607 8623 8638 8653 8666 8679 8692 8704 8716 8727 8734
9004 9010 9016 9022 9028 9034 8986 9604 9609 9614 9619 9624 9636 9641 9230 9235 9241 9247 9253 9259 9327 9333 9339 9345 9351 9356 9648 9619 9624 8488 8499 8512 8526 8540 8556 8573 8590 8606 8622 8637 8652 8665 8678 8691 8703 8715 8726 8733
9003 9009 9015 9021 9027 9033 9040 9633 9638 9643 9648 9603 9635 9640 9229 9234 9240 9246 9252 9258 9326 9332 9338 9344 9350 9355 9647 9648 8481 8487 8498 8511 8525 8539 8555 8572 8589 8605 8621 8636 8651 8664 8677 8690 8702 8714 8725 8732
9002 9008 9014 9020 9026 9032 9038 9632 9637 9642 9647 9602 9634 9639 9228 9233 9239 9245 9251 9257 9325 9331 9337 9343 9349 9354 9646 9647 8480 8486 8497 8510 8524 8538 8554 8571 8588 8604 8620 8635 8650 8663 8676 8689 8701 8713 8724 8731
9001 9007 9013 9019 9025 9031 9037 9643 9648 9603 9608 9613 9628 9641 9227 9232 9238 9244 9250 9256 9324 9330 9336 9342 9348 9545 9646 9601 8479 8485 8496 8509 8523 8537 8553 8570 8587 8603 8619 8634 8649 8662 8675 8688 8700 8712 8723 8730
9000 9006 9012 9018 9024 9030 9036 9642 9647 8462 8467 8472 8476 9614 9226 9231 9237 9243 9249 9255 9614 9619 9624 9629 9607 9636 9645 9613 8478 8484 8495 8508 8522 8536 8552 8569 8586 8602 8618 8633 8648 8661 8674 8687 8699 8711 8722 8729
9060 9066 9072 9078 9084 9091 9097 9641 9646 8461 8466 8471 8475 9621 9368 9378 9388 9398 9408 9418 9643 9648 9618 9623 9628 9641 8378 8392 8405 8483 8494 8507 8521 8535 8551 8568 8585 8601 8617 8632 8647 8660 8673 8686 8698 8710 8721 9644
9059 9065 9071 9077 9083 9090 9096 9642 9647 8460 8465 8470 8474 9620 9367 9377 9387 9397 9407 9417 9580 9553 9631 9636 9641 9646 8377 8391 8404 8482 8493 8506 8520 8534 8550 8567 8584 8600 8616 8631 8646 8659 8672 8685 8697 8709 8720 9646
9058 9064 9070 9076 9082 9089 9095 9643 9648 8459 8464 8469 8473 9549 9366 9376 9386 9396 9406 9416 9548 9552 9630 9698 9653 9655 9700 8390 8403 9602 8492 8505 8519 8533 8549 8566 8583 8599 8615 8630 8645 8658 8671 8684 8696 8708 8719 9637
9057 9063 9069 9075 9081 9088 9094 9642 9647 9625 8463 8468 9646 9647 9365 9375 9385 9395 9405 9545 9547 9551 9555 9663 9671 9676 9667 9614 9646 9601 9636 8504 8518 8532 8548 8565 8582 8598 8614 8629 8644 9630 9646 8683 8695 8707 9631 9636
9056 9062 9068 9074 9080 9087 9093 9641 9646 9624 9635 9640 9645 9646 9364 9374 9384 9394 9404 9544 9546 9550 9554 9660 9678 9668 9699 9643 9625 9630 9635 9640 8420 8426 8547 8564 8581 8597 8613 8628 8643 9614 9645 9646 9601 9625 9630 9635
9134 9061 9067 9073 9079 9085 9092 9640 9645 9603 9634 9639 9644 9645 9363 9373 9383 9393 9403 9413 9634 9549 9628 9664 9677 9667 9625 9619 9624 9629 9634 9639 9644 9599 9604 8563 8580 8596 8612 8627 9604 9609 9644 9599 9604 9609 9614 9619
tile 8286 0 0
tile 8361 56 0
tile 8362 112 0
tile 8375 168 0
tile 8376 224 0
tile 8377 280 0
tile 8378 336 0
tile 8390 392 0
tile 8391 448 0
tile 8392 504 0
tile 8403 560 0
tile 8404 616 0
tile 8405 672 0
tile 8415 728 0
tile 8416 784 0
tile 8417 840 0
tile 8418 896 0
tile 8419 952 0
tile 8420 1008 0
tile 8421 1064 0
tile 8422 1120 0
tile 8423 1176 0
tile 8424 1232 0
tile 8425 1288 0
tile 8426 1344 0
tile 8427 1400 0
tile 8428 0 27
tile 8429 56 27
tile 8430 112 27
tile 8431 168 27
tile 8432 224 27
tile 8433 280 27
tile 8434 336 27
tile 8435 392 27
tile 8455 448 27
tile 8456 504 27
tile 8457 560 27
tile 8459 616 27
tile 8460 672 27
tile 8461 728 27
tile 8462 784 27
tile 8463 840 27
tile 8464 896 27
tile 8465 952 27
tile 8466 1008 27
tile 8467 1064 27
tile 8468 1120 27
tile 8469 1176 27
tile 8470 1232 27
tile 8471 1288 27
tile 8472 1344 27
tile 8473 1400 27
tile 8474 0 54
tile 8475 56 54
tile 8476 112 54
tile 8478 168 54
tile 8479 224 54
tile 8480 280 54
tile 8481 336 54
tile 8482 392 54
tile 8483 448 54
tile 8484 504 54
tile 8485 560 54
tile 8486 616 54
tile 8487 672 54
tile 8488 728 54
tile 8489 784 54
tile 8492 840 54
tile 8493 896 54
tile 8494 952 54
tile 8495 1008 54
tile 8496 1064 54
tile 8497 1120 54
tile 8498 1176 54
tile 8499 1232 54
tile 8500 1288 54
tile 8501 1344 54
tile 8502 1400 54
tile 8503 0 81
tile 8504 56 81
tile 8505 112 81
tile 8506 168 81
tile 8507 224 81
tile 8508 280 81
tile 8509 336 81
tile 8510 392 81
tile 8511 448 81
tile 8512 504 81
tile 8513 560 81
tile 8514 616 81
tile 8515 672 81
tile 8516 728 81
tile 8517 784 81
tile 8518 840 81
tile 8519 896 81
tile 8520 952 81
tile 8521 1008 81
tile 8522 1064 81
tile 8523 1120 81
tile 8524 1176 81
tile 8525 1232 81
tile 8526 1288 81
tile 8527 1344 81
tile 8528 1400 81
tile 8529 0 108
tile 8530 56 108
tile 8532 112 108
tile 8533 168 108
tile 8534 224 108
tile 8535 280 108
tile 8536 336 108
tile 8537 392 108
tile 8538 448 108
tile 8539 504 108
tile 8540 560 108
tile 8541 616 108
tile 8542 672 108
tile 8543 728 108
tile 8544 784 108
tile 8547 840 108
tile 8548 896 108
tile 8549 952 108
tile 8550 1008 108
tile 8551 1064 108
tile 8552 1120 108
tile 8553 1176 108
tile 8554 1232 108
tile 8555 1288 108
tile 8556 1344 108
tile 8557 1400 108
tile 8558 0 135
tile 8559 56 135
tile 8560 112 135
tile 8561 168 135
tile 8563 224 135
tile 8564 280 135
tile 8565 336 135
tile 8566 392 135
tile 8567 448 135
tile 8568 504 135
tile 8569 560 135
tile 8570 616 135
tile 8571 672 135
tile 8572 728 135
tile 8573 784 135
tile 8574 840 135
tile 8575 896 135
tile 8576 952 135
tile 8577 1008 135
tile 8578 1064 135
tile 8579 1120 135
tile 8580 1176 135
tile 8581 1232 135
tile 8582 1288 135
tile 8583 1344 135
tile 8584 1400 135
tile 8585 0 162
tile 8586 56 162
tile 8587 112 162
tile 8588 168 162
tile 8589 224 162
tile 8590 280 162
tile 8591 336 162
tile 8592 392 162
tile 8593 448 162
tile 8594 504 162
tile 8595 560 162
tile 8596 616 162
tile 8597 672 162
tile 8598 728 162
tile 8599 784 162
tile 8600 840 162
tile 8601 896 162
tile 8602 952 162
tile 8603 1008 162
tile 8604 1064 162
tile 8605 1120 162
tile 8606 1176 162
tile 8607 1232 162
tile 8608 1288 162
tile 8609 1344 162
tile 8610 1400 162
tile 8611 0 189
tile 8612 56 189
tile 8613 112 189
tile 8614 168 189
tile 8615 224 189
tile 8616 280 189
tile 8617 336 189
tile 8618 392 189
tile 8619 448 189
tile 8620 504 189
tile 8621 560 189
tile 8622 616 189
tile 8623 672 189
tile 8624 728 189
tile 8625 784 189
tile 8626 840 189
tile 8627 896 189
tile 8628 952 189
tile 8629 1008 189
tile 8630 1064 189
tile 8631 1120 189
tile 8632 1176 189
tile 8633 1232 189
tile 8634 1288 189
tile 8635 1344 189
tile 8636 1400 189
tile 8637 0 216
tile 8638 56 216
tile 8639 112 216
tile 8640 168 216
tile 8641 224 216
tile 8642 280 216
tile 8643 336 216
tile 8644 392 216
tile 8645 448 216
tile 8646 504 216
tile 8647 560 216
tile 8648 616 216
tile 8649 672 216
tile 8650 728 216
tile 8651 784 216
tile 8652 840 216
tile 8653 896 216
tile 8654 952 216
tile 8655 1008 216
tile 8656 1064 216
tile 8657 1120 216
tile 8658 1176 216
tile 8659 1232 216
tile 8660 1288 216
tile 8661 1344 216
tile 8662 1400 216
tile 8663 0 243
tile 8664 56 243
tile 8665 112 243
tile 8666 168 243
tile 8667 224 243
tile 8668 280 243
tile 8669 336 243
tile 8671 392 243
tile 8672 448 243
tile 8673 504 243
tile 8674 560 243
tile 8675 616 243
tile 8676 672 243
tile 8677 728 243
tile 8678 784 243
tile 8679 840 243
tile 8680 896 243
tile 8681 952 243
tile 8682 1008 243
tile 8683 1064 243
tile 8684 1120 243
tile 8685 1176 243
tile 8686 1232 243
tile 8687 1288 243
tile 8688 1344 243
tile 8689 1400 243
tile 8690 0 270
tile 8691 56 270
tile 8692 112 270
tile 8693 168 270
tile 8694 224 270
tile 8695 280 270
tile 8696 336 270
tile 8697 392 270
tile 8698 448 270
tile 8699 504 270
tile 8700 560 270
tile 8701 616 270
tile 8702 672 270
tile 8703 728 270
tile 8704 784 270
tile 8705 840 270
tile 8706 896 270
tile 8707 952 270
tile 8708 1008 270
tile 8709 1064 270
tile 8710 1120 270
tile 8711 1176 270
tile 8712 1232 270
tile 8713 1288 270
tile 8714 1344 270
tile 8715 1400 270
tile 8716 0 297
tile 8717 56 297
tile 8718 112 297
tile 8719 168 297
tile 8720 224 297
tile 8721 280 297
tile 8722 336 297
tile 8723 392 297
tile 8724 448 297
tile 8725 504 297
tile 8726 560 297
tile 8727 616 297
tile 8728 672 297
tile 8729 728 297
tile 8730 784 297
tile 8731 840 297
tile 8732 896 297
tile 8733 952 297
tile 8734 1008 297
tile 8946 1064 297
tile 8947 1120 297
tile 8952 1176 297
tile 8953 1232 297
tile 8958 1288 297
tile 8959 1344 297
tile 8964 1400 297
tile 8965 0 324
tile 8970 56 324
tile 8971 112 324
tile 8976 168 324
tile 8977 224 324
tile 8982 280 324
tile 8983 336 324
tile 8986 392 324
tile 8987 448 324
tile 9000 504 324
tile 9001 560 324
tile 9002 616 324
tile 9003 672 324
tile 9004 728 324
tile 9005 784 324
tile 9006 840 324
tile 9007 896 324
tile 9008 952 324
tile 9009 1008 324
tile 9010 1064 324
tile 9011 1120 324
tile 9012 1176 324
tile 9013 1232 324
tile 9014 1288 324
tile 9015 1344 324
tile 9016 1400 324
tile 9017 0 351
tile 9018 56 351
tile 9019 112 351
tile 9020 168 351
tile 9021 224 351
tile 9022 280 351
tile 9023 336 351
tile 9024 392 351
tile 9025 448 351
tile 9026 504 351
tile 9027 560 351
tile 9028 616 351
tile 9029 672 351
tile 9030 728 351
tile 9031 784 351
tile 9032 840 351
tile 9033 896 351
tile 9034 952 351
tile 9035 1008 351
tile 9036 1064 351
tile 9037 1120 351
tile 9038 1176 351
tile 9039 1232 351
tile 9040 1288 351
tile 9041 1344 351
tile 9055 1400 351
tile 9056 0 378
tile 9057 56 378
tile 9058 112 378
tile 9059 168 378
tile 9060 224 378
tile 9061 280 378
tile 9062 336 378
tile 9063 392 378
tile 9064 448 378
tile 9065 504 378
tile 9066 560 378
tile 9067 616 378
tile 9068 672 378
tile 9069 728 378
tile 9070 784 378
tile 9071 840 378
tile 9072 896 378
tile 9073 952 378
tile 9074 1008 378
tile 9075 1064 378
tile 9076 1120 378
tile 9077 1176 378
tile 9078 1232 378
tile 9079 1288 378
tile 9080 1344 378
tile 9081 1400 378
tile 9082 0 405
tile 9083 56 405
tile 9084 112 405
tile 9085 168 405
tile 9087 224 405
tile 9088 280 405
tile 9089 336 405
tile 9090 392 405
tile 9091 448 405
tile 9092 504 405
tile 9093 560 405
tile 9094 616 405
tile 9095 672 405
tile 9096 728 405
tile 9097 784 405
tile 9134 840 405
tile 9226 896 405
tile 9227 952 405
tile 9228 1008 405
tile 9229 1064 405
tile 9230 1120 405
tile 9231 1176 405
tile 9232 1232 405
tile 9233 1288 405
tile 9234 1344 405
tile 9235 1400 405
tile 9236 0 432
tile 9237 56 432
tile 9238 112 432
tile 9239 168 432
tile 9240 224 432
tile 9241 280 432
tile 9242 336 432
tile 9243 392 432
tile 9244 448 432
tile 9245 504 432
tile 9246 560 432
tile 9247 616 432
tile 9248 672 432
tile 9249 728 432
tile 9250 784 432
tile 9251 840 432
tile 9252 896 432
tile 9253 952 432
tile 9254 1008 432
tile 9255 1064 432
tile 9256 1120 432
tile 9257 1176 432
tile 9258 1232 432
tile 9259 1288 432
tile 9260 1344 432
tile 9324 1400 432
tile 9325 0 459
tile 9326 56 459
tile 9327 112 459
tile 9328 168 459
tile 9329 224 459
tile 9330 280 459
tile 9331 336 459
tile 9332 392 459
tile 9333 448 459
tile 9334 504 459
tile 9335 560 459
tile 9336 616 459
tile 9337 672 459
tile 9338 728 459
tile 9339 784 459
tile 9340 840 459
tile 9341 896 459
tile 9342 952 459
tile 9343 1008 459
tile 9344 1064 459
tile 9345 1120 459
tile 9346 1176 459
tile 9347 1232 459
tile 9348 1288 459
tile 9349 1344 459
tile 9350 1400 459
tile 9351 0 486
tile 9352 56 486
tile 9353 112 486
tile 9354 168 486
tile 9355 224 486
tile 9356 280 486
tile 9357 336 486
tile 9358 392 486
tile 9359 448 486
tile 9360 504 486
tile 9361 560 486
tile 9362 616 486
tile 9363 672 486
tile 9364 728 486
tile 9365 784 486
tile 9366 840 486
tile 9367 896 486
tile 9368 952 486
tile 9369 1008 486
tile 9370 1064 486
tile 9371 1120 486
tile 9372 1176 486
tile 9373 1232 486
tile 9374 1288 486
tile 9375 1344 486
tile 9376 1400 486
tile 9377 0 513
tile 9378 56 513
tile 9379 112 513
tile 9380 168 513
tile 9381 224 513
tile 9382 280 513
tile 9383 336 513
tile 9384 392 513
tile 9385 448 513
tile 9386 504 513
tile 9387 560 513
tile 9388 616 513
tile 9389 672 513
tile 9390 728 513
tile 9391 784 513
tile 9392 840 513
tile 9393 896 513
tile 9394 952 513
tile 9395 1008 513
tile 9396 1064 513
tile 9397 1120 513
tile 9398 1176 513
tile 9399 1232 513
tile 9400 1288 513
tile 9401 1344 513
tile 9402 1400 513
tile 9403 0 540
tile 9404 56 540
tile 9405 112 540
tile 9406 168 540
tile 9407 224 540
tile 9408 280 540
tile 9409 336 540
tile 9410 392 540
tile 9411 448 540
tile 9413 504 540
tile 9414 560 540
tile 9415 616 540
tile 9416 672 540
tile 9417 728 540
tile 9418 784 540
tile 9544 840 540
tile 9545 896 540
tile 9546 952 540
tile 9547 1008 540
tile 9548 1064 540
tile 9549 1120 540
tile 9550 1176 540
tile 9551 1232 540
tile 9552 1288 540
tile 9553 1344 540
tile 9554 1400 540
tile 9555 0 567
tile 9570 56 567
tile 9571 112 567
tile 9572 168 567
tile 9573 224 567
tile 9574 280 567
tile 9575 336 567
tile 9576 392 567
tile 9577 448 567
tile 9578 504 567
tile 9579 560 567
tile 9580 616 567
tile 9581 672 567
tile 9582 728 567
tile 9599 784 567
tile 9600 840 567
tile 9601 896 567
tile 9602 952 567
tile 9603 1008 567
tile 9604 1064 567
tile 9605 1120 567
tile 9606 1176 567
tile 9607 1232 567
tile 9608 1288 567
tile 9609 1344 567
tile 9610 1400 567
tile 9611 0 594
tile 9612 56 594
tile 9613 112 594
tile 9614 168 594
tile 9615 224 594
tile 9616 280 594
tile 9617 336 594
tile 9618 392 594
tile 9619 448 594
tile 9620 504 594
tile 9621 560 594
tile 9622 616 594
tile 9623 672 594
tile 9624 728 594
tile 9625 784 594
tile 9626 840 594
tile 9627 896 594
tile 9628 952 594
tile 9629 1008 594
tile 9630 1064 594
tile 9631 1120 594
tile 9632 1176 594
tile 9633 1232 594
tile 9634 1288 594
tile 9635 1344 594
tile 9636 1400 594
tile 9637 0 621
tile 9638 56 621
tile 9639 112 621
tile 9640 168 621
tile 9641 224 621
tile 9642 280 621
tile 9643 336 621
tile 9644 392 621
tile 9645 448 621
tile 9646 504 621
tile 9647 560 621
tile 9648 616 621
tile 9652 672 621
tile 9653 728 621
tile 9655 784 621
tile 9660 840 621
tile 9663 896 621
tile 9664 952 621
tile 9667 1008 621
tile 9668 1064 621
tile 9671 1120 621
tile 9676 1176 621
tile 9677 1232 621
tile 9678 1288 621
tile 9698 1344 621
tile 9699 1400 621
tile 9700 0 648
tile 9766 56 648
tile 9767 112 648
tile 9768 168 648
tile 9769 224 648
tile 9770 280 648
tile 9771 336 648
picture 10017 448 426 47 0
picture 10018 448 378 48 0
picture 10059 392 137 136 0
picture 10060 336 776 150 0
picture 10061 224 382 189 0
picture 10062 28 683 220 0
picture 10063 112 413 205 0
picture 10064 280 0 176 0
picture 10065 364 444 143 0
picture 10066 420 637 89 0
picture 10067 392 651 116 0
picture 10068 308 0 165 0
picture 10069 196 198 193 0
picture 10070 84 642 209 0
picture 10071 28 461 222 0
picture 10072 168 0 202 0
picture 10076 420 904 84 0
picture 10077 364 587 143 0
picture 10078 224 0 191 0
picture 10079 112 618 205 0
picture 10080 168 605 200 0
picture 10081 252 0 186 0
picture 10082 336 470 153 0
picture 10083 448 163 73 0
picture 10084 448 775 38 0
picture 10085 392 767 116 0
picture 10086 308 165 165 0
picture 10087 196 0 198 0
picture 10088 56 658 216 0
picture 10089 28 232 229 0
picture 10090 168 404 201 0
picture 10091 280 528 169 0
picture 10092 392 534 117 0
picture 10093 420 726 89 0
picture 10094 448 0 84 0
picture 10095 364 730 143 0
picture 10096 224 191 191 0
picture 10097 140 0 205 0
picture 10098 168 805 200 0
picture 10099 252 186 186 0
picture 10100 336 623 153 0
picture 10101 448 236 73 0
picture 10102 448 851 37 0
picture 10103 420 225 110 0
picture 10104 336 0 159 0
picture 10105 224 759 187 0
picture 10106 140 410 203 0
picture 10107 84 0 216 0
picture 10108 140 613 203 0
picture 10109 56 220 219 0
picture 10110 112 207 206 0
picture 10111 280 176 176 0
picture 10112 336 159 157 0
picture 10113 420 815 89 0
picture 10115 84 432 210 0
picture 10116 56 439 219 0
picture 10117 140 205 205 0
picture 10118 280 352 176 0
picture 10119 364 873 143 0
picture 10121 392 273 136 0
picture 10122 364 150 149 0
picture 10123 196 584 192 0
picture 10124 56 0 220 0
picture 10125 0 0 262 0
picture 10126 0 262 257 0
picture 10127 28 0 232 0
picture 10128 308 330 165 0
picture 10129 420 542 95 0
picture 10130 392 883 115 0
picture 10131 308 495 164 0
picture 10132 196 776 192 0
picture 10133 84 216 216 0
picture 10134 0 519 249 0
picture 10135 0 768 249 0
picture 10136 448 84 79 0
picture 10137 168 202 202 0
picture 10138 224 571 188 0
picture 10139 364 0 150 0
picture 10143 448 566 45 0
picture 10144 448 520 46 0
picture 10148 448 653 41 0
picture 10149 448 694 41 0
picture 10150 476 336 23 0
picture 10151 476 359 23 0
picture 10152 476 382 23 0
picture 10153 476 405 23 0
picture 10154 420 113 112 0
picture 10155 392 409 125 0
picture 10156 420 0 113 0
picture 10157 420 439 103 0
picture 10158 420 335 104 0
picture 10159 448 309 69 0
picture 10160 448 473 47 0
picture 10168 476 73 34 0
picture 10169 476 308 28 0
picture 10170 476 277 31 0
picture 10171 448 735 40 0
picture 10172 476 37 36 0
picture 10173 476 107 34 0
picture 10174 448 888 37 0
picture 10175 476 141 34 0
picture 10176 448 925 37 0
picture 10177 476 175 34 0
picture 10178 448 962 37 0
picture 10179 448 813 38 0
picture 10180 476 209 34 0
picture 10181 476 243 34 0
picture 10182 448 611 42 0
picture 10183 476 0 37 0
picture 10231 364 299 145 0
picture 10232 280 697 167 0
picture 10233 140 816 203 0
picture 10234 112 0 207 0
picture 10235 252 372 185 0
picture 10236 336 316 154 0
picture 10483 392 0 137 0
picture 10484 308 823 162 0
picture 10485 252 557 185 0
picture 10486 196 391 193 0
picture 10487 252 742 181 0
picture 10488 308 659 164 0
object 47 1 left 10170
object 47 1 right 10171
object 2 5 left 10168
object 2 5 right 10169
object 3 5 left 10182
object 3 5 right 10183
object 2 6 left 10176
object 2 6 right 10177
object 17 6 right 10102
object 2 7 left 10143
object 2 7 right 10144
object 6 7 left 10168
object 6 7 right 10169
object 17 7 right 10101
object 8 8 right 10488
object 9 8 right 10139
object 14 8 right 10129
object 17 8 right 10100
object 9 9 right 10138
object 14 9 right 10128
object 17 9 right 10099
object 32 9 right 10084
object 38 9 right 10488
object 41 9 left 10152
object 41 9 right 10153
object 43 9 left 10150
object 43 9 right 10151
object 46 9 right 10236
object 2 10 left 10168
object 2 10 right 10169
object 9 10 left 10136
object 9 10 right 10137
object 10 10 left 10121
object 11 10 left 10122
object 11 10 right 10122
object 12 10 left 10123
object 12 10 right 10124
object 14 10 left 10094
object 14 10 right 10127
object 15 10 left 10095
object 16 10 left 10096
object 17 10 left 10097
object 17 10 right 10098
object 32 10 right 10083
object 38 10 right 10487
object 42 10 right 10066
object 46 10 right 10235
object 1 11 left 10178
object 1 11 right 10179
object 2 11 left 10172
object 2 11 right 10173
object 3 11 left 10174
object 3 11 right 10175
object 4 11 left 10176
object 4 11 right 10177
object 8 11 right 10113
object 14 11 left 10125
object 14 11 right 10126
object 16 11 left 10093
object 32 11 right 10082
object 36 11 left 10483
object 37 11 left 10484
object 38 11 left 10485
object 38 11 right 10486
object 44 11 left 10231
object 45 11 left 10232
object 46 11 left 10233
object 46 11 right 10234
object 1 12 left 10174
object 1 12 right 10175
object 2 12 left 10176
object 2 12 right 10177
object 3 12 left 10180
object 3 12 right 10181
object 4 12 left 10178
object 4 12 right 10179
object 6 12 left 10130
object 7 12 left 10131
object 8 12 left 10132
object 8 12 right 10112
object 9 12 left 10133
object 10 12 left 10134
object 10 12 right 10135
object 16 12 right 10092
object 32 12 right 10081
object 1 13 left 10172
object 1 13 right 10173
object 2 13 left 10170
object 2 13 right 10171
object 8 13 right 10111
object 10 13 right 10119
object 16 13 right 10091
object 27 13 right 10066
object 29 13 left 10076
object 30 13 left 10077
object 31 13 left 10078
object 32 13 left 10079
object 32 13 right 10080
object 42 13 left 10017
object 42 13 right 10018
object 2 14 left 10180
object 2 14 right 10181
object 8 14 right 10110
object 10 14 right 10118
object 12 14 left 10085
object 13 14 left 10086
object 14 14 left 10087
object 14 14 right 10091
object 15 14 left 10088
object 16 14 left 10089
object 16 14 right 10090
object 27 14 right 10065
object 8 15 right 10109
object 10 15 right 10117
object 27 15 right 10064
object 4 16 left 10067
object 5 16 left 10068
object 6 16 left 10069
object 7 16 left 10070
object 8 16 left 10071
object 8 16 right 10072
object 10 16 left 10115
object 10 16 right 10116
object 27 16 right 10063
object 25 17 left 10059
object 26 17 left 10060
object 27 17 left 10061
object 27 17 right 10062
object 45 18 right 10102
object 8 19 left 10174
object 8 19 right 10175
object 9 19 left 10176
object 9 19 right 10177
object 10 19 left 10180
object 10 19 right 10181
object 11 19 left 10178
object 11 19 right 10179
object 45 19 right 10101
object 8 20 left 10172
object 8 20 right 10173
object 9 20 left 10170
object 9 20 right 10171
object 37 20 right 10139
object 42 20 right 10129
object 45 20 right 10100
object 11 21 left 10152
object 11 21 right 10153
object 37 21 right 10138
object 42 21 right 10128
object 45 21 right 10099
object 10 22 right 10084
object 11 22 left 10148
object 11 22 right 10149
object 37 22 left 10136
object 37 22 right 10137
object 38 22 left 10121
object 39 22 left 10122
object 39 22 right 10122
object 40 22 left 10123
object 40 22 right 10124
object 42 22 left 10094
object 42 22 right 10127
object 43 22 left 10095
object 44 22 left 10096
object 45 22 left 10097
object 45 22 right 10098
object 9 23 left 10170
object 9 23 right 10171
object 10 23 left 10182
object 10 23 right 10083
object 36 23 right 10113
object 42 23 left 10125
object 42 23 right 10126
object 44 23 left 10093
object 10 24 left 10168
object 10 24 right 10082
object 34 24 left 10130
object 35 24 left 10131
object 36 24 left 10132
object 36 24 right 10112
object 37 24 left 10133
object 38 24 left 10134
object 38 24 right 10135
object 44 24 right 10092
object 10 25 right 10081
object 36 25 right 10111
object 38 25 right 10119
object 44 25 right 10091
object 7 26 left 10076
object 8 26 left 10077
object 9 26 left 10078
object 10 26 left 10079
object 10 26 right 10080
object 36 26 right 10110
object 38 26 right 10118
object 40 26 left 10085
object 41 26 left 10086
object 42 26 left 10087
object 42 26 right 10091
object 43 26 left 10088
object 44 26 left 10089
object 44 26 right 10090
object 21 27 right 10236
object 36 27 right 10109
object 38 27 right 10117
object 21 28 right 10235
object 32 28 left 10103
object 33 28 left 10104
object 34 28 left 10105
object 35 28 left 10106
object 36 28 left 10107
object 36 28 right 10108
object 38 28 left 10115
object 38 28 right 10116
object 19 29 left 10231
object 20 29 left 10232
object 21 29 left 10233
object 21 29 right 10234
object 0 30 right 10144
object 1 30 left 10154
object 2 30 left 10155
object 3 30 left 10156
object 4 30 left 10157
object 5 30 left 10158
object 6 30 left 10159
object 6 30 right 10160
