# lod20587 — tools/dat-extract layout 이 만든다. 손으로 고치지 말 것.
size 50 50
blocked
...........##....##...............................
...........##....##...............................
...........##....###..............................
..................................................
............#.....................................
...#........................................#.....
........................###.......................
..........#............#####.#......#.............
.......................#####......................
.......................######.....................
........................###.......................
............................#.............#.......
........#.......................................##
...........................#................#...##
..................................................
..................................................
..................................................
..................................................
..............#.................................##
................................................##
.........##......#..............................##
............####..................................
............############..........................
........##..#############........................#
.........##.##############........................
.........#..##############........................
............##############........................
............##############................#.......
..........#.##############........................
............##############........................
............##############........................
............##############........................
.#..........###############.......................
............################......................
.............##############...#...................
................#####..###........................
...................#..............................
................#.##...##.........................
..................###.............................
....................#..#..........................
..............................................#...
..................................................
..................................................
.......................................#..........
.......#..........................................
..................................................
........................#.........................
..................................................
#.................................##....###.......
.................#................##....##........
floor
10422 10779 10784 10790 10454 10462 10470 10478 10301 10309 10317 10325 10333 10985 10989 10993 10997 10430 10797 10801 10454 10462 10470 10478 10301 10309 10317 10325 10333 10341 10349 10357 10422 10430 10438 10446 10454 10462 10470 10478 10301 10309 10779 10784 10790 10341 10349 10357 10422 10430
10421 10778 10783 10789 10793 10461 10469 10477 10300 10308 10316 10324 10332 10984 10988 10992 10996 10429 10796 10800 10453 10461 10469 10477 10738 10308 10316 10324 10332 10340 10348 10356 10421 10429 10437 10445 10453 10461 10469 10477 10300 10308 10778 10783 10789 10793 10348 10356 10421 10429
10420 10777 10782 10788 10452 10460 10468 10476 10779 10784 10790 10323 10331 10983 10987 10991 10995 10428 10436 10799 10452 10460 10468 10476 10299 10307 10315 10323 10331 10339 10347 10355 10420 10428 10779 10784 10790 10460 10468 10476 10299 10307 10777 10782 10788 10339 10347 10355 10420 10428
10419 10427 10781 10787 10792 10794 10467 10475 10778 10783 10789 10793 10330 10982 10986 10990 10994 10427 10435 10798 10451 10459 10467 10475 10298 10306 10314 10322 10330 10338 10346 10354 10419 10427 10778 10783 10789 10793 10467 10475 10298 10306 10314 10781 10787 10792 10794 10354 10738 10427
10418 10426 10780 10786 10791 10458 10466 10474 10777 10782 10788 10321 10329 10337 10345 10353 10418 10426 10434 10312 10320 10328 10336 10344 10352 10417 10425 10433 10441 9845 10345 10353 10418 10426 10777 10782 10788 10458 10466 10474 10297 10305 10313 10780 10786 10791 10345 10353 10418 10426
10417 10425 10433 10785 10449 10457 10465 10473 10296 10781 10787 10792 10794 10336 10344 10352 10417 10425 10433 10311 10319 10327 10335 10343 10351 10416 10424 10432 9841 9844 10344 10352 10417 10425 10433 10781 10787 10792 10794 10473 10296 10304 10312 10320 10785 10336 10344 10352 10417 10425
10416 10424 10432 10440 10448 10456 10464 10472 10295 10780 10786 10791 10327 10335 10343 10351 10416 10424 10432 10310 10318 10326 10334 10342 10350 10415 10423 10431 9840 9843 9846 10351 10416 10424 10432 10780 10786 10791 10464 10472 10295 10303 10311 10319 10327 10335 10343 10351 10416 10424
10415 10423 10431 10439 10447 10455 10779 10784 10790 10302 10785 10318 10326 10334 10342 10734 10415 10423 10431 10438 10446 10454 10462 10470 10478 10301 10309 10317 9839 9842 10342 10350 10415 10423 10431 10439 10785 10455 10463 10471 10294 10302 10310 10318 10326 10334 10342 10350 10415 10423
10301 10309 10317 10325 10333 10341 10778 10783 10789 10793 10438 10446 10454 10462 10470 10478 10301 10309 10317 10437 10445 10453 10461 10469 10477 10824 10831 10316 10324 10332 10470 10478 10301 10309 10317 10325 10333 10341 10349 10357 10422 10430 9845 10446 10454 10462 10470 10478 10301 10309
10300 10308 10316 10324 10332 10340 10777 10782 10788 10429 10437 10445 10453 10461 10469 10477 10300 10308 10316 10436 10444 10452 10460 10468 10817 10823 10830 10837 10806 10331 10469 10477 10300 10308 10316 10324 10332 10340 10348 10356 10421 9841 9844 10445 10453 10461 10469 9775 9778 9781
10299 10738 10315 10323 10331 10339 10347 10781 10787 10792 10794 10444 10452 10460 10468 10476 10299 10307 10315 10435 10443 10451 10459 10467 10816 10822 10829 10836 10800 10330 10468 10476 10299 10307 10315 10323 10331 10339 10347 10355 10420 9840 9843 9846 10452 10460 10468 9774 9777 9780
10298 10306 10314 10322 10330 10338 10346 10780 10786 10791 10435 10443 10451 10459 10467 10475 10298 10306 10314 10434 10442 10450 10458 10817 10815 10821 10828 10835 10799 10329 10467 10475 10298 10306 10314 10322 10330 10338 10346 10354 10419 9839 9842 10443 10451 10459 10467 10475 9776 9779
10297 10305 10313 10321 10329 10337 10345 10353 10785 10426 10434 10442 10450 10458 10466 10474 10297 10305 10313 10433 10441 10449 10457 10816 10814 10820 10827 10834 10839 10328 10466 10474 10297 10305 10313 10321 10329 10337 10345 10737 10418 10426 10434 10442 10450 10458 10466 10474 10297 10305
10296 10304 10312 10320 10328 10336 10344 10352 10417 10425 10433 10441 10449 10457 10465 10473 10296 10304 10312 10432 10440 10448 10456 10309 10813 10819 10826 10833 10838 10327 10465 10473 10296 10304 10312 10320 10328 10336 10344 10352 10417 10425 10433 10441 10449 10457 10465 10473 10296 10304
10295 10303 10311 10319 10327 10335 10343 10351 10416 10424 10432 10440 10448 10456 10464 9860 9864 9871 10311 10431 10439 10447 10455 10309 10317 10818 10825 10832 10318 10326 10464 10472 10295 10303 10736 10319 10327 10335 10343 10351 10416 10424 10432 10440 10448 10456 11036 11040 11044 11048
10294 10302 10310 10318 10326 10334 10342 10350 10415 10423 10431 10439 10447 10455 9856 9859 9863 9870 9877 10318 10326 10334 10342 10350 10415 10737 10431 10439 10447 10455 10463 10471 10294 10302 10310 10318 10326 10334 10342 10350 10415 10423 10431 10439 10447 10455 11035 11039 11043 11047
10422 10430 10438 10446 10454 10462 10470 10478 10301 10309 10317 10325 10333 9830 9835 9858 9862 9869 9876 10446 10454 10462 10470 10478 10301 10309 10317 10325 10333 10341 10349 10357 10422 10430 10438 10446 10454 10462 10470 10478 10301 10309 10317 10325 10333 10341 11034 11038 11042 11046
10421 10429 10437 10445 10453 10461 10469 10477 10300 10308 10316 10324 9825 9829 9834 9857 9861 9868 9875 10445 10453 10461 10469 10477 10300 10308 10316 10324 10332 10340 10348 10356 10421 10429 10437 10445 10453 10461 10469 10477 10300 10308 10316 10324 10332 10340 11033 11037 11041 11045
10420 10428 10436 10444 10452 10734 10468 10476 10299 10307 10315 9821 9824 9828 9833 9837 10420 9867 9874 10444 10452 10460 10468 10476 10299 10307 10315 10323 10331 10339 10347 10355 10420 10428 10436 10444 10452 10460 10468 10476 10299 10307 10315 10323 10331 10339 10347 10355 9789 9791
10419 10427 10435 10443 10451 10459 10467 10475 10458 10306 10314 10322 9823 9827 9832 9836 10419 9866 9873 10443 10451 10459 10467 10475 10298 10306 10314 10322 10330 10338 10346 10354 10419 10427 10435 10443 10451 10459 10467 10475 10298 10306 10314 10322 10330 10338 10346 10354 9845 10427
10418 10426 10737 10442 10450 10458 10466 10474 10297 10809 10809 10321 9822 9826 9831 10353 10418 9865 9872 10442 10735 10458 10466 10474 10297 10305 10313 10321 10329 10337 10345 10353 10418 10426 10434 10442 10450 10458 10466 10474 10297 10305 10313 10321 10329 10337 10345 10327 10335 10343
10417 10425 10433 10441 10449 10457 10465 10434 10458 10316 10312 10366 10374 10382 10390 10398 10403 10408 10413 10186 10191 10196 10204 10212 10220 10228 10236 10320 10328 10336 10344 10352 10417 10425 10433 10441 10449 10457 10465 10473 10296 10304 10312 10320 10328 10336 10344 10326 10797 10801
10416 10424 10432 10440 10448 10456 10458 10472 10295 10458 10311 10365 10373 10381 10389 10397 10402 10407 10412 10185 10190 10195 10203 10211 10219 10227 10235 10319 10327 10335 10343 10351 10416 10424 10432 10440 10448 10456 10464 10472 10779 10784 10790 10319 10327 10335 10343 9839 10796 10800
10415 10423 10431 10439 10447 10455 10463 10471 10809 10809 10310 10364 10372 10380 10388 10396 10401 10406 10411 10184 10189 10194 10202 10210 10218 10226 10234 10318 10326 10334 10342 10350 10415 10423 10431 10439 10447 10455 10463 10471 10778 10783 10789 10793 10326 10334 10342 10350 10415 10799
10301 10309 10317 10325 10333 10341 10349 10357 10422 10809 10809 10363 10371 10379 10387 10395 10400 10405 10410 10183 10188 10193 10201 10209 10217 10225 10233 10446 10454 10462 10470 10734 10301 10309 10317 10325 10333 10341 10349 10357 10777 10782 10788 10446 10454 10462 10470 10478 10301 10798
10300 10308 10316 10324 10332 10340 10348 10356 10421 10809 10437 10362 10370 10378 10386 10394 10399 10404 10409 10182 10187 10192 10200 10208 10216 10224 10232 10445 10453 10461 10469 10477 10300 10308 10316 10324 10332 10340 10348 10356 10421 10781 10787 10792 10794 10461 10469 10477 10300 10308
10299 10307 10315 10323 10331 10339 10347 10355 10420 9830 9835 10361 10369 10377 10385 10393 7955 7960 7965 7945 7950 7955 10199 10207 10215 10223 10231 9888 9897 9903 10468 10476 10299 10307 10315 10323 10331 10339 10347 10355 10420 10780 10786 10791 10452 10460 10468 10476 10299 10307
10298 10306 10314 10322 10330 10338 10346 10354 9825 9829 9834 10360 10368 10376 10384 10392 7954 7959 7964 7944 7949 7954 10198 10206 10214 10222 10230 9887 9896 9902 9906 10475 10298 10306 10314 10322 10330 10338 10346 10354 10419 10427 10785 10443 10451 10459 10467 10475 10298 10306
10297 10305 10313 10321 10329 10337 10345 9821 9824 9828 9833 9837 10367 10375 10383 10391 7953 7958 7963 7943 7948 7953 10197 10205 10213 10221 10229 9886 9895 9901 9905 10474 10297 10305 10313 10321 10329 10337 10345 10353 10418 10426 10434 10442 10450 10458 10466 10474 10297 10305
10296 10304 10312 10320 10328 10336 10344 10352 9823 9827 9832 9836 10141 10149 10157 10165 7952 7957 7962 8179 7947 7952 10696 10704 10712 10720 10728 9885 9894 9900 9904 10473 10296 10304 10312 10320 10328 10336 10738 10352 10417 10425 10433 10441 10449 10457 10465 10738 10296 10304
10797 10801 10311 10319 10327 10335 10343 10351 9822 9826 9831 10132 10140 10148 10156 10164 7951 7956 7961 8178 7946 7951 10695 10703 10711 10719 10727 10440 9893 9899 10464 10472 10295 10303 10311 10319 10327 10335 10343 10351 10416 10424 10432 10440 10448 10456 10464 10472 10295 10303
10796 10800 10310 10318 10326 10334 10342 10350 10415 10423 10431 10131 10139 10147 10155 10163 7955 7960 7965 7945 7950 7955 10694 10702 10710 10718 10726 10439 9892 9898 10463 10471 10294 10302 10310 10318 10326 10334 10342 10350 10415 10423 10431 10439 10447 10455 10463 10471 10294 10302
10422 10799 10438 10446 10454 10462 10470 10478 10301 10731 10317 10130 10138 10146 10154 10162 10170 10175 10180 10678 10683 10688 10693 10701 10709 10717 10725 9884 9891 9830 9835 10357 10422 10430 10438 10446 10454 10462 10470 10478 10301 10309 10317 10325 10333 10341 10349 10357 10422 10430
10421 10798 10437 10445 10453 10461 10469 10477 10300 10730 10316 10129 10137 10145 10153 10161 10169 10174 10179 10677 10682 10687 10692 10700 10708 10716 10724 9883 9825 9829 9834 10356 10421 10737 10437 10445 10453 10461 10469 10477 10300 10308 10316 10324 10332 10340 10348 10356 10421 10429
10420 10428 10436 10444 10452 10460 10468 10734 10299 10307 10315 10128 10136 10144 10152 10160 10168 10173 10178 10676 10681 10686 10691 10699 10707 10715 10723 9821 9824 9828 9833 9837 10420 10428 10436 10444 10452 10460 10468 10476 10299 10307 10315 10323 10331 10339 10347 10355 10420 10428
10419 10427 10435 10443 10451 10459 10467 10475 10298 10306 10314 10127 10135 10143 10151 10159 10167 10172 10177 10675 10680 10685 10690 10698 10706 10714 10722 10322 9823 9827 9832 9836 10419 10427 10435 10443 10451 10459 10467 10475 10298 10306 10314 10322 10824 10831 10346 10354 10419 10427
10418 10426 10434 10442 10450 10458 10466 10474 10297 10305 10313 10126 10735 10142 10150 10158 10166 10171 10810 10809 10679 10684 10316 10697 10705 10713 10721 10321 9822 9826 9831 10353 10418 10426 10434 10442 10450 10458 10466 10474 10297 10305 10313 10817 10823 10830 10837 10842 10418 10426
10417 10425 10433 10441 10449 10457 10465 10473 10296 10304 10312 10320 10328 10336 10344 10352 10809 10425 10809 10809 10449 10316 10465 10809 10809 10304 10312 10736 10328 10336 10344 10352 10417 10425 10433 10441 10449 10457 10465 10473 10296 10304 10312 10816 10822 10829 10836 10841 10417 10425
10416 10424 10432 10440 10448 10456 10464 10472 10295 10303 10311 10319 10327 10335 10343 10351 10416 10424 10809 10809 10809 10456 10464 10472 10295 10303 10311 10319 10327 10335 10343 10351 10416 10424 10432 10440 10448 10456 10464 10472 10295 10303 10311 10815 10821 10828 10835 10840 10416 10424
10415 10423 10431 10439 10447 10824 10831 10471 10294 10302 10310 10318 10326 10334 10342 10350 10415 10423 10431 10439 10809 10355 10355 10809 10294 10302 10310 10318 10326 10334 10342 10350 10415 10423 10431 10439 10447 10455 10463 10471 10294 10302 10310 10814 10820 10827 10834 10839 10415 10423
10301 10309 10317 10325 10817 10823 10830 10837 10842 10430 10438 10446 10454 10462 10470 10478 10301 10309 10317 10355 10333 10341 10349 10357 10422 10738 10438 10446 10454 10462 10470 10478 10301 10309 10317 10325 10333 10341 10737 10357 10422 10430 10438 10813 10819 10826 10833 10838 10301 10309
10300 10308 10316 10324 10816 10822 10829 10836 10841 10429 10437 10445 10453 10461 10469 10477 10300 10308 10316 10324 10332 10355 10348 10356 10421 10429 10437 10445 10453 10461 10469 10477 10300 10308 10316 10324 10332 10340 10348 10356 10421 10429 10437 10445 10818 10825 10832 10477 10300 10308
10299 10307 10315 10323 10815 10821 10828 10835 10840 10428 10436 10444 10452 10460 10468 10476 10299 10307 10315 10323 10331 10339 10347 10355 10420 10428 10436 10444 10452 10460 10468 10476 10299 10307 10315 10323 10331 10339 10347 10355 10420 10428 10436 10444 10452 10460 10468 10476 10299 10307
10298 10306 10314 10322 10814 10820 10827 10834 10839 10427 10435 10443 10451 10459 10467 10475 10298 10306 10314 10322 10330 10338 10346 10354 10419 10427 10435 10443 10451 10459 10467 10475 10298 10306 10314 10322 10330 10338 10346 10354 10419 10427 10435 10443 10451 10459 10467 10475 10298 10306
10297 10305 10313 10321 10813 10819 10826 10833 10838 10426 10434 10442 10450 10458 10466 10779 10784 10790 10313 10321 10329 10337 10345 10853 10856 10858 10434 10442 10450 10458 10466 10474 10297 10305 10313 10321 10329 10337 10345 10353 10418 10426 10434 10442 10450 10458 10466 10474 10297 10305
10296 10304 10312 10320 10328 10818 10825 10832 10417 10425 10433 10441 10449 10457 10465 10778 10783 10789 10793 10320 10328 10336 10344 10352 10855 10857 10433 10441 10449 10457 10465 10473 10296 9775 9778 9781 10328 10336 10344 9775 9778 9781 10433 10441 10449 10457 10465 10473 10296 10304
10295 10303 10311 10319 10327 10335 10343 10351 10416 10424 10432 10440 10448 10456 10464 10777 10782 10788 10311 10319 10327 10335 10343 10351 10854 10424 10432 10440 10448 10456 10464 10472 10295 9774 9777 9780 11019 11023 11027 11031 9777 10797 10801 10440 10448 10456 10464 10472 10295 10303
10810 10302 10310 10318 10326 10334 10342 10737 10415 10423 10431 10439 10447 10455 10463 10471 10781 10787 10792 10794 10326 10334 10342 10350 10415 10423 10431 10439 10737 10455 10463 10471 10294 10302 9776 9779 11018 11022 11026 11030 9776 10796 10800 10439 10447 10455 10463 10471 10294 10302
10809 10811 10438 10446 10454 10462 10470 10478 10301 10309 10317 10325 10333 10341 10349 10357 10780 10786 10791 10446 10454 10462 10470 10478 10301 10309 10317 10325 10333 10341 10349 10357 10422 10430 10438 10446 11017 11021 11025 11029 10301 10309 10799 10325 10333 10341 10349 10357 10422 10430
10808 10429 10437 10445 10453 10461 10469 10477 10300 10308 10316 10324 10332 10340 10348 10356 10421 10785 10437 10445 10453 10461 10469 10477 10300 10308 10316 10324 10332 10340 10348 10356 10421 10429 10437 10445 11016 11020 11024 11028 10300 10308 10798 10324 10332 10340 10348 10356 10421 10429
tile 7943 0 0
tile 7944 56 0
tile 7945 112 0
tile 7946 168 0
tile 7947 224 0
tile 7948 280 0
tile 7949 336 0
tile 7950 392 0
tile 7951 448 0
tile 7952 504 0
tile 7953 560 0
tile 7954 616 0
tile 7955 672 0
tile 7956 728 0
tile 7957 784 0
tile 7958 840 0
tile 7959 896 0
tile 7960 952 0
tile 7961 1008 0
tile 7962 1064 0
tile 7963 1120 0
tile 7964 1176 0
tile 7965 1232 0
tile 8178 1288 0
tile 8179 0 27
tile 9774 56 27
tile 9775 112 27
tile 9776 168 27
tile 9777 224 27
tile 9778 280 27
tile 9779 336 27
tile 9780 392 27
tile 9781 448 27
tile 9789 504 27
tile 9791 560 27
tile 9821 616 27
tile 9822 672 27
tile 9823 728 27
tile 9824 784 27
tile 9825 840 27
tile 9826 896 27
tile 9827 952 27
tile 9828 1008 27
tile 9829 1064 27
tile 9830 1120 27
tile 9831 1176 27
tile 9832 1232 27
tile 9833 1288 27
tile 9834 0 54
tile 9835 56 54
tile 9836 112 54
tile 9837 168 54
tile 9839 224 54
tile 9840 280 54
tile 9841 336 54
tile 9842 392 54
tile 9843 448 54
tile 9844 504 54
tile 9845 560 54
tile 9846 616 54
tile 9856 672 54
tile 9857 728 54
tile 9858 784 54
tile 9859 840 54
tile 9860 896 54
tile 9861 952 54
tile 9862 1008 54
tile 9863 1064 54
tile 9864 1120 54
tile 9865 1176 54
tile 9866 1232 54
tile 9867 1288 54
tile 9868 0 81
tile 9869 56 81
tile 9870 112 81
tile 9871 168 81
tile 9872 224 81
tile 9873 280 81
tile 9874 336 81
tile 9875 392 81
tile 9876 448 81
tile 9877 504 81
tile 9883 560 81
tile 9884 616 81
tile 9885 672 81
tile 9886 728 81
tile 9887 784 81
tile 9888 840 81
tile 9891 896 81
tile 9892 952 81
tile 9893 1008 81
tile 9894 1064 81
tile 9895 1120 81
tile 9896 1176 81
tile 9897 1232 81
tile 9898 1288 81
tile 9899 0 108
tile 9900 56 108
tile 9901 112 108
tile 9902 168 108
tile 9903 224 108
tile 9904 280 108
tile 9905 336 108
tile 9906 392 108
tile 10126 448 108
tile 10127 504 108
tile 10128 560 108
tile 10129 616 108
tile 10130 672 108
tile 10131 728 108
tile 10132 784 108
tile 10135 840 108
tile 10136 896 108
tile 10137 952 108
tile 10138 1008 108
tile 10139 1064 108
tile 10140 1120 108
tile 10141 1176 108
tile 10142 1232 108
tile 10143 1288 108
tile 10144 0 135
tile 10145 56 135
tile 10146 112 135
tile 10147 168 135
tile 10148 224 135
tile 10149 280 135
tile 10150 336 135
tile 10151 392 135
tile 10152 448 135
tile 10153 504 135
tile 10154 560 135
tile 10155 616 135
tile 10156 672 135
tile 10157 728 135
tile 10158 784 135
tile 10159 840 135
tile 10160 896 135
tile 10161 952 135
tile 10162 1008 135
tile 10163 1064 135
tile 10164 1120 135
tile 10165 1176 135
tile 10166 1232 135
tile 10167 1288 135
tile 10168 0 162
tile 10169 56 162
tile 10170 112 162
tile 10171 168 162
tile 10172 224 162
tile 10173 280 162
tile 10174 336 162
tile 10175 392 162
tile 10177 448 162
tile 10178 504 162
tile 10179 560 162
tile 10180 616 162
tile 10182 672 162
tile 10183 728 162
tile 10184 784 162
tile 10185 840 162
tile 10186 896 162
tile 10187 952 162
tile 10188 1008 162
tile 10189 1064 162
tile 10190 1120 162
tile 10191 1176 162
tile 10192 1232 162
tile 10193 1288 162
tile 10194 0 189
tile 10195 56 189
tile 10196 112 189
tile 10197 168 189
tile 10198 224 189
tile 10199 280 189
tile 10200 336 189
tile 10201 392 189
tile 10202 448 189
tile 10203 504 189
tile 10204 560 189
tile 10205 616 189
tile 10206 672 189
tile 10207 728 189
tile 10208 784 189
tile 10209 840 189
tile 10210 896 189
tile 10211 952 189
tile 10212 1008 189
tile 10213 1064 189
tile 10214 1120 189
tile 10215 1176 189
tile 10216 1232 189
tile 10217 1288 189
tile 10218 0 216
tile 10219 56 216
tile 10220 112 216
tile 10221 168 216
tile 10222 224 216
tile 10223 280 216
tile 10224 336 216
tile 10225 392 216
tile 10226 448 216
tile 10227 504 216
tile 10228 560 216
tile 10229 616 216
tile 10230 672 216
tile 10231 728 216
tile 10232 784 216
tile 10233 840 216
tile 10234 896 216
tile 10235 952 216
tile 10236 1008 216
tile 10294 1064 216
tile 10295 1120 216
tile 10296 1176 216
tile 10297 1232 216
tile 10298 1288 216
tile 10299 0 243
tile 10300 56 243
tile 10301 112 243
tile 10302 168 243
tile 10303 224 243
tile 10304 280 243
tile 10305 336 243
tile 10306 392 243
tile 10307 448 243
tile 10308 504 243
tile 10309 560 243
tile 10310 616 243
tile 10311 672 243
tile 10312 728 243
tile 10313 784 243
tile 10314 840 243
tile 10315 896 243
tile 10316 952 243
tile 10317 1008 243
tile 10318 1064 243
tile 10319 1120 243
tile 10320 1176 243
tile 10321 1232 243
tile 10322 1288 243
tile 10323 0 270
tile 10324 56 270
tile 10325 112 270
tile 10326 168 270
tile 10327 224 270
tile 10328 280 270
tile 10329 336 270
tile 10330 392 270
tile 10331 448 270
tile 10332 504 270
tile 10333 560 270
tile 10334 616 270
tile 10335 672 270
tile 10336 728 270
tile 10337 784 270
tile 10338 840 270
tile 10339 896 270
tile 10340 952 270
tile 10341 1008 270
tile 10342 1064 270
tile 10343 1120 270
tile 10344 1176 270
tile 10345 1232 270
tile 10346 1288 270
tile 10347 0 297
tile 10348 56 297
tile 10349 112 297
tile 10350 168 297
tile 10351 224 297
tile 10352 280 297
tile 10353 336 297
tile 10354 392 297
tile 10355 448 297
tile 10356 504 297
tile 10357 560 297
tile 10360 616 297
tile 10361 672 297
tile 10362 728 297
tile 10363 784 297
tile 10364 840 297
tile 10365 896 297
tile 10366 952 297
tile 10367 1008 297
tile 10368 1064 297
tile 10369 1120 297
tile 10370 1176 297
tile 10371 1232 297
tile 10372 1288 297
tile 10373 0 324
tile 10374 56 324
tile 10375 112 324
tile 10376 168 324
tile 10377 224 324
tile 10378 280 324
tile 10379 336 324
tile 10380 392 324
tile 10381 448 324
tile 10382 504 324
tile 10383 560 324
tile 10384 616 324
tile 10385 672 324
tile 10386 728 324
tile 10387 784 324
tile 10388 840 324
tile 10389 896 324
tile 10390 952 324
tile 10391 1008 324
tile 10392 1064 324
tile 10393 1120 324
tile 10394 1176 324
tile 10395 1232 324
tile 10396 1288 324
tile 10397 0 351
tile 10398 56 351
tile 10399 112 351
tile 10400 168 351
tile 10401 224 351
tile 10402 280 351
tile 10403 336 351
tile 10404 392 351
tile 10405 448 351
tile 10406 504 351
tile 10407 560 351
tile 10408 616 351
tile 10409 672 351
tile 10410 728 351
tile 10411 784 351
tile 10412 840 351
tile 10413 896 351
tile 10415 952 351
tile 10416 1008 351
tile 10417 1064 351
tile 10418 1120 351
tile 10419 1176 351
tile 10420 1232 351
tile 10421 1288 351
tile 10422 0 378
tile 10423 56 378
tile 10424 112 378
tile 10425 168 378
tile 10426 224 378
tile 10427 280 378
tile 10428 336 378
tile 10429 392 378
tile 10430 448 378
tile 10431 504 378
tile 10432 560 378
tile 10433 616 378
tile 10434 672 378
tile 10435 728 378
tile 10436 784 378
tile 10437 840 378
tile 10438 896 378
tile 10439 952 378
tile 10440 1008 378
tile 10441 1064 378
tile 10442 1120 378
tile 10443 1176 378
tile 10444 1232 378
tile 10445 1288 378
tile 10446 0 405
tile 10447 56 405
tile 10448 112 405
tile 10449 168 405
tile 10450 224 405
tile 10451 280 405
tile 10452 336 405
tile 10453 392 405
tile 10454 448 405
tile 10455 504 405
tile 10456 560 405
tile 10457 616 405
tile 10458 672 405
tile 10459 728 405
tile 10460 784 405
tile 10461 840 405
tile 10462 896 405
tile 10463 952 405
tile 10464 1008 405
tile 10465 1064 405
tile 10466 1120 405
tile 10467 1176 405
tile 10468 1232 405
tile 10469 1288 405
tile 10470 0 432
tile 10471 56 432
tile 10472 112 432
tile 10473 168 432
tile 10474 224 432
tile 10475 280 432
tile 10476 336 432
tile 10477 392 432
tile 10478 448 432
tile 10675 504 432
tile 10676 560 432
tile 10677 616 432
tile 10678 672 432
tile 10679 728 432
tile 10680 784 432
tile 10681 840 432
tile 10682 896 432
tile 10683 952 432
tile 10684 1008 432
tile 10685 1064 432
tile 10686 1120 432
tile 10687 1176 432
tile 10688 1232 432
tile 10690 1288 432
tile 10691 0 459
tile 10692 56 459
tile 10693 112 459
tile 10694 168 459
tile 10695 224 459
tile 10696 280 459
tile 10697 336 459
tile 10698 392 459
tile 10699 448 459
tile 10700 504 459
tile 10701 560 459
tile 10702 616 459
tile 10703 672 459
tile 10704 728 459
tile 10705 784 459
tile 10706 840 459
tile 10707 896 459
tile 10708 952 459
tile 10709 1008 459
tile 10710 1064 459
tile 10711 1120 459
tile 10712 1176 459
tile 10713 1232 459
tile 10714 1288 459
tile 10715 0 486
tile 10716 56 486
tile 10717 112 486
tile 10718 168 486
tile 10719 224 486
tile 10720 280 486
tile 10721 336 486
tile 10722 392 486
tile 10723 448 486
tile 10724 504 486
tile 10725 560 486
tile 10726 616 486
tile 10727 672 486
tile 10728 728 486
tile 10730 784 486
tile 10731 840 486
tile 10734 896 486
tile 10735 952 486
tile 10736 1008 486
tile 10737 1064 486
tile 10738 1120 486
tile 10777 1176 486
tile 10778 1232 486
tile 10779 1288 486
tile 10780 0 513
tile 10781 56 513
tile 10782 112 513
tile 10783 168 513
tile 10784 224 513
tile 10785 280 513
tile 10786 336 513
tile 10787 392 513
tile 10788 448 513
tile 10789 504 513
tile 10790 560 513
tile 10791 616 513
tile 10792 672 513
tile 10793 728 513
tile 10794 784 513
tile 10796 840 513
tile 10797 896 513
tile 10798 952 513
tile 10799 1008 513
tile 10800 1064 513
tile 10801 1120 513
tile 10806 1176 513
tile 10808 1232 513
tile 10809 1288 513
tile 10810 0 540
tile 10811 56 540
tile 10813 112 540
tile 10814 168 540
tile 10815 224 540
tile 10816 280 540
tile 10817 336 540
tile 10818 392 540
tile 10819 448 540
tile 10820 504 540
tile 10821 560 540
tile 10822 616 540
tile 10823 672 540
tile 10824 728 540
tile 10825 784 540
tile 10826 840 540
tile 10827 896 540
tile 10828 952 540
tile 10829 1008 540
tile 10830 1064 540
tile 10831 1120 540
tile 10832 1176 540
tile 10833 1232 540
tile 10834 1288 540
tile 10835 0 567
tile 10836 56 567
tile 10837 112 567
tile 10838 168 567
tile 10839 224 567
tile 10840 280 567
tile 10841 336 567
tile 10842 392 567
tile 10853 448 567
tile 10854 504 567
tile 10855 560 567
tile 10856 616 567
tile 10857 672 567
tile 10858 728 567
tile 10982 784 567
tile 10983 840 567
tile 10984 896 567
tile 10985 952 567
tile 10986 1008 567
tile 10987 1064 567
tile 10988 1120 567
tile 10989 1176 567
tile 10990 1232 567
tile 10991 1288 567
tile 10992 0 594
tile 10993 56 594
tile 10994 112 594
tile 10995 168 594
tile 10996 224 594
tile 10997 280 594
tile 11016 336 594
tile 11017 392 594
tile 11018 448 594
tile 11019 504 594
tile 11020 560 594
tile 11021 616 594
tile 11022 672 594
tile 11023 728 594
tile 11024 784 594
tile 11025 840 594
tile 11026 896 594
tile 11027 952 594
tile 11028 1008 594
tile 11029 1064 594
tile 11030 1120 594
tile 11031 1176 594
tile 11033 1232 594
tile 11034 1288 594
tile 11035 0 621
tile 11036 56 621
tile 11037 112 621
tile 11038 168 621
tile 11039 224 621
tile 11040 280 621
tile 11041 336 621
tile 11042 392 621
tile 11043 448 621
tile 11044 504 621
tile 11045 560 621
tile 11046 616 621
tile 11047 672 621
tile 11048 728 621
picture 10222 308 586 83 0
picture 10223 224 798 148 0
picture 10224 168 574 189 0
picture 10225 84 248 240 0
picture 10226 84 0 248 0
picture 10227 112 428 205 0
picture 10228 224 328 161 0
picture 10229 280 245 118 0
picture 10230 308 902 59 0
picture 10429 336 112 54 0
picture 10430 336 166 54 0
picture 10435 336 220 54 0
picture 10436 336 274 54 0
picture 10437 336 328 54 0
picture 10438 336 382 54 0
picture 10489 140 204 200 0
picture 10490 112 0 214 0
picture 10491 28 272 271 0
picture 10492 0 333 303 0
picture 10493 0 0 333 0
picture 10494 56 270 261 0
picture 10495 140 404 200 0
picture 10496 84 717 224 0
picture 10497 28 543 271 0
picture 10498 0 636 285 0
picture 10499 28 0 272 0
picture 10500 56 0 270 0
picture 10501 56 531 256 0
picture 10503 252 288 140 0
picture 10504 224 489 156 0
picture 10505 168 384 190 0
picture 10506 168 763 187 0
picture 10507 140 604 200 0
picture 10508 112 633 204 0
picture 10509 252 428 138 0
picture 10510 308 309 94 0
picture 10511 336 531 36 0
picture 10512 336 0 56 0
picture 10513 336 56 56 0
picture 10514 140 0 204 0
picture 10515 84 488 229 0
picture 10516 112 214 214 0
picture 10517 196 370 177 0
picture 10518 196 547 175 0
picture 10519 224 165 163 0
picture 10520 252 696 127 0
picture 10521 308 669 81 0
picture 10522 308 207 102 0
picture 10523 224 645 153 0
picture 10524 196 0 185 0
picture 10525 140 804 200 0
picture 10526 196 185 185 0
picture 10527 196 722 167 0
picture 10528 252 0 146 0
picture 10529 308 0 104 0
picture 10540 308 104 103 0
picture 10541 280 363 118 0
picture 10542 252 823 126 0
picture 10543 280 126 119 0
picture 10544 280 481 113 0
picture 10553 308 497 89 0
picture 10554 308 403 94 0
picture 10555 336 638 29 0
picture 10556 280 0 126 0
picture 10557 252 566 130 0
picture 10558 280 594 113 0
picture 10563 308 830 72 0
picture 10564 280 707 107 0
picture 10565 280 814 107 0
picture 10566 308 750 80 0
picture 10567 336 603 35 0
picture 10575 224 0 165 0
picture 10576 168 0 192 0
picture 10577 168 192 192 0
picture 10578 252 146 142 0
picture 10607 308 961 58 0
picture 10608 336 436 53 0
picture 10611 336 567 36 0
picture 10612 336 489 42 0
object 12 1 right 10578
object 18 1 right 10578
object 19 1 right 10555
object 11 2 left 10575
object 12 2 left 10576
object 12 2 right 10577
object 17 2 left 10575
object 18 2 left 10576
object 18 2 right 10577
object 19 2 left 10553
object 19 2 right 10554
object 3 3 right 10495
object 44 3 right 10495
object 3 4 right 10494
object 12 4 left 10429
object 12 4 right 10430
object 44 4 right 10494
object 0 5 left 10489
object 1 5 left 10490
object 2 5 left 10491
object 3 5 left 10492
object 3 5 right 10493
object 10 5 right 10495
object 36 5 right 10495
object 41 5 left 10489
object 42 5 left 10490
object 43 5 left 10491
object 44 5 left 10492
object 44 5 right 10493
object 10 6 right 10494
object 27 6 right 10230
object 29 6 right 10544
object 36 6 right 10494
object 7 7 left 10489
object 8 7 left 10490
object 9 7 left 10491
object 10 7 left 10492
object 10 7 right 10493
object 27 7 left 10540
object 27 7 right 10229
object 28 7 left 10541
object 29 7 left 10542
object 29 7 right 10543
object 33 7 left 10489
object 34 7 left 10490
object 35 7 left 10491
object 36 7 left 10492
object 36 7 right 10493
object 27 8 right 10228
object 23 9 left 10222
object 27 9 left 10226
object 27 9 right 10227
object 28 9 left 10607
object 28 9 right 10608
object 8 10 right 10495
object 25 10 left 10223
object 26 10 left 10224
object 26 10 right 10225
object 27 10 right 10529
object 28 10 right 10555
object 42 10 right 10544
object 8 11 right 10494
object 27 11 right 10528
object 28 11 left 10553
object 28 11 right 10554
object 40 11 left 10540
object 41 11 left 10541
object 42 11 left 10542
object 42 11 right 10543
object 5 12 left 10489
object 6 12 left 10490
object 7 12 left 10491
object 8 12 left 10492
object 8 12 right 10493
object 26 12 right 10529
object 27 12 right 10527
object 49 12 right 10578
object 23 13 left 10521
object 24 13 left 10522
object 25 13 left 10523
object 26 13 left 10524
object 27 13 left 10525
object 27 13 right 10526
object 44 13 left 10435
object 44 13 right 10436
object 48 13 left 10575
object 49 13 left 10576
object 49 13 right 10577
object 8 18 left 10503
object 9 18 left 10504
object 10 18 left 10505
object 11 18 left 10506
object 12 18 left 10507
object 13 18 left 10508
object 14 18 left 10509
object 14 18 right 10510
object 17 18 right 10501
object 49 18 right 10567
object 17 19 right 10500
object 49 19 right 10566
object 9 20 left 10611
object 9 20 right 10612
object 10 20 left 10611
object 10 20 right 10612
object 15 20 left 10496
object 16 20 left 10497
object 17 20 left 10498
object 17 20 right 10499
object 48 20 left 10563
object 49 20 left 10564
object 49 20 right 10565
object 49 22 right 10555
object 8 23 left 10611
object 8 23 right 10612
object 9 23 left 10611
object 9 23 right 10612
object 49 23 left 10553
object 49 23 right 10554
object 9 24 left 10611
object 9 24 right 10612
object 10 24 left 10611
object 10 24 right 10612
object 9 25 left 10611
object 9 25 right 10612
object 27 25 right 10520
object 42 25 right 10495
object 27 26 right 10519
object 42 26 right 10494
object 27 27 right 10518
object 39 27 left 10489
object 40 27 left 10490
object 41 27 left 10491
object 42 27 left 10492
object 42 27 right 10493
object 4 28 left 10503
object 5 28 left 10504
object 6 28 left 10505
object 7 28 left 10506
object 8 28 left 10507
object 9 28 left 10508
object 10 28 left 10509
object 10 28 right 10510
object 27 28 right 10517
object 27 29 right 10516
object 27 30 right 10515
object 1 31 right 10555
object 27 31 right 10514
object 1 32 left 10553
object 1 32 right 10554
object 27 32 right 10513
object 27 33 left 10511
object 27 33 right 10512
object 24 34 left 10503
object 25 34 left 10504
object 26 34 left 10505
object 27 34 left 10506
object 28 34 left 10507
object 29 34 left 10508
object 30 34 left 10509
object 30 34 right 10510
object 19 36 left 10611
object 19 36 right 10612
object 16 37 left 10611
object 16 37 right 10612
object 18 37 left 10611
object 18 37 right 10612
object 19 37 left 10611
object 19 37 right 10612
object 23 37 left 10611
object 23 37 right 10612
object 24 37 left 10611
object 24 37 right 10612
object 46 37 right 10529
object 18 38 left 10611
object 18 38 right 10612
object 19 38 left 10611
object 19 38 right 10612
object 20 38 left 10611
object 20 38 right 10612
object 46 38 right 10528
object 20 39 left 10611
object 20 39 right 10612
object 23 39 left 10611
object 23 39 right 10612
object 46 39 right 10527
object 42 40 left 10521
object 43 40 left 10522
object 44 40 left 10523
object 45 40 left 10524
object 46 40 left 10525
object 46 40 right 10526
object 7 41 right 10529
object 7 42 right 10528
object 7 43 right 10527
object 39 43 left 10437
object 39 43 right 10438
object 3 44 left 10521
object 4 44 left 10522
object 5 44 left 10523
object 6 44 left 10524
object 7 44 left 10525
object 7 44 right 10526
object 24 45 right 10558
object 24 46 left 10556
object 24 46 right 10557
object 17 47 right 10495
object 42 47 right 10555
object 0 48 left 10611
object 0 48 right 10612
object 17 48 right 10494
object 35 48 right 10578
object 41 48 right 10578
object 42 48 left 10553
object 42 48 right 10554
object 14 49 left 10489
object 15 49 left 10490
object 16 49 left 10491
object 17 49 left 10492
object 17 49 right 10493
object 34 49 left 10575
object 35 49 left 10576
object 35 49 right 10577
object 40 49 left 10575
object 41 49 left 10576
object 41 49 right 10577
