# lod20673 — tools/dat-extract layout 이 만든다. 손으로 고치지 말 것.
size 20 40
blocked
#####.##############
##..........#......#
##..........#......#
#...........#......#
#...........#......#
#...........#......#
###.........##.....#
#........#.........#
#........##........#
#..................#
#..................#
#..................#
###................#
####....#..........#
##########.....#...#
##..##...#....######
#...#....#....######
#........#....##...#
#........#....##...#
#........#....##...#
#........#....##...#
#........#....#....#
######...###.......#
##..#..............#
##..#..............#
##..#..............#
##..#..##..........#
#...####...........#
#.....##...........#
#......#...........#
#............#.....#
#............#######
#....##........###.#
#....##............#
#....##............#
##.................#
##.................#
#..................#
#..................#
#########.##########
floor
5259 5225 5228 5231 5231 5234 5259 5275 5296 5299 5302 5305 5251 5254 5257 5260 5263 5266 5269 5251
5258 5286 5289 5289 5292 5295 5295 5298 5301 5226 5229 5232 5235 5238 5253 5256 5225 5282 5285 5254
5257 5288 5288 5288 5291 5294 5294 5275 5278 5281 5228 5231 5234 5259 5229 5255 5224 5281 5284 5294
5286 5287 5287 5293 5234 5253 5272 5238 5253 5270 5227 5230 5233 5236 5251 5254 5253 5256 5259 5238
5285 5298 5301 5237 5240 5243 5246 5259 5229 5255 5240 5243 5247 5250 5253 5256 5229 5255 5258 5259
5287 5261 5300 5236 5239 5242 5245 5252 5255 5285 5288 5252 5246 5249 5252 5255 5237 5240 5243 5236
5257 5296 5299 5229 5229 5232 5226 5260 5263 5236 5239 5242 5245 5248 5251 5254 5285 5288 5252 5250
5286 5261 5264 5261 5264 5267 5289 5292 5295 5304 5307 5253 5256 5259 5262 5265 5249 5239 5242 5271
5252 5252 5255 5260 5263 5266 5288 5291 5294 5303 5306 5252 5255 5258 5261 5264 5304 5307 5253 5270
5236 5260 5263 5289 5292 5295 5287 5293 5234 5302 5305 5251 5254 5257 5260 5263 5237 5306 5252 5269
5250 5298 5301 5304 5307 5253 5256 5259 5257 5286 5268 5271 5293 5258 5281 5284 5236 5305 5251 5253
5271 5240 5300 5303 5306 5252 5255 5258 5253 5286 5267 5270 5252 5255 5258 5275 5278 5281 5284 5252
5270 5288 5264 5237 5240 5243 5278 5290 5281 5270 5284 5269 5251 5254 5257 5271 5253 5256 5253 5251
5257 5239 5229 5232 5255 5238 5273 5276 5279 5282 5285 5288 5291 5294 5301 5270 5252 5255 5258 5257
5286 5225 5228 5231 5234 5237 5272 5275 5278 5281 5284 5287 5290 5304 5307 5269 5251 5254 5257 5286
5285 5257 5256 5259 0 5265 5268 5271 5253 0 5253 5253 5256 5259 0 5265 5268 5271 5253 5256
5284 5252 5255 5258 0 5264 5267 5270 5252 0 5258 5252 5255 5258 0 5264 5267 5270 5252 5255
5268 5237 5240 5243 5246 5263 5266 5269 5251 0 5257 5251 5254 5257 0 5263 5266 5294 5257 5288
5267 5236 5239 5242 5245 5282 5285 5288 5291 0 5301 5238 5273 5276 0 5282 5285 5238 5286 5252
5266 5229 5229 5232 5226 5281 5284 5287 5281 0 5284 5287 5290 5275 0 5281 5284 5287 5290 5252
5259 5261 5264 5267 5270 5234 5259 5275 5296 0 5302 5305 5251 5254 0 5260 5263 5266 5269 5251
5258 5260 5263 5266 5269 5295 5295 5274 5273 0 5279 5295 5252 5295 0 5300 5225 5282 5285 5254
5257 5289 5292 5295 5303 5250 5253 5256 5226 5229 5232 5235 5238 5253 5256 5299 5224 5281 5284 5294
5286 5287 5287 5293 5234 5249 5252 5255 5225 5228 5231 5234 5259 5229 5255 5290 5253 5256 5259 5238
5285 5298 5301 5226 5229 5248 5251 5254 5224 5227 5230 5233 5236 5251 5254 5293 5229 5255 5258 5259
5287 5261 5300 5225 5228 5259 5262 5265 5237 5240 5243 5247 5250 5253 5289 5292 5295 5240 5243 5236
5257 5296 5299 5224 5227 5258 5261 5264 5285 5288 5252 5246 5249 5252 5288 5291 5294 5288 5252 5250
5286 5261 5264 5237 5240 5243 5260 5263 5236 5239 5242 5245 5248 5251 5287 5293 5234 5239 5242 5271
5286 5252 5255 5285 5250 5253 5256 5301 5304 5307 5253 5256 5259 5262 5265 5290 5304 5307 5253 5270
5285 5260 5263 5236 5249 5252 5255 5300 5303 5306 5252 5255 5258 5261 5264 5256 5237 5306 5252 5269
5284 5298 5301 5304 5248 5251 5254 5299 5302 5305 5251 5254 5257 5260 5263 5255 5236 5305 5257 5288
5259 5240 5300 5303 5259 5262 5265 5258 5253 5286 5267 5270 5252 5255 5258 5275 5278 5281 5286 5252
5258 5288 5264 5237 5258 5261 5264 5290 5281 5270 5284 5269 5251 5254 5257 5271 5253 5256 5290 5252
5257 5239 5229 5232 5255 5238 5273 5276 5279 5282 5285 5288 5291 5294 5301 5270 5252 5255 5269 5251
5286 5225 5228 5231 5234 5237 5272 5275 5278 5281 5284 5255 5225 5228 5307 5269 5251 5254 5257 5286
5285 5257 5256 5259 5262 5265 5268 5271 5253 5256 5253 5254 5224 5227 5262 5265 5268 5271 5253 5256
5284 5252 5255 5258 5261 5264 5267 5270 5252 5255 5258 5252 5255 5258 5261 5264 5267 5270 5252 5255
5268 5251 5254 5257 5260 5263 5266 5269 5251 5254 5257 5251 5254 5257 5260 5263 5266 5294 5257 5288
5267 5238 5273 5276 5279 5282 5285 5288 5291 5294 5301 5238 5273 5276 5279 5282 5285 5238 5286 5287
5266 5237 5272 5275 5278 5281 5284 5231 5231 5234 5259 5287 5290 5275 5278 5281 5284 5287 5290 5304
tile 5224 0 0
tile 5225 56 0
tile 5226 112 0
tile 5227 168 0
tile 5228 224 0
tile 5229 280 0
tile 5230 336 0
tile 5231 392 0
tile 5232 448 0
tile 5233 0 27
tile 5234 56 27
tile 5235 112 27
tile 5236 168 27
tile 5237 224 27
tile 5238 280 27
tile 5239 336 27
tile 5240 392 27
tile 5242 448 27
tile 5243 0 54
tile 5245 56 54
tile 5246 112 54
tile 5247 168 54
tile 5248 224 54
tile 5249 280 54
tile 5250 336 54
tile 5251 392 54
tile 5252 448 54
tile 5253 0 81
tile 5254 56 81
tile 5255 112 81
tile 5256 168 81
tile 5257 224 81
tile 5258 280 81
tile 5259 336 81
tile 5260 392 81
tile 5261 448 81
tile 5262 0 108
tile 5263 56 108
tile 5264 112 108
tile 5265 168 108
tile 5266 224 108
tile 5267 280 108
tile 5268 336 108
tile 5269 392 108
tile 5270 448 108
tile 5271 0 135
tile 5272 56 135
tile 5273 112 135
tile 5274 168 135
tile 5275 224 135
tile 5276 280 135
tile 5278 336 135
tile 5279 392 135
tile 5281 448 135
tile 5282 0 162
tile 5284 56 162
tile 5285 112 162
tile 5286 168 162
tile 5287 224 162
tile 5288 280 162
tile 5289 336 162
tile 5290 392 162
tile 5291 448 162
tile 5292 0 189
tile 5293 56 189
tile 5294 112 189
tile 5295 168 189
tile 5296 224 189
tile 5298 280 189
tile 5299 336 189
tile 5300 392 189
tile 5301 448 189
tile 5302 0 216
tile 5303 56 216
tile 5304 112 216
tile 5305 168 216
tile 5306 224 216
tile 5307 280 216
picture 6105 252 664 47 0
picture 6106 252 518 50 0
picture 6107 252 711 46 0
picture 6108 252 803 44 0
picture 6109 252 890 41 0
picture 6110 252 757 46 0
picture 6113 280 31 30 0
picture 6115 280 0 31 0
picture 6116 252 847 43 0
picture 6117 252 414 52 0
picture 6118 252 466 52 0
picture 6125 252 966 33 0
picture 6126 280 61 29 0
picture 6534 168 567 104 0
picture 6535 28 863 118 0
picture 6536 56 0 118 0
picture 6537 56 118 118 0
picture 6538 168 671 104 0
picture 6539 168 775 104 0
picture 6540 56 236 118 0
picture 6541 56 354 118 0
picture 6542 56 472 118 0
picture 6543 168 879 104 0
picture 6544 196 0 104 0
picture 6550 56 590 118 0
picture 6553 196 104 104 0
picture 6557 56 708 118 0
picture 6558 196 208 104 0
picture 6564 196 312 104 0
picture 6565 56 826 118 0
picture 6566 84 0 118 0
picture 6567 84 118 118 0
picture 6568 196 416 104 0
picture 6569 196 520 104 0
picture 6570 84 236 118 0
picture 6571 84 354 118 0
picture 6574 196 624 104 0
picture 6575 84 472 118 0
picture 6576 84 590 118 0
picture 6577 84 708 118 0
picture 6578 196 728 104 0
picture 6579 196 832 104 0
picture 6580 84 826 118 0
picture 6581 112 0 118 0
picture 6582 112 118 118 0
picture 6583 224 0 104 0
picture 6584 224 104 104 0
picture 6585 112 236 118 0
picture 6586 112 354 118 0
picture 6591 112 472 118 0
picture 6592 112 590 118 0
picture 6593 224 208 104 0
picture 6594 224 312 104 0
picture 6596 112 708 118 0
picture 6604 28 377 123 0
picture 6605 0 784 127 0
picture 6606 0 528 128 0
picture 6607 168 236 111 0
picture 6608 168 347 111 0
picture 6609 0 656 128 0
picture 6610 28 0 127 0
picture 6611 28 500 123 0
picture 6612 252 284 65 0
picture 6613 252 349 65 0
picture 6614 252 149 68 0
picture 6615 252 79 70 0
picture 6616 252 931 35 0
picture 6617 224 919 85 0
picture 6618 224 832 87 0
picture 6619 252 0 79 0
picture 6620 252 217 67 0
picture 6628 224 416 104 0
picture 6629 224 520 104 0
picture 6630 224 624 104 0
picture 6637 112 826 118 0
picture 6638 140 0 118 0
picture 6639 140 118 118 0
picture 6640 224 728 104 0
picture 6646 168 458 109 0
picture 6647 140 236 118 0
picture 6648 28 127 125 0
picture 6649 140 354 118 0
picture 6650 140 472 118 0
picture 6651 28 623 120 0
picture 6652 0 0 134 0
picture 6653 140 590 118 0
picture 6654 0 268 130 0
picture 6655 252 568 48 0
picture 6656 252 616 48 0
picture 6657 0 398 130 0
picture 6658 140 708 118 0
picture 6659 0 134 134 0
picture 6660 28 743 120 0
picture 6661 140 826 118 0
picture 6662 168 0 118 0
picture 6663 28 252 125 0
picture 6664 168 118 118 0
object 0 0 left 6629
object 0 0 right 6630
object 1 0 left 6569
object 2 0 left 6570
object 3 0 left 6571
object 4 0 left 6637
object 5 0 left 6638
object 6 0 left 6639
object 6 0 right 6640
object 7 0 left 6541
object 8 0 left 6557
object 8 0 right 6558
object 9 0 left 6540
object 10 0 left 6541
object 10 0 right 6543
object 11 0 left 6534
object 12 0 left 6535
object 13 0 left 6536
object 13 0 right 6640
object 14 0 left 6550
object 14 0 right 6558
object 15 0 left 6535
object 15 0 right 6640
object 16 0 left 6535
object 16 0 right 6558
object 17 0 left 6550
object 17 0 right 6640
object 18 0 left 6541
object 18 0 right 6558
object 19 0 left 6542
object 19 0 right 6628
object 0 1 left 6107
object 0 1 right 6568
object 1 1 left 6125
object 1 1 right 6126
object 12 1 right 6583
object 19 1 right 6576
object 0 2 left 6107
object 0 2 right 6567
object 1 2 left 6612
object 1 2 right 6613
object 12 2 right 6582
object 19 2 left 6574
object 19 2 right 6575
object 0 3 left 6107
object 0 3 right 6566
object 12 3 left 6574
object 12 3 right 6576
object 19 3 left 6564
object 19 3 right 6565
object 0 4 left 6564
object 0 4 right 6565
object 12 4 left 6574
object 12 4 right 6575
object 19 4 right 6583
object 0 5 left 6107
object 0 5 right 6583
object 12 5 left 6539
object 12 5 right 6576
object 19 5 right 6586
object 0 6 left 6107
object 0 6 right 6586
object 1 6 left 6564
object 1 6 right 6583
object 2 6 left 6564
object 2 6 right 6583
object 12 6 left 6564
object 12 6 right 6583
object 13 6 left 6564
object 13 6 right 6583
object 19 6 left 6584
object 19 6 right 6585
object 0 7 left 6584
object 0 7 right 6585
object 9 7 left 6564
object 9 7 right 6583
object 19 7 left 6584
object 19 7 right 6585
object 0 8 left 6574
object 0 8 right 6591
object 9 8 left 6113
object 10 8 left 6117
object 10 8 right 6118
object 19 8 left 6594
object 19 8 right 6596
object 0 9 left 6584
object 0 9 right 6585
object 19 9 left 6564
object 19 9 right 6593
object 0 10 left 6594
object 0 10 right 6596
object 19 10 right 6592
object 0 11 left 6107
object 0 11 right 6593
object 19 11 left 6574
object 19 11 right 6591
object 0 12 left 6584
object 0 12 right 6592
object 19 12 left 6584
object 19 12 right 6585
object 0 13 left 6584
object 0 13 right 6585
object 3 13 left 6564
object 3 13 right 6583
object 8 13 right 6616
object 19 13 left 6584
object 19 13 right 6585
object 0 14 left 6594
object 0 14 right 6583
object 1 14 left 6535
object 2 14 left 6536
object 2 14 right 6618
object 3 14 left 6537
object 3 14 right 6538
object 4 14 left 6107
object 4 14 right 6108
object 5 14 left 6604
object 6 14 left 6605
object 7 14 left 6606
object 7 14 right 6607
object 8 14 left 6614
object 8 14 right 6615
object 9 14 left 6107
object 9 14 right 6108
object 15 14 left 6564
object 15 14 right 6583
object 19 14 left 6594
object 19 14 right 6596
object 0 15 left 6564
object 0 15 right 6565
object 1 15 left 6107
object 1 15 right 6108
object 4 15 right 6583
object 5 15 left 6109
object 5 15 right 6110
object 9 15 right 6583
object 14 15 right 6583
object 15 15 left 6564
object 15 15 right 6583
object 16 15 left 6564
object 16 15 right 6583
object 17 15 left 6564
object 17 15 right 6583
object 18 15 left 6564
object 18 15 right 6583
object 19 15 left 6564
object 19 15 right 6593
object 0 16 right 6583
object 4 16 left 6564
object 4 16 right 6582
object 9 16 left 6564
object 9 16 right 6582
object 14 16 left 6564
object 14 16 right 6582
object 16 16 left 6661
object 17 16 left 6662
object 18 16 left 6663
object 19 16 left 6664
object 19 16 right 6592
object 0 17 left 6574
object 0 17 right 6586
object 9 17 right 6581
object 14 17 right 6581
object 15 17 right 6660
object 19 17 left 6574
object 19 17 right 6566
object 0 18 left 6584
object 0 18 right 6585
object 9 18 left 6579
object 9 18 right 6580
object 14 18 left 6579
object 14 18 right 6580
object 15 18 right 6659
object 19 18 left 6574
object 19 18 right 6591
object 0 19 left 6584
object 0 19 right 6585
object 9 19 left 6564
object 9 19 right 6583
object 14 19 left 6564
object 14 19 right 6583
object 15 19 right 6658
object 19 19 left 6574
object 19 19 right 6591
object 0 20 left 6594
object 0 20 right 6596
object 9 20 right 6581
object 14 20 right 6581
object 15 20 left 6656
object 15 20 right 6657
object 19 20 right 6566
object 0 21 right 6593
object 9 21 left 6579
object 9 21 right 6580
object 14 21 left 6579
object 14 21 right 6580
object 19 21 left 6564
object 19 21 right 6565
object 0 22 right 6592
object 2 22 left 6651
object 3 22 left 6652
object 4 22 left 6653
object 5 22 left 6654
object 5 22 right 6655
object 9 22 left 6115
object 9 22 right 6116
object 10 22 left 6564
object 10 22 right 6583
object 11 22 left 6564
object 11 22 right 6583
object 19 22 left 6584
object 19 22 right 6583
object 0 23 left 6574
object 0 23 right 6591
object 1 23 right 6650
object 4 23 right 6583
object 19 23 left 6594
object 19 23 right 6586
object 0 24 left 6564
object 0 24 right 6586
object 1 24 right 6649
object 4 24 left 6564
object 4 24 right 6582
object 19 24 left 6584
object 19 24 right 6585
object 0 25 left 6584
object 0 25 right 6585
object 1 25 right 6648
object 4 25 right 6581
object 19 25 left 6584
object 19 25 right 6585
object 0 26 right 6586
object 1 26 left 6646
object 1 26 right 6647
object 4 26 left 6579
object 4 26 right 6580
object 7 26 left 6125
object 7 26 right 6126
object 8 26 left 6564
object 8 26 right 6583
object 19 26 left 6594
object 19 26 right 6596
object 0 27 left 6584
object 0 27 right 6585
object 4 27 left 6564
object 4 27 right 6583
object 5 27 left 6564
object 5 27 right 6583
object 19 27 right 6593
object 0 28 left 6584
object 0 28 right 6585
object 8 28 left 6619
object 8 28 right 6620
object 19 28 right 6592
object 0 29 left 6594
object 0 29 right 6596
object 7 29 left 6617
object 7 29 right 6618
object 19 29 right 6586
object 0 30 right 6593
object 13 30 left 6564
object 13 30 right 6583
object 19 30 left 6574
object 19 30 right 6566
object 0 31 right 6592
object 13 31 left 6539
object 14 31 left 6540
object 15 31 left 6541
object 16 31 left 6557
object 16 31 right 6558
object 17 31 left 6571
object 17 31 right 6553
object 18 31 left 6540
object 18 31 right 6553
object 19 31 left 6574
object 19 31 right 6591
object 0 32 left 6574
object 0 32 right 6591
object 5 32 right 6583
object 6 32 right 6611
object 15 32 left 6604
object 16 32 left 6605
object 17 32 left 6606
object 17 32 right 6607
object 19 32 left 6574
object 19 32 right 6591
object 0 33 right 6586
object 5 33 right 6582
object 6 33 right 6610
object 19 33 right 6566
object 0 34 left 6584
object 0 34 right 6585
object 5 34 left 6574
object 5 34 right 6576
object 6 34 left 6608
object 6 34 right 6609
object 19 34 left 6584
object 19 34 right 6585
object 0 35 right 6578
object 1 35 left 6125
object 1 35 right 6126
object 19 35 right 6578
object 0 36 right 6577
object 1 36 left 6105
object 1 36 right 6106
object 19 36 right 6577
object 0 37 right 6576
object 19 37 right 6576
object 0 38 left 6574
object 0 38 right 6575
object 19 38 left 6574
object 19 38 right 6575
object 0 39 left 6539
object 1 39 left 6540
object 2 39 left 6541
object 3 39 left 6542
object 3 39 right 6543
object 4 39 left 6544
object 5 39 left 6557
object 5 39 right 6558
object 6 39 left 6534
object 7 39 left 6571
object 8 39 left 6637
object 9 39 left 6638
object 10 39 left 6639
object 10 39 right 6640
object 11 39 left 6535
object 12 39 left 6536
object 13 39 left 6542
object 13 39 right 6543
object 14 39 left 6544
object 15 39 left 6557
object 15 39 right 6558
object 16 39 left 6534
object 17 39 left 6535
object 18 39 left 6557
object 18 39 right 6558
object 19 39 left 6537
object 19 39 right 6628
