# lod20265 — tools/dat-extract layout 이 만든다. 손으로 고치지 말 것.
size 70 70
blocked
######################################################################
######################################################################
..................................................................#...
...................#.................#...................#...#........
...#...............................................................#..
......................................................................
......................................................................
.........................................................####.########
.........#..#....#.........#............#...............#####.########
..............#...................................#....######.########
..........#..............#.............................###............
......................#....#...##......................###............
................#...#....#.............................###............
..#.....#.............#................................###............
........#.#.............#.....####.#######################............
.....................#.....#.#####.######################.............
............................######.######################.............
............................###.......................................
............................###.......................................
.............#..............###....................................#..
....................................................#.................
...........#................###..........#............................
........#....#.........#....###.......................................
......#....#................###.........................##............
........#...................###...............#...................#...
..........#.................###.......................................
.......#.....#...#..........###........#..............................
............................###.......................................
............................###...................................####
............................###...................................####
............................####..................................####
.................###.........###..................................####
.................#.#.........###...................................###
.......................#......###..................................###
..............................###...................................##
..............................###...................................##
..............................####..................................##
...............................###...........#........................
...............................###...........#........................
......................................................................
....#..........................###....#...............#...........#...
............#............#.....###....................................
...............................###....................................
...............................###....................................
...............................###....................................
..#............................###................................#...
...............................###....................................
...............................###...........#..#....#..........#.....
...............................###................#..........#....#...
...................#...........###............#............#....#.....
...............................###...........................#........
.................#........#....###..................#..........#......
..............#....#....#......###..........#...............#.....#...
............#....#.............###...#......#.#.......................
..............#................###....................................
................#..............###....................................
#............#.................###....................................
...#...........................###....................#...............
.#.............................###................................#...
............................................................#.........
...........#...................###....................................
....................#..#....#..###..............#...#.................
.........#...............#.....###....................................
......#..............#.........###............#.......................
...............................###.........#....#.....................
...........................#...###.......#....#...................#...
...................#...........###.........#...............#..........
....#.....#........#.#.........###...........#........#...............
...............................###........#.....#.....................
...............................###....................................
floor
7963 7943 7948 7953 7958 7963 7943 7948 7953 7958 7963 12311 12313 7953 7958 7963 7943 7948 7953 7958 7963 12311 12313 7953 7958 7963 7943 7948 7953 7958 7963 7943 7948 7953 7958 7963 12311 12313 7953 7958 7963 7943 7948 7953 7958 7963 7943 7948 7953 7958 7963 12311 12313 7953 7958 7963 7943 7948 7953 7958 7963 7943 7948 7953 7958 7963 12311 12313 7953 7958
12321 12320 12321 12318 12319 12320 12321 12318 12319 12320 12321 12316 12312 12314 12315 12320 12321 12318 12319 12320 12321 12316 12312 12314 12315 12321 12320 12321 12318 12319 12320 12321 12318 12319 12320 12321 12316 12312 12314 12315 12321 12320 12321 12318 12319 12320 12321 12318 12319 12320 12321 12316 12312 12314 12315 12321 12320 12321 12318 12319 12320 12321 12318 12319 12320 12321 12316 12312 12314 12315
9604 9630 8462 8467 8530 8544 8560 8577 8594 8610 8626 8641 8656 8669 8682 9641 9646 8438 8443 8448 8453 8316 9611 8345 8360 8375 9606 9611 9616 9621 9626 9629 9634 9639 9621 9584 9587 9591 9595 9646 9601 9606 9611 9616 9621 9626 9631 9636 9641 9646 9601 9606 9611 9616 9621 9557 9560 9564 9568 9646 9601 9614 9619 9624 9629 9626 9548 9552 9641 9646
9633 9638 8461 8466 8529 8543 8559 8576 8593 8609 8625 8640 8655 8668 8681 9609 9614 8437 8442 8447 8452 8315 8330 8344 8359 8374 9605 9610 9615 9620 9625 9623 9628 9641 9620 9583 9586 9590 9594 9645 9600 9605 9610 9615 9620 9625 9630 9635 9640 9645 9600 9605 9610 9615 9620 9556 9559 9563 9567 9645 9600 9643 9648 9603 9608 9545 9547 9551 9555 9645
9632 9637 8460 8465 8528 8542 8558 8575 8592 8608 8624 8639 8654 8667 8680 8693 8705 8253 8265 8281 8298 8314 8329 8343 8358 8373 9604 9609 9614 9619 9624 9603 9627 9632 9619 9634 9585 9589 9593 9644 9599 9604 9609 9614 9619 9624 9629 9634 9639 9644 9599 9604 9609 9614 9619 9635 9558 9639 9644 9644 9599 9642 9647 9602 9607 9544 9546 9550 9554 9602
9628 8489 8500 8513 8527 8541 8557 8574 8591 8607 8623 8638 8653 8666 8679 8692 8704 8716 8264 8280 8297 8313 8328 8342 8357 8372 8387 8401 8413 9646 9601 9602 9626 9631 9648 9603 9608 9613 9618 9623 9628 9633 9638 9643 9648 9603 9608 9606 9632 9637 9642 9647 9631 9643 9648 9603 9608 9613 9618 9623 9628 9641 9646 9601 9606 9603 9608 9549 9646 9601
9627 8488 8499 8512 8526 8540 8556 8573 8590 8606 8622 8637 8652 8665 8678 8691 8703 8715 8263 8279 8296 8312 8327 8341 8356 8371 8386 8400 8412 9645 9600 9601 9625 9630 9647 9602 9607 9612 9572 9575 9579 9632 9637 9642 9647 9602 9646 9605 9631 9636 9641 9646 9630 9642 9646 9630 9242 9248 9254 9260 9706 9765 9718 9724 9729 9735 9741 9747 9753 9759
8481 8487 8498 8511 8525 8539 8555 8572 8589 8605 8621 8636 8651 8664 8677 8690 8702 8714 8262 8278 8295 8311 8326 8340 8355 8370 8385 8399 8411 9644 9599 9604 9609 9614 9646 9601 9606 9611 9571 9574 9578 9582 9636 9641 9646 9601 9637 9604 9630 8462 8467 8472 8476 9641 9230 9235 9241 9247 9253 9259 9705 9764 9717 9723 9728 9734 9740 9746 9752 9758
8480 8486 8497 8510 8524 8538 8554 8571 8588 8604 8620 8635 8650 8663 8676 8689 8701 8713 8724 8277 8294 8310 8325 8339 8354 8369 8384 8398 8410 9623 9628 9633 9638 9643 9645 9600 9605 9610 9570 9573 9577 9581 9635 9640 9645 9600 9636 9633 9638 8461 8466 8471 8475 9640 9229 9234 9240 9246 9252 9258 9704 9763 9716 9722 9727 9733 9739 9745 9751 9757
8479 8485 8496 8509 8523 8537 8553 8570 8587 8603 8619 8634 8649 8662 8675 8688 8700 8712 8723 8276 8293 8309 8324 8338 8353 8368 8383 8397 8409 9622 9627 9632 9637 9642 9644 9599 9604 9609 9614 9619 9576 9580 9634 9639 9644 9599 9604 9632 9637 8460 8465 8470 8474 9639 9228 9233 9239 9245 9251 9257 9703 9762 9715 9721 9726 9732 9738 9744 9750 9756
8478 8484 8495 8508 8522 8536 8552 8569 8586 8602 8618 8633 8648 8661 8674 8687 8699 8711 8722 8275 8292 8308 8323 8337 8352 8367 8382 8396 8408 9621 9626 9631 9636 9641 9623 9628 9633 9638 9643 9648 9603 9608 9613 9618 9623 9628 9633 9631 9636 8459 8464 8469 8473 9618 9227 9232 9238 9244 9250 9256 9702 9761 9714 9720 9725 9731 9737 9743 9749 9755
9639 9548 9552 8507 8521 8535 8551 8568 8585 8601 8617 8632 8647 8660 8673 8686 8698 8710 8258 8274 8291 8307 8322 8336 8351 8366 8381 8395 8407 9620 9625 9630 9635 9640 9601 9606 9611 9618 9642 9647 9602 9607 9612 9617 9622 9627 9632 9630 9635 9640 8463 8468 9601 8476 9226 9231 9237 9243 9249 9255 9701 9760 9713 9719 9772 9730 9736 9742 9748 9754
9545 9547 9551 8506 8520 8534 8550 8567 8584 8600 8616 8631 8646 8659 8672 8685 8697 8709 8257 8273 8290 8306 8321 8335 8350 8365 8380 8394 8406 9634 9641 9646 9601 9637 9600 9605 9610 9617 9641 9646 9601 9641 9646 9601 9621 9626 9631 9636 9641 9639 9644 9607 9616 9329 9335 9341 9347 9353 9358 9646 9601 9606 9632 9637 9642 9647 9698 9655 9657 9659
9624 9546 9550 8254 8519 8533 8549 8566 8583 8599 8615 8630 8645 8658 8671 8684 8696 8708 8256 8272 8289 8305 8320 8334 8349 8364 8379 9628 9236 9242 9248 9254 9260 9706 9765 9718 9724 9729 9735 9741 9747 9753 9759 9706 9712 9718 9724 9729 9735 9741 9747 9753 9759 9328 9334 9340 9346 9352 9357 9645 9600 9605 9631 9636 9641 9646 9662 9672 9677 9682
9599 8229 8241 8253 8518 8532 8548 8565 8582 8598 8614 8629 8644 9642 9648 8683 8695 8707 8255 8271 8288 8304 8319 8333 8348 8363 8378 9230 9235 9241 9247 9253 9259 9705 9764 9717 9723 9728 9734 9740 9746 9752 9758 9705 9711 9717 9723 9728 9734 9740 9746 9752 9758 9327 9333 9339 9345 9351 9356 9644 9617 9622 9627 9632 9637 9642 9661 9671 9676 9681
8219 8228 8240 8252 8265 8281 8547 8564 8581 8597 8613 8628 8643 8402 9646 9601 9614 9619 9624 8270 8287 8303 8318 8332 8347 8362 8377 8391 9234 9240 9246 9252 9258 9704 9763 9716 9722 9727 9733 9739 9745 9751 9757 9704 9710 9716 9722 9727 9733 9739 9745 9751 9757 9326 9332 9338 9344 9350 9355 9646 9601 9621 9626 9631 9636 9641 9693 9670 9675 9680
8218 8227 8239 8251 8264 8280 8297 8328 8342 8357 8372 8387 8387 8401 8413 9600 9643 9648 9603 9608 8286 8302 8317 8331 8346 8361 8376 9228 9233 9239 9245 9251 9257 9703 9762 9715 9721 9726 9732 9738 9744 9750 9756 9703 9709 9715 9721 9726 9732 9738 9744 9750 9756 9325 9331 9337 9343 9349 9354 9637 9642 9620 9625 9630 9635 9640 9614 9654 9656 9658
8217 8226 8238 8250 8263 8279 8296 8312 8327 8341 8356 8371 8386 8400 8412 9599 9642 9647 9602 9607 9624 9629 9642 9647 9602 9607 9604 9227 9232 9238 9244 9250 9256 9702 9761 9714 9720 9725 9731 9737 9743 9749 9755 9702 9708 9714 9720 9725 9731 9737 9743 9749 9755 9324 9330 9336 9342 9348 9631 9636 9644 9599 9646 9601 9606 9572 9575 9579 9616 9621
8216 8225 8237 8249 8262 8278 8295 8311 8326 8340 8355 8370 8385 8399 8411 9628 9641 9646 9601 9606 9603 9608 9641 9646 9601 9606 9633 9226 9231 9237 9243 9249 9255 9701 9760 9713 9719 9772 9619 9603 9608 9566 9618 9601 9707 9713 9719 9772 9730 9736 9742 9748 9754 9640 9645 9600 9601 9625 9630 9635 9623 9628 9645 9600 9605 9571 9574 9578 9582 9620
8215 8224 8236 8248 8261 8277 8294 8310 8325 8339 8354 8369 8384 8398 8410 9627 9632 9637 9642 9612 9617 9622 9627 9632 9637 9642 9632 9368 9378 9388 9398 9408 9418 9629 9608 9599 9604 9628 9648 9602 9561 9565 9569 9600 9628 9633 9638 9643 9642 9647 9602 9607 9612 9639 9644 9599 9604 9609 9614 9619 9736 9742 9644 9617 9617 9570 9573 9577 9581 9619
9618 8223 8235 8247 8260 8276 8293 8309 8324 8338 8353 8368 8383 8397 8409 9626 9631 9636 9641 9642 9647 8439 8444 8449 8454 9641 9631 9766 9767 9768 9769 9770 9771 9623 9607 9628 9633 9627 9647 9557 9560 9564 9568 9599 9623 9628 9624 9636 9641 9646 9601 9606 9611 9618 9623 9628 9633 9638 9643 9648 9603 9608 9613 9621 9601 9606 9633 9576 9580 9648
8214 8222 8234 8246 8259 8275 8292 8308 8323 8337 8352 8367 8382 8396 8408 9642 9647 9637 9642 9641 9646 8438 8443 8448 8453 8458 9648 9366 9376 9386 9396 9406 9416 9603 9606 9418 9632 9626 9631 9556 9559 9563 9567 9618 9643 9627 9553 9635 9640 9645 9600 9605 9610 9617 9622 9627 9632 9637 9642 9647 9602 9607 9612 9617 9622 9627 9632 9637 9642 9647
9647 8221 8233 8245 8258 8274 8291 8307 8322 8336 8351 8366 8381 8395 8407 9641 9646 9636 9641 9609 9614 8437 8442 8447 8452 8457 9647 9365 9375 9385 9395 9405 9415 9602 9605 9771 9631 9625 9630 9635 9558 9639 9644 9617 9642 9548 9552 9634 9639 9631 9636 9641 9609 9601 9621 9626 9631 9636 9641 9646 9601 9634 9642 9647 8439 8444 8449 8454 9641 9646
9600 8220 8232 8244 8257 8273 8290 8306 8321 8335 8350 8365 8380 8394 8406 9603 9608 9566 9618 9638 9643 8436 8441 8446 8451 8456 9646 9364 9374 9384 9394 9404 9414 9601 9604 9416 9634 9638 9643 9553 9603 9605 9610 9615 9545 9547 9551 9555 9618 9630 9635 9640 9638 9642 9620 9625 9630 9635 9640 9645 9600 9605 9641 9646 8438 8443 8448 8453 8458 9645
9599 9604 8231 8243 8256 8272 8289 8305 8320 8334 8349 8364 8379 8393 8405 9602 9561 9565 9569 9637 9642 9647 8440 8445 8450 8455 8473 9363 9373 9383 9393 9403 9413 9604 9633 9415 9613 9637 9588 9592 9596 9604 9609 9614 9544 9546 9550 9554 9617 9601 9606 9639 9637 9644 9599 9646 9601 9606 9639 9644 9599 9604 9609 9614 8437 8442 8447 8452 8457 9644
9628 9633 9638 9643 8255 8271 8288 8304 8319 8333 8348 8363 8378 8392 8405 9557 9560 9564 9568 9623 9628 9633 9638 9643 9637 9642 9647 9362 9372 9382 9392 9402 9412 9633 9632 9414 9612 9584 9587 9591 9595 9633 9638 9643 9648 9603 9549 9642 9647 9600 9605 9610 9636 9623 9628 9645 9600 9605 9610 9615 9620 9633 9638 9643 8436 8441 8446 8451 8456 9623
9627 9632 9637 9642 9647 8270 8287 8303 8318 8332 8347 8362 8377 8391 8404 9556 9559 9563 9567 9622 9627 9632 9637 9642 9647 9601 9627 9361 9371 9381 9391 9401 9411 9632 9631 9413 9642 9583 9586 9590 9594 9632 9637 9642 9647 9602 9636 9641 9646 9599 9604 9609 9635 9736 9742 9644 9599 9604 9609 9614 9619 9632 9637 9642 9647 8440 8445 8450 8455 9622
9626 9631 9636 9599 9646 9601 8286 8302 8317 8331 8346 8361 8376 8390 8403 9635 9558 9639 9644 9621 9626 9631 9636 9641 9646 9600 9605 9360 9370 9380 9390 9400 9410 9631 9630 9412 9641 9634 9585 9589 9593 9631 9636 9641 9646 9601 9635 9640 9645 9628 9633 9638 9606 9635 9640 9623 9628 9633 9638 9643 9648 9631 9636 9641 9646 9601 9642 9647 9646 9621
8746 8755 8764 8773 8782 8791 8801 8810 8819 8828 8837 8846 8856 8865 8874 8883 8892 8901 8746 8755 8764 8773 8782 8791 8801 8810 8819 9359 9369 9379 9389 9399 9409 8883 8892 8901 8746 8755 8764 8773 8782 8791 8801 8810 8819 8828 8837 8846 8856 8865 8874 8883 8892 8746 8755 8764 8773 8782 8791 8801 8810 8819 8828 8837 8846 8856 8865 8907 8912 8917
8745 8754 8763 8772 8781 8790 8800 8809 8818 8827 8836 8845 8855 8864 8873 8882 8891 8900 8745 8754 8763 8772 8781 8790 8800 8809 8818 9422 9430 9439 9448 9457 9466 8882 8891 8900 8745 8754 8763 8772 8781 8790 8800 8809 8818 8827 8836 8845 8855 8864 8873 8882 8891 8745 8754 8763 8772 8781 8790 8800 8809 8818 8827 8836 8845 8855 8864 8911 8916 8921
8744 8753 8762 8771 8780 8789 8799 8808 8817 8826 8835 8844 8854 8863 8872 8881 8907 8912 8917 8922 8927 8932 8780 8789 8799 8808 8817 9421 9429 9438 9447 9456 9465 8881 8890 8899 8744 8753 8762 8771 8780 8789 8799 8808 8817 8826 8835 8844 8854 8863 8872 8881 8890 8744 8753 8762 8771 8780 8789 8799 8808 8817 8826 8835 8844 8854 8863 8872 8906 8911
8743 8752 8761 8770 9146 9150 9154 8807 8816 8825 8834 8843 8853 8862 8871 8880 8906 8911 8916 8921 8926 8931 8779 8788 8798 8807 8816 9420 9428 9437 9446 9455 9464 8880 8889 8898 8743 8752 8761 8770 8779 8788 8798 8807 8816 8825 8834 8843 8853 8862 8871 8880 8889 8743 8752 8761 8770 8779 8788 8798 8807 8816 8825 8834 8843 8853 8862 8871 8779 8788
8742 8751 8760 8769 9145 9149 9153 8806 8815 8824 8833 8842 8852 8861 8870 8879 8905 8910 8915 8920 8925 8930 8815 8787 8797 8806 8815 8824 9427 9436 9445 9454 9463 9472 8888 8897 8742 8751 8760 8769 8778 8787 8797 8806 8815 8824 8833 8842 8852 8861 8870 8879 8888 8742 8751 8760 8769 8778 8787 8797 8806 8815 8824 8833 8842 8852 8861 8870 8778 8787
8741 8750 8759 8768 9144 9148 9152 8805 8814 8823 8832 8841 8851 8860 8869 8878 8904 8909 8914 8919 8924 8929 8852 8786 8796 8805 8814 8823 9426 9435 9444 9453 9462 9471 8887 8896 8741 8750 8759 8768 8777 8786 8796 8805 8814 8823 8832 8841 8851 8860 8869 8878 8887 8741 8750 8759 8768 8777 8786 8796 8805 8814 8823 8832 8841 8851 8860 8869 8777 8786
8740 8749 8758 8767 9143 9147 9151 8804 8813 8822 8831 8840 8850 8859 8868 8877 8903 8908 8913 8918 8923 8928 8854 8785 8795 8804 8813 8822 9425 9434 9443 9452 9461 9470 8886 8895 8740 8749 8758 8767 8776 8785 8795 8804 8813 8822 8831 8840 8850 8859 8868 8877 8886 8740 8749 8758 8767 8776 8785 8795 8804 8813 8822 8831 8840 8850 8859 8868 8776 8785
8739 8748 8757 8766 8775 8784 8794 8803 8812 8821 8830 8839 8849 8858 8867 8876 8885 8894 8739 8748 8757 8766 8775 8784 8794 8803 8812 8821 9424 9433 9442 9451 9460 9469 9475 8894 8739 8748 8757 8766 8775 8784 8794 8803 8812 8821 8830 8839 8849 8858 8867 8876 8885 8739 8748 8757 8766 8775 8784 8794 8803 8812 8821 8830 8839 8849 8858 8867 8775 8784
8738 8747 8756 8765 8774 8783 8793 8802 8811 8820 8829 8838 8848 8857 8866 8875 8884 8893 8738 8747 8756 8765 8774 8783 8793 8802 8811 8820 9423 9432 9441 9450 9459 9468 9474 8893 8738 8747 8756 8765 8774 8783 8793 8802 8811 8820 8829 8838 8848 8857 8866 8875 8884 8738 8747 8756 8765 8774 8783 8793 8802 8811 8820 8829 8838 8848 8857 8866 8875 8802
9625 9630 9627 9632 9637 9642 9642 9647 9602 9646 9601 9606 9601 9606 9632 9637 9642 9647 9631 9636 9641 9646 9601 9601 9606 9632 9637 9642 9647 9431 9440 9449 9458 9467 9473 9601 9701 9632 9637 9642 9647 9602 9607 9742 9644 9599 9604 9609 9614 9619 9624 9629 9634 9641 9553 9601 9637 8269 8285 9602 9639 9644 9599 9581 9603 9608 9566 9618 9644 9599
9624 9629 8439 8444 8449 8454 9641 9646 9601 9637 9603 9608 9566 9618 9631 9636 9641 9646 9615 9620 9625 9630 9635 9640 9645 9553 9637 9642 9620 9625 9368 9378 9388 9398 9408 9418 8439 8444 8449 8454 9646 9601 9606 9640 9623 9628 9633 9638 9643 9648 9603 9608 9613 9588 9592 9596 9636 8268 8284 8301 9641 9646 9628 9580 9602 9561 9565 9569 9615 9620
9603 9608 8438 8443 8448 8453 8458 9645 9600 9636 9602 9561 9565 9569 9630 9635 9640 9645 9614 9619 9624 9629 9634 9639 9548 9552 9609 9614 9619 9624 9766 9767 9768 9769 9770 9771 8438 8443 8448 8453 8458 8546 8562 8579 9643 9648 9632 9637 9642 9647 9602 9607 9584 9587 9591 9595 9598 8267 8283 8300 8316 9637 8345 8360 9557 9560 9564 9568 9614 9619
9602 9607 8437 8442 8447 8452 8457 9644 9599 9604 9557 9560 9564 9568 9629 9634 9639 9644 9643 9648 9603 9608 9613 9545 9547 9551 9555 9608 9613 9618 9366 9376 9386 9396 9406 9416 8437 8442 8447 8452 8457 8545 8561 8578 8595 8611 9647 8642 8657 8670 9601 9606 9583 9586 9590 9594 9597 8266 8282 8299 8315 8330 8344 8359 8374 8270 9563 9567 9643 9648
9602 9607 8436 8441 8446 8451 8456 9647 9627 9647 9556 9559 9563 9567 9643 9648 9632 9637 9642 9647 9602 9607 9612 9624 9546 9550 9554 9615 9620 9625 9365 9375 9385 9395 9405 9415 8436 8441 8446 8451 8456 8544 8560 8577 8594 8610 8626 8641 8656 8669 8682 9605 9610 9585 9589 9593 8252 8265 8281 8298 8314 8329 8343 8358 8373 8388 8402 9644 9642 9647
9601 9641 9646 8440 8445 8450 8455 9599 9642 9646 9635 9558 9639 9644 9642 9647 9631 9636 9641 9646 9601 9606 9637 9642 9647 9549 9601 9614 9619 9624 9364 9374 9384 9394 9404 9414 9639 8440 8445 8450 8455 8543 8559 8576 8593 8609 8625 8640 8655 8668 8681 8694 8706 8718 8227 8239 8251 8264 8280 8297 8313 8328 8342 8357 8372 8387 8401 8413 9641 9646
9600 9632 9637 9642 9605 9645 9647 8230 8242 8254 8267 8283 8300 8316 9641 8345 8360 8375 9640 9645 9600 9605 9610 9615 9620 9625 9600 9643 9648 9603 9363 9373 9383 9393 9403 9413 9618 8490 8501 8514 8528 8542 8558 8575 8592 8608 8624 8639 8654 8667 8680 8693 8705 8717 8226 8238 8250 8263 8279 8296 8312 8327 8341 8356 8371 8386 8400 8412 9640 9645
9599 9604 9609 9614 9604 9599 9646 8229 8241 8253 8266 8282 8299 8315 8330 8344 8359 8374 8389 9644 9599 9604 9609 9614 9619 9624 9629 9634 9639 9644 9362 9372 9382 9392 9402 9412 9638 8489 8500 8513 8527 8541 8557 8574 8591 8607 8623 8638 8653 8666 8679 8692 8704 8716 8225 8237 8249 8262 8278 8295 8311 8326 8340 8355 8370 8385 8399 8411 9639 9644
9637 9642 9647 9631 9636 9641 8219 8228 8240 8252 8265 8281 8298 8314 8329 8343 8358 8373 8388 8402 9628 9633 9638 9643 9648 9603 9608 9613 9618 9623 9361 9371 9381 9391 9401 9411 9637 8488 8499 8512 8526 8540 8556 8573 8590 8606 8622 8637 8652 8665 8678 8691 8703 8715 8224 8236 8248 8261 8277 8294 8310 8325 8339 8354 8369 8384 8398 8410 9618 9623
9636 9641 9646 9615 9620 9625 8218 8227 8239 8251 8264 8280 8297 8313 8328 8342 8357 8372 8387 8401 8413 9632 9637 9642 9647 9602 9600 9605 9610 9615 9360 9370 9380 9390 9400 9410 8481 8487 8498 8511 8525 8539 8555 8572 8589 8605 8621 8636 8651 8664 8677 8690 8702 8714 8223 8235 8247 8260 8276 8293 8309 8324 8338 8353 8368 8383 8397 8409 9617 9622
9635 9640 9645 9614 9619 9624 8217 8226 8238 8250 8263 8279 8296 8312 8327 8341 8356 8371 8386 8400 8412 9631 9636 9641 9618 9623 9628 9633 9638 9614 9359 9369 9379 9389 9399 9409 8480 8486 8497 8510 8524 8538 8554 8571 8588 8604 8620 8635 8650 8663 8676 8689 8701 8713 8222 8234 8246 8259 8275 8292 8308 8323 8337 8352 8367 8382 8396 8408 9616 9621
9634 9639 9644 9643 9648 9603 9599 8225 8237 8249 8262 8278 8295 8311 8326 8340 8355 8370 8385 8399 8411 9630 9635 9640 9617 8419 8425 8431 9637 9643 9368 9378 9388 9398 9408 9418 8479 8485 8496 8509 8523 8537 8553 8570 8587 8603 8619 8634 8649 8662 8675 8688 8700 8712 8221 8233 8245 8258 8274 8291 8307 8322 8336 8351 8366 8381 8395 8407 9615 9620
9648 9632 9637 9642 9647 9602 8215 8224 8236 8248 8261 8277 8294 8310 8325 8339 8354 8369 8384 8398 8410 9629 9634 9639 9616 8418 8424 8430 8435 9619 9367 9377 9387 9397 9407 9417 8478 8484 8495 8508 8522 8536 8552 8569 8586 8602 8618 8633 8648 8661 8674 8687 8699 8711 8220 8232 8244 8257 8273 8290 8306 8321 8335 8350 8365 8380 8394 8406 9614 9619
9603 9608 9613 9618 9623 9628 9633 8223 8235 8247 8260 8276 8293 8309 8324 8338 8353 8368 8383 8397 8409 9608 9613 9618 9615 8417 8423 8429 8434 9648 9366 9376 9386 9396 9406 9416 9632 9553 8494 8507 8521 8535 8551 8568 8585 8601 8617 8632 8647 8660 8673 8686 8698 8710 8721 8231 8243 8256 8272 8289 8305 8320 8334 8349 8364 8379 8393 8405 9643 9648
9602 9607 9612 9617 9622 9627 8214 8222 8234 8246 8259 8275 8292 8308 8323 8337 8352 8367 8382 8396 8408 9607 9612 9617 9614 8416 8422 8428 8433 9647 9365 9375 9385 9395 9405 9415 9588 9592 9596 8506 8520 8534 8550 8567 8584 8600 8616 8631 8646 8659 8672 8685 8697 8709 8720 9627 9632 8255 8271 8288 8304 8319 8333 8348 8363 8378 8392 8405 9642 9647
9601 9606 9611 9616 9621 9626 9631 8221 8233 8245 8258 8274 8291 8307 8322 8336 8351 8366 8381 8395 8407 9606 9611 9616 9643 8415 8421 8427 8432 9646 9364 9374 9384 9394 9404 9584 9587 9591 9595 9598 8519 8533 8549 8566 8583 8599 8615 8630 8645 8658 8671 8684 8696 8708 8719 9626 9631 9636 8270 8287 8303 8318 8332 8347 8362 8377 8391 8404 9641 9646
9600 9618 9623 9628 9633 9638 9630 8220 8232 8244 8257 8273 8290 8306 8321 8335 8350 8365 8380 8394 8406 9605 9610 9615 9620 9625 8463 8468 9640 9645 9363 9373 9383 9393 9403 9583 9586 9590 9594 9597 8518 8532 8548 8565 8582 8598 8614 8629 8644 9601 9606 8683 8695 8707 9620 9625 9630 9635 9640 8286 8302 8317 8331 8346 8361 8376 8390 8403 9640 9645
9599 9617 8419 8425 8431 9637 9629 9634 8231 8243 8256 8272 8289 8305 8320 8334 8349 8364 8578 8595 8405 9604 8642 8657 8670 9624 9629 9634 9639 9644 9362 9372 9382 9392 9402 9412 9585 9589 9593 8268 8284 8301 8547 8564 8581 8597 8613 8628 8643 9645 9600 9605 9638 9643 9553 9603 9629 9634 9639 9644 9599 9642 9647 9602 9607 9624 9629 9642 9647 9602
9628 9616 8418 8424 8430 8435 8458 9601 9606 9632 8255 8271 8288 8304 8319 8333 8348 8560 8577 8594 8610 8626 8641 8656 8669 8682 9608 9613 9618 9623 9361 9371 9381 9391 9401 9411 8230 8242 8254 8267 8283 8300 8316 8563 8580 8596 8612 8627 9623 9628 9633 9638 9637 9588 9592 9596 9608 9613 9618 9623 9628 9641 9646 9601 9606 9603 9553 9641 9646 9601
9638 9615 8417 8423 8429 8434 8457 9600 9605 9631 9636 8270 8287 8303 8318 8332 8543 8559 8576 8593 8609 8625 8640 8655 8668 8681 8694 8706 8718 8219 9360 9370 9380 9390 9400 9410 8229 8241 8253 8266 8282 8299 8315 8330 8344 8359 8374 8389 9630 9627 9632 9637 9584 9587 9591 9595 9646 9601 9603 9608 9566 9618 9637 9642 9647 9548 9552 9640 9645 9600
9626 9614 8416 8422 8428 8433 8456 9599 9601 9637 9642 9553 8286 8501 8514 8528 8542 8558 8575 8592 8608 8624 8639 8654 8667 8680 8693 8705 8717 8218 9359 9369 9379 9389 9399 8219 8228 8240 8252 8265 8281 8298 8314 8329 8343 8358 8373 8388 8402 9626 9631 9636 9583 9586 9590 9594 9637 9642 9602 9561 9565 9569 9636 9641 9545 9547 9551 9555 9644 9599
9625 9643 8415 8421 8427 8432 8455 9628 9600 9636 9588 9592 9596 8500 8513 8527 8541 8557 8574 8591 8607 8623 8638 8653 8666 8679 8692 8704 8716 8217 9368 9378 9388 9398 9408 8218 8227 8239 8251 8264 8280 8297 8313 8328 8342 8357 8372 8387 8401 8413 9630 9635 9634 9585 9589 9593 9636 9641 9557 9560 9564 9568 9635 9640 9544 9546 9550 9554 9615 9620
9624 9629 9634 9639 9644 9599 9604 9627 9599 9584 9587 9591 9595 9598 8512 8526 8540 8556 8573 8590 8606 8622 8637 8652 8665 8678 8691 8703 8715 8216 9766 9767 9768 9769 9770 8217 8226 8238 8250 8263 8279 8296 8312 8327 8341 8356 8371 8386 8400 8412 9629 9642 9647 9639 9644 9599 9604 9609 9556 9559 9563 9567 9634 9639 9644 9599 9549 9609 9614 9619
9603 9608 9613 9618 9623 9628 9633 9626 9627 9583 9586 9590 9594 9597 8511 8525 8539 8555 8572 8589 8605 8621 8636 8651 8664 8677 8690 8702 8714 8215 9366 9376 9386 9396 9406 9599 8225 8237 8249 8262 8278 8295 8311 8326 8340 8355 8370 8385 8399 8411 9608 9641 9646 9618 9623 9628 9633 9638 9635 9558 9639 9644 9613 9618 9623 9628 9633 9638 9643 9648
9602 9607 9612 9617 9622 9627 9632 9625 9630 9635 9585 9589 9593 8497 8510 8524 8538 8554 8571 8588 8604 8620 8635 8650 8663 8676 8689 8701 8713 8724 9365 9375 9385 9395 9405 8215 8224 8236 8248 8261 8277 8294 8310 8325 8339 8354 8369 8384 8398 8410 9607 9640 9645 9617 9622 9627 9632 9637 9642 9647 9602 9607 9601 9606 9632 9637 9642 9647 9631 9647
9601 9641 9637 9642 9620 9625 9630 9635 9640 9646 9601 8479 8485 8496 8509 8523 8537 8553 8570 8587 8603 8619 8634 8649 8662 8675 8688 8700 8712 8214 9364 9374 9384 9394 9404 9608 8223 8235 8247 8260 8276 8293 8309 8324 8338 8353 8368 8383 8397 8409 9606 9639 9644 9601 9621 9626 9631 9636 9641 9646 9601 9606 9600 9605 9631 9636 9641 9646 9630 9646
9600 9632 9609 9614 9619 9624 9629 9634 9639 9645 9600 8478 8484 8495 8508 8522 8536 8552 8569 8586 8602 8618 8633 8648 8661 8674 8687 8699 8711 8722 9363 9373 9383 9393 9403 8214 8222 8234 8246 8259 8275 8292 8308 8323 8337 8352 8367 8382 8396 8408 9605 9610 9615 9642 9620 9625 9607 9612 9617 9622 9627 9605 9599 9604 9630 8462 8467 8472 8476 9645
9599 9604 9603 9608 9566 9618 9623 9628 9633 9644 9599 9646 8483 8494 8507 8521 8535 8551 8568 8585 8601 8617 8632 8647 8660 8673 8686 8698 8710 8721 9362 9372 9382 9392 9402 9602 8221 8233 8245 8258 8274 8291 8307 8322 8336 8351 8366 8381 8395 8407 9604 9609 9614 9614 9619 9624 9606 9572 9575 9579 9626 9604 9628 9633 9638 8461 8466 8471 8475 9644
9628 9633 9602 9561 9565 9569 9630 9627 8439 8444 8449 8454 8482 8493 8506 8520 8534 8550 8567 8584 8600 8616 8631 8646 8659 8672 8685 8697 8709 8720 9361 9371 9381 9391 9401 9601 8220 8232 8244 8257 8273 8290 8306 8321 8335 8350 8365 8380 8394 8406 9633 9638 8439 8444 8449 8454 9605 9571 9574 9578 9582 9606 9627 9632 9637 8460 8465 8470 8474 9623
9627 9632 9557 9560 9564 9568 9629 9626 8438 8443 8448 8453 8458 8492 8505 8519 8533 8549 8566 8583 8599 8615 8630 8645 8658 8671 8684 8696 8708 8719 9360 9370 9380 9390 9400 9600 9605 8231 8243 8256 8272 8289 8305 8320 8334 8349 8364 8379 8393 8405 9638 9615 8438 8443 8448 8453 8458 9570 9573 9577 9581 9597 9626 9631 9636 8459 8464 8469 8473 9622
9626 9631 9556 9559 9563 9567 9608 9625 8437 8442 8447 8452 8457 9641 8504 8518 8532 8548 8565 8582 8598 8614 8629 8644 9646 9601 8683 8695 8707 9614 9359 9369 9379 9389 9399 9713 9719 9772 9730 8255 8271 8288 8304 8319 8333 8348 8363 8378 8392 8405 9637 9614 8437 8442 8447 8452 8457 9638 9643 9576 9580 9631 9625 9630 9635 9640 8463 8468 9601 9621
9625 9630 9635 9558 9639 9644 9599 9625 8436 8441 8446 8451 8456 9640 9645 9646 9601 8547 8564 8581 8597 8613 8628 8643 9645 9600 9628 9633 9638 9643 9368 9378 9388 9398 9408 9698 9655 9657 9696 8346 8270 8287 8303 8318 8332 8347 8362 8377 8391 8404 9636 9643 8436 8441 8446 8451 8456 9625 9630 9635 9625 9630 9635 9640 9645 9646 9601 9606 9615 9620
9624 9629 9634 9639 9644 9599 9604 9609 9614 8440 8445 8450 8455 9639 9644 9645 9600 9605 8563 8580 8596 8612 8627 9639 9644 9599 9604 9609 9614 9619 9367 9377 9387 9397 9407 9663 9673 9678 9668 9648 9603 8286 8302 8317 8331 8346 8361 8376 8390 8403 9635 9642 9647 8440 8445 8450 8455 9609 9614 9619 9624 9629 9634 9639 9644 9645 9600 9605 9614 9619
tile 7943 0 0
tile 7948 56 0
tile 7953 112 0
tile 7958 168 0
tile 7963 224 0
tile 8214 280 0
tile 8215 336 0
tile 8216 392 0
tile 8217 448 0
tile 8218 504 0
tile 8219 560 0
tile 8220 616 0
tile 8221 672 0
tile 8222 728 0
tile 8223 784 0
tile 8224 840 0
tile 8225 896 0
tile 8226 952 0
tile 8227 1008 0
tile 8228 1064 0
tile 8229 1120 0
tile 8230 1176 0
tile 8231 1232 0
tile 8232 1288 0
tile 8233 1344 0
tile 8234 1400 0
tile 8235 1456 0
tile 8236 1512 0
tile 8237 1568 0
tile 8238 1624 0
tile 8239 1680 0
tile 8240 1736 0
tile 8241 1792 0
tile 8242 1848 0
tile 8243 0 27
tile 8244 56 27
tile 8245 112 27
tile 8246 168 27
tile 8247 224 27
tile 8248 280 27
tile 8249 336 27
tile 8250 392 27
tile 8251 448 27
tile 8252 504 27
tile 8253 560 27
tile 8254 616 27
tile 8255 672 27
tile 8256 728 27
tile 8257 784 27
tile 8258 840 27
tile 8259 896 27
tile 8260 952 27
tile 8261 1008 27
tile 8262 1064 27
tile 8263 1120 27
tile 8264 1176 27
tile 8265 1232 27
tile 8266 1288 27
tile 8267 1344 27
tile 8268 1400 27
tile 8269 1456 27
tile 8270 1512 27
tile 8271 1568 27
tile 8272 1624 27
tile 8273 1680 27
tile 8274 1736 27
tile 8275 1792 27
tile 8276 1848 27
tile 8277 0 54
tile 8278 56 54
tile 8279 112 54
tile 8280 168 54
tile 8281 224 54
tile 8282 280 54
tile 8283 336 54
tile 8284 392 54
tile 8285 448 54
tile 8286 504 54
tile 8287 560 54
tile 8288 616 54
tile 8289 672 54
tile 8290 728 54
tile 8291 784 54
tile 8292 840 54
tile 8293 896 54
tile 8294 952 54
tile 8295 1008 54
tile 8296 1064 54
tile 8297 1120 54
tile 8298 1176 54
tile 8299 1232 54
tile 8300 1288 54
tile 8301 1344 54
tile 8302 1400 54
tile 8303 1456 54
tile 8304 1512 54
tile 8305 1568 54
tile 8306 1624 54
tile 8307 1680 54
tile 8308 1736 54
tile 8309 1792 54
tile 8310 1848 54
tile 8311 0 81
tile 8312 56 81
tile 8313 112 81
tile 8314 168 81
tile 8315 224 81
tile 8316 280 81
tile 8317 336 81
tile 8318 392 81
tile 8319 448 81
tile 8320 504 81
tile 8321 560 81
tile 8322 616 81
tile 8323 672 81
tile 8324 728 81
tile 8325 784 81
tile 8326 840 81
tile 8327 896 81
tile 8328 952 81
tile 8329 1008 81
tile 8330 1064 81
tile 8331 1120 81
tile 8332 1176 81
tile 8333 1232 81
tile 8334 1288 81
tile 8335 1344 81
tile 8336 1400 81
tile 8337 1456 81
tile 8338 1512 81
tile 8339 1568 81
tile 8340 1624 81
tile 8341 1680 81
tile 8342 1736 81
tile 8343 1792 81
tile 8344 1848 81
tile 8345 0 108
tile 8346 56 108
tile 8347 112 108
tile 8348 168 108
tile 8349 224 108
tile 8350 280 108
tile 8351 336 108
tile 8352 392 108
tile 8353 448 108
tile 8354 504 108
tile 8355 560 108
tile 8356 616 108
tile 8357 672 108
tile 8358 728 108
tile 8359 784 108
tile 8360 840 108
tile 8361 896 108
tile 8362 952 108
tile 8363 1008 108
tile 8364 1064 108
tile 8365 1120 108
tile 8366 1176 108
tile 8367 1232 108
tile 8368 1288 108
tile 8369 1344 108
tile 8370 1400 108
tile 8371 1456 108
tile 8372 1512 108
tile 8373 1568 108
tile 8374 1624 108
tile 8375 1680 108
tile 8376 1736 108
tile 8377 1792 108
tile 8378 1848 108
tile 8379 0 135
tile 8380 56 135
tile 8381 112 135
tile 8382 168 135
tile 8383 224 135
tile 8384 280 135
tile 8385 336 135
tile 8386 392 135
tile 8387 448 135
tile 8388 504 135
tile 8389 560 135
tile 8390 616 135
tile 8391 672 135
tile 8392 728 135
tile 8393 784 135
tile 8394 840 135
tile 8395 896 135
tile 8396 952 135
tile 8397 1008 135
tile 8398 1064 135
tile 8399 1120 135
tile 8400 1176 135
tile 8401 1232 135
tile 8402 1288 135
tile 8403 1344 135
tile 8404 1400 135
tile 8405 1456 135
tile 8406 1512 135
tile 8407 1568 135
tile 8408 1624 135
tile 8409 1680 135
tile 8410 1736 135
tile 8411 1792 135
tile 8412 1848 135
tile 8413 0 162
tile 8415 56 162
tile 8416 112 162
tile 8417 168 162
tile 8418 224 162
tile 8419 280 162
tile 8421 336 162
tile 8422 392 162
tile 8423 448 162
tile 8424 504 162
tile 8425 560 162
tile 8427 616 162
tile 8428 672 162
tile 8429 728 162
tile 8430 784 162
tile 8431 840 162
tile 8432 896 162
tile 8433 952 162
tile 8434 1008 162
tile 8435 1064 162
tile 8436 1120 162
tile 8437 1176 162
tile 8438 1232 162
tile 8439 1288 162
tile 8440 1344 162
tile 8441 1400 162
tile 8442 1456 162
tile 8443 1512 162
tile 8444 1568 162
tile 8445 1624 162
tile 8446 1680 162
tile 8447 1736 162
tile 8448 1792 162
tile 8449 1848 162
tile 8450 0 189
tile 8451 56 189
tile 8452 112 189
tile 8453 168 189
tile 8454 224 189
tile 8455 280 189
tile 8456 336 189
tile 8457 392 189
tile 8458 448 189
tile 8459 504 189
tile 8460 560 189
tile 8461 616 189
tile 8462 672 189
tile 8463 728 189
tile 8464 784 189
tile 8465 840 189
tile 8466 896 189
tile 8467 952 189
tile 8468 1008 189
tile 8469 1064 189
tile 8470 1120 189
tile 8471 1176 189
tile 8472 1232 189
tile 8473 1288 189
tile 8474 1344 189
tile 8475 1400 189
tile 8476 1456 189
tile 8478 1512 189
tile 8479 1568 189
tile 8480 1624 189
tile 8481 1680 189
tile 8482 1736 189
tile 8483 1792 189
tile 8484 1848 189
tile 8485 0 216
tile 8486 56 216
tile 8487 112 216
tile 8488 168 216
tile 8489 224 216
tile 8490 280 216
tile 8492 336 216
tile 8493 392 216
tile 8494 448 216
tile 8495 504 216
tile 8496 560 216
tile 8497 616 216
tile 8498 672 216
tile 8499 728 216
tile 8500 784 216
tile 8501 840 216
tile 8504 896 216
tile 8505 952 216
tile 8506 1008 216
tile 8507 1064 216
tile 8508 1120 216
tile 8509 1176 216
tile 8510 1232 216
tile 8511 1288 216
tile 8512 1344 216
tile 8513 1400 216
tile 8514 1456 216
tile 8518 1512 216
tile 8519 1568 216
tile 8520 1624 216
tile 8521 1680 216
tile 8522 1736 216
tile 8523 1792 216
tile 8524 1848 216
tile 8525 0 243
tile 8526 56 243
tile 8527 112 243
tile 8528 168 243
tile 8529 224 243
tile 8530 280 243
tile 8532 336 243
tile 8533 392 243
tile 8534 448 243
tile 8535 504 243
tile 8536 560 243
tile 8537 616 243
tile 8538 672 243
tile 8539 728 243
tile 8540 784 243
tile 8541 840 243
tile 8542 896 243
tile 8543 952 243
tile 8544 1008 243
tile 8545 1064 243
tile 8546 1120 243
tile 8547 1176 243
tile 8548 1232 243
tile 8549 1288 243
tile 8550 1344 243
tile 8551 1400 243
tile 8552 1456 243
tile 8553 1512 243
tile 8554 1568 243
tile 8555 1624 243
tile 8556 1680 243
tile 8557 1736 243
tile 8558 1792 243
tile 8559 1848 243
tile 8560 0 270
tile 8561 56 270
tile 8562 112 270
tile 8563 168 270
tile 8564 224 270
tile 8565 280 270
tile 8566 336 270
tile 8567 392 270
tile 8568 448 270
tile 8569 504 270
tile 8570 560 270
tile 8571 616 270
tile 8572 672 270
tile 8573 728 270
tile 8574 784 270
tile 8575 840 270
tile 8576 896 270
tile 8577 952 270
tile 8578 1008 270
tile 8579 1064 270
tile 8580 1120 270
tile 8581 1176 270
tile 8582 1232 270
tile 8583 1288 270
tile 8584 1344 270
tile 8585 1400 270
tile 8586 1456 270
tile 8587 1512 270
tile 8588 1568 270
tile 8589 1624 270
tile 8590 1680 270
tile 8591 1736 270
tile 8592 1792 270
tile 8593 1848 270
tile 8594 0 297
tile 8595 56 297
tile 8596 112 297
tile 8597 168 297
tile 8598 224 297
tile 8599 280 297
tile 8600 336 297
tile 8601 392 297
tile 8602 448 297
tile 8603 504 297
tile 8604 560 297
tile 8605 616 297
tile 8606 672 297
tile 8607 728 297
tile 8608 784 297
tile 8609 840 297
tile 8610 896 297
tile 8611 952 297
tile 8612 1008 297
tile 8613 1064 297
tile 8614 1120 297
tile 8615 1176 297
tile 8616 1232 297
tile 8617 1288 297
tile 8618 1344 297
tile 8619 1400 297
tile 8620 1456 297
tile 8621 1512 297
tile 8622 1568 297
tile 8623 1624 297
tile 8624 1680 297
tile 8625 1736 297
tile 8626 1792 297
tile 8627 1848 297
tile 8628 0 324
tile 8629 56 324
tile 8630 112 324
tile 8631 168 324
tile 8632 224 324
tile 8633 280 324
tile 8634 336 324
tile 8635 392 324
tile 8636 448 324
tile 8637 504 324
tile 8638 560 324
tile 8639 616 324
tile 8640 672 324
tile 8641 728 324
tile 8642 784 324
tile 8643 840 324
tile 8644 896 324
tile 8645 952 324
tile 8646 1008 324
tile 8647 1064 324
tile 8648 1120 324
tile 8649 1176 324
tile 8650 1232 324
tile 8651 1288 324
tile 8652 1344 324
tile 8653 1400 324
tile 8654 1456 324
tile 8655 1512 324
tile 8656 1568 324
tile 8657 1624 324
tile 8658 1680 324
tile 8659 1736 324
tile 8660 1792 324
tile 8661 1848 324
tile 8662 0 351
tile 8663 56 351
tile 8664 112 351
tile 8665 168 351
tile 8666 224 351
tile 8667 280 351
tile 8668 336 351
tile 8669 392 351
tile 8670 448 351
tile 8671 504 351
tile 8672 560 351
tile 8673 616 351
tile 8674 672 351
tile 8675 728 351
tile 8676 784 351
tile 8677 840 351
tile 8678 896 351
tile 8679 952 351
tile 8680 1008 351
tile 8681 1064 351
tile 8682 1120 351
tile 8683 1176 351
tile 8684 1232 351
tile 8685 1288 351
tile 8686 1344 351
tile 8687 1400 351
tile 8688 1456 351
tile 8689 1512 351
tile 8690 1568 351
tile 8691 1624 351
tile 8692 1680 351
tile 8693 1736 351
tile 8694 1792 351
tile 8695 1848 351
tile 8696 0 378
tile 8697 56 378
tile 8698 112 378
tile 8699 168 378
tile 8700 224 378
tile 8701 280 378
tile 8702 336 378
tile 8703 392 378
tile 8704 448 378
tile 8705 504 378
tile 8706 560 378
tile 8707 616 378
tile 8708 672 378
tile 8709 728 378
tile 8710 784 378
tile 8711 840 378
tile 8712 896 378
tile 8713 952 378
tile 8714 1008 378
tile 8715 1064 378
tile 8716 1120 378
tile 8717 1176 378
tile 8718 1232 378
tile 8719 1288 378
tile 8720 1344 378
tile 8721 1400 378
tile 8722 1456 378
tile 8723 1512 378
tile 8724 1568 378
tile 8738 1624 378
tile 8739 1680 378
tile 8740 1736 378
tile 8741 1792 378
tile 8742 1848 378
tile 8743 0 405
tile 8744 56 405
tile 8745 112 405
tile 8746 168 405
tile 8747 224 405
tile 8748 280 405
tile 8749 336 405
tile 8750 392 405
tile 8751 448 405
tile 8752 504 405
tile 8753 560 405
tile 8754 616 405
tile 8755 672 405
tile 8756 728 405
tile 8757 784 405
tile 8758 840 405
tile 8759 896 405
tile 8760 952 405
tile 8761 1008 405
tile 8762 1064 405
tile 8763 1120 405
tile 8764 1176 405
tile 8765 1232 405
tile 8766 1288 405
tile 8767 1344 405
tile 8768 1400 405
tile 8769 1456 405
tile 8770 1512 405
tile 8771 1568 405
tile 8772 1624 405
tile 8773 1680 405
tile 8774 1736 405
tile 8775 1792 405
tile 8776 1848 405
tile 8777 0 432
tile 8778 56 432
tile 8779 112 432
tile 8780 168 432
tile 8781 224 432
tile 8782 280 432
tile 8783 336 432
tile 8784 392 432
tile 8785 448 432
tile 8786 504 432
tile 8787 560 432
tile 8788 616 432
tile 8789 672 432
tile 8790 728 432
tile 8791 784 432
tile 8793 840 432
tile 8794 896 432
tile 8795 952 432
tile 8796 1008 432
tile 8797 1064 432
tile 8798 1120 432
tile 8799 1176 432
tile 8800 1232 432
tile 8801 1288 432
tile 8802 1344 432
tile 8803 1400 432
tile 8804 1456 432
tile 8805 1512 432
tile 8806 1568 432
tile 8807 1624 432
tile 8808 1680 432
tile 8809 1736 432
tile 8810 1792 432
tile 8811 1848 432
tile 8812 0 459
tile 8813 56 459
tile 8814 112 459
tile 8815 168 459
tile 8816 224 459
tile 8817 280 459
tile 8818 336 459
tile 8819 392 459
tile 8820 448 459
tile 8821 504 459
tile 8822 560 459
tile 8823 616 459
tile 8824 672 459
tile 8825 728 459
tile 8826 784 459
tile 8827 840 459
tile 8828 896 459
tile 8829 952 459
tile 8830 1008 459
tile 8831 1064 459
tile 8832 1120 459
tile 8833 1176 459
tile 8834 1232 459
tile 8835 1288 459
tile 8836 1344 459
tile 8837 1400 459
tile 8838 1456 459
tile 8839 1512 459
tile 8840 1568 459
tile 8841 1624 459
tile 8842 1680 459
tile 8843 1736 459
tile 8844 1792 459
tile 8845 1848 459
tile 8846 0 486
tile 8848 56 486
tile 8849 112 486
tile 8850 168 486
tile 8851 224 486
tile 8852 280 486
tile 8853 336 486
tile 8854 392 486
tile 8855 448 486
tile 8856 504 486
tile 8857 560 486
tile 8858 616 486
tile 8859 672 486
tile 8860 728 486
tile 8861 784 486
tile 8862 840 486
tile 8863 896 486
tile 8864 952 486
tile 8865 1008 486
tile 8866 1064 486
tile 8867 1120 486
tile 8868 1176 486
tile 8869 1232 486
tile 8870 1288 486
tile 8871 1344 486
tile 8872 1400 486
tile 8873 1456 486
tile 8874 1512 486
tile 8875 1568 486
tile 8876 1624 486
tile 8877 1680 486
tile 8878 1736 486
tile 8879 1792 486
tile 8880 1848 486
tile 8881 0 513
tile 8882 56 513
tile 8883 112 513
tile 8884 168 513
tile 8885 224 513
tile 8886 280 513
tile 8887 336 513
tile 8888 392 513
tile 8889 448 513
tile 8890 504 513
tile 8891 560 513
tile 8892 616 513
tile 8893 672 513
tile 8894 728 513
tile 8895 784 513
tile 8896 840 513
tile 8897 896 513
tile 8898 952 513
tile 8899 1008 513
tile 8900 1064 513
tile 8901 1120 513
tile 8903 1176 513
tile 8904 1232 513
tile 8905 1288 513
tile 8906 1344 513
tile 8907 1400 513
tile 8908 1456 513
tile 8909 1512 513
tile 8910 1568 513
tile 8911 1624 513
tile 8912 1680 513
tile 8913 1736 513
tile 8914 1792 513
tile 8915 1848 513
tile 8916 0 540
tile 8917 56 540
tile 8918 112 540
tile 8919 168 540
tile 8920 224 540
tile 8921 280 540
tile 8922 336 540
tile 8923 392 540
tile 8924 448 540
tile 8925 504 540
tile 8926 560 540
tile 8927 616 540
tile 8928 672 540
tile 8929 728 540
tile 8930 784 540
tile 8931 840 540
tile 8932 896 540
tile 9143 952 540
tile 9144 1008 540
tile 9145 1064 540
tile 9146 1120 540
tile 9147 1176 540
tile 9148 1232 540
tile 9149 1288 540
tile 9150 1344 540
tile 9151 1400 540
tile 9152 1456 540
tile 9153 1512 540
tile 9154 1568 540
tile 9226 1624 540
tile 9227 1680 540
tile 9228 1736 540
tile 9229 1792 540
tile 9230 1848 540
tile 9231 0 567
tile 9232 56 567
tile 9233 112 567
tile 9234 168 567
tile 9235 224 567
tile 9236 280 567
tile 9237 336 567
tile 9238 392 567
tile 9239 448 567
tile 9240 504 567
tile 9241 560 567
tile 9242 616 567
tile 9243 672 567
tile 9244 728 567
tile 9245 784 567
tile 9246 840 567
tile 9247 896 567
tile 9248 952 567
tile 9249 1008 567
tile 9250 1064 567
tile 9251 1120 567
tile 9252 1176 567
tile 9253 1232 567
tile 9254 1288 567
tile 9255 1344 567
tile 9256 1400 567
tile 9257 1456 567
tile 9258 1512 567
tile 9259 1568 567
tile 9260 1624 567
tile 9324 1680 567
tile 9325 1736 567
tile 9326 1792 567
tile 9327 1848 567
tile 9328 0 594
tile 9329 56 594
tile 9330 112 594
tile 9331 168 594
tile 9332 224 594
tile 9333 280 594
tile 9334 336 594
tile 9335 392 594
tile 9336 448 594
tile 9337 504 594
tile 9338 560 594
tile 9339 616 594
tile 9340 672 594
tile 9341 728 594
tile 9342 784 594
tile 9343 840 594
tile 9344 896 594
tile 9345 952 594
tile 9346 1008 594
tile 9347 1064 594
tile 9348 1120 594
tile 9349 1176 594
tile 9350 1232 594
tile 9351 1288 594
tile 9352 1344 594
tile 9353 1400 594
tile 9354 1456 594
tile 9355 1512 594
tile 9356 1568 594
tile 9357 1624 594
tile 9358 1680 594
tile 9359 1736 594
tile 9360 1792 594
tile 9361 1848 594
tile 9362 0 621
tile 9363 56 621
tile 9364 112 621
tile 9365 168 621
tile 9366 224 621
tile 9367 280 621
tile 9368 336 621
tile 9369 392 621
tile 9370 448 621
tile 9371 504 621
tile 9372 560 621
tile 9373 616 621
tile 9374 672 621
tile 9375 728 621
tile 9376 784 621
tile 9377 840 621
tile 9378 896 621
tile 9379 952 621
tile 9380 1008 621
tile 9381 1064 621
tile 9382 1120 621
tile 9383 1176 621
tile 9384 1232 621
tile 9385 1288 621
tile 9386 1344 621
tile 9387 1400 621
tile 9388 1456 621
tile 9389 1512 621
tile 9390 1568 621
tile 9391 1624 621
tile 9392 1680 621
tile 9393 1736 621
tile 9394 1792 621
tile 9395 1848 621
tile 9396 0 648
tile 9397 56 648
tile 9398 112 648
tile 9399 168 648
tile 9400 224 648
tile 9401 280 648
tile 9402 336 648
tile 9403 392 648
tile 9404 448 648
tile 9405 504 648
tile 9406 560 648
tile 9407 616 648
tile 9408 672 648
tile 9409 728 648
tile 9410 784 648
tile 9411 840 648
tile 9412 896 648
tile 9413 952 648
tile 9414 1008 648
tile 9415 1064 648
tile 9416 1120 648
tile 9417 1176 648
tile 9418 1232 648
tile 9420 1288 648
tile 9421 1344 648
tile 9422 1400 648
tile 9423 1456 648
tile 9424 1512 648
tile 9425 1568 648
tile 9426 1624 648
tile 9427 1680 648
tile 9428 1736 648
tile 9429 1792 648
tile 9430 1848 648
tile 9431 0 675
tile 9432 56 675
tile 9433 112 675
tile 9434 168 675
tile 9435 224 675
tile 9436 280 675
tile 9437 336 675
tile 9438 392 675
tile 9439 448 675
tile 9440 504 675
tile 9441 560 675
tile 9442 616 675
tile 9443 672 675
tile 9444 728 675
tile 9445 784 675
tile 9446 840 675
tile 9447 896 675
tile 9448 952 675
tile 9449 1008 675
tile 9450 1064 675
tile 9451 1120 675
tile 9452 1176 675
tile 9453 1232 675
tile 9454 1288 675
tile 9455 1344 675
tile 9456 1400 675
tile 9457 1456 675
tile 9458 1512 675
tile 9459 1568 675
tile 9460 1624 675
tile 9461 1680 675
tile 9462 1736 675
tile 9463 1792 675
tile 9464 1848 675
tile 9465 0 702
tile 9466 56 702
tile 9467 112 702
tile 9468 168 702
tile 9469 224 702
tile 9470 280 702
tile 9471 336 702
tile 9472 392 702
tile 9473 448 702
tile 9474 504 702
tile 9475 560 702
tile 9544 616 702
tile 9545 672 702
tile 9546 728 702
tile 9547 784 702
tile 9548 840 702
tile 9549 896 702
tile 9550 952 702
tile 9551 1008 702
tile 9552 1064 702
tile 9553 1120 702
tile 9554 1176 702
tile 9555 1232 702
tile 9556 1288 702
tile 9557 1344 702
tile 9558 1400 702
tile 9559 1456 702
tile 9560 1512 702
tile 9561 1568 702
tile 9563 1624 702
tile 9564 1680 702
tile 9565 1736 702
tile 9566 1792 702
tile 9567 1848 702
tile 9568 0 729
tile 9569 56 729
tile 9570 112 729
tile 9571 168 729
tile 9572 224 729
tile 9573 280 729
tile 9574 336 729
tile 9575 392 729
tile 9576 448 729
tile 9577 504 729
tile 9578 560 729
tile 9579 616 729
tile 9580 672 729
tile 9581 728 729
tile 9582 784 729
tile 9583 840 729
tile 9584 896 729
tile 9585 952 729
tile 9586 1008 729
tile 9587 1064 729
tile 9588 1120 729
tile 9589 1176 729
tile 9590 1232 729
tile 9591 1288 729
tile 9592 1344 729
tile 9593 1400 729
tile 9594 1456 729
tile 9595 1512 729
tile 9596 1568 729
tile 9597 1624 729
tile 9598 1680 729
tile 9599 1736 729
tile 9600 1792 729
tile 9601 1848 729
tile 9602 0 756
tile 9603 56 756
tile 9604 112 756
tile 9605 168 756
tile 9606 224 756
tile 9607 280 756
tile 9608 336 756
tile 9609 392 756
tile 9610 448 756
tile 9611 504 756
tile 9612 560 756
tile 9613 616 756
tile 9614 672 756
tile 9615 728 756
tile 9616 784 756
tile 9617 840 756
tile 9618 896 756
tile 9619 952 756
tile 9620 1008 756
tile 9621 1064 756
tile 9622 1120 756
tile 9623 1176 756
tile 9624 1232 756
tile 9625 1288 756
tile 9626 1344 756
tile 9627 1400 756
tile 9628 1456 756
tile 9629 1512 756
tile 9630 1568 756
tile 9631 1624 756
tile 9632 1680 756
tile 9633 1736 756
tile 9634 1792 756
tile 9635 1848 756
tile 9636 0 783
tile 9637 56 783
tile 9638 112 783
tile 9639 168 783
tile 9640 224 783
tile 9641 280 783
tile 9642 336 783
tile 9643 392 783
tile 9644 448 783
tile 9645 504 783
tile 9646 560 783
tile 9647 616 783
tile 9648 672 783
tile 9654 728 783
tile 9655 784 783
tile 9656 840 783
tile 9657 896 783
tile 9658 952 783
tile 9659 1008 783
tile 9661 1064 783
tile 9662 1120 783
tile 9663 1176 783
tile 9668 1232 783
tile 9670 1288 783
tile 9671 1344 783
tile 9672 1400 783
tile 9673 1456 783
tile 9675 1512 783
tile 9676 1568 783
tile 9677 1624 783
tile 9678 1680 783
tile 9680 1736 783
tile 9681 1792 783
tile 9682 1848 783
tile 9693 0 810
tile 9696 56 810
tile 9698 112 810
tile 9701 168 810
tile 9702 224 810
tile 9703 280 810
tile 9704 336 810
tile 9705 392 810
tile 9706 448 810
tile 9707 504 810
tile 9708 560 810
tile 9709 616 810
tile 9710 672 810
tile 9711 728 810
tile 9712 784 810
tile 9713 840 810
tile 9714 896 810
tile 9715 952 810
tile 9716 1008 810
tile 9717 1064 810
tile 9718 1120 810
tile 9719 1176 810
tile 9720 1232 810
tile 9721 1288 810
tile 9722 1344 810
tile 9723 1400 810
tile 9724 1456 810
tile 9725 1512 810
tile 9726 1568 810
tile 9727 1624 810
tile 9728 1680 810
tile 9729 1736 810
tile 9730 1792 810
tile 9731 1848 810
tile 9732 0 837
tile 9733 56 837
tile 9734 112 837
tile 9735 168 837
tile 9736 224 837
tile 9737 280 837
tile 9738 336 837
tile 9739 392 837
tile 9740 448 837
tile 9741 504 837
tile 9742 560 837
tile 9743 616 837
tile 9744 672 837
tile 9745 728 837
tile 9746 784 837
tile 9747 840 837
tile 9748 896 837
tile 9749 952 837
tile 9750 1008 837
tile 9751 1064 837
tile 9752 1120 837
tile 9753 1176 837
tile 9754 1232 837
tile 9755 1288 837
tile 9756 1344 837
tile 9757 1400 837
tile 9758 1456 837
tile 9759 1512 837
tile 9760 1568 837
tile 9761 1624 837
tile 9762 1680 837
tile 9763 1736 837
tile 9764 1792 837
tile 9765 1848 837
tile 9766 0 864
tile 9767 56 864
tile 9768 112 864
tile 9769 168 864
tile 9770 224 864
tile 9771 280 864
tile 9772 336 864
tile 12311 392 864
tile 12312 448 864
tile 12313 504 864
tile 12314 560 864
tile 12315 616 864
tile 12316 672 864
tile 12318 728 864
tile 12319 784 864
tile 12320 840 864
tile 12321 896 864
picture 10015 812 68 32 0
picture 10016 812 100 31 0
picture 10017 784 48 47 0
picture 10018 784 0 48 0
picture 10019 644 585 144 0
picture 10020 532 339 167 0
picture 10021 336 609 202 0
picture 10022 252 417 207 0
picture 10023 392 0 199 0
picture 10024 56 498 247 0
picture 10025 0 262 261 0
picture 10026 28 517 251 0
picture 10027 140 0 227 0
picture 10028 84 739 240 0
picture 10029 112 240 239 0
picture 10030 140 680 225 0
picture 10031 168 225 224 0
picture 10032 280 619 205 0
picture 10033 364 202 201 0
picture 10034 504 699 170 0
picture 10035 728 773 101 0
picture 10036 700 266 131 0
picture 10037 588 316 154 0
picture 10038 392 783 192 0
picture 10039 280 207 206 0
picture 10040 252 209 208 0
picture 10041 168 671 221 0
picture 10042 308 820 203 0
picture 10043 504 528 171 0
picture 10044 56 745 247 0
picture 10045 0 523 261 0
picture 10046 84 0 247 0
picture 10047 140 227 227 0
picture 10048 112 0 240 0
picture 10049 28 768 250 0
picture 10050 644 148 146 0
picture 10051 616 303 150 0
picture 10052 672 426 138 0
picture 10053 756 0 96 0
picture 10054 700 134 132 0
picture 10055 476 370 181 0
picture 10056 420 0 192 0
picture 10057 476 732 180 0
picture 10058 560 330 164 0
picture 10059 672 701 136 0
picture 10060 616 453 150 0
picture 10061 448 0 189 0
picture 10062 196 0 220 0
picture 10063 308 0 205 0
picture 10064 504 0 176 0
picture 10065 644 729 143 0
picture 10066 756 191 89 0
picture 10067 700 874 116 0
picture 10068 532 840 165 0
picture 10069 392 397 193 0
picture 10070 252 0 209 0
picture 10071 168 449 222 0
picture 10072 336 811 202 0
picture 10073 532 0 170 0
picture 10074 700 640 117 0
picture 10075 756 280 89 0
picture 10076 756 547 84 0
picture 10077 644 872 143 0
picture 10078 420 576 191 0
picture 10079 308 205 205 0
picture 10080 364 604 200 0
picture 10081 448 564 186 0
picture 10082 588 624 153 0
picture 10083 756 794 73 0
picture 10084 784 570 38 0
picture 10085 728 0 116 0
picture 10086 560 0 165 0
picture 10087 392 199 198 0
picture 10088 224 0 216 0
picture 10089 112 711 229 0
picture 10090 364 403 201 0
picture 10091 532 170 169 0
picture 10092 700 757 117 0
picture 10093 756 369 89 0
picture 10094 756 631 84 0
picture 10095 672 0 143 0
picture 10096 420 767 191 0
picture 10097 308 410 205 0
picture 10098 364 804 200 0
picture 10099 448 750 186 0
picture 10100 588 777 153 0
picture 10101 756 867 73 0
picture 10102 784 646 37 0
picture 10103 728 456 110 0
picture 10104 588 0 159 0
picture 10105 448 377 187 0
picture 10106 336 0 203 0
picture 10107 224 216 216 0
picture 10108 336 203 203 0
picture 10109 196 440 219 0
picture 10110 280 413 206 0
picture 10111 504 176 176 0
picture 10112 588 159 157 0
picture 10113 756 458 89 0
picture 10115 224 648 210 0
picture 10116 196 659 219 0
picture 10117 308 615 205 0
picture 10118 504 352 176 0
picture 10119 672 143 143 0
picture 10121 672 837 136 0
picture 10122 616 753 149 0
picture 10123 420 192 192 0
picture 10124 196 220 220 0
picture 10125 0 0 262 0
picture 10126 28 260 257 0
picture 10127 112 479 232 0
picture 10128 560 165 165 0
picture 10129 756 96 95 0
picture 10130 728 116 115 0
picture 10131 560 494 164 0
picture 10132 420 384 192 0
picture 10133 224 432 216 0
picture 10134 56 0 249 0
picture 10135 56 249 249 0
picture 10136 756 715 79 0
picture 10137 364 0 202 0
picture 10138 448 189 188 0
picture 10139 616 603 150 0
picture 10141 784 142 46 0
picture 10142 784 234 45 0
picture 10143 784 279 45 0
picture 10144 784 188 46 0
picture 10146 784 366 41 0
picture 10147 784 407 41 0
picture 10148 784 448 41 0
picture 10149 784 489 41 0
picture 10152 812 190 23 0
picture 10153 812 213 23 0
picture 10161 784 95 47 0
picture 10162 756 940 69 0
picture 10163 728 566 104 0
picture 10164 728 670 103 0
picture 10165 728 231 113 0
picture 10166 700 397 125 0
picture 10167 728 344 112 0
picture 10168 784 867 34 0
picture 10169 812 162 28 0
picture 10170 812 131 31 0
picture 10171 784 530 40 0
picture 10172 784 831 36 0
picture 10173 784 901 34 0
picture 10174 784 683 37 0
picture 10175 784 935 34 0
picture 10176 784 720 37 0
picture 10177 784 969 34 0
picture 10178 784 757 37 0
picture 10179 784 608 38 0
picture 10180 812 0 34 0
picture 10181 812 34 34 0
picture 10182 784 324 42 0
picture 10183 784 794 37 0
picture 10231 644 440 145 0
picture 10232 532 506 167 0
picture 10233 336 406 203 0
picture 10234 252 624 207 0
picture 10235 476 0 185 0
picture 10236 588 470 154 0
picture 10238 700 522 118 0
picture 10239 700 0 134 0
picture 10240 616 152 151 0
picture 10241 644 0 148 0
picture 10242 616 0 152 0
picture 10243 672 286 140 0
picture 10244 728 874 98 0
picture 10245 644 294 146 0
picture 10246 532 673 167 0
picture 10247 84 247 246 0
picture 10248 28 0 260 0
picture 10249 84 493 246 0
picture 10250 140 454 226 0
picture 10251 168 0 225 0
picture 10252 280 0 207 0
picture 10483 672 564 137 0
picture 10484 560 822 162 0
picture 10485 476 185 185 0
picture 10486 392 590 193 0
picture 10487 476 551 181 0
picture 10488 560 658 164 0
object 3 0 right 10084
object 19 0 right 10075
object 33 0 right 10179
object 37 0 right 10252
object 52 0 right 10169
object 57 0 right 10244
object 3 1 right 10083
object 19 1 right 10074
object 33 1 right 10147
object 37 1 right 10251
object 57 1 right 10243
object 61 1 right 10153
object 67 1 right 10153
object 3 2 right 10082
object 19 2 right 10073
object 37 2 right 10250
object 57 2 right 10242
object 60 2 left 10168
object 60 2 right 10169
object 61 2 left 10182
object 61 2 right 10183
object 62 2 left 10170
object 62 2 right 10171
object 65 2 left 10176
object 65 2 right 10177
object 66 2 left 10143
object 66 2 right 10144
object 67 2 left 10178
object 67 2 right 10236
object 3 3 right 10081
object 15 3 left 10067
object 16 3 left 10068
object 17 3 left 10069
object 18 3 left 10070
object 19 3 left 10071
object 19 3 right 10072
object 34 3 left 10245
object 35 3 left 10246
object 36 3 left 10247
object 37 3 left 10248
object 37 3 right 10249
object 55 3 left 10238
object 56 3 left 10239
object 57 3 left 10240
object 57 3 right 10241
object 60 3 left 10176
object 60 3 right 10177
object 61 3 left 10148
object 61 3 right 10149
object 62 3 left 10182
object 62 3 right 10183
object 66 3 left 10174
object 66 3 right 10175
object 67 3 left 10180
object 67 3 right 10235
object 68 3 left 10168
object 68 3 right 10169
object 0 4 left 10076
object 1 4 left 10077
object 2 4 left 10078
object 3 4 left 10079
object 3 4 right 10080
object 62 4 left 10168
object 62 4 right 10169
object 65 4 left 10231
object 66 4 left 10232
object 66 4 right 10171
object 67 4 left 10233
object 67 4 right 10234
object 17 5 right 10101
object 27 5 right 10053
object 50 5 right 10084
object 63 5 left 10170
object 63 5 right 10171
object 66 5 left 10152
object 66 5 right 10153
object 9 6 right 10139
object 14 6 right 10129
object 17 6 right 10100
object 27 6 right 10052
object 40 6 right 10488
object 50 6 right 10083
object 9 7 right 10138
object 14 7 right 10128
object 17 7 right 10099
object 21 7 right 10058
object 27 7 right 10051
object 40 7 right 10487
object 50 7 right 10082
object 9 8 left 10136
object 9 8 right 10137
object 10 8 left 10121
object 11 8 left 10122
object 11 8 right 10122
object 12 8 left 10123
object 12 8 right 10124
object 14 8 left 10094
object 14 8 right 10127
object 15 8 left 10095
object 16 8 left 10096
object 17 8 left 10097
object 17 8 right 10098
object 21 8 right 10057
object 26 8 left 10048
object 27 8 left 10049
object 27 8 right 10050
object 31 8 left 10174
object 31 8 right 10175
object 32 8 left 10180
object 32 8 right 10181
object 33 8 left 10168
object 33 8 right 10169
object 38 8 left 10483
object 39 8 left 10484
object 40 8 left 10485
object 40 8 right 10486
object 50 8 right 10081
object 8 9 right 10113
object 14 9 left 10125
object 14 9 right 10126
object 16 9 left 10093
object 20 9 left 10054
object 21 9 left 10055
object 21 9 right 10056
object 25 9 right 10047
object 28 9 right 10035
object 31 9 left 10170
object 31 9 right 10171
object 32 9 left 10182
object 32 9 right 10183
object 47 9 left 10076
object 48 9 left 10077
object 49 9 left 10078
object 50 9 left 10079
object 50 9 right 10080
object 6 10 left 10130
object 7 10 left 10131
object 8 10 left 10132
object 8 10 right 10112
object 9 10 left 10133
object 10 10 left 10134
object 10 10 right 10135
object 16 10 right 10092
object 22 10 right 10043
object 24 10 left 10044
object 25 10 left 10045
object 25 10 right 10046
object 28 10 left 10033
object 28 10 right 10034
object 31 10 left 10152
object 31 10 right 10153
object 2 11 right 10236
object 8 11 right 10111
object 10 11 right 10119
object 16 11 right 10091
object 21 11 left 10040
object 22 11 left 10041
object 22 11 right 10042
object 26 11 left 10030
object 27 11 left 10031
object 27 11 right 10032
object 30 11 left 10168
object 30 11 right 10169
object 31 11 left 10141
object 31 11 right 10142
object 32 11 left 10148
object 32 11 right 10149
object 33 11 left 10170
object 33 11 right 10171
object 34 11 left 10170
object 34 11 right 10171
object 2 12 right 10235
object 8 12 right 10110
object 10 12 right 10118
object 12 12 left 10085
object 13 12 left 10086
object 14 12 left 10087
object 14 12 right 10091
object 15 12 left 10088
object 16 12 left 10089
object 16 12 right 10090
object 20 12 left 10038
object 20 12 right 10039
object 25 12 left 10028
object 25 12 right 10029
object 30 12 left 10172
object 30 12 right 10173
object 31 12 left 10174
object 31 12 right 10175
object 32 12 left 10176
object 32 12 right 10177
object 33 12 left 10174
object 33 12 right 10175
object 0 13 left 10231
object 1 13 left 10232
object 2 13 left 10233
object 2 13 right 10234
object 8 13 right 10109
object 10 13 right 10117
object 19 13 left 10036
object 19 13 right 10037
object 22 13 left 10015
object 22 13 right 10016
object 24 13 right 10027
object 4 14 left 10103
object 5 14 left 10104
object 6 14 left 10105
object 7 14 left 10106
object 8 14 left 10107
object 8 14 right 10108
object 10 14 left 10115
object 10 14 right 10116
object 22 14 left 10023
object 23 14 left 10024
object 24 14 left 10025
object 24 14 right 10026
object 19 15 left 10019
object 20 15 left 10020
object 21 15 left 10021
object 21 15 right 10022
object 27 15 left 10017
object 27 15 right 10018
object 13 16 right 10053
object 13 17 right 10052
object 67 17 right 10488
object 7 18 right 10058
object 13 18 right 10051
object 41 18 right 10244
object 67 18 right 10487
object 7 19 right 10057
object 12 19 left 10048
object 13 19 left 10049
object 13 19 right 10050
object 23 19 right 10075
object 41 19 right 10243
object 65 19 left 10483
object 66 19 left 10484
object 67 19 left 10485
object 67 19 right 10486
object 6 20 left 10054
object 7 20 left 10055
object 7 20 right 10056
object 11 20 right 10047
object 14 20 right 10035
object 23 20 right 10074
object 41 20 right 10242
object 52 20 left 10148
object 52 20 right 10149
object 56 20 left 10174
object 56 20 right 10175
object 57 20 left 10180
object 57 20 right 10181
object 58 20 left 10168
object 58 20 right 10169
object 8 21 right 10043
object 10 21 left 10044
object 11 21 left 10045
object 11 21 right 10046
object 14 21 left 10033
object 14 21 right 10034
object 23 21 right 10073
object 39 21 left 10238
object 40 21 left 10239
object 41 21 left 10240
object 41 21 right 10241
object 56 21 left 10170
object 56 21 right 10171
object 57 21 left 10182
object 57 21 right 10183
object 66 21 right 10075
object 7 22 left 10040
object 8 22 left 10041
object 8 22 right 10042
object 12 22 left 10030
object 13 22 left 10031
object 13 22 right 10032
object 19 22 left 10067
object 20 22 left 10068
object 21 22 left 10069
object 22 22 left 10070
object 23 22 left 10071
object 23 22 right 10072
object 46 22 right 10236
object 56 22 left 10152
object 56 22 right 10153
object 66 22 right 10074
object 6 23 left 10038
object 6 23 right 10039
object 11 23 left 10028
object 11 23 right 10029
object 17 23 right 10244
object 39 23 right 10252
object 46 23 right 10235
object 55 23 left 10168
object 55 23 right 10169
object 56 23 left 10141
object 56 23 right 10142
object 57 23 left 10148
object 57 23 right 10149
object 58 23 left 10170
object 58 23 right 10171
object 66 23 right 10073
object 5 24 left 10036
object 5 24 right 10037
object 8 24 left 10015
object 8 24 right 10016
object 10 24 right 10027
object 17 24 right 10243
object 39 24 right 10251
object 44 24 left 10231
object 45 24 left 10232
object 46 24 left 10233
object 46 24 right 10234
object 55 24 left 10172
object 55 24 right 10173
object 56 24 left 10174
object 56 24 right 10175
object 57 24 left 10176
object 57 24 right 10177
object 58 24 left 10172
object 58 24 right 10173
object 62 24 left 10067
object 63 24 left 10068
object 64 24 left 10069
object 65 24 left 10070
object 66 24 left 10071
object 66 24 right 10072
object 8 25 left 10023
object 9 25 left 10024
object 10 25 left 10025
object 10 25 right 10026
object 17 25 right 10242
object 39 25 right 10250
object 55 25 left 10176
object 55 25 right 10177
object 56 25 left 10180
object 56 25 right 10181
object 57 25 left 10178
object 57 25 right 10179
object 59 25 left 10180
object 59 25 right 10181
object 5 26 left 10019
object 6 26 left 10020
object 7 26 left 10021
object 7 26 right 10022
object 13 26 left 10017
object 13 26 right 10018
object 15 26 left 10238
object 16 26 left 10239
object 17 26 left 10240
object 17 26 right 10241
object 33 26 left 10170
object 33 26 right 10171
object 36 26 left 10245
object 37 26 left 10246
object 38 26 left 10247
object 39 26 left 10248
object 39 26 right 10249
object 36 31 left 10180
object 36 31 right 10181
object 69 31 right 10167
object 69 32 right 10166
object 23 33 left 10146
object 23 33 right 10147
object 69 33 right 10165
object 69 34 right 10164
object 69 35 right 10163
object 69 36 left 10161
object 69 36 right 10162
object 4 37 right 10075
object 38 37 right 10075
object 40 37 left 10170
object 40 37 right 10171
object 41 37 left 10182
object 41 37 right 10183
object 45 37 left 10143
object 45 37 right 10144
object 46 37 left 10172
object 46 37 right 10173
object 49 37 left 10170
object 49 37 right 10171
object 50 37 left 10182
object 50 37 right 10183
object 54 37 right 10252
object 66 37 right 10244
object 4 38 right 10074
object 12 38 right 10244
object 38 38 right 10074
object 41 38 left 10168
object 41 38 right 10169
object 45 38 left 10146
object 45 38 right 10147
object 50 38 left 10168
object 50 38 right 10169
object 54 38 right 10251
object 66 38 right 10243
object 4 39 right 10073
object 12 39 right 10243
object 25 39 right 10236
object 38 39 right 10073
object 54 39 right 10250
object 66 39 right 10242
object 0 40 left 10067
object 1 40 left 10068
object 2 40 left 10069
object 3 40 left 10070
object 4 40 left 10071
object 4 40 right 10072
object 12 40 right 10242
object 25 40 right 10235
object 34 40 left 10067
object 35 40 left 10068
object 36 40 left 10069
object 37 40 left 10070
object 38 40 left 10071
object 38 40 right 10072
object 51 40 left 10245
object 52 40 left 10246
object 53 40 left 10247
object 54 40 left 10248
object 54 40 right 10249
object 64 40 left 10238
object 65 40 left 10239
object 66 40 left 10240
object 66 40 right 10241
object 10 41 left 10238
object 11 41 left 10239
object 12 41 left 10240
object 12 41 right 10241
object 23 41 left 10231
object 24 41 left 10232
object 25 41 left 10233
object 25 41 right 10234
object 66 42 right 10053
object 3 43 left 10152
object 3 43 right 10153
object 53 43 right 10102
object 66 43 right 10052
object 53 44 right 10101
object 60 44 right 10058
object 66 44 right 10051
object 2 45 left 10148
object 2 45 right 10149
object 45 45 right 10139
object 50 45 right 10129
object 53 45 right 10100
object 60 45 right 10057
object 65 45 left 10048
object 66 45 left 10049
object 66 45 right 10050
object 19 46 right 10053
object 45 46 right 10138
object 50 46 right 10128
object 53 46 right 10099
object 59 46 left 10054
object 60 46 left 10055
object 60 46 right 10056
object 64 46 right 10047
object 67 46 right 10035
object 19 47 right 10052
object 26 47 right 10066
object 45 47 left 10136
object 45 47 right 10137
object 46 47 left 10121
object 47 47 left 10122
object 47 47 right 10122
object 48 47 left 10123
object 48 47 right 10124
object 50 47 left 10094
object 50 47 right 10127
object 51 47 left 10095
object 52 47 left 10096
object 53 47 left 10097
object 53 47 right 10098
object 61 47 right 10043
object 63 47 left 10044
object 64 47 left 10045
object 64 47 right 10046
object 67 47 left 10033
object 67 47 right 10034
object 13 48 right 10058
object 19 48 right 10051
object 26 48 right 10065
object 44 48 right 10113
object 50 48 left 10125
object 50 48 right 10126
object 52 48 left 10093
object 60 48 left 10040
object 61 48 left 10041
object 61 48 right 10042
object 65 48 left 10030
object 66 48 left 10031
object 66 48 right 10032
object 13 49 right 10057
object 18 49 left 10048
object 19 49 left 10049
object 19 49 right 10050
object 26 49 right 10064
object 42 49 left 10130
object 43 49 left 10131
object 44 49 left 10132
object 44 49 right 10112
object 45 49 left 10133
object 46 49 left 10134
object 46 49 right 10135
object 52 49 right 10092
object 59 49 left 10038
object 59 49 right 10039
object 64 49 left 10028
object 64 49 right 10029
object 3 50 left 10170
object 3 50 right 10171
object 12 50 left 10054
object 13 50 left 10055
object 13 50 right 10056
object 17 50 right 10047
object 20 50 right 10035
object 26 50 right 10063
object 37 50 right 10252
object 44 50 right 10111
object 46 50 right 10119
object 52 50 right 10091
object 58 50 left 10036
object 58 50 right 10037
object 61 50 left 10015
object 61 50 right 10016
object 63 50 right 10027
object 14 51 right 10043
object 16 51 left 10044
object 17 51 left 10045
object 17 51 right 10046
object 20 51 left 10033
object 20 51 right 10034
object 24 51 left 10059
object 25 51 left 10060
object 26 51 left 10061
object 26 51 right 10062
object 37 51 right 10251
object 44 51 right 10110
object 46 51 right 10118
object 48 51 left 10085
object 49 51 left 10086
object 50 51 left 10087
object 50 51 right 10091
object 51 51 left 10088
object 52 51 left 10089
object 52 51 right 10090
object 61 51 left 10023
object 62 51 left 10024
object 63 51 left 10025
object 63 51 right 10026
object 13 52 left 10040
object 14 52 left 10041
object 14 52 right 10042
object 18 52 left 10030
object 19 52 left 10031
object 19 52 right 10032
object 24 52 left 10141
object 24 52 right 10142
object 37 52 right 10250
object 44 52 right 10109
object 46 52 right 10117
object 58 52 left 10019
object 59 52 left 10020
object 60 52 left 10021
object 60 52 right 10022
object 66 52 left 10017
object 66 52 right 10018
object 3 53 right 10066
object 12 53 left 10038
object 12 53 right 10039
object 17 53 left 10028
object 17 53 right 10029
object 34 53 left 10245
object 35 53 left 10246
object 36 53 left 10247
object 37 53 left 10248
object 37 53 right 10249
object 40 53 left 10103
object 41 53 left 10104
object 42 53 left 10105
object 43 53 left 10106
object 44 53 left 10107
object 44 53 right 10108
object 46 53 left 10115
object 46 53 right 10116
object 3 54 right 10065
object 11 54 left 10036
object 11 54 right 10037
object 14 54 left 10015
object 14 54 right 10016
object 16 54 right 10027
object 60 54 left 10168
object 60 54 right 10169
object 65 54 left 10170
object 65 54 right 10171
object 66 54 left 10182
object 66 54 right 10183
object 3 55 right 10064
object 14 55 left 10023
object 15 55 left 10024
object 16 55 left 10025
object 16 55 right 10026
object 0 56 left 10148
object 0 56 right 10149
object 3 56 right 10063
object 11 56 left 10019
object 12 56 left 10020
object 13 56 left 10021
object 13 56 right 10022
object 54 56 right 10250
object 60 56 right 10244
object 66 56 right 10236
object 1 57 left 10059
object 2 57 left 10060
object 3 57 left 10061
object 3 57 right 10062
object 11 57 right 10252
object 28 57 right 10102
object 51 57 left 10245
object 52 57 left 10246
object 53 57 left 10247
object 54 57 left 10248
object 54 57 right 10249
object 60 57 right 10243
object 66 57 right 10235
object 1 58 left 10141
object 1 58 right 10142
object 11 58 right 10251
object 28 58 right 10101
object 48 58 right 10053
object 60 58 right 10242
object 64 58 left 10231
object 65 58 left 10232
object 66 58 left 10233
object 66 58 right 10234
object 11 59 right 10250
object 20 59 right 10139
object 25 59 right 10129
object 28 59 right 10100
object 48 59 right 10052
object 58 59 left 10238
object 59 59 left 10239
object 60 59 left 10240
object 60 59 right 10241
object 8 60 left 10245
object 9 60 left 10246
object 10 60 left 10247
object 11 60 left 10248
object 11 60 right 10249
object 20 60 right 10138
object 25 60 right 10128
object 28 60 right 10099
object 42 60 right 10058
object 48 60 right 10051
object 52 60 left 10152
object 52 60 right 10153
object 3 61 left 10170
object 3 61 right 10171
object 4 61 left 10182
object 4 61 right 10183
object 20 61 left 10136
object 20 61 right 10137
object 21 61 left 10121
object 22 61 left 10122
object 22 61 right 10122
object 23 61 left 10123
object 23 61 right 10124
object 25 61 left 10094
object 25 61 right 10127
object 26 61 left 10095
object 27 61 left 10096
object 28 61 left 10097
object 28 61 right 10098
object 42 61 right 10057
object 47 61 left 10048
object 48 61 left 10049
object 48 61 right 10050
object 51 61 left 10168
object 51 61 right 10169
object 52 61 left 10141
object 52 61 right 10142
object 66 61 right 10084
object 4 62 left 10168
object 4 62 right 10169
object 8 62 left 10176
object 8 62 right 10177
object 9 62 left 10143
object 9 62 right 10144
object 19 62 right 10113
object 25 62 left 10125
object 25 62 right 10126
object 27 62 left 10093
object 41 62 left 10054
object 42 62 left 10055
object 42 62 right 10056
object 46 62 right 10047
object 49 62 right 10035
object 50 62 left 10178
object 50 62 right 10179
object 51 62 left 10172
object 51 62 right 10173
object 52 62 left 10174
object 52 62 right 10175
object 66 62 right 10083
object 6 63 left 10148
object 6 63 right 10149
object 7 63 left 10170
object 7 63 right 10171
object 9 63 left 10174
object 9 63 right 10175
object 17 63 left 10130
object 18 63 left 10131
object 19 63 left 10132
object 19 63 right 10112
object 20 63 left 10133
object 21 63 left 10134
object 21 63 right 10135
object 27 63 right 10092
object 43 63 right 10043
object 45 63 left 10044
object 46 63 left 10045
object 46 63 right 10046
object 49 63 left 10033
object 49 63 right 10034
object 50 63 left 10174
object 50 63 right 10175
object 51 63 left 10176
object 51 63 right 10177
object 52 63 left 10180
object 52 63 right 10181
object 66 63 right 10082
object 4 64 right 10244
object 6 64 left 10176
object 6 64 right 10177
object 7 64 left 10172
object 7 64 right 10173
object 9 64 left 10170
object 9 64 right 10171
object 10 64 right 10075
object 19 64 right 10111
object 21 64 right 10119
object 27 64 right 10091
object 42 64 left 10040
object 43 64 left 10041
object 43 64 right 10042
object 47 64 left 10030
object 48 64 left 10031
object 48 64 right 10032
object 51 64 left 10170
object 51 64 right 10171
object 52 64 left 10182
object 52 64 right 10183
object 54 64 right 10075
object 59 64 right 10488
object 66 64 right 10081
object 0 65 left 10168
object 0 65 right 10169
object 4 65 right 10243
object 6 65 left 10178
object 6 65 right 10179
object 8 65 left 10180
object 8 65 right 10181
object 9 65 left 10152
object 9 65 right 10153
object 10 65 right 10074
object 19 65 right 10110
object 21 65 right 10118
object 23 65 left 10085
object 24 65 left 10086
object 25 65 left 10087
object 25 65 right 10091
object 26 65 left 10088
object 27 65 left 10089
object 27 65 right 10090
object 41 65 left 10038
object 41 65 right 10039
object 46 65 left 10028
object 46 65 right 10029
object 50 65 left 10180
object 50 65 right 10181
object 52 65 left 10168
object 52 65 right 10169
object 54 65 right 10074
object 59 65 right 10487
object 63 65 left 10076
object 64 65 left 10077
object 65 65 left 10078
object 66 65 left 10079
object 66 65 right 10080
object 4 66 right 10242
object 8 66 left 10168
object 8 66 right 10169
object 10 66 right 10073
object 19 66 right 10109
object 21 66 right 10117
object 40 66 left 10036
object 40 66 right 10037
object 43 66 left 10015
object 43 66 right 10016
object 45 66 right 10027
object 51 66 left 10178
object 51 66 right 10179
object 53 66 left 10152
object 53 66 right 10153
object 54 66 right 10073
object 57 66 left 10483
object 58 66 left 10484
object 59 66 left 10485
object 59 66 right 10486
object 2 67 left 10238
object 3 67 left 10239
object 4 67 left 10240
object 4 67 right 10241
object 6 67 left 10067
object 7 67 left 10068
object 8 67 left 10069
object 9 67 left 10070
object 10 67 left 10071
object 10 67 right 10072
object 15 67 left 10103
object 16 67 left 10104
object 17 67 left 10105
object 18 67 left 10106
object 19 67 left 10107
object 19 67 right 10108
object 21 67 left 10115
object 21 67 right 10116
object 37 67 left 10170
object 37 67 right 10171
object 38 67 left 10182
object 38 67 right 10183
object 43 67 left 10023
object 44 67 left 10024
object 45 67 left 10025
object 45 67 right 10026
object 50 67 left 10067
object 51 67 left 10068
object 52 67 left 10069
object 53 67 left 10070
object 54 67 left 10071
object 54 67 right 10072
object 1 68 left 10182
object 1 68 right 10183
object 38 68 left 10168
object 38 68 right 10169
object 40 68 left 10019
object 41 68 left 10020
object 42 68 left 10021
object 42 68 right 10022
object 48 68 left 10017
object 48 68 right 10018
object 52 68 left 10182
object 52 68 right 10183
