# lod20015 — tools/dat-extract layout 이 만든다. 손으로 고치지 말 것.
size 60 60
blocked
############################################################
#.......................................................##..
#..............#.........................................#..
#..............#............................................
#..............#............................................
#..............#............................................
#...........................................................
#...........................................................
#...........................................................
#...........................................................
#...........................................................
#.....#.....................................................
#....####...................................................
#....##..........................................##.........
#................................................##.........
#...........................................................
#...........................................................
##..........................................................
##..........................................................
#...........................................................
#...........................................................
#...........................................................
#...........................................................
#...........................................................
#......................................................#....
#............................................#.#............
#............................................###............
#..............................###............##.....###....
#...............................#....................###....
#...............................#.....................##....
#...............................#...........................
#...............................#...........................
#...........................................................
#...........................................................
............................................................
............................................................
............................................................
#...........................................................
#......................................###..................
#......................................###..................
#......................................###..................
#...........................................................
#....................................................#......
#..........................##........................##.....
#.........................###........................#......
#.........................##.........................#......
#...........................................................
#...........................................................
#.............###...........................................
#..............#............................................
#..............#............................................
#..............#........................#...................
#..............#........................#...................
#.......................................##..................
#.......................................#...................
#...........................................................
#...........................................................
#...........................................................
#...........................................................
#...........................................................
floor
0 0 0 0 0 0 0 0 0 0 0 0 0 0 0 0 0 0 0 0 0 0 0 0 0 0 0 0 0 0 0 0 0 0 0 0 0 0 0 0 0 0 0 0 0 0 0 0 0 0 0 0 0 0 0 0 0 0 0 0
0 14469 14479 14489 14493 14496 14499 14502 14505 14508 14511 14514 14517 14520 14523 14526 14530 14533 14536 14539 14542 14545 14548 14551 14554 14469 14469 14479 14489 14493 14496 14499 14502 14505 14508 14511 14514 14517 14520 14523 14526 14530 14533 14536 14539 14542 14545 14548 14551 14554 14469 14469 14479 14489 14493 14496 14499 14502 14505 14508
0 14468 14478 14488 14492 14495 14498 14501 14504 14507 14510 14513 14516 14519 14522 14525 14529 14532 14535 14538 14541 14544 14547 14550 14492 14495 14468 14478 14488 14492 14495 14498 14501 14504 14507 14510 14513 14516 14519 14522 14525 14529 14532 14535 14538 14541 14544 14547 14550 14492 14495 14468 14478 14488 14492 14495 14498 14501 14504 14507
0 14467 14477 14487 14491 14494 14497 14500 14413 14401 14405 14409 14413 14401 14405 14409 14413 14401 14405 14537 14540 14543 14546 14549 14491 14540 14543 14477 14487 14491 14494 14497 14500 14503 14506 14509 14512 14515 14518 14521 14524 14528 14531 14534 14537 14540 14543 14546 14549 14491 14494 14467 14477 14487 14491 14591 14403 14407 14411 14415
0 14466 14476 14486 14412 14400 14404 14408 14412 14400 14404 14408 14412 14400 14404 14408 14412 14400 14404 14408 14412 14400 14404 14408 14412 14400 14404 14408 14412 14400 14404 14408 14412 14400 14404 14408 14412 14400 14404 14408 14412 14400 14404 14408 14412 14400 14404 14408 14412 14400 14411 14415 14403 14407 14411 14415 14402 14406 14410 14414
0 14465 14475 14485 14415 14403 14407 14411 14415 14403 14407 14411 14415 14403 14407 14411 14415 14403 14407 14411 14415 14403 14407 14411 14415 14403 14407 14411 14415 14403 14407 14411 14415 14403 14760 14764 14768 14772 14792 14796 14800 14804 14407 14411 14415 14403 14407 14411 14415 14403 14404 14408 14412 14400 14404 14408 14412 14400 14404 14408
0 14464 14474 14484 14414 14402 14406 14410 14414 14402 14406 14410 14414 14402 14406 14410 14414 14402 14406 14410 14414 14402 14406 14410 14414 14402 14406 14410 14414 14402 14406 14410 14414 14402 14759 14763 14767 14771 14791 14795 14799 14803 14406 14410 14414 14402 14406 14410 14414 14402 14407 14411 14415 14403 14407 14411 14415 14403 14407 14411
0 14463 14473 14483 14413 14401 14405 14409 14413 14401 14405 14409 14413 14401 14405 14409 14413 14401 14405 14409 14413 14401 14405 14409 14413 14401 14405 14409 14413 14401 14405 14409 14413 14401 14758 14762 14766 14770 14790 14794 14798 14802 14405 14409 14413 14401 14405 14409 14413 14401 14406 14410 14414 14402 14406 14410 14414 14402 14406 14410
0 14462 14472 14482 14412 14400 14404 14408 14412 14400 14404 14408 14412 14400 14404 14408 14412 14400 14404 14408 14412 14400 14404 14408 14412 14400 14404 14408 14412 14400 14404 14408 14412 14400 14757 14761 14765 14769 14789 14793 14797 14801 14404 14408 14412 14400 14404 14408 14412 14400 14405 14409 14413 14401 14405 14409 14413 14401 14405 14409
0 14461 14471 14481 14415 14403 14407 14411 14415 14403 14407 14411 14415 14403 14407 14411 14415 14403 14407 14411 14415 14403 14407 14411 14415 14403 14407 14411 14415 14403 14407 14411 14415 14403 14920 14924 14928 14932 14968 14972 14976 14980 14407 14411 14415 14403 14407 14561 14567 14573 14579 14585 14412 14400 14404 14408 14412 14400 14404 14408
0 14460 14470 14480 14414 14402 14406 14410 14414 14402 14406 14410 14414 14402 14406 14410 14414 14402 14406 14410 14414 14402 14406 14410 14414 14402 14406 14410 14414 14402 14406 14410 14414 14402 14919 14923 14927 14931 14967 14971 14975 14979 14406 14410 14414 14402 14406 14560 14566 14572 14578 14584 14415 14403 14407 14411 14415 14403 14407 14411
0 14430 14444 14458 14413 14401 14405 14409 14413 14401 14405 14409 14413 14401 14405 14409 14413 14401 14405 14409 14413 14401 14405 14409 14413 14401 14405 14409 14413 14401 14405 14409 14413 14401 14918 14922 14926 14930 14966 14970 14974 14978 14405 14409 14413 14401 14405 14559 14565 14571 14577 14583 14414 14402 14406 14410 14414 14402 14406 14410
0 14429 14443 14457 14412 14400 14404 14408 14412 14400 14404 14408 14412 14400 14404 14408 14412 14400 14404 14408 14412 14400 14404 14408 14412 14400 14404 14408 14412 14400 14404 14408 14412 14400 14917 14921 14925 14929 14965 14969 14973 14977 14404 14408 14412 14400 14404 14558 14564 14570 14576 14582 14413 14401 14405 14409 14413 14401 14405 14409
0 14428 14442 14456 14415 14403 14407 14411 14415 14403 14407 14411 14415 14403 14407 14411 14415 14403 14407 14411 14415 14403 14407 14411 14415 14403 14407 14411 14415 14403 14407 14411 14415 14403 14936 14940 14944 14948 14984 14988 14992 14996 14407 14411 14415 14403 14407 14557 14563 14569 14575 14581 14412 14400 14404 14408 14412 14400 14404 14408
0 14427 14441 14455 14414 14402 14406 14410 14414 14402 14406 14410 14414 14402 14406 14410 14414 14402 14406 14410 14414 14402 14406 14410 14414 14402 14406 14410 14414 14402 14406 14410 14414 14402 14935 14939 14943 14947 14983 14987 14991 14995 14406 14410 14414 14402 14406 14556 14562 14568 14574 14580 14415 14403 14407 14411 14415 14403 14407 14411
0 14426 14440 14454 14413 14401 14405 14409 14413 14401 14405 14409 14413 14401 14405 14409 14413 14401 14405 14409 14413 14401 14405 14409 14413 14401 14405 14409 14413 14401 14405 14409 14413 14401 14934 14938 14942 14946 14982 14986 14990 14994 14405 14409 14413 14401 14405 14409 14413 14401 14406 14410 14414 14402 14406 14410 14414 14402 14406 14410
0 14425 14439 14453 14412 14400 14404 14408 14412 14400 14404 14408 14412 14400 14404 14408 14412 14400 14404 14408 14412 14400 14404 14408 14412 14400 14404 14408 14412 14400 14404 14408 14412 14400 14933 14937 14941 14945 14981 14985 14989 14993 14404 14408 14412 14400 14404 14408 14412 14400 14405 14409 14413 14401 14405 14409 14413 14401 14405 14409
0 14424 14438 14452 14415 14403 14407 14411 14415 14403 14407 14411 14415 14403 14760 14764 14768 14772 14792 14796 14800 14804 14760 14764 14768 14772 15016 15020 15024 15028 15048 15052 15056 15060 14728 14732 14736 14740 14968 14972 14976 14403 14407 14411 14415 14403 14407 14411 14415 14403 14404 14408 14412 14400 14404 14408 14412 14400 14404 14408
0 14423 14437 14451 14414 14402 14406 14410 14414 14402 14406 14410 14414 14402 14759 14763 14767 14771 14791 14795 14799 14803 14759 14763 14767 14771 15015 15019 15023 15027 15047 15051 15055 15059 14727 14731 14735 14739 14967 14971 14975 14402 14406 14410 14414 14402 14406 14410 14414 14402 14407 14411 14415 14403 14407 14411 14415 14403 14407 14411
0 14422 14436 14450 14413 14401 14405 14409 14413 14401 14405 14409 14413 14401 14758 14762 14766 14770 14790 14794 14798 14802 14758 14762 14766 14770 15014 15018 15022 15026 15046 15050 15054 15058 14726 14730 14734 14738 14966 14970 14974 14401 14405 14409 14413 14401 14405 14409 14413 14401 14406 14410 14414 14402 14406 14410 14414 14402 14406 14410
0 14421 14435 14449 14412 14400 14404 14408 14412 14400 14404 14408 14412 14400 14757 14761 14765 14769 14789 14793 14797 14801 14757 14761 14765 14769 15013 15017 15021 15025 15045 15049 15053 15057 14725 14729 14733 14737 14965 14969 14973 14400 14404 14408 14412 14403 14407 14408 14412 14400 14405 14409 14413 14401 14405 14409 14413 14401 14405 14409
0 14420 14434 14448 14415 14403 14407 14411 14415 14403 14407 14411 14415 14403 14744 14748 14752 14756 14776 14780 14784 14788 14920 14924 14928 14932 14696 14700 14704 14708 14824 14828 14832 14856 14860 14864 14868 14776 14780 14784 14788 14788 14406 14410 14414 14402 14406 14411 14415 14403 14404 14408 14412 14400 14404 14408 14412 14400 14404 14408
0 14419 14433 14447 14414 14402 14406 14410 14414 14402 14406 14410 14414 14402 14743 14747 14751 14755 14775 14779 14783 14787 14919 14923 14927 14931 14695 14699 14703 14707 14823 14827 14831 14855 14859 14863 14867 14775 14779 14783 14787 14787 14405 14409 14413 14401 14405 14410 14414 14402 14407 14411 14415 14403 14407 14411 14415 14403 14407 14411
0 14418 14432 14446 14413 14401 14405 14409 14413 14401 14405 14409 14413 14401 14742 14746 14750 14754 14774 14778 14782 14786 14918 14922 14926 14930 14694 14698 14702 14706 14822 14826 14830 14854 14858 14862 14866 14774 14778 14782 14786 14786 14404 14408 14409 14413 14401 14405 14409 14401 14406 14410 14414 14402 14406 14410 14414 14402 14406 14410
0 14417 14431 14445 14412 14400 14404 14408 14412 14400 14404 14408 14412 14400 14741 14745 14749 14753 14773 14777 14781 14785 14917 14921 14925 14929 14693 14697 14701 14705 14821 14825 14829 14853 14857 14861 14865 14773 14777 14781 14785 14785 14407 14411 14408 14412 14400 14404 14408 14400 14405 14409 14413 14401 14405 14409 14413 14401 14405 14409
0 14422 14436 14450 14415 14403 14407 14411 14415 14403 14760 14764 14768 14772 14840 14844 14848 14852 14840 14844 14848 14852 14728 14732 14736 14740 14984 14988 14992 14996 14407 14411 14415 14759 14763 14767 14771 14791 14795 14799 14803 14402 14406 14410 14411 2897 2898 2899 14411 14403 14404 14408 14412 14400 14404 14408 14412 14400 14404 14408
0 14469 14479 14486 14414 14402 14406 14410 14414 14402 14759 14763 14767 14771 14839 14843 14847 14851 14839 14843 14847 14851 14727 14731 14735 14739 14983 14987 14991 14995 14406 14410 14414 14758 14762 14766 14770 14790 14794 14798 14802 14401 14405 14409 14410 2900 2901 2902 14410 14402 14407 14411 14415 14403 14407 14411 14415 14403 14407 14411
0 14468 14478 14488 14413 14401 14405 14409 14413 14401 14758 14762 14766 14770 14838 14842 14846 14850 14838 14842 14846 14850 14726 14730 14734 14738 14982 14986 14990 14994 14405 14409 14413 14757 14761 14765 14769 14789 14793 14797 14801 14802 14404 14408 14409 2903 2904 2905 14409 14401 14406 14410 14414 14402 14406 14410 14414 14402 14406 14410
0 14467 14477 14487 14412 14400 14404 14408 14412 14400 14757 14761 14765 14769 14837 14841 14845 14849 14837 14841 14845 14849 14725 14729 14733 14737 14981 14985 14989 14993 14404 14408 14412 14744 14748 14752 14756 14776 14780 14784 14788 14801 14407 14411 14408 14412 14400 14404 14408 14400 14405 14409 14413 14401 14405 14409 14413 14401 14405 14409
0 14466 14476 14486 14415 14403 14407 14411 14415 14403 14920 14924 14928 14932 14696 14700 14704 14708 14856 14860 14864 14868 15000 15004 15008 15012 14776 14780 14784 14788 14407 14411 14415 14743 14747 14751 14755 14775 14779 14783 14787 14788 14407 14411 14415 14403 14407 14411 14415 14403 14404 14408 14412 14400 14404 14408 14412 14400 14404 14408
0 14465 14475 14485 14414 14402 14406 14410 14414 14402 14919 14923 14927 14931 14695 14699 14703 14707 14855 14859 14863 14867 14999 15003 15007 15011 14775 14779 14783 14787 14406 14410 14414 14742 14746 14750 14754 14774 14778 14782 14786 14787 14406 14410 14414 14402 14406 14410 14414 14402 14407 14411 14415 14403 14407 14411 14415 14403 14407 14411
0 14464 14474 14484 14413 14401 14405 14409 14413 14401 14918 14922 14926 14930 14694 14698 14702 14706 14854 14858 14862 14866 14998 15002 15006 15010 14774 14778 14782 14786 14405 14409 14413 14741 14745 14749 14753 14773 14777 14781 14785 14786 14405 14409 14413 14401 14405 14409 14413 14401 14406 14410 14414 14402 14406 14410 14414 14402 14406 14410
0 14463 14473 14483 14412 14400 14404 14408 14412 14400 14917 14921 14925 14929 14693 14697 14701 14705 14853 14857 14861 14865 14997 15001 15005 15009 14773 14777 14781 14785 14404 14408 14412 14400 14741 14745 14749 14753 14773 14777 14781 14785 14404 14408 14412 14400 14404 14408 14412 14400 14405 14409 14413 14401 14405 14409 14413 14401 14405 14409
0 14462 14472 14482 14415 14403 14760 14764 14768 14772 14728 14732 14736 14740 14968 14972 14976 14980 14407 14411 14415 14403 14407 14411 14415 14403 14407 14411 14415 14403 14407 14411 14415 14403 14407 14411 14415 14403 14407 14411 14415 14403 14407 14411 14415 14403 14407 14411 14415 14403 14404 14408 14412 14400 14404 14408 14412 14400 14404 14408
0 14461 14471 14481 14414 14402 14759 14763 14767 14771 14727 14731 14735 14739 14967 14971 14975 14979 14406 14410 14414 14402 14406 14410 14414 14402 14406 14410 14414 14402 14406 14410 14414 14402 14406 14410 14414 14402 14406 14410 14414 14402 14406 14410 14414 14402 14406 14410 14414 14402 14407 14411 14415 14403 14407 14411 14415 14403 14407 14411
0 14460 14470 14480 14413 14401 14758 14762 14766 14770 14726 14730 14734 14738 14966 14970 14974 14978 14405 14409 14413 14401 14405 14409 14413 14401 14405 14409 14413 14401 14405 14409 14413 14401 14405 14409 14413 14401 14405 14409 14413 14401 14405 14409 14413 14401 14405 14409 14413 14401 14406 14410 14414 14402 14406 14410 14414 14402 14406 14410
0 14430 14444 14458 14412 14400 14757 14761 14765 14769 14725 14729 14733 14737 14965 14969 14973 14977 14404 14408 14412 14400 14404 14408 14412 14400 14404 14408 14412 14400 14404 14408 14412 14400 14404 14408 14412 14400 14404 14408 14412 14400 14404 14408 14412 14400 14404 14408 14412 14400 14405 14409 14413 14401 14405 14409 14413 14401 14405 14409
0 14429 14443 14457 14415 14403 14744 14748 14752 14756 14824 14828 14832 14836 14776 14780 14784 14788 14407 14411 14415 14403 14407 14411 14415 14403 14407 14411 14415 14403 14407 14411 14415 14403 14407 14411 14415 14403 14407 14411 14415 14403 14407 14411 14415 14403 14407 14411 14415 14403 14404 14408 14412 14400 14404 14408 14412 14400 14404 14408
0 14428 14442 14456 14414 14402 14743 14747 14751 14755 14823 14827 14831 14835 14775 14779 14783 14787 14406 14410 14414 14402 14406 14410 14414 14402 14406 14410 14414 14402 14406 14410 14414 14402 14406 14410 14414 14402 14406 14410 14414 14402 14406 14410 14414 14402 14406 14410 14414 14402 14407 14411 14415 14403 14407 14411 14415 14403 14407 14411
0 14427 14441 14455 14413 14401 14742 14746 14750 14754 14822 14826 14830 14834 14774 14778 14782 14786 14405 14409 14413 14401 14405 14409 14413 14401 14405 14409 14413 14401 14405 14409 14413 14401 14405 14409 14413 14401 14405 14409 14413 14401 14405 14409 14413 14401 14405 14409 14413 14401 14406 14410 14414 14402 14406 14410 14414 14402 14406 14410
0 14426 14440 14454 14412 14400 14741 14745 14749 14753 14821 14825 14829 14833 14773 14777 14781 14785 14404 14408 14412 14400 14404 14408 14412 14621 14627 14633 14639 14645 14404 14408 14412 14400 14404 14408 14412 14400 14404 14408 14412 14400 14404 14408 14412 14400 14404 14408 14412 14400 14405 14409 14413 14401 14405 14409 14413 14401 14405 14409
0 14425 14439 14453 14415 14403 14407 14411 14415 14403 14407 14411 14415 14403 14407 14411 14415 14403 14407 14411 14415 14403 14407 14411 14415 14620 14626 14632 14638 14644 14407 14411 14415 14403 14407 14411 14415 14403 14407 14411 14415 14403 14407 14411 14415 14403 14407 14411 14415 14403 14404 14408 14412 14400 14404 14408 14412 14400 14404 14408
0 14424 14438 14452 14414 14402 14406 14410 14414 14402 14406 14410 14414 14402 14406 14410 14414 14402 14406 14410 14414 14402 14406 14410 14414 14619 14625 14631 14637 14643 14406 14410 14414 14402 14406 14410 14414 14402 14406 14410 14414 14402 14406 14410 14414 14402 14406 14410 14414 14402 14407 14411 14415 14403 14407 14411 14415 14403 14407 14411
0 14423 14437 14451 14413 14401 14405 14409 14413 14401 14405 14409 14413 14401 14405 14409 14413 14401 14405 14409 14413 14401 14405 14409 14413 14618 14624 14630 14636 14642 14405 14409 14413 14401 14405 14409 14413 14401 14405 14409 14413 14401 14405 14409 14413 14401 14405 14409 14413 14401 14406 14410 14414 14402 14406 14410 14414 14402 14406 14410
0 14422 14436 14450 14412 14400 14404 14408 14412 14400 14404 14408 14412 14400 14404 14408 14412 14400 14404 14408 14412 14400 14404 14408 14412 14617 14623 14629 14635 14641 14404 14408 14412 14400 14404 14408 14412 14400 14404 14408 14412 14400 14404 14408 14412 14400 14404 14408 14412 14400 14405 14409 14413 14401 14405 14409 14413 14401 14405 14409
0 14421 14435 14449 14415 14403 14407 14411 14415 14403 14407 14411 14415 14403 14407 14411 14415 14403 14407 14411 14415 14403 14407 14411 14415 14616 14622 14628 14634 14640 14407 14411 14415 14403 14407 14411 14415 14403 14407 14411 14415 14403 14407 14411 14415 14403 14407 14411 14415 14403 14404 14408 14412 14400 14404 14408 14412 14400 14404 14408
0 14420 14434 14448 14414 14402 14406 14410 14414 14402 14406 14410 14414 14402 14406 14410 14414 14402 14406 14410 14414 14402 14406 14410 14414 14402 14406 14410 14414 14402 14406 14410 14414 14402 14406 14410 14414 14402 14406 14410 14414 14402 14406 14410 14414 14402 14406 14410 14414 14402 14407 14411 14415 14403 14407 14411 14415 14403 14407 14411
0 14419 14433 14447 14413 14401 14405 14409 14413 14401 14405 14409 14413 14401 14405 14409 14413 14401 14405 14409 14413 14401 14405 14409 14413 14401 14405 14409 14413 14401 14405 14409 14413 14401 14405 14409 14413 14401 14405 14409 14413 14401 14405 14409 14413 14401 14405 14409 14413 14401 14406 14410 14414 14402 14406 14410 14414 14402 14406 14410
0 14418 14432 14446 14412 14400 14404 14408 14412 14400 14404 14408 14412 14400 14404 14408 14412 14400 14404 14408 14412 14400 14404 14408 14412 14400 14404 14408 14412 14400 14404 14408 14412 14400 14404 14408 14412 14400 14404 14408 14412 14400 14404 14408 14412 14400 14404 14408 14412 14400 14405 14409 14413 14401 14405 14409 14413 14401 14405 14409
0 14417 14431 14445 14415 14403 14407 14411 14415 14403 14407 14411 14415 14403 14407 14411 14415 14403 14407 14411 14415 14403 14407 14411 14415 14403 14407 14411 14415 14403 14407 14411 14415 14403 14407 14411 14415 14403 14407 14411 14415 14403 14407 14411 14415 14403 14407 14411 14415 14403 14404 14408 14412 14400 14404 14408 14412 14400 14404 14408
0 14422 14436 14450 14415 14403 14407 14411 14415 14402 14406 14410 14414 14403 14407 14411 14415 14403 14407 14411 14415 14403 14407 14411 14415 14403 14407 14411 14415 14403 14407 14411 14415 14403 14407 14411 14415 14403 14407 14411 14415 14403 14407 14411 14415 14403 14407 14411 14415 14403 14407 14411 14415 14403 14407 14411 14415 14403 14407 14411
0 14469 14479 14486 14414 14402 14406 14410 14414 14401 14405 14409 14413 14402 14406 14410 14414 14402 14406 14410 14414 14402 14406 14410 14414 14402 14406 14410 14414 14402 14406 14410 14414 14402 14406 14410 14414 14402 14406 14410 14414 14402 14406 14410 14414 14402 14406 14410 14414 14402 14406 14410 14414 14402 14406 14410 14414 14402 14406 14410
0 14468 14478 14488 14413 14401 14405 14409 14413 14400 14404 14408 14412 14401 14405 14409 14413 14401 14405 14409 14413 14401 14405 14409 14413 14401 14405 14409 14413 14401 14405 14409 14413 14401 14405 14409 14413 14401 14405 14409 14413 14401 14405 14409 14413 14401 14405 14409 14413 14401 14405 14409 14413 14401 14405 14409 14413 14401 14405 14409
0 14467 14477 14487 14412 14400 14404 14408 14412 14400 14404 14408 14412 14400 14404 14408 14412 14400 14404 14408 14412 14400 14404 14408 14412 14400 14404 14408 14412 14400 14404 14408 14412 14400 14404 14408 14412 14400 14404 14408 14412 14400 14404 14408 14412 14400 14404 14408 14412 14400 14404 14408 14412 14400 14404 14408 14412 14400 14404 14408
0 14466 14476 14591 14415 14403 14407 14411 14415 14403 14407 14411 14415 14403 14407 14411 14415 14403 14407 14411 14415 14403 14407 14411 14415 14403 14407 14411 14415 14403 14407 14411 14415 14403 14407 14411 14415 14403 14407 14411 14415 14403 14407 14411 14415 14403 14407 14411 14415 14403 14407 14411 14415 14403 14407 14411 14415 14403 14407 14411
0 14465 14475 14410 14414 14402 14406 14410 14414 14402 14406 14410 14414 14402 14406 14410 14414 14402 14406 14410 14414 14402 14406 14410 14414 14402 14406 14410 14414 14402 14406 14410 14414 14402 14406 14410 14414 14402 14406 14410 14414 14402 14406 14410 14414 14402 14406 14410 14414 14402 14406 14410 14414 14402 14406 14410 14414 14402 14406 14410
0 14464 14474 14409 14413 14401 14405 14409 14413 14401 14405 14409 14413 14401 14405 14409 14413 14401 14405 14409 14413 14401 14405 14409 14413 14401 14405 14409 14413 14401 14405 14409 14413 14401 14405 14409 14413 14401 14405 14409 14413 14401 14405 14409 14413 14401 14405 14409 14413 14401 14405 14409 14413 14401 14405 14409 14413 14401 14405 14409
0 14463 14473 14408 14412 14400 14404 14408 14412 14400 14404 14408 14412 14400 14404 14408 14412 14400 14404 14408 14412 14400 14404 14408 14412 14400 14404 14408 14412 14400 14404 14408 14412 14400 14404 14408 14412 14400 14404 14408 14412 14400 14404 14408 14412 14400 14404 14408 14412 14400 14404 14408 14412 14400 14404 14408 14412 14400 14404 14408
0 14462 14472 14411 14415 14403 14407 14411 14415 14403 14407 14411 14415 14403 14407 14411 14415 14403 14407 14411 14415 14403 14407 14411 14415 14403 14407 14411 14415 14403 14407 14411 14415 14403 14407 14411 14415 14403 14407 14411 14415 14403 14407 14411 14415 14403 14407 14411 14415 14403 14407 14411 14415 14403 14407 14411 14415 14403 14407 14411
0 14461 14471 14410 14414 14402 14406 14410 14414 14402 14406 14410 14414 14402 14406 14410 14414 14402 14406 14410 14414 14402 14406 14410 14414 14402 14406 14410 14414 14402 14406 14410 14414 14402 14406 14410 14414 14402 14406 14410 14414 14402 14406 14410 14414 14402 14406 14410 14414 14402 14406 14410 14414 14402 14406 14410 14414 14402 14406 14410
tile 2897 0 0
tile 2898 56 0
tile 2899 112 0
tile 2900 168 0
tile 2901 224 0
tile 2902 280 0
tile 2903 336 0
tile 2904 392 0
tile 2905 448 0
tile 14400 504 0
tile 14401 560 0
tile 14402 616 0
tile 14403 672 0
tile 14404 728 0
tile 14405 784 0
tile 14406 840 0
tile 14407 896 0
tile 14408 952 0
tile 14409 1008 0
tile 14410 1064 0
tile 14411 1120 0
tile 14412 1176 0
tile 14413 0 27
tile 14414 56 27
tile 14415 112 27
tile 14417 168 27
tile 14418 224 27
tile 14419 280 27
tile 14420 336 27
tile 14421 392 27
tile 14422 448 27
tile 14423 504 27
tile 14424 560 27
tile 14425 616 27
tile 14426 672 27
tile 14427 728 27
tile 14428 784 27
tile 14429 840 27
tile 14430 896 27
tile 14431 952 27
tile 14432 1008 27
tile 14433 1064 27
tile 14434 1120 27
tile 14435 1176 27
tile 14436 0 54
tile 14437 56 54
tile 14438 112 54
tile 14439 168 54
tile 14440 224 54
tile 14441 280 54
tile 14442 336 54
tile 14443 392 54
tile 14444 448 54
tile 14445 504 54
tile 14446 560 54
tile 14447 616 54
tile 14448 672 54
tile 14449 728 54
tile 14450 784 54
tile 14451 840 54
tile 14452 896 54
tile 14453 952 54
tile 14454 1008 54
tile 14455 1064 54
tile 14456 1120 54
tile 14457 1176 54
tile 14458 0 81
tile 14460 56 81
tile 14461 112 81
tile 14462 168 81
tile 14463 224 81
tile 14464 280 81
tile 14465 336 81
tile 14466 392 81
tile 14467 448 81
tile 14468 504 81
tile 14469 560 81
tile 14470 616 81
tile 14471 672 81
tile 14472 728 81
tile 14473 784 81
tile 14474 840 81
tile 14475 896 81
tile 14476 952 81
tile 14477 1008 81
tile 14478 1064 81
tile 14479 1120 81
tile 14480 1176 81
tile 14481 0 108
tile 14482 56 108
tile 14483 112 108
tile 14484 168 108
tile 14485 224 108
tile 14486 280 108
tile 14487 336 108
tile 14488 392 108
tile 14489 448 108
tile 14491 504 108
tile 14492 560 108
tile 14493 616 108
tile 14494 672 108
tile 14495 728 108
tile 14496 784 108
tile 14497 840 108
tile 14498 896 108
tile 14499 952 108
tile 14500 1008 108
tile 14501 1064 108
tile 14502 1120 108
tile 14503 1176 108
tile 14504 0 135
tile 14505 56 135
tile 14506 112 135
tile 14507 168 135
tile 14508 224 135
tile 14509 280 135
tile 14510 336 135
tile 14511 392 135
tile 14512 448 135
tile 14513 504 135
tile 14514 560 135
tile 14515 616 135
tile 14516 672 135
tile 14517 728 135
tile 14518 784 135
tile 14519 840 135
tile 14520 896 135
tile 14521 952 135
tile 14522 1008 135
tile 14523 1064 135
tile 14524 1120 135
tile 14525 1176 135
tile 14526 0 162
tile 14528 56 162
tile 14529 112 162
tile 14530 168 162
tile 14531 224 162
tile 14532 280 162
tile 14533 336 162
tile 14534 392 162
tile 14535 448 162
tile 14536 504 162
tile 14537 560 162
tile 14538 616 162
tile 14539 672 162
tile 14540 728 162
tile 14541 784 162
tile 14542 840 162
tile 14543 896 162
tile 14544 952 162
tile 14545 1008 162
tile 14546 1064 162
tile 14547 1120 162
tile 14548 1176 162
tile 14549 0 189
tile 14550 56 189
tile 14551 112 189
tile 14554 168 189
tile 14556 224 189
tile 14557 280 189
tile 14558 336 189
tile 14559 392 189
tile 14560 448 189
tile 14561 504 189
tile 14562 560 189
tile 14563 616 189
tile 14564 672 189
tile 14565 728 189
tile 14566 784 189
tile 14567 840 189
tile 14568 896 189
tile 14569 952 189
tile 14570 1008 189
tile 14571 1064 189
tile 14572 1120 189
tile 14573 1176 189
tile 14574 0 216
tile 14575 56 216
tile 14576 112 216
tile 14577 168 216
tile 14578 224 216
tile 14579 280 216
tile 14580 336 216
tile 14581 392 216
tile 14582 448 216
tile 14583 504 216
tile 14584 560 216
tile 14585 616 216
tile 14591 672 216
tile 14616 728 216
tile 14617 784 216
tile 14618 840 216
tile 14619 896 216
tile 14620 952 216
tile 14621 1008 216
tile 14622 1064 216
tile 14623 1120 216
tile 14624 1176 216
tile 14625 0 243
tile 14626 56 243
tile 14627 112 243
tile 14628 168 243
tile 14629 224 243
tile 14630 280 243
tile 14631 336 243
tile 14632 392 243
tile 14633 448 243
tile 14634 504 243
tile 14635 560 243
tile 14636 616 243
tile 14637 672 243
tile 14638 728 243
tile 14639 784 243
tile 14640 840 243
tile 14641 896 243
tile 14642 952 243
tile 14643 1008 243
tile 14644 1064 243
tile 14645 1120 243
tile 14693 1176 243
tile 14694 0 270
tile 14695 56 270
tile 14696 112 270
tile 14697 168 270
tile 14698 224 270
tile 14699 280 270
tile 14700 336 270
tile 14701 392 270
tile 14702 448 270
tile 14703 504 270
tile 14704 560 270
tile 14705 616 270
tile 14706 672 270
tile 14707 728 270
tile 14708 784 270
tile 14725 840 270
tile 14726 896 270
tile 14727 952 270
tile 14728 1008 270
tile 14729 1064 270
tile 14730 1120 270
tile 14731 1176 270
tile 14732 0 297
tile 14733 56 297
tile 14734 112 297
tile 14735 168 297
tile 14736 224 297
tile 14737 280 297
tile 14738 336 297
tile 14739 392 297
tile 14740 448 297
tile 14741 504 297
tile 14742 560 297
tile 14743 616 297
tile 14744 672 297
tile 14745 728 297
tile 14746 784 297
tile 14747 840 297
tile 14748 896 297
tile 14749 952 297
tile 14750 1008 297
tile 14751 1064 297
tile 14752 1120 297
tile 14753 1176 297
tile 14754 0 324
tile 14755 56 324
tile 14756 112 324
tile 14757 168 324
tile 14758 224 324
tile 14759 280 324
tile 14760 336 324
tile 14761 392 324
tile 14762 448 324
tile 14763 504 324
tile 14764 560 324
tile 14765 616 324
tile 14766 672 324
tile 14767 728 324
tile 14768 784 324
tile 14769 840 324
tile 14770 896 324
tile 14771 952 324
tile 14772 1008 324
tile 14773 1064 324
tile 14774 1120 324
tile 14775 1176 324
tile 14776 0 351
tile 14777 56 351
tile 14778 112 351
tile 14779 168 351
tile 14780 224 351
tile 14781 280 351
tile 14782 336 351
tile 14783 392 351
tile 14784 448 351
tile 14785 504 351
tile 14786 560 351
tile 14787 616 351
tile 14788 672 351
tile 14789 728 351
tile 14790 784 351
tile 14791 840 351
tile 14792 896 351
tile 14793 952 351
tile 14794 1008 351
tile 14795 1064 351
tile 14796 1120 351
tile 14797 1176 351
tile 14798 0 378
tile 14799 56 378
tile 14800 112 378
tile 14801 168 378
tile 14802 224 378
tile 14803 280 378
tile 14804 336 378
tile 14821 392 378
tile 14822 448 378
tile 14823 504 378
tile 14824 560 378
tile 14825 616 378
tile 14826 672 378
tile 14827 728 378
tile 14828 784 378
tile 14829 840 378
tile 14830 896 378
tile 14831 952 378
tile 14832 1008 378
tile 14833 1064 378
tile 14834 1120 378
tile 14835 1176 378
tile 14836 0 405
tile 14837 56 405
tile 14838 112 405
tile 14839 168 405
tile 14840 224 405
tile 14841 280 405
tile 14842 336 405
tile 14843 392 405
tile 14844 448 405
tile 14845 504 405
tile 14846 560 405
tile 14847 616 405
tile 14848 672 405
tile 14849 728 405
tile 14850 784 405
tile 14851 840 405
tile 14852 896 405
tile 14853 952 405
tile 14854 1008 405
tile 14855 1064 405
tile 14856 1120 405
tile 14857 1176 405
tile 14858 0 432
tile 14859 56 432
tile 14860 112 432
tile 14861 168 432
tile 14862 224 432
tile 14863 280 432
tile 14864 336 432
tile 14865 392 432
tile 14866 448 432
tile 14867 504 432
tile 14868 560 432
tile 14917 616 432
tile 14918 672 432
tile 14919 728 432
tile 14920 784 432
tile 14921 840 432
tile 14922 896 432
tile 14923 952 432
tile 14924 1008 432
tile 14925 1064 432
tile 14926 1120 432
tile 14927 1176 432
tile 14928 0 459
tile 14929 56 459
tile 14930 112 459
tile 14931 168 459
tile 14932 224 459
tile 14933 280 459
tile 14934 336 459
tile 14935 392 459
tile 14936 448 459
tile 14937 504 459
tile 14938 560 459
tile 14939 616 459
tile 14940 672 459
tile 14941 728 459
tile 14942 784 459
tile 14943 840 459
tile 14944 896 459
tile 14945 952 459
tile 14946 1008 459
tile 14947 1064 459
tile 14948 1120 459
tile 14965 1176 459
tile 14966 0 486
tile 14967 56 486
tile 14968 112 486
tile 14969 168 486
tile 14970 224 486
tile 14971 280 486
tile 14972 336 486
tile 14973 392 486
tile 14974 448 486
tile 14975 504 486
tile 14976 560 486
tile 14977 616 486
tile 14978 672 486
tile 14979 728 486
tile 14980 784 486
tile 14981 840 486
tile 14982 896 486
tile 14983 952 486
tile 14984 1008 486
tile 14985 1064 486
tile 14986 1120 486
tile 14987 1176 486
tile 14988 0 513
tile 14989 56 513
tile 14990 112 513
tile 14991 168 513
tile 14992 224 513
tile 14993 280 513
tile 14994 336 513
tile 14995 392 513
tile 14996 448 513
tile 14997 504 513
tile 14998 560 513
tile 14999 616 513
tile 15000 672 513
tile 15001 728 513
tile 15002 784 513
tile 15003 840 513
tile 15004 896 513
tile 15005 952 513
tile 15006 1008 513
tile 15007 1064 513
tile 15008 1120 513
tile 15009 1176 513
tile 15010 0 540
tile 15011 56 540
tile 15012 112 540
tile 15013 168 540
tile 15014 224 540
tile 15015 280 540
tile 15016 336 540
tile 15017 392 540
tile 15018 448 540
tile 15019 504 540
tile 15020 560 540
tile 15021 616 540
tile 15022 672 540
tile 15023 728 540
tile 15024 784 540
tile 15025 840 540
tile 15026 896 540
tile 15027 952 540
tile 15028 1008 540
tile 15045 1064 540
tile 15046 1120 540
tile 15047 1176 540
tile 15048 0 567
tile 15049 56 567
tile 15050 112 567
tile 15051 168 567
tile 15052 224 567
tile 15053 280 567
tile 15054 336 567
tile 15055 392 567
tile 15056 448 567
tile 15057 504 567
tile 15058 560 567
tile 15059 616 567
tile 15060 672 567
picture 747 1036 98 44 0
picture 748 1036 184 41 0
picture 755 1036 0 49 0
picture 756 1036 49 49 0
picture 759 1008 524 62 0
picture 2600 980 528 102 0
picture 2601 952 773 147 0
picture 2602 952 625 148 0
picture 2603 980 630 102 0
picture 2604 1008 931 54 0
picture 13981 0 0 378 0
picture 13982 0 378 378 0
picture 13983 28 0 378 0
picture 13984 28 378 378 0
picture 13985 56 0 378 0
picture 13986 56 378 378 0
picture 13987 84 0 378 0
picture 13988 84 378 378 0
picture 13989 112 0 378 0
picture 13990 112 378 378 0
picture 14009 952 420 205 0
picture 14010 924 491 239 0
picture 14011 868 562 277 0
picture 14012 840 297 296 0
picture 14013 840 0 297 0
picture 14014 840 593 286 0
picture 14015 896 544 265 0
picture 14016 924 730 219 0
picture 14017 952 213 207 0
picture 14018 924 249 242 0
picture 14019 896 0 274 0
picture 14020 868 0 281 0
picture 14021 868 281 281 0
picture 14022 896 274 270 0
picture 14023 924 0 249 0
picture 14024 952 0 213 0
picture 14025 980 278 135 0
picture 14026 980 0 139 0
picture 14027 980 139 139 0
picture 14028 980 413 115 0
picture 14033 1036 306 38 0
picture 14034 1036 344 37 0
picture 14039 1008 586 59 0
picture 14040 1008 645 58 0
picture 14041 1036 453 34 0
picture 14042 1036 487 33 0
picture 14045 1036 381 37 0
picture 14046 1036 266 40 0
picture 14047 1008 703 58 0
picture 14048 1008 243 75 0
picture 14049 980 918 88 0
picture 14050 1008 0 85 0
picture 14051 1008 458 66 0
picture 14052 1008 85 82 0
picture 14053 980 826 92 0
picture 14054 980 732 94 0
picture 14055 1008 318 73 0
picture 14056 1008 761 58 0
picture 14061 1008 876 55 0
picture 14062 1008 167 76 0
picture 14063 1008 391 67 0
picture 14064 1008 819 57 0
picture 14065 1036 418 35 0
picture 14066 1036 225 41 0
picture 14067 1036 142 42 0
picture 14068 140 0 378 0
picture 14069 140 378 378 0
picture 14070 168 0 378 0
picture 14071 168 378 378 0
picture 14072 196 0 378 0
picture 14073 196 378 378 0
picture 14074 224 0 378 0
picture 14075 224 378 378 0
picture 14076 252 0 378 0
picture 14077 252 378 378 0
picture 14078 280 0 378 0
picture 14079 280 378 378 0
picture 14080 308 0 378 0
picture 14081 308 378 378 0
picture 14082 336 0 378 0
picture 14083 336 378 378 0
picture 14084 364 0 378 0
picture 14085 364 378 378 0
picture 14086 392 0 378 0
picture 14087 392 378 378 0
picture 14088 420 0 378 0
picture 14089 420 378 378 0
picture 14090 448 0 378 0
picture 14091 448 378 378 0
picture 14092 476 0 378 0
picture 14093 476 378 378 0
picture 14094 504 0 378 0
picture 14095 504 378 378 0
picture 14096 532 0 378 0
picture 14097 532 378 378 0
picture 14098 560 0 378 0
picture 14099 560 378 378 0
picture 14100 588 0 378 0
picture 14101 588 378 378 0
picture 14102 616 0 378 0
picture 14103 616 378 378 0
picture 14104 644 0 378 0
picture 14105 644 378 378 0
picture 14106 672 0 378 0
picture 14107 672 378 378 0
picture 14108 700 0 378 0
picture 14109 700 378 378 0
picture 14110 728 0 378 0
picture 14111 728 378 378 0
picture 14112 756 0 378 0
picture 14113 756 378 378 0
picture 14114 784 0 378 0
picture 14115 784 378 378 0
picture 14116 812 0 378 0
picture 14117 812 378 378 0
object 1 0 left 14093
object 2 0 left 14094
object 3 0 left 14095
object 4 0 left 14096
object 5 0 left 14097
object 6 0 left 14098
object 7 0 left 14099
object 8 0 left 14100
object 9 0 left 14101
object 10 0 left 14102
object 11 0 left 14103
object 12 0 left 14104
object 13 0 left 14105
object 14 0 left 14106
object 15 0 left 14107
object 16 0 left 14088
object 17 0 left 14089
object 18 0 left 14090
object 19 0 left 14091
object 20 0 left 14092
object 21 0 left 14083
object 22 0 left 14084
object 23 0 left 14085
object 24 0 left 14086
object 25 0 left 14087
object 26 0 left 14093
object 27 0 left 14094
object 28 0 left 14095
object 29 0 left 14096
object 30 0 left 14097
object 31 0 left 14098
object 32 0 left 14099
object 33 0 left 14100
object 34 0 left 14101
object 35 0 left 14102
object 36 0 left 14103
object 37 0 left 14104
object 38 0 left 14105
object 39 0 left 14106
object 40 0 left 14107
object 41 0 left 14088
object 42 0 left 14089
object 43 0 left 14090
object 44 0 left 14091
object 45 0 left 14092
object 46 0 left 14083
object 47 0 left 14084
object 48 0 left 14085
object 49 0 left 14086
object 50 0 left 14087
object 51 0 left 14093
object 52 0 left 14094
object 53 0 left 14095
object 54 0 left 14096
object 55 0 left 14097
object 56 0 left 14098
object 57 0 left 14099
object 58 0 left 14100
object 59 0 left 14101
object 0 1 right 14072
object 3 1 left 755
object 3 1 right 756
object 6 1 left 755
object 6 1 right 756
object 7 1 left 755
object 7 1 right 756
object 28 1 left 14066
object 28 1 right 14067
object 31 1 left 14066
object 31 1 right 14067
object 32 1 left 14066
object 32 1 right 14067
object 33 1 left 14066
object 33 1 right 14067
object 34 1 left 14066
object 34 1 right 14067
object 40 1 left 755
object 40 1 right 756
object 43 1 left 755
object 43 1 right 756
object 53 1 left 755
object 53 1 right 756
object 56 1 left 14039
object 56 1 right 14040
object 57 1 left 14039
object 57 1 right 14040
object 58 1 left 755
object 58 1 right 756
object 0 2 right 14071
object 15 2 right 14065
object 25 2 left 755
object 25 2 right 756
object 26 2 left 755
object 26 2 right 756
object 32 2 left 14066
object 32 2 right 14067
object 33 2 left 14066
object 33 2 right 14067
object 50 2 left 755
object 50 2 right 756
object 51 2 left 755
object 51 2 right 756
object 57 2 left 14039
object 57 2 right 14040
object 0 3 right 14070
object 15 3 right 14064
object 16 3 left 14033
object 16 3 right 14034
object 0 4 right 14069
object 14 4 left 14033
object 14 4 right 14034
object 15 4 right 14063
object 16 4 left 14033
object 16 4 right 14034
object 0 5 right 14068
object 14 5 left 14033
object 14 5 right 14034
object 15 5 left 14061
object 15 5 right 14062
object 16 5 left 14033
object 16 5 right 14034
object 18 5 left 14033
object 18 5 right 14034
object 0 6 right 14077
object 17 6 left 14033
object 17 6 right 14034
object 18 6 left 14033
object 18 6 right 14034
object 19 6 left 14033
object 19 6 right 14034
object 0 7 right 14076
object 17 7 left 14033
object 17 7 right 14034
object 18 7 left 14033
object 18 7 right 14034
object 19 7 left 14033
object 19 7 right 14034
object 20 7 left 14033
object 20 7 right 14034
object 0 8 right 14075
object 0 9 right 14074
object 0 10 right 14073
object 28 10 left 14041
object 28 10 right 14042
object 30 10 left 14066
object 30 10 right 14067
object 0 11 right 14082
object 7 11 left 14041
object 7 11 right 14042
object 28 11 left 14041
object 28 11 right 14042
object 29 11 left 14041
object 29 11 right 14042
object 30 11 left 14041
object 30 11 right 14042
object 31 11 left 14041
object 31 11 right 14042
object 50 11 right 14024
object 0 12 right 14081
object 7 12 left 14027
object 7 12 right 14028
object 8 12 left 14045
object 8 12 right 14046
object 27 12 left 14041
object 27 12 right 14042
object 28 12 left 14041
object 28 12 right 14042
object 30 12 left 14041
object 30 12 right 14042
object 31 12 left 14041
object 31 12 right 14042
object 50 12 right 14023
object 0 13 right 14080
object 6 13 left 14025
object 6 13 right 14026
object 7 13 left 755
object 7 13 right 756
object 8 13 left 14041
object 8 13 right 14042
object 27 13 left 14066
object 27 13 right 14067
object 28 13 left 14041
object 28 13 right 14042
object 29 13 left 14041
object 29 13 right 14042
object 30 13 left 14041
object 30 13 right 14042
object 31 13 left 14041
object 31 13 right 14042
object 32 13 left 14066
object 32 13 right 14067
object 50 13 left 14021
object 50 13 right 14022
object 0 14 right 14079
object 29 14 left 14066
object 29 14 right 14067
object 31 14 left 14041
object 31 14 right 14042
object 32 14 left 14041
object 32 14 right 14042
object 47 14 left 14017
object 48 14 left 14018
object 49 14 left 14019
object 49 14 right 14020
object 0 15 right 14078
object 29 15 left 14041
object 29 15 right 14042
object 0 16 right 14112
object 0 17 right 14111
object 1 17 left 14039
object 1 17 right 14040
object 0 18 right 14110
object 1 18 left 14039
object 1 18 right 14040
object 0 19 right 14109
object 0 20 right 14108
object 0 21 right 14117
object 0 22 right 14116
object 0 23 right 14115
object 46 23 left 14041
object 46 23 right 14042
object 52 23 left 14041
object 52 23 right 14042
object 53 23 left 14041
object 53 23 right 14042
object 0 24 right 14114
object 42 24 left 14041
object 42 24 right 14042
object 46 24 left 14041
object 46 24 right 14042
object 47 24 left 14033
object 47 24 right 14034
object 53 24 left 14041
object 53 24 right 14042
object 54 24 left 14041
object 54 24 right 14042
object 55 24 left 14039
object 55 24 right 14040
object 0 25 right 14113
object 44 25 left 14066
object 44 25 right 14067
object 48 25 left 14066
object 48 25 right 14067
object 54 25 left 14041
object 54 25 right 14042
object 55 25 left 14041
object 55 25 right 14042
object 0 26 right 14072
object 33 26 right 14051
object 44 26 left 14033
object 44 26 right 14034
object 48 26 left 14033
object 48 26 right 14034
object 52 26 left 14041
object 52 26 right 14042
object 53 26 left 14041
object 53 26 right 14042
object 54 26 left 14041
object 54 26 right 14042
object 55 26 left 14041
object 55 26 right 14042
object 0 27 right 14071
object 31 27 left 14047
object 32 27 left 14048
object 33 27 left 14049
object 33 27 right 14050
object 44 27 left 14041
object 44 27 right 14042
object 45 27 left 14041
object 45 27 right 14042
object 48 27 left 14066
object 48 27 right 14067
object 51 27 left 14041
object 51 27 right 14042
object 52 27 left 14041
object 52 27 right 14042
object 55 27 right 14067
object 56 27 left 14066
object 56 27 right 14067
object 0 28 right 14070
object 32 28 right 14056
object 33 28 left 14041
object 33 28 right 14042
object 44 28 left 14033
object 44 28 right 14034
object 45 28 left 14041
object 45 28 right 14042
object 46 28 left 14041
object 46 28 right 14042
object 47 28 left 14066
object 47 28 right 14067
object 48 28 left 14066
object 48 28 right 14067
object 51 28 left 14066
object 51 28 right 14067
object 52 28 left 14066
object 52 28 right 14067
object 55 28 right 14067
object 56 28 left 14066
object 56 28 right 14067
object 0 29 right 14069
object 32 29 right 14055
object 52 29 left 14041
object 52 29 right 14042
object 53 29 left 14041
object 53 29 right 14042
object 55 29 left 14066
object 56 29 left 14066
object 56 29 right 14067
object 0 30 right 14068
object 32 30 right 14054
object 52 30 left 14041
object 52 30 right 14042
object 53 30 left 14041
object 53 30 right 14042
object 54 30 left 14066
object 54 30 right 14067
object 55 30 left 14066
object 55 30 right 14067
object 0 31 right 13990
object 32 31 left 14052
object 32 31 right 14053
object 0 32 right 13989
object 0 33 right 13988
object 0 34 right 13987
object 0 35 right 13986
object 0 36 right 13985
object 0 37 right 13984
object 0 38 right 13983
object 40 38 left 747
object 41 38 left 747
object 41 38 right 2604
object 0 39 right 13982
object 40 39 left 759
object 41 39 left 747
object 41 39 right 2603
object 42 39 left 14066
object 42 39 right 14067
object 0 40 right 13981
object 39 40 left 14041
object 40 40 left 2600
object 40 40 right 748
object 41 40 left 2601
object 41 40 right 2602
object 42 40 left 14041
object 42 40 right 14042
object 0 41 right 14112
object 41 41 left 14066
object 41 41 right 14067
object 0 42 right 14111
object 1 42 left 755
object 1 42 right 756
object 28 42 right 14016
object 51 42 left 14066
object 51 42 right 14067
object 52 42 left 14066
object 52 42 right 14067
object 53 42 right 14056
object 55 42 left 14066
object 55 42 right 14067
object 0 43 right 14110
object 1 43 left 755
object 1 43 right 756
object 28 43 right 14015
object 50 43 left 14066
object 50 43 right 14067
object 52 43 left 14066
object 52 43 right 14067
object 53 43 right 14055
object 54 43 left 14039
object 54 43 right 14040
object 0 44 right 14109
object 28 44 left 14013
object 28 44 right 14014
object 50 44 left 14066
object 50 44 right 14067
object 51 44 left 14066
object 51 44 right 14067
object 53 44 right 14054
object 54 44 left 14066
object 54 44 right 14067
object 0 45 right 14108
object 25 45 left 14009
object 26 45 left 14010
object 27 45 left 14011
object 27 45 right 14012
object 51 45 left 14033
object 51 45 right 14034
object 53 45 left 14052
object 53 45 right 14053
object 54 45 left 14066
object 54 45 right 14067
object 0 46 right 14117
object 51 46 left 14033
object 51 46 right 14034
object 52 46 left 14066
object 52 46 right 14067
object 0 47 right 14116
object 16 47 right 14051
object 0 48 right 14115
object 14 48 left 14047
object 15 48 left 14048
object 16 48 left 14049
object 16 48 right 14050
object 0 49 right 14114
object 15 49 right 14056
object 16 49 left 14041
object 16 49 right 14042
object 0 50 right 14113
object 15 50 right 14055
object 0 51 right 14072
object 15 51 right 14054
object 40 51 right 14065
object 0 52 right 14071
object 15 52 left 14052
object 15 52 right 14053
object 40 52 right 14064
object 0 53 right 14070
object 40 53 right 14063
object 41 53 left 14039
object 41 53 right 14040
object 0 54 right 14069
object 40 54 left 14061
object 40 54 right 14062
object 41 54 left 14041
object 41 54 right 14042
object 0 55 right 14068
object 0 56 right 14077
object 0 57 right 14076
object 0 58 right 14075
object 0 59 right 14074
