# lod20799 — tools/dat-extract layout 이 만든다. 손으로 고치지 말 것.
size 100 100
blocked
......................................#..#..........................................................
......................................#..####################################################.......
......................................#.....................................................#.......
......................................#.....................................................#.......
......................................#..##################..###########..################..#.......
......................................#..#................#..#.........#..#..............#..#.......
......................................#..#................#..#.........#..#..............#..#.......
......................................#..#................#..#.........#..#..............#..#.......
......................................#..#................#..#.........#..#..............#..#.......
......................................#..#................#..#.........#..#..............#..#.......
......................................#..#................#..#.........#..#..............#..#.......
......................................#..#................#..#.........#..#..............#..#.......
......................................#..#................#..#.........#..#..............#..#.......
......................................#..#................#..#.........#..#..............#..#.......
......................................#..#................#..#.........#..################..####....
......................................#..#................#..#.........#.......................#....
............###########################..#................#..#.........#.......................#....
............##...........................#................#..#.........#..##########..##########....
............##...........................#................#..#.........#..#........#..#.............
............##..##########..###########..##################..#.........#..#........#..#.............
............##..#........#..#.........#......................#.........#..#........#..#.............
............##..#........#..#.........#......................#.........#..#........#..#.............
............##..#........#..#.........#..#############..######.........#..#........#..#.............
............##..#........#..#.........#..#...........#..#..............#..#........#..#.............
............##..#........#..#.........#..#...........#..#..............#..#........#..#.............
............##..#........#..#.........#..#...........#..#..............#..#........#..#.............
............##..#........#..#.........#..#...........#..#..............#..#........#..#.............
............##..#........#..#.........#..#...........#..#..............#..#........#..#.............
............##..#........#..#.........#..#...........#..#..............#..#........#..#.............
............##..#........#..#.........#..#...........#..#..............#..#........#..#.............
............##..#........#..#.........#..#...........#..#..............#..#........#..#.............
............##..#........#..#.........#..#...........#..#..............#..#........#..#.............
............##..#........#..#.........#..#...........#..################..#........#..#.............
............##..#........#..#.........#..#...........#....................#........#..#########.....
............##..#........#..#.........#..#...........#....................#........#..........#.....
............##..#........#..#.........#..#...........#..#########..########........#..........#.....
............##..##########..###########..#############..#.......#..#...............#..######..#.....
............##..........................................#.......#..#...............#..#....#..#.....
............##..........................................#.......#..#...............#..#....#..#.....
............##..#######################..#############..#.......#..#...............#..#....#..#.....
............##..#.....................#..#...........#..#.......#..#...............#..#....#..#.....
............##..#.....................#..#...........#..#.......#..#...............#..#....#..#.....
............##..#.....................#..#...........#..#.......#..#...............#..#....#..#.....
............##..#.....................#..#...........#..#.......#..##########......#..#....#..#.....
............##..#.....................#..#...........#..#.......#...........#......#..#....#..#.....
............##..##########............#..#...........#..#.......#...........#......#..#....#..#.....
............##...........#............#..#...........#..#.......#############......#..#....####.....
............##...........#............#..#...........#..#..........................#..#.............
............##..##########............#..#...........#..#..........................#..#.............
............##..#.....................#..#...........#..#..........................#..#.............
............##..#.....................#..#...........#..#..........................#..#.............
............##..#.....................#..#...........#..#..........................#..#.............
............##..#.....................#..#...........#..#..........................#..#.............
............##..#.....................#..#...........#..############################..#########.....
............##..#.....................#..#...........#........................................#.....
............##..#.....................#..#...........#........................................#.....
............##..#######################..#...........#..#############..#############..#########.....
............##...........................#...........#..#...........#..#...........#..#.............
............##...........................#...........#..#...........#..#...........#..#.............
............##..#########..############..#...........#..#...........#..#...........#..#.............
............##..#.......#..#..........#..#...........#..#...........#..#...........#..#.............
............##..#.......#..#..........#..#...........#..#...........#..#...........#..#.............
............##..#.......#..#..........#..#...........#..#...........#..#...........#..#.............
............##..#.......#..#..........#..#...........#..#...........#..#...........#..#.............
............##..#.......#..#..........#..#...........#..#...........#..#...........#..#.............
............##..#.......#..#..........#..#...........#..#...........#..#...........#..#.............
............##..#.......#..#..........#..#############..#...........#..#...........#..#.............
............##..#.......#..#..........#.................#...........#..#...........#..#.............
............##..#.......#..#..........#.................#...........#..#...........#..#.............
............##..#.......#..#..........#..#############..#...........#..#...........#..#.............
............##..#.......#..#..........#..#...........#..#...........#..#...........#..#.............
............##..#.......#..#..........#..#...........#..#...........#..#...........#..#.............
............##..#.......#..#..........#..#...........#..#...........#..#...........#..#.............
............##..#.......#..#..........#..#...........#..#...........#..#############..#########.....
............##..#.......#..#..........#..#...........#..#...........#.........................#.....
............##..#.......#..#..........#..#...........#..#...........#.........................#.....
............##..#########..############..#...........#..#...........#..#############..#########.....
............##...........................#...........#..#...........#..#...........#..#.............
............##...........................#...........#..#...........#..#...........#..#.............
............##..#######################..#...........#..#...........#..#...........#..#.............
............#####.....................#..#...........#..#...........#..#...........#..#.............
......................................#..#...........#..#...........#..#...........#..#.............
......................................#..#...........#..#...........#..#...........#..#.............
......................................#..#...........#..#############..#...........#..#.............
......................................#..#...........#.................#...........#..#.............
......................................#..#...........#.................#...........#..#.............
......................................#..#...........#..#############..#...........#..#.............
......................................#..#...........#..#...........#..#...........#..#.............
......................................#..#...........#..#...........#..#...........#..#.............
......................................#..#...........#..#...........#..#...........####.............
......................................#..#...........#..#...........#..#............................
......................................#..#...........#..#...........#..#............................
......................................#..#...........#..#...........#..#............................
......................................#..#############..#...........#..#............................
......................................#.................#...........####............................
......................................#.................#...........................................
......................................########..#########...........................................
.............................................#..#...................................................
.............................................#..#...................................................
.............................................#..#...................................................
floor
1916 2067 1927 2079 1938 2091 1949 2103 2093 2061 1921 2443 2424 2447 2515 2516 2517 2518 2519 2754 2754 2754 2754 2754 2754 2754 2754 2754 2754 2754 2754 2754 2754 2754 2754 2754 2754 2754 2754 2520 2521 2522 2523 2524 2754 2754 2754 2754 2754 2754 2754 2754 2754 2754 2754 2754 2754 2754 2754 2754 2754 2754 2754 2754 2754 2754 2754 2754 2754 2754 2754 2754 2754 2754 2754 2754 2754 2754 2754 2754 2754 2754 2754 2754 2754 2754 2754 2754 2754 2754 2754 2754 2754 2754 2754 2754 2754 2754 2754 2754
1910 1964 1833 1976 1844 1988 1855 2000 2060 1920 2072 1931 2446 2072 2520 2521 2522 2523 2524 2754 2754 2754 2754 2754 2754 2754 2754 2754 2754 2754 2754 2754 2754 2754 2754 2754 2754 2754 2754 2525 2526 2527 2528 2529 2754 2754 2754 2754 2754 2754 2754 2754 2754 2754 2754 2754 2754 2754 2754 2754 2754 2754 2754 2754 2754 2754 2754 2754 2754 2754 2754 2754 2754 2754 2754 2754 2754 2754 2754 2754 2754 2754 2754 2754 2754 2754 2754 2754 2754 2754 2754 2754 2754 2754 2754 2754 2754 2754 2754 2754
1963 1832 1975 1843 1987 1854 1999 1865 2011 2071 1930 2083 1941 1930 2525 2526 2527 2528 2529 2754 2754 2754 2754 2754 2754 2754 2754 2754 2754 2754 2754 2754 2754 2754 2754 2754 2754 2754 2754 2670 2671 2672 2673 2674 2551 2556 2561 2566 2571 2576 2581 2586 2566 2571 2576 2581 2586 2591 2596 2670 2671 2672 2673 2674 2551 2556 2561 2566 2571 2576 2581 2586 2670 2671 2672 2673 2674 2576 2581 2586 2551 2556 2561 2566 2571 2576 2581 2586 2591 2596 3792 3793 3794 3795 2754 2754 2754 2754 2754 2754
1831 1974 1842 1986 1853 1998 1864 2010 1875 2022 2082 1940 2094 1951 2530 2531 2532 2533 2534 2754 2754 2754 2754 2754 2754 2754 2754 2754 2754 2754 2754 2754 2754 2754 2754 2754 2754 2754 2754 2675 2676 2677 2678 2679 2552 2557 2562 2567 2572 2577 2582 2587 2567 2572 2577 2582 2587 2592 2597 2675 2676 2677 2678 2679 2552 2557 2562 2567 2572 2577 2582 2587 2675 2676 2677 2678 2679 2577 2582 2587 2552 2557 2562 2567 2572 2577 2582 2587 2592 2597 3796 3797 3798 3799 2754 2754 2754 2754 2754 2754
1973 1841 1985 1852 1997 1863 2009 1874 2021 1885 2033 2093 1950 2105 2535 2536 2537 2538 2539 2754 2754 2754 2754 2754 2754 2754 2754 2754 2754 2754 2754 2754 2754 2754 2754 2754 2754 2754 2754 2680 2681 2682 2683 2684 2553 2558 2563 2568 2573 2578 2583 2588 2568 2573 2578 2583 2588 2593 2598 2680 2681 2682 2683 2684 2553 2558 2563 2568 2573 2578 2583 2588 2680 2681 2682 2683 2684 2578 2583 2588 2553 2558 2563 2568 2573 2578 2583 2588 2593 2598 3800 3801 3802 3803 3804 2754 2754 2754 2754 2754
1840 1984 1851 1996 1862 2008 1873 2020 1884 2032 1895 2044 1906 2056 2540 2541 2542 2543 2544 2754 2754 2754 2754 2754 2754 2754 2754 2754 2754 2754 2754 2754 2754 2754 2754 2754 2754 2754 2754 2685 2686 2687 2688 2689 2554 2559 2564 2569 2574 2579 2584 2589 2569 2574 2579 2584 2589 2594 2599 2685 2686 2687 2688 2689 2554 2559 2564 2569 2574 2579 2584 2589 2685 2686 2687 2688 2689 2579 2584 2589 2554 2559 2564 2569 2574 2579 2584 2589 2594 2599 2500 2501 2502 2503 2504 2754 2754 2754 2754 2754
2081 1850 1995 1861 2007 1872 2019 1883 2031 2414 2043 1905 2055 1916 2545 2546 2547 2548 2549 2754 2754 2754 2754 2754 2754 2754 2754 2754 2754 2754 2754 2754 2754 2754 2754 2754 2754 2754 2754 2690 2691 2692 2693 2694 2555 2560 2565 2570 2575 2580 2585 2590 2570 2575 2580 2585 2590 2595 2600 2690 2691 2692 2693 2694 2555 2560 2565 2570 2575 2580 2585 2590 2690 2691 2692 2693 2694 2580 2585 2590 2555 2560 2565 2570 2575 2580 2585 2590 2595 2600 2505 2506 2507 2508 2509 2754 2754 2754 2754 2754
1939 1994 1860 2006 1871 2018 1882 2030 2413 2436 2417 2054 1915 2066 2500 2501 2502 2503 2504 2754 2754 2754 2754 2754 2754 2754 2754 2754 2754 2754 2754 2754 2754 2754 2754 2754 2754 2754 2754 2525 2526 2527 2528 2529 2754 2754 2754 2754 2754 2754 2754 2754 2754 2754 2754 2754 2754 2754 2754 2525 2526 2527 2528 2529 2754 2754 2754 2754 2754 2754 2754 2754 2500 2501 2502 2503 2504 2754 2754 2754 2754 2754 2754 2754 2754 2754 2754 2754 2754 2754 2510 2511 2512 2513 2514 2754 2754 2754 2754 2754
2091 1982 2005 1870 2017 1881 2029 2412 2435 2416 2439 2420 2065 1925 2505 2506 2507 2508 2509 2754 2754 2754 2754 2754 2754 2754 2754 2754 2754 2754 2754 2754 2754 2754 2754 2754 2754 2754 2754 2540 2541 2542 2543 2544 2754 2754 2754 2754 2754 2754 2754 2754 2754 2754 2754 2754 2754 2754 2754 2530 2531 2532 2533 2534 2754 2754 2754 2754 2754 2754 2754 2754 2505 2506 2507 2508 2509 2754 2754 2754 2754 2754 2754 2754 2754 2754 2754 2754 2754 2754 2515 2516 2517 2518 2519 2754 2754 2754 2754 2754
1948 1849 1993 2016 1880 2028 1891 2434 2415 2438 2419 2442 2423 2076 2510 2511 2512 2513 2514 2754 2754 2754 2754 2754 2754 2754 2754 2754 2754 2754 2754 2754 2754 2754 2754 2754 2754 2754 2754 2545 2546 2547 2548 2549 2754 2754 2754 2754 2754 2754 2754 2754 2754 2754 2754 2754 2754 2754 2754 2535 2536 2537 2538 2539 2754 2754 2754 2754 2754 2754 2754 2754 2510 2511 2512 2513 2514 2754 2754 2754 2754 2754 2754 2754 2754 2754 2754 2754 2754 2754 2520 2521 2522 2523 2524 2754 2754 2754 2754 2754
2101 1992 1859 2004 2027 1890 2039 1901 2437 2418 2441 2422 2445 2426 2515 2516 2517 2518 2519 2754 2754 2754 2754 2754 2754 2754 2754 2754 2754 2754 2754 2754 2754 2754 2754 2754 2754 2754 2754 2500 2501 2502 2503 2504 2754 2754 2754 2754 2754 2754 2754 2754 2754 2754 2754 2754 2754 2754 2754 2540 2541 2542 2543 2544 2754 2754 2754 2754 2754 2754 2754 2754 2515 2516 2517 2518 2519 2754 2754 2754 2754 2754 2754 2754 2754 2754 2754 2754 2754 2754 2525 2526 2527 2528 2529 2754 2754 2754 2754 2754
1957 2112 1966 1835 1978 2038 1900 2050 1911 2440 2421 2444 2425 2448 2520 2521 2522 2523 2524 2754 2754 2754 2754 2754 2754 2754 2754 2754 2754 2754 2754 2754 2754 2754 2754 2754 2754 2754 2754 2505 2506 2507 2508 2509 2754 2754 2754 2754 2754 2754 2754 2754 2754 2754 2754 2754 2754 2754 2754 2545 2546 2547 2548 2549 2754 2754 2754 2754 2754 2754 2754 2754 2520 2521 2522 2523 2524 2754 2754 2754 2754 2754 2754 2754 2754 2754 2754 2754 2754 2754 2530 2531 2532 2533 2534 2754 2754 2754 2754 2754
2111 1965 1834 1977 1845 1989 2049 1910 2061 1921 2443 2424 2447 2428 2525 2526 2527 2528 2529 2754 2754 2754 2754 2754 2754 2754 2754 2754 2754 2754 2754 2754 2754 2754 2754 2754 2754 2754 2754 2510 2511 2512 2513 2514 2754 2754 2754 2754 2754 2754 2754 2754 2754 2754 2754 2754 2754 2754 2754 2510 2511 2512 2513 2514 2754 2754 2754 2754 2754 2754 2754 2754 2525 2526 2527 2528 2529 2754 2754 2754 2754 2754 2754 2754 2754 2754 2754 2754 2754 2754 2535 2536 2537 2538 2539 2754 2754 2754 2754 2754
1964 1833 1976 1844 1988 1855 2000 2060 1920 2072 1931 2446 2072 1931 2530 2531 2532 2533 2534 2754 2754 2754 2754 2754 2754 2754 2754 2754 2754 2754 2754 2754 2754 2754 2754 2754 2754 2754 2754 2515 2516 2517 2518 2519 2754 2754 2754 2754 2754 2754 2754 2754 2754 2754 2754 2754 2754 2754 2754 2515 2516 2517 2518 2519 2754 2754 2754 2754 2754 2754 2754 2754 2530 2531 2532 2533 2534 2754 2754 2754 2754 2754 2754 2754 2754 2754 2754 2754 2754 2754 2540 2541 2542 2543 2544 2754 2754 2754 2754 2754
1832 1975 1843 1987 1854 1999 1865 2011 2071 1930 2083 1941 1930 2083 2535 2536 2537 2538 2539 2754 2754 2754 2754 2754 2754 2754 2754 2754 2754 2754 2754 2754 2754 2754 2754 2754 2754 2754 2754 2520 2521 2522 2523 2524 2754 2754 2754 2754 2754 2754 2754 2754 2754 2754 2754 2754 2754 2754 2754 2520 2521 2522 2523 2524 2754 2754 2754 2754 2754 2754 2754 2754 2535 2536 2537 2538 2539 2754 2754 2754 2754 2754 2754 2754 2754 2754 2754 2754 2754 2754 2545 2546 2547 2548 2549 2754 2754 2754 2754 2754
1974 1842 1986 1853 1998 1864 2010 1875 2022 2082 1940 2094 1951 2452 2540 2541 2542 2543 2544 2754 2754 2754 2754 2754 2754 2754 2754 2754 2754 2754 2754 2754 2754 2754 2754 2754 2754 2754 2754 2525 2526 2527 2528 2529 2754 2754 2754 2754 2754 2754 2754 2754 2754 2754 2754 2754 2754 2754 2754 2525 2526 2527 2528 2529 2754 2754 2754 2754 2754 2754 2754 2754 2670 2671 2672 2673 2674 2551 2556 2561 2566 2571 2576 2581 2670 2671 2672 2673 2674 2571 2576 2581 2586 2591 2596 3840 2754 2754 2754 2754
1841 1985 1852 1997 1863 2009 1874 2021 1885 2033 2093 1950 2105 2057 2545 2546 2547 2548 2549 2754 2754 2754 2754 2754 2754 2754 2754 2754 2754 2754 2754 2754 2754 2754 2754 2754 2754 2754 2754 2530 2531 2532 2533 2534 2754 2754 2754 2754 2754 2754 2754 2754 2754 2754 2754 2754 2754 2754 2754 2530 2531 2532 2533 2534 2754 2754 2754 2754 2754 2754 2754 2754 2675 2676 2677 2678 2679 2552 2557 2562 2567 2572 2577 2582 2675 2676 2677 2678 2679 2572 2577 2582 2587 2592 2597 2658 3841 2754 2754 2754
1984 1851 1996 1862 2008 1873 2020 1884 2032 1895 2044 1906 2056 1917 2670 2671 2672 2673 2674 2551 2556 2561 2566 2571 2576 2581 2670 2671 2672 2673 2674 2576 2581 2586 2591 2596 2586 2591 2596 2535 2536 2537 2538 2539 2754 2754 2754 2754 2754 2754 2754 2754 2754 2754 2754 2754 2754 2754 2754 2535 2536 2537 2538 2539 2754 2754 2754 2754 2754 2754 2754 2754 2680 2681 2682 2683 2684 2553 2558 2563 2568 2573 2578 2583 2680 2681 2682 2683 2684 2573 2578 2583 2588 2593 2598 2659 2663 3842 2754 2754
1850 1995 1861 2007 1872 2019 1883 2031 1894 2043 1905 2055 1916 2067 2675 2676 2677 2678 2679 2552 2557 2562 2567 2572 2577 2582 2675 2676 2677 2678 2679 2577 2582 2587 2592 2597 2587 2592 2597 2540 2541 2542 2543 2544 2754 2754 2754 2754 2754 2754 2754 2754 2754 2754 2754 2754 2754 2754 2754 2540 2541 2542 2543 2544 2754 2754 2754 2754 2754 2754 2754 2754 2685 2686 2687 2688 2689 2554 2559 2564 2569 2574 2579 2584 2685 2686 2687 2688 2689 2574 2579 2584 2589 2594 2599 2660 2664 2667 2754 2754
1994 1860 2006 1871 2018 1882 2030 1893 2042 1904 2054 1915 2066 1926 2680 2681 2682 2683 2684 2553 2558 2563 2568 2573 2578 2583 2680 2681 2682 2683 2684 2578 2583 2588 2593 2598 2588 2593 2598 2545 2546 2547 2548 2549 2754 2754 2754 2754 2754 2754 2754 2754 2754 2754 2754 2754 2754 2754 2754 2545 2546 2547 2548 2549 2754 2754 2754 2754 2754 2754 2754 2754 2690 2691 2692 2693 2694 2555 2560 2565 2570 2575 2580 2585 2690 2691 2692 2693 2694 2575 2580 2585 2590 2595 2600 2661 2665 2668 2754 2754
1982 2005 1870 2017 1881 2029 1892 2041 1903 2053 1914 2065 1925 2077 2685 2686 2687 2688 2689 2554 2559 2564 2569 2574 2579 2584 2685 2686 2687 2688 2689 2579 2584 2589 2594 2599 2589 2594 2599 2670 2671 2672 2673 2674 2551 2556 2561 2566 2571 2576 2581 2586 2591 2596 2670 2671 2672 2673 2674 2729 2730 2731 2732 2733 2754 2754 2754 2754 2754 2754 2754 2754 2525 2526 2527 2528 2529 2754 2754 2754 2754 2754 2754 2754 2500 2501 2502 2503 2504 2754 2754 2754 2754 2754 2754 2754 2754 2754 2754 2754
1849 1993 2016 1880 2028 1891 2040 1902 2052 1913 2064 1924 2076 1935 2690 2691 2692 2693 2694 2555 2560 2565 2570 2575 2580 2585 2690 2691 2692 2693 2694 2580 2585 2590 2595 2600 2590 2595 2600 2675 2676 2677 2678 2679 2552 2557 2562 2567 2572 2577 2582 2587 2592 2597 2675 2676 2677 2678 2679 2734 2735 2736 2737 2738 2754 2754 2754 2754 2754 2754 2754 2754 2530 2531 2532 2533 2534 2754 2754 2754 2754 2754 2754 2754 2505 2506 2507 2508 2509 2754 2754 2754 2754 2754 2754 2754 2754 2754 2754 2754
1992 1859 2004 2027 1890 2039 1901 2051 1912 2063 1923 2075 1934 2087 2525 2526 2527 2528 2529 2754 2754 2754 2754 2754 2754 2754 2500 2501 2502 2503 2504 2754 2754 2754 2754 2754 2754 2754 2754 2680 2681 2682 2683 2684 2553 2558 2563 2568 2573 2578 2583 2588 2593 2598 2680 2681 2682 2683 2684 2739 2740 2741 2742 2743 2754 2754 2754 2754 2754 2754 2754 2754 2535 2536 2537 2538 2539 2754 2754 2754 2754 2754 2754 2754 2510 2511 2512 2513 2514 2754 2754 2754 2754 2754 2754 2754 2754 2754 2754 2754
1858 2003 1869 2015 2038 1900 2050 1911 2062 1922 2074 1933 2086 1944 2530 2531 2532 2533 2534 2754 2754 2754 2754 2754 2754 2754 2505 2506 2507 2508 2509 2754 2754 2754 2754 2754 2754 2754 2754 2685 2686 2687 2688 2689 2554 2559 2564 2569 2574 2579 2584 2589 2594 2599 2685 2686 2687 2688 2689 2744 2745 2746 2747 2748 2754 2754 2754 2754 2754 2754 2754 2754 2500 2501 2502 2503 2504 2754 2754 2754 2754 2754 2754 2754 2515 2516 2517 2518 2519 2754 2754 2754 2754 2754 2754 2754 2754 2754 2754 2754
2002 1868 2014 1879 2026 2049 1910 2061 1921 2073 1932 2085 1943 2097 2535 2536 2537 2538 2539 2754 2754 2754 2754 2754 2754 2754 2510 2511 2512 2513 2514 2754 2754 2754 2754 2754 2754 2754 2754 2690 2691 2692 2693 2694 2555 2560 2565 2570 2575 2580 2585 2590 2595 2600 2690 2691 2692 2693 2694 2749 2750 2751 2752 2753 2754 2754 2754 2754 2754 2754 2754 2754 2505 2506 2507 2508 2509 2754 2754 2754 2754 2754 2754 2754 2520 2521 2522 2523 2524 2754 2754 2754 2754 2754 2754 2754 2754 2754 2754 2754
1867 2013 1878 2025 1889 2037 2060 1920 2072 1931 2084 1942 2096 1953 2540 2541 2542 2543 2544 2754 2754 2754 2754 2754 2754 2754 2515 2516 2517 2518 2519 2754 2754 2754 2754 2754 2754 2754 2754 2525 2526 2527 2528 2529 2754 2754 2754 2754 2754 2754 2754 2754 2754 2754 2520 2521 2522 2523 2524 2754 2754 2754 2754 2754 2754 2754 2754 2754 2754 2754 2754 2754 2510 2511 2512 2513 2514 2754 2754 2754 2754 2754 2754 2754 2525 2526 2527 2528 2529 2754 2754 2754 2754 2754 2754 2754 2754 2754 2754 2754
2012 1877 2024 1888 2036 1899 2048 2071 1930 2083 1941 2095 1952 2107 2545 2546 2547 2548 2549 2754 2754 2754 2754 2754 2754 2754 2520 2521 2522 2523 2524 2754 2754 2754 2754 2754 2754 2754 2754 2530 2531 2532 2533 2534 2754 2754 2754 2754 2754 2754 2754 2754 2754 2754 2525 2526 2527 2528 2529 2754 2754 2754 2754 2754 2754 2754 2754 2754 2754 2754 2754 2754 2515 2516 2517 2518 2519 2754 2754 2754 2754 2754 2754 2754 2530 2531 2532 2533 2534 2754 2754 2754 2754 2754 2754 2754 2754 2754 2754 2754
1876 2023 1887 2035 1898 2047 1909 2059 2082 1940 2094 1951 2106 1932 2500 2501 2502 2503 2504 2754 2754 2754 2754 2754 2754 2754 2525 2526 2527 2528 2529 2754 2754 2754 2754 2754 2754 2754 2754 2500 2501 2502 2503 2504 2754 2754 2754 2754 2754 2754 2754 2754 2754 2754 2530 2531 2532 2533 2534 2754 2754 2754 2754 2754 2754 2754 2754 2754 2754 2754 2754 2754 2520 2521 2522 2523 2524 2754 2754 2754 2754 2754 2754 2754 2535 2536 2537 2538 2539 2754 2754 2754 2754 2754 2754 2754 2754 2754 2754 2754
2022 1886 2034 1897 2046 1908 2058 1919 2070 2093 1950 2105 1931 2084 2505 2506 2507 2508 2509 2754 2754 2754 2754 2754 2754 2754 2530 2531 2532 2533 2534 2754 2754 2754 2754 2754 2754 2754 2754 2505 2506 2507 2508 2509 2754 2754 2754 2754 2754 2754 2754 2754 2754 2754 2535 2536 2537 2538 2539 2754 2754 2754 2754 2754 2754 2754 2754 2754 2754 2754 2754 2754 2525 2526 2527 2528 2529 2754 2754 2754 2754 2754 2754 2754 2540 2541 2542 2543 2544 2754 2754 2754 2754 2754 2754 2754 2754 2754 2754 2754
1885 2033 1896 2045 1907 2057 1918 2069 1929 2081 2071 1930 2083 1941 2510 2511 2512 2513 2514 2754 2754 2754 2754 2754 2754 2754 2535 2536 2537 2538 2539 2754 2754 2754 2754 2754 2754 2754 2754 2510 2511 2512 2513 2514 2754 2754 2754 2754 2754 2754 2754 2754 2754 2754 2540 2541 2542 2543 2544 2754 2754 2754 2754 2754 2754 2754 2754 2754 2754 2754 2754 2754 2530 2531 2532 2533 2534 2754 2754 2754 2754 2754 2754 2754 2545 2546 2547 2548 2549 2754 2754 2754 2754 2754 2754 2754 2754 2754 2754 2754
2032 1895 2044 1906 2056 1917 2068 1928 2080 1939 2092 2082 1940 2094 2515 2516 2517 2518 2519 2754 2754 2754 2754 2754 2754 2754 2540 2541 2542 2543 2544 2754 2754 2754 2754 2754 2754 2754 2754 2515 2516 2517 2518 2519 2754 2754 2754 2754 2754 2754 2754 2754 2754 2754 2545 2546 2547 2548 2549 2754 2754 2754 2754 2754 2754 2754 2754 2754 2754 2754 2754 2754 2535 2536 2537 2538 2539 2754 2754 2754 2754 2754 2754 2754 2530 2531 2532 2533 2534 2754 2754 2754 2754 2754 2754 2754 2754 2754 2754 2754
1894 2043 1905 2055 1916 2067 1927 2079 1938 2091 1949 2103 2093 1950 2520 2521 2522 2523 2524 2754 2754 2754 2754 2754 2754 2754 2545 2546 2547 2548 2549 2754 2754 2754 2754 2754 2754 2754 2754 2520 2521 2522 2523 2524 2754 2754 2754 2754 2754 2754 2754 2754 2754 2754 2520 2521 2522 2523 2524 2754 2754 2754 2754 2754 2754 2754 2754 2754 2754 2754 2754 2754 2540 2541 2542 2543 2544 2754 2754 2754 2754 2754 2754 2754 2535 2536 2537 2538 2539 2754 2754 2754 2754 2754 2754 2754 2754 2754 2754 2754
1907 2057 1918 2069 1929 2081 2071 1935 2088 1946 2100 1957 2112 1941 2525 2526 2527 2528 2529 2754 2754 2754 2754 2754 2754 2754 2525 2526 2527 2528 2529 2754 2754 2754 2754 2754 2754 2754 2754 2525 2526 2527 2528 2529 2754 2754 2754 2754 2754 2754 2754 2754 2754 2754 2525 2526 2527 2528 2529 2754 2754 2754 2754 2754 2754 2754 2754 2754 2754 2754 2754 2754 2545 2546 2547 2548 2549 2754 2754 2754 2754 2754 2754 2754 2540 2541 2542 2543 2544 2754 2754 2754 2754 2754 2754 2754 2754 2754 2754 2754
2056 1917 2068 1928 2080 1939 2092 2082 2050 1911 2440 2421 2444 2425 2530 2531 2532 2533 2534 2754 2754 2754 2754 2754 2754 2754 2530 2531 2532 2533 2534 2754 2754 2754 2754 2754 2754 2754 2754 2530 2531 2532 2533 2534 2754 2754 2754 2754 2754 2754 2754 2754 2754 2754 2670 2671 2672 2673 2674 2576 2581 2586 2551 2556 2561 2670 2671 2672 2673 2674 2591 2596 2729 2730 2731 2732 2733 2754 2754 2754 2754 2754 2754 2754 2545 2546 2547 2548 2549 2754 2754 2754 2754 2754 2754 2754 2754 2754 2754 2754
1916 2067 1927 2079 1938 2091 1949 2103 2093 2061 1921 2443 2424 2447 2535 2536 2537 2538 2539 2754 2754 2754 2754 2754 2754 2754 2535 2536 2537 2538 2539 2754 2754 2754 2754 2754 2754 2754 2754 2535 2536 2537 2538 2539 2754 2754 2754 2754 2754 2754 2754 2754 2754 2754 2675 2676 2677 2678 2679 2577 2582 2587 2552 2557 2562 2675 2676 2677 2678 2679 2592 2597 2734 2735 2736 2737 2738 2754 2754 2754 2754 2754 2754 2754 2670 2671 2672 2673 2674 2576 2581 2586 3792 3793 3794 3795 2754 2754 2754 2754
1910 1964 1833 1976 1844 1988 1855 2000 2060 1920 2072 1931 2446 2072 2540 2541 2542 2543 2544 2754 2754 2754 2754 2754 2754 2754 2540 2541 2542 2543 2544 2754 2754 2754 2754 2754 2754 2754 2754 2540 2541 2542 2543 2544 2754 2754 2754 2754 2754 2754 2754 2754 2754 2754 2680 2681 2682 2683 2684 2578 2583 2588 2553 2558 2563 2680 2681 2682 2683 2684 2593 2598 2739 2740 2741 2742 2743 2754 2754 2754 2754 2754 2754 2754 2675 2676 2677 2678 2679 2577 2582 2587 3796 3797 3798 3799 2754 2754 2754 2754
1963 1832 1975 1843 1987 1854 1999 1865 2011 2071 1930 2083 1941 1930 2545 2546 2547 2548 2549 2754 2754 2754 2754 2754 2754 2754 2545 2546 2547 2548 2549 2754 2754 2754 2754 2754 2754 2754 2754 2545 2546 2547 2548 2549 2754 2754 2754 2754 2754 2754 2754 2754 2754 2754 2685 2686 2687 2688 2689 2579 2584 2589 2554 2559 2564 2685 2686 2687 2688 2689 2594 2599 2744 2745 2746 2747 2748 2754 2754 2754 2754 2754 2754 2754 2680 2681 2682 2683 2684 2578 2583 2588 3800 3801 3802 3803 3804 2754 2754 2754
1831 1974 1842 1986 1853 1998 1864 2010 1875 2022 2082 1940 2094 1951 2670 2671 2672 2673 2674 2551 2556 2561 2566 2571 2576 2581 2586 2591 2596 2566 2571 2576 2581 2586 2591 2596 2586 2591 2596 2670 2671 2672 2673 2674 2551 2556 2561 2566 2571 2576 2581 2586 2591 2596 2690 2691 2692 2693 2694 2580 2585 2590 2555 2560 2565 2690 2691 2692 2693 2694 2595 2600 2749 2750 2751 2752 2753 2754 2754 2754 2754 2754 2754 2754 2685 2686 2687 2688 2689 2579 2584 2589 2500 2501 2502 2503 2504 2754 2754 2754
1973 1841 1985 1852 1997 1863 2009 1874 2021 1885 2033 2093 1950 2105 2675 2676 2677 2678 2679 2552 2557 2562 2567 2572 2577 2582 2587 2592 2597 2567 2572 2577 2582 2587 2592 2597 2587 2592 2597 2675 2676 2677 2678 2679 2552 2557 2562 2567 2572 2577 2582 2587 2592 2597 2505 2506 2507 2508 2509 2754 2754 2754 2754 2754 2754 2510 2511 2512 2513 2514 2754 2754 2754 2754 2754 2754 2754 2754 2754 2754 2754 2754 2754 2754 2690 2691 2692 2693 2694 2580 2585 2590 2505 2506 2507 2508 2509 2754 2754 2754
1840 1984 1851 1996 1862 2008 1873 2020 1884 2032 1895 2044 1906 2056 2680 2681 2682 2683 2684 2553 2558 2563 2568 2573 2578 2583 2588 2593 2598 2568 2573 2578 2583 2588 2593 2598 2588 2593 2598 2680 2681 2682 2683 2684 2553 2558 2563 2568 2573 2578 2583 2588 2593 2598 2510 2511 2512 2513 2514 2754 2754 2754 2754 2754 2754 2515 2516 2517 2518 2519 2754 2754 2754 2754 2754 2754 2754 2754 2754 2754 2754 2754 2754 2754 2525 2526 2527 2528 2529 2754 2754 2754 2510 2511 2512 2513 2514 2754 2754 2754
2081 1850 1995 1861 2007 1872 2019 1883 2031 2414 2043 1905 2055 1916 2685 2686 2687 2688 2689 2554 2559 2564 2569 2574 2579 2584 2589 2594 2599 2569 2574 2579 2584 2589 2594 2599 2589 2594 2599 2685 2686 2687 2688 2689 2554 2559 2564 2569 2574 2579 2584 2589 2594 2599 2515 2516 2517 2518 2519 2754 2754 2754 2754 2754 2754 2520 2521 2522 2523 2524 2754 2754 2754 2754 2754 2754 2754 2754 2754 2754 2754 2754 2754 2754 2530 2531 2532 2533 2534 2754 2754 2754 2515 2516 2517 2518 2519 2754 2754 2754
1939 1994 1860 2006 1871 2018 1882 2030 2413 2436 2417 2054 1915 2066 2690 2691 2692 2693 2694 2555 2560 2565 2570 2575 2580 2585 2590 2595 2600 2570 2575 2580 2585 2590 2595 2600 2590 2595 2600 2690 2691 2692 2693 2694 2555 2560 2565 2570 2575 2580 2585 2590 2595 2600 2520 2521 2522 2523 2524 2754 2754 2754 2754 2754 2754 2525 2526 2527 2528 2529 2754 2754 2754 2754 2754 2754 2754 2754 2754 2754 2754 2754 2754 2754 2535 2536 2537 2538 2539 2754 2754 2754 2520 2521 2522 2523 2524 2754 2754 2754
2091 1982 2005 1870 2017 1881 2029 2412 2435 2416 2439 2420 2065 1925 2525 2526 2527 2528 2529 2754 2754 2754 2754 2754 2754 2754 2754 2754 2754 2754 2754 2754 2754 2754 2754 2754 2754 2754 2754 2525 2526 2527 2528 2529 2754 2754 2754 2754 2754 2754 2754 2754 2754 2754 2525 2526 2527 2528 2529 2754 2754 2754 2754 2754 2754 2530 2531 2532 2533 2534 2754 2754 2754 2754 2754 2754 2754 2754 2754 2754 2754 2754 2754 2754 2540 2541 2542 2543 2544 2754 2754 2754 2525 2526 2527 2528 2529 2754 2754 2754
1948 1849 1993 2016 1880 2028 1891 2434 2415 2438 2419 2442 2423 2076 2525 2526 2527 2528 2529 2754 2754 2754 2754 2754 2754 2754 2754 2754 2754 2754 2754 2754 2754 2754 2754 2754 2754 2754 2754 2530 2531 2532 2533 2534 2754 2754 2754 2754 2754 2754 2754 2754 2754 2754 2530 2531 2532 2533 2534 2754 2754 2754 2754 2754 2754 2535 2536 2537 2538 2539 2754 2754 2754 2754 2754 2754 2754 2754 2754 2754 2754 2754 2754 2754 2545 2546 2547 2548 2549 2754 2754 2754 2530 2531 2532 2533 2534 2754 2754 2754
2101 1992 1859 2004 2027 1890 2039 1901 2437 2418 2441 2422 2445 2426 2530 2531 2532 2533 2534 2754 2754 2754 2754 2754 2754 2754 2754 2754 2754 2754 2754 2754 2754 2754 2754 2754 2754 2754 2754 2535 2536 2537 2538 2539 2754 2754 2754 2754 2754 2754 2754 2754 2754 2754 2535 2536 2537 2538 2539 2754 2754 2754 2754 2754 2754 3816 3817 3818 3819 3820 2551 2556 2561 2566 2571 2596 3840 2754 2754 2754 2754 2754 2754 2754 2500 2501 2502 2503 2504 2754 2754 2754 2535 2536 2537 2538 2539 2754 2754 2754
1957 2112 1966 1835 1978 2038 1900 2050 1911 2440 2421 2444 2425 2448 2540 2541 2542 2543 2544 2754 2754 2754 2754 2754 2754 2754 2754 2754 2754 2754 2754 2754 2754 2754 2754 2754 2754 2754 2754 2540 2541 2542 2543 2544 2754 2754 2754 2754 2754 2754 2754 2754 2754 2754 2540 2541 2542 2543 2544 2754 2754 2754 2754 2754 2754 3821 3822 3823 3824 3825 2552 2557 2562 2567 2572 2597 2658 3841 2754 2754 2754 2754 2754 2754 2505 2506 2507 2508 2509 2754 2754 2754 2545 2546 2547 2548 2549 2754 2754 2754
2111 1965 1834 1977 1845 1989 2049 1910 2061 1921 2443 2424 2447 2428 2670 2671 2672 2673 2674 2551 2556 2561 2566 2571 2596 3840 2754 2754 2754 2754 2754 2754 2754 2754 2754 2754 2754 2754 2754 2545 2546 2547 2548 2549 2754 2754 2754 2754 2754 2754 2754 2754 2754 2754 2545 2546 2547 2548 2549 2754 2754 2754 2754 2754 2754 3826 3827 3828 3829 3830 2553 2558 2563 2568 2573 2598 2659 2663 3842 2754 2754 2754 2754 2754 2510 2511 2512 2513 2514 2754 2754 2754 3843 2645 2646 2647 2648 2754 2754 2754
1964 1833 1976 1844 1988 1855 2000 2060 1920 2072 1931 2446 2072 1931 2675 2676 2677 2678 2679 2552 2557 2562 2567 2572 2597 2658 3841 2754 2754 2754 2754 2754 2754 2754 2754 2754 2754 2754 2754 2500 2501 2502 2503 2504 2754 2754 2754 2754 2754 2754 2754 2754 2754 2754 2515 2516 2517 2518 2519 2754 2754 2754 2754 2754 2754 3831 3832 3833 3834 3835 2554 2559 2564 2569 2574 2599 2660 2664 2667 2754 2754 2754 2754 2754 2515 2516 2517 2518 2519 2754 2754 2754 2754 3844 2650 2651 2652 2754 2754 2754
1832 1975 1843 1987 1854 1999 1865 2011 2071 1930 2083 1941 1930 2083 2680 2681 2682 2683 2684 2553 2558 2563 2568 2573 2598 2659 2663 3842 2754 2754 2754 2754 2754 2754 2754 2754 2754 2754 2754 2505 2506 2507 2508 2509 2754 2754 2754 2754 2754 2754 2754 2754 2754 2754 2520 2521 2522 2523 2524 2754 2754 2754 2754 2754 2754 2754 2754 3836 3837 3838 2555 2560 2565 2570 2575 2600 2661 2665 2668 2754 2754 2754 2754 2754 2520 2521 2522 2523 2524 2754 2754 2754 2754 2754 3845 2654 2655 2754 2754 2754
1974 1842 1986 1853 1998 1864 2010 1875 2022 2082 1940 2094 1951 2452 2685 2686 2687 2688 2689 2554 2559 2564 2569 2574 2599 2660 2664 2667 2754 2754 2754 2754 2754 2754 2754 2754 2754 2754 2754 2510 2511 2512 2513 2514 2754 2754 2754 2754 2754 2754 2754 2754 2754 2754 2525 2526 2527 2528 2529 2754 2754 2754 2754 2754 2754 2754 2754 2754 2754 2754 2754 2754 2754 2754 2754 2754 2754 2754 2754 2754 2754 2754 2754 2754 2525 2526 2527 2528 2529 2754 2754 2754 2754 2754 2754 2754 2754 2754 2754 2754
1841 1985 1852 1997 1863 2009 1874 2021 1885 2033 2093 1950 2105 2057 2690 2691 2692 2693 2694 2555 2560 2565 2570 2575 2600 2661 2665 2668 2754 2754 2754 2754 2754 2754 2754 2754 2754 2754 2754 2515 2516 2517 2518 2519 2754 2754 2754 2754 2754 2754 2754 2754 2754 2754 2530 2531 2532 2533 2534 2754 2754 2754 2754 2754 2754 2754 2754 2754 2754 2754 2754 2754 2754 2754 2754 2754 2754 2754 2754 2754 2754 2754 2754 2754 2530 2531 2532 2533 2534 2754 2754 2754 2754 2754 2754 2754 2754 2754 2754 2754
1984 1851 1996 1862 2008 1873 2020 1884 2032 1895 2044 1906 2056 1917 2525 2526 2527 2528 2529 2754 2754 2754 2754 2754 2754 2754 2754 2754 2754 2754 2754 2754 2754 2754 2754 2754 2754 2754 2754 2520 2521 2522 2523 2524 2754 2754 2754 2754 2754 2754 2754 2754 2754 2754 2535 2536 2537 2538 2539 2754 2754 2754 2754 2754 2754 2754 2754 2754 2754 2754 2754 2754 2754 2754 2754 2754 2754 2754 2754 2754 2754 2754 2754 2754 2535 2536 2537 2538 2539 2754 2754 2754 2754 2754 2754 2754 2754 2754 2754 2754
1850 1995 1861 2007 1872 2019 1883 2031 1894 2043 1905 2055 1916 2067 2530 2531 2532 2533 2534 2754 2754 2754 2754 2754 2754 2754 2754 2754 2754 2754 2754 2754 2754 2754 2754 2754 2754 2754 2754 2525 2526 2527 2528 2529 2754 2754 2754 2754 2754 2754 2754 2754 2754 2754 2540 2541 2542 2543 2544 2754 2754 2754 2754 2754 2754 2754 2754 2754 2754 2754 2754 2754 2754 2754 2754 2754 2754 2754 2754 2754 2754 2754 2754 2754 2540 2541 2542 2543 2544 2754 2754 2754 2754 2754 2754 2754 2754 2754 2754 2754
1994 1860 2006 1871 2018 1882 2030 1893 2042 1904 2054 1915 2066 1926 2540 2541 2542 2543 2544 2754 2754 2754 2754 2754 2754 2754 2754 2754 2754 2754 2754 2754 2754 2754 2754 2754 2754 2754 2754 2530 2531 2532 2533 2534 2754 2754 2754 2754 2754 2754 2754 2754 2754 2754 2545 2546 2547 2548 2549 2754 2754 2754 2754 2754 2754 2754 2754 2754 2754 2754 2754 2754 2754 2754 2754 2754 2754 2754 2754 2754 2754 2754 2754 2754 2545 2546 2547 2548 2549 2754 2754 2754 2754 2754 2754 2754 2754 2754 2754 2754
1982 2005 1870 2017 1881 2029 1892 2041 1903 2053 1914 2065 1925 2077 2545 2546 2547 2548 2549 2754 2754 2754 2754 2754 2754 2754 2754 2754 2754 2754 2754 2754 2754 2754 2754 2754 2754 2754 2754 2535 2536 2537 2538 2539 2754 2754 2754 2754 2754 2754 2754 2754 2754 2754 2670 2671 2672 2673 2674 2551 2556 2561 2566 2571 2576 2581 2586 2591 2596 2670 2671 2672 2673 2674 2551 2556 2561 2566 2571 2576 2581 2586 2591 2596 2670 2671 2672 2673 2674 2576 2581 2586 2591 2596 3840 2754 2754 2754 2754 2754
1849 1993 2016 1880 2028 1891 2040 1902 2052 1913 2064 1924 2076 1935 2540 2541 2542 2543 2544 2754 2754 2754 2754 2754 2754 2754 2754 2754 2754 2754 2754 2754 2754 2754 2754 2754 2754 2754 2754 2540 2541 2542 2543 2544 2754 2754 2754 2754 2754 2754 2754 2754 2754 2754 2675 2676 2677 2678 2679 2552 2557 2562 2567 2572 2577 2582 2587 2592 2597 2675 2676 2677 2678 2679 2552 2557 2562 2567 2572 2577 2582 2587 2592 2597 2675 2676 2677 2678 2679 2577 2582 2587 2592 2597 2658 3841 2754 2754 2754 2754
1992 1859 2004 2027 1890 2039 1901 2051 1912 2063 1923 2075 1934 2087 2545 2546 2547 2548 2549 2754 2754 2754 2754 2754 2754 2754 2754 2754 2754 2754 2754 2754 2754 2754 2754 2754 2754 2754 2754 2545 2546 2547 2548 2549 2754 2754 2754 2754 2754 2754 2754 2754 2754 2754 2680 2681 2682 2683 2684 2553 2558 2563 2568 2573 2578 2583 2588 2593 2598 2680 2681 2682 2683 2684 2553 2558 2563 2568 2573 2578 2583 2588 2593 2598 2680 2681 2682 2683 2684 2578 2583 2588 2593 2598 2659 2663 3842 2754 2754 2754
1858 2003 1869 2015 2038 1900 2050 1911 2062 1922 2074 1933 2086 1944 2670 2671 2672 2673 2674 2551 2556 2561 2566 2571 2576 2670 2671 2672 2673 2674 2576 2581 2586 2591 2596 2596 2586 2591 2596 2500 2501 2502 2503 2504 2754 2754 2754 2754 2754 2754 2754 2754 2754 2754 2685 2686 2687 2688 2689 2554 2559 2564 2569 2574 2579 2584 2589 2594 2599 2685 2686 2687 2688 2689 2554 2559 2564 2569 2574 2579 2584 2589 2594 2599 2685 2686 2687 2688 2689 2579 2584 2589 2594 2599 2660 2664 2667 2754 2754 2754
2002 1868 2014 1879 2026 2049 1910 2061 1921 2073 1932 2085 1943 2097 2675 2676 2677 2678 2679 2552 2557 2562 2567 2572 2577 2675 2676 2677 2678 2679 2577 2582 2587 2592 2597 2597 2587 2592 2597 2505 2506 2507 2508 2509 2754 2754 2754 2754 2754 2754 2754 2754 2754 2754 2690 2691 2692 2693 2694 2555 2560 2565 2570 2575 2580 2585 2590 2595 2600 2690 2691 2692 2693 2694 2555 2560 2565 2570 2575 2580 2585 2590 2595 2600 2690 2691 2692 2693 2694 2580 2585 2590 2595 2600 2661 2665 2668 2754 2754 2754
1867 2013 1878 2025 1889 2037 2060 1920 2072 1931 2084 1942 2096 1953 2680 2681 2682 2683 2684 2553 2558 2563 2568 2573 2578 2680 2681 2682 2683 2684 2578 2583 2588 2593 2598 2598 2588 2593 2598 2510 2511 2512 2513 2514 2754 2754 2754 2754 2754 2754 2754 2754 2754 2754 2525 2526 2527 2528 2529 2754 2754 2754 2754 2754 2754 2754 2754 2754 2754 2500 2501 2502 2503 2504 2754 2754 2754 2754 2754 2754 2754 2754 2754 2754 2500 2501 2502 2503 2504 2754 2754 2754 2754 2754 2754 2754 2754 2754 2754 2754
2012 1877 2024 1888 2036 1899 2048 2071 1930 2083 1941 2095 1952 2107 2685 2686 2687 2688 2689 2554 2559 2564 2569 2574 2579 2685 2686 2687 2688 2689 2579 2584 2589 2594 2599 2599 2589 2594 2599 2515 2516 2517 2518 2519 2754 2754 2754 2754 2754 2754 2754 2754 2754 2754 2530 2531 2532 2533 2534 2754 2754 2754 2754 2754 2754 2754 2754 2754 2754 2505 2506 2507 2508 2509 2754 2754 2754 2754 2754 2754 2754 2754 2754 2754 2505 2506 2507 2508 2509 2754 2754 2754 2754 2754 2754 2754 2754 2754 2754 2754
1876 2023 1887 2035 1898 2047 1909 2059 2082 1940 2094 1951 2106 1932 2690 2691 2692 2693 2694 2555 2560 2565 2570 2575 2580 2690 2691 2692 2693 2694 2580 2585 2590 2595 2600 2600 2590 2595 2600 2520 2521 2522 2523 2524 2754 2754 2754 2754 2754 2754 2754 2754 2754 2754 2535 2536 2537 2538 2539 2754 2754 2754 2754 2754 2754 2754 2754 2754 2754 2510 2511 2512 2513 2514 2754 2754 2754 2754 2754 2754 2754 2754 2754 2754 2510 2511 2512 2513 2514 2754 2754 2754 2754 2754 2754 2754 2754 2754 2754 2754
2022 1886 2034 1897 2046 1908 2058 1919 2070 2093 1950 2105 1931 2084 2525 2526 2527 2528 2529 2754 2754 2754 2754 2754 2754 2500 2501 2502 2503 2504 2754 2754 2754 2754 2754 2754 2754 2754 2754 2525 2526 2527 2528 2529 2754 2754 2754 2754 2754 2754 2754 2754 2754 2754 2540 2541 2542 2543 2544 2754 2754 2754 2754 2754 2754 2754 2754 2754 2754 2515 2516 2517 2518 2519 2754 2754 2754 2754 2754 2754 2754 2754 2754 2754 2515 2516 2517 2518 2519 2754 2754 2754 2754 2754 2754 2754 2754 2754 2754 2754
1885 2033 1896 2045 1907 2057 1918 2069 1929 2081 2071 1930 2083 1941 2530 2531 2532 2533 2534 2754 2754 2754 2754 2754 2754 2505 2506 2507 2508 2509 2754 2754 2754 2754 2754 2754 2754 2754 2754 2530 2531 2532 2533 2534 2754 2754 2754 2754 2754 2754 2754 2754 2754 2754 2545 2546 2547 2548 2549 2754 2754 2754 2754 2754 2754 2754 2754 2754 2754 2520 2521 2522 2523 2524 2754 2754 2754 2754 2754 2754 2754 2754 2754 2754 2520 2521 2522 2523 2524 2754 2754 2754 2754 2754 2754 2754 2754 2754 2754 2754
2032 1895 2044 1906 2056 1917 2068 1928 2080 1939 2092 2082 1940 2094 2535 2536 2537 2538 2539 2754 2754 2754 2754 2754 2754 2510 2511 2512 2513 2514 2754 2754 2754 2754 2754 2754 2754 2754 2754 2535 2536 2537 2538 2539 2754 2754 2754 2754 2754 2754 2754 2754 2754 2754 2500 2501 2502 2503 2504 2754 2754 2754 2754 2754 2754 2754 2754 2754 2754 2525 2526 2527 2528 2529 2754 2754 2754 2754 2754 2754 2754 2754 2754 2754 2525 2526 2527 2528 2529 2754 2754 2754 2754 2754 2754 2754 2754 2754 2754 2754
1894 2043 1905 2055 1916 2067 1927 2079 1938 2091 1949 2103 2093 1950 2540 2541 2542 2543 2544 2754 2754 2754 2754 2754 2754 2515 2516 2517 2518 2519 2754 2754 2754 2754 2754 2754 2754 2754 2754 2540 2541 2542 2543 2544 2754 2754 2754 2754 2754 2754 2754 2754 2754 2754 2505 2506 2507 2508 2509 2754 2754 2754 2754 2754 2754 2754 2754 2754 2754 2530 2531 2532 2533 2534 2754 2754 2754 2754 2754 2754 2754 2754 2754 2754 2530 2531 2532 2533 2534 2754 2754 2754 2754 2754 2754 2754 2754 2754 2754 2754
1907 2057 1918 2069 1929 2081 2071 1935 2088 1946 2100 1957 2112 1941 2545 2546 2547 2548 2549 2754 2754 2754 2754 2754 2754 2520 2521 2522 2523 2524 2754 2754 2754 2754 2754 2754 2754 2754 2754 2545 2546 2547 2548 2549 2754 2754 2754 2754 2754 2754 2754 2754 2754 2754 2510 2511 2512 2513 2514 2754 2754 2754 2754 2754 2754 2754 2754 2754 2754 2530 2531 2532 2533 2534 2754 2754 2754 2754 2754 2754 2754 2754 2754 2754 2535 2536 2537 2538 2539 2754 2754 2754 2754 2754 2754 2754 2754 2754 2754 2754
2056 1917 2068 1928 2080 1939 2092 2082 2050 1911 2440 2421 2444 2425 2500 2501 2502 2503 2504 2754 2754 2754 2754 2754 2754 2525 2526 2527 2528 2529 2754 2754 2754 2754 2754 2754 2754 2754 2754 2670 2671 2672 2673 2674 2551 2556 2561 2566 2571 2576 2581 2586 2591 2596 2515 2516 2517 2518 2519 2754 2754 2754 2754 2754 2754 2754 2754 2754 2754 2535 2536 2537 2538 2539 2754 2754 2754 2754 2754 2754 2754 2754 2754 2754 2540 2541 2542 2543 2544 2754 2754 2754 2754 2754 2754 2754 2754 2754 2754 2754
1916 2067 1927 2079 1938 2091 1949 2103 2093 2061 1921 2443 2424 2447 2505 2506 2507 2508 2509 2754 2754 2754 2754 2754 2754 2530 2531 2532 2533 2534 2754 2754 2754 2754 2754 2754 2754 2754 2754 2675 2676 2677 2678 2679 2552 2557 2562 2567 2572 2577 2582 2587 2592 2597 2520 2521 2522 2523 2524 2754 2754 2754 2754 2754 2754 2754 2754 2754 2754 2540 2541 2542 2543 2544 2754 2754 2754 2754 2754 2754 2754 2754 2754 2754 2545 2546 2547 2548 2549 2754 2754 2754 2754 2754 2754 2754 2754 2754 2754 2754
1910 1964 1833 1976 1844 1988 1855 2000 2060 1920 2072 1931 2446 2072 2510 2511 2512 2513 2514 2754 2754 2754 2754 2754 2754 2535 2536 2537 2538 2539 2754 2754 2754 2754 2754 2754 2754 2754 2754 2680 2681 2682 2683 2684 2553 2558 2563 2568 2573 2578 2583 2588 2593 2598 2525 2526 2527 2528 2529 2754 2754 2754 2754 2754 2754 2754 2754 2754 2754 2545 2546 2547 2548 2549 2754 2754 2754 2754 2754 2754 2754 2754 2754 2754 2530 2531 2532 2533 2534 2754 2754 2754 2754 2754 2754 2754 2754 2754 2754 2754
1963 1832 1975 1843 1987 1854 1999 1865 2011 2071 1930 2083 1941 1930 2515 2516 2517 2518 2519 2754 2754 2754 2754 2754 2754 2540 2541 2542 2543 2544 2754 2754 2754 2754 2754 2754 2754 2754 2754 2685 2686 2687 2688 2689 2554 2559 2564 2569 2574 2579 2584 2589 2594 2599 2530 2531 2532 2533 2534 2754 2754 2754 2754 2754 2754 2754 2754 2754 2754 2530 2531 2532 2533 2534 2754 2754 2754 2754 2754 2754 2754 2754 2754 2754 2535 2536 2537 2538 2539 2754 2754 2754 2754 2754 2754 2754 2754 2754 2754 2754
1831 1974 1842 1986 1853 1998 1864 2010 1875 2022 2082 1940 2094 1951 2520 2521 2522 2523 2524 2754 2754 2754 2754 2754 2754 2545 2546 2547 2548 2549 2754 2754 2754 2754 2754 2754 2754 2754 2754 2690 2691 2692 2693 2694 2555 2560 2565 2570 2575 2580 2585 2590 2595 2600 2535 2536 2537 2538 2539 2754 2754 2754 2754 2754 2754 2754 2754 2754 2754 2535 2536 2537 2538 2539 2754 2754 2754 2754 2754 2754 2754 2754 2754 2754 2540 2541 2542 2543 2544 2754 2754 2754 2754 2754 2754 2754 2754 2754 2754 2754
1973 1841 1985 1852 1997 1863 2009 1874 2021 1885 2033 2093 1950 2105 2525 2526 2527 2528 2529 2754 2754 2754 2754 2754 2754 2525 2526 2527 2528 2529 2754 2754 2754 2754 2754 2754 2754 2754 2754 2525 2526 2527 2528 2529 2754 2754 2754 2754 2754 2754 2754 2754 2754 2754 2540 2541 2542 2543 2544 2754 2754 2754 2754 2754 2754 2754 2754 2754 2754 2540 2541 2542 2543 2544 2754 2754 2754 2754 2754 2754 2754 2754 2754 2754 2545 2546 2547 2548 2549 2754 2754 2754 2754 2754 2754 2754 2754 2754 2754 2754
1840 1984 1851 1996 1862 2008 1873 2020 1884 2032 1895 2044 1906 2056 2530 2531 2532 2533 2534 2754 2754 2754 2754 2754 2754 2530 2531 2532 2533 2534 2754 2754 2754 2754 2754 2754 2754 2754 2754 2530 2531 2532 2533 2534 2754 2754 2754 2754 2754 2754 2754 2754 2754 2754 2545 2546 2547 2548 2549 2754 2754 2754 2754 2754 2754 2754 2754 2754 2754 2545 2546 2547 2548 2549 2754 2754 2754 2754 2754 2754 2754 2754 2754 2754 2545 2546 2547 2548 2549 2754 2754 2754 2754 2754 2754 2754 2754 2754 2754 2754
2081 1850 1995 1861 2007 1872 2019 1883 2031 2414 2043 1905 2055 1916 2535 2536 2537 2538 2539 2754 2754 2754 2754 2754 2754 2535 2536 2537 2538 2539 2754 2754 2754 2754 2754 2754 2754 2754 2754 2535 2536 2537 2538 2539 2754 2754 2754 2754 2754 2754 2754 2754 2754 2754 2500 2501 2502 2503 2504 2754 2754 2754 2754 2754 2754 2754 2754 2754 2754 2670 2671 2672 2673 2674 2551 2556 2561 2566 2571 2576 2581 2586 2591 2596 2670 2671 2672 2673 2674 2576 2581 2586 2591 2596 3840 2754 2754 2754 2754 2754
1939 1994 1860 2006 1871 2018 1882 2030 2413 2436 2417 2054 1915 2066 2540 2541 2542 2543 2544 2754 2754 2754 2754 2754 2754 2540 2541 2542 2543 2544 2754 2754 2754 2754 2754 2754 2754 2754 2754 2540 2541 2542 2543 2544 2754 2754 2754 2754 2754 2754 2754 2754 2754 2754 2505 2506 2507 2508 2509 2754 2754 2754 2754 2754 2754 2754 2754 2754 2754 2675 2676 2677 2678 2679 2552 2557 2562 2567 2572 2577 2582 2587 2592 2597 2675 2676 2677 2678 2679 2577 2582 2587 2592 2597 2658 3841 2754 2754 2754 2754
2091 1982 2005 1870 2017 1881 2029 2412 2435 2416 2439 2420 2065 1925 2545 2546 2547 2548 2549 2754 2754 2754 2754 2754 2754 2545 2546 2547 2548 2549 2754 2754 2754 2754 2754 2754 2754 2754 2754 2545 2546 2547 2548 2549 2754 2754 2754 2754 2754 2754 2754 2754 2754 2754 2510 2511 2512 2513 2514 2754 2754 2754 2754 2754 2754 2754 2754 2754 2754 2680 2681 2682 2683 2684 2553 2558 2563 2568 2573 2578 2583 2588 2593 2598 2680 2681 2682 2683 2684 2578 2583 2588 2593 2598 2659 2663 3842 2754 2754 2754
1948 1849 1993 2016 1880 2028 1891 2434 2415 2438 2419 2442 2423 2076 2670 2671 2672 2673 2674 2551 2556 2561 2566 2571 2576 2581 2586 2591 2596 2566 2571 2576 2581 2586 2591 2596 2586 2591 2596 2500 2501 2502 2503 2504 2754 2754 2754 2754 2754 2754 2754 2754 2754 2754 2515 2516 2517 2518 2519 2754 2754 2754 2754 2754 2754 2754 2754 2754 2754 2685 2686 2687 2688 2689 2554 2559 2564 2569 2574 2579 2584 2589 2594 2599 2685 2686 2687 2688 2689 2579 2584 2589 2594 2599 2660 2664 2667 2754 2754 2754
2101 1992 1859 2004 2027 1890 2039 1901 2437 2418 2441 2422 2445 2426 2675 2676 2677 2678 2679 2552 2557 2562 2567 2572 2577 2582 2587 2592 2597 2567 2572 2577 2582 2587 2592 2597 2587 2592 2597 2505 2506 2507 2508 2509 2754 2754 2754 2754 2754 2754 2754 2754 2754 2754 2520 2521 2522 2523 2524 2754 2754 2754 2754 2754 2754 2754 2754 2754 2754 2690 2691 2692 2693 2694 2555 2560 2565 2570 2575 2580 2585 2590 2595 2600 2690 2691 2692 2693 2694 2580 2585 2590 2595 2600 2661 2665 2668 2754 2754 2754
1957 2112 1966 1835 1978 2038 1900 2050 1911 2440 2421 2444 2425 2448 2680 2681 2682 2683 2684 2553 2558 2563 2568 2573 2578 2583 2588 2593 2598 2568 2573 2578 2583 2588 2593 2598 2588 2593 2598 2510 2511 2512 2513 2514 2754 2754 2754 2754 2754 2754 2754 2754 2754 2754 2525 2526 2527 2528 2529 2754 2754 2754 2754 2754 2754 2754 2754 2754 2754 2525 2526 2527 2528 2529 2754 2754 2754 2754 2754 2754 2754 2754 2754 2754 2500 2501 2502 2503 2504 2754 2754 2754 2754 2754 2754 2754 2754 2754 2754 2754
2111 1965 1834 1977 1845 1989 2049 1910 2061 1921 2443 2424 2447 2428 2685 2686 2687 2688 2689 2554 2559 2564 2569 2574 2579 2584 2589 2594 2599 2569 2574 2579 2584 2589 2594 2599 2589 2594 2599 2515 2516 2517 2518 2519 2754 2754 2754 2754 2754 2754 2754 2754 2754 2754 2530 2531 2532 2533 2534 2754 2754 2754 2754 2754 2754 2754 2754 2754 2754 2530 2531 2532 2533 2534 2754 2754 2754 2754 2754 2754 2754 2754 2754 2754 2505 2506 2507 2508 2509 2754 2754 2754 2754 2754 2754 2754 2754 2754 2754 2754
1964 1833 1976 1844 1988 1855 2000 2060 1920 2072 1931 2446 2072 1931 2690 2691 2692 2693 2694 2555 2560 2565 2570 2575 2580 2585 2590 2595 2600 2570 2575 2580 2585 2590 2595 2600 2590 2595 2600 2520 2521 2522 2523 2524 2754 2754 2754 2754 2754 2754 2754 2754 2754 2754 2535 2536 2537 2538 2539 2754 2754 2754 2754 2754 2754 2754 2754 2754 2754 2535 2536 2537 2538 2539 2754 2754 2754 2754 2754 2754 2754 2754 2754 2754 2510 2511 2512 2513 2514 2754 2754 2754 2754 2754 2754 2754 2754 2754 2754 2754
1832 1975 1843 1987 1854 1999 1865 2011 2071 1930 2083 1941 1930 2083 2525 2526 2527 2528 2529 2754 2754 2754 2754 2754 2754 2754 2754 2754 2754 2754 2754 2754 2754 2754 2754 2754 2754 2754 2754 2525 2526 2527 2528 2529 2754 2754 2754 2754 2754 2754 2754 2754 2754 2754 2540 2541 2542 2543 2544 2754 2754 2754 2754 2754 2754 2754 2754 2754 2754 2540 2541 2542 2543 2544 2754 2754 2754 2754 2754 2754 2754 2754 2754 2754 2515 2516 2517 2518 2519 2754 2754 2754 2754 2754 2754 2754 2754 2754 2754 2754
1974 1842 1986 1853 1998 1864 2010 1875 2022 2082 1940 2094 1951 2452 2530 2531 2532 2533 2534 2754 2754 2754 2754 2754 2754 2754 2754 2754 2754 2754 2754 2754 2754 2754 2754 2754 2754 2754 2754 2530 2531 2532 2533 2534 2754 2754 2754 2754 2754 2754 2754 2754 2754 2754 2545 2546 2547 2548 2549 2754 2754 2754 2754 2754 2754 2754 2754 2754 2754 2545 2546 2547 2548 2549 2754 2754 2754 2754 2754 2754 2754 2754 2754 2754 2520 2521 2522 2523 2524 2754 2754 2754 2754 2754 2754 2754 2754 2754 2754 2754
1841 1985 1852 1997 1863 2009 1874 2021 1885 2033 2093 1950 2105 2057 2535 2536 2537 2538 2539 2754 2754 2754 2754 2754 2754 2754 2754 2754 2754 2754 2754 2754 2754 2754 2754 2754 2754 2754 2754 2535 2536 2537 2538 2539 2754 2754 2754 2754 2754 2754 2754 2754 2754 2754 2670 2671 2672 2673 2674 2551 2556 2561 2566 2571 2576 2581 2586 2591 2596 2500 2501 2502 2503 2504 2754 2754 2754 2754 2754 2754 2754 2754 2754 2754 2525 2526 2527 2528 2529 2754 2754 2754 2754 2754 2754 2754 2754 2754 2754 2754
1984 1851 1996 1862 2008 1873 2020 1884 2032 1895 2044 1906 2056 1917 2540 2541 2542 2543 2544 2754 2754 2754 2754 2754 2754 2754 2754 2754 2754 2754 2754 2754 2754 2754 2754 2754 2754 2754 2754 2540 2541 2542 2543 2544 2754 2754 2754 2754 2754 2754 2754 2754 2754 2754 2675 2676 2677 2678 2679 2552 2557 2562 2567 2572 2577 2582 2587 2592 2597 2505 2506 2507 2508 2509 2754 2754 2754 2754 2754 2754 2754 2754 2754 2754 2530 2531 2532 2533 2534 2754 2754 2754 2754 2754 2754 2754 2754 2754 2754 2754
1850 1995 1861 2007 1872 2019 1883 2031 1894 2043 1905 2055 1916 2067 2545 2546 2547 2548 2549 2754 2754 2754 2754 2754 2754 2754 2754 2754 2754 2754 2754 2754 2754 2754 2754 2754 2754 2754 2754 2500 2501 2502 2503 2504 2754 2754 2754 2754 2754 2754 2754 2754 2754 2754 2680 2681 2682 2683 2684 2553 2558 2563 2568 2573 2578 2583 2588 2593 2598 2510 2511 2512 2513 2514 2754 2754 2754 2754 2754 2754 2754 2754 2754 2754 2535 2536 2537 2538 2539 2754 2754 2754 2754 2754 2754 2754 2754 2754 2754 2754
1994 1860 2006 1871 2018 1882 2030 1893 2042 1904 2054 1915 2066 1926 2500 2501 2502 2503 2504 2754 2754 2754 2754 2754 2754 2754 2754 2754 2754 2754 2754 2754 2754 2754 2754 2754 2754 2754 2754 2505 2506 2507 2508 2509 2754 2754 2754 2754 2754 2754 2754 2754 2754 2754 2685 2686 2687 2688 2689 2554 2559 2564 2569 2574 2579 2584 2589 2594 2599 2515 2516 2517 2518 2519 2754 2754 2754 2754 2754 2754 2754 2754 2754 2754 2540 2541 2542 2543 2544 2754 2754 2754 2754 2754 2754 2754 2754 2754 2754 2754
1982 2005 1870 2017 1881 2029 1892 2041 1903 2053 1914 2065 1925 2077 2505 2506 2507 2508 2509 2754 2754 2754 2754 2754 2754 2754 2754 2754 2754 2754 2754 2754 2754 2754 2754 2754 2754 2754 2754 2510 2511 2512 2513 2514 2754 2754 2754 2754 2754 2754 2754 2754 2754 2754 2690 2691 2692 2693 2694 2555 2560 2565 2570 2575 2580 2585 2590 2595 2600 2520 2521 2522 2523 2524 2754 2754 2754 2754 2754 2754 2754 2754 2754 2754 2545 2546 2547 2548 2549 2754 2754 2754 2754 2754 2754 2754 2754 2754 2754 2754
1849 1993 2016 1880 2028 1891 2040 1902 2052 1913 2064 1924 2076 1935 2510 2511 2512 2513 2514 2754 2754 2754 2754 2754 2754 2754 2754 2754 2754 2754 2754 2754 2754 2754 2754 2754 2754 2754 2754 2515 2516 2517 2518 2519 2754 2754 2754 2754 2754 2754 2754 2754 2754 2754 2525 2526 2527 2528 2529 2754 2754 2754 2754 2754 2754 2754 2754 2754 2754 2525 2526 2527 2528 2529 2754 2754 2754 2754 2754 2754 2754 2754 2754 2754 3843 2645 2646 2647 2648 2754 2754 2754 2754 2754 2754 2754 2754 2754 2754 2754
1992 1859 2004 2027 1890 2039 1901 2051 1912 2063 1923 2075 1934 2087 2515 2516 2517 2518 2519 2754 2754 2754 2754 2754 2754 2754 2754 2754 2754 2754 2754 2754 2754 2754 2754 2754 2754 2754 2754 2520 2521 2522 2523 2524 2754 2754 2754 2754 2754 2754 2754 2754 2754 2754 2530 2531 2532 2533 2534 2754 2754 2754 2754 2754 2754 2754 2754 2754 2754 2530 2531 2532 2533 2534 2754 2754 2754 2754 2754 2754 2754 2754 2754 2754 2754 3844 2650 2651 2652 2754 2754 2754 2754 2754 2754 2754 2754 2754 2754 2754
1858 2003 1869 2015 2038 1900 2050 1911 2062 1922 2074 1933 2086 1944 2520 2521 2522 2523 2524 2754 2754 2754 2754 2754 2754 2754 2754 2754 2754 2754 2754 2754 2754 2754 2754 2754 2754 2754 2754 2525 2526 2527 2528 2529 2754 2754 2754 2754 2754 2754 2754 2754 2754 2754 2535 2536 2537 2538 2539 2754 2754 2754 2754 2754 2754 2754 2754 2754 2754 2535 2536 2537 2538 2539 2754 2754 2754 2754 2754 2754 2754 2754 2754 2754 2754 2754 3845 2654 2655 2754 2754 2754 2754 2754 2754 2754 2754 2754 2754 2754
2002 1868 2014 1879 2026 2049 1910 2061 1921 2073 1932 2085 1943 2097 2525 2526 2527 2528 2529 2754 2754 2754 2754 2754 2754 2754 2754 2754 2754 2754 2754 2754 2754 2754 2754 2754 2754 2754 2754 2530 2531 2532 2533 2534 2754 2754 2754 2754 2754 2754 2754 2754 2754 2754 2540 2541 2542 2543 2544 2754 2754 2754 2754 2754 2754 2754 2754 2754 2754 2540 2541 2542 2543 2544 2754 2754 2754 2754 2754 2754 2754 2754 2754 2754 2754 2754 2754 2754 2754 2754 2754 2754 2754 2754 2754 2754 2754 2754 2754 2754
1867 2013 1878 2025 1889 2037 2060 1920 2072 1931 2084 1942 2096 1953 2530 2531 2532 2533 2534 2754 2754 2754 2754 2754 2754 2754 2754 2754 2754 2754 2754 2754 2754 2754 2754 2754 2754 2754 2754 2535 2536 2537 2538 2539 2754 2754 2754 2754 2754 2754 2754 2754 2754 2754 2545 2546 2547 2548 2549 2754 2754 2754 2754 2754 2754 2754 2754 2754 2754 2545 2546 2547 2548 2549 2754 2754 2754 2754 2754 2754 2754 2754 2754 2754 2754 2754 2754 2754 2754 2754 2754 2754 2754 2754 2754 2754 2754 2754 2754 2754
2012 1877 2024 1888 2036 1899 2048 2071 1930 2083 1941 2095 1952 2107 2535 2536 2537 2538 2539 2754 2754 2754 2754 2754 2754 2754 2754 2754 2754 2754 2754 2754 2754 2754 2754 2754 2754 2754 2754 3816 3817 3818 3819 3820 2551 2556 2670 2671 2672 2673 2674 2586 2591 2596 2729 2730 2731 2732 2733 2754 2754 2754 2754 2754 2754 2754 2754 2754 2754 3843 2645 2646 2647 2648 2754 2754 2754 2754 2754 2754 2754 2754 2754 2754 2754 2754 2754 2754 2754 2754 2754 2754 2754 2754 2754 2754 2754 2754 2754 2754
1876 2023 1887 2035 1898 2047 1909 2059 2082 1940 2094 1951 2106 1932 2540 2541 2542 2543 2544 2754 2754 2754 2754 2754 2754 2754 2754 2754 2754 2754 2754 2754 2754 2754 2754 2754 2754 2754 2754 3821 3822 3823 3824 3825 2552 2557 2675 2676 2677 2678 2679 2587 2592 2597 2734 2735 2736 2737 2738 2754 2754 2754 2754 2754 2754 2754 2754 2754 2754 2754 3844 2650 2651 2652 2754 2754 2754 2754 2754 2754 2754 2754 2754 2754 2754 2754 2754 2754 2754 2754 2754 2754 2754 2754 2754 2754 2754 2754 2754 2754
2022 1886 2034 1897 2046 1908 2058 1919 2070 2093 1950 2105 1931 2084 2545 2546 2547 2548 2549 2754 2754 2754 2754 2754 2754 2754 2754 2754 2754 2754 2754 2754 2754 2754 2754 2754 2754 2754 2754 3826 3827 3828 3829 3830 2553 2558 2680 2681 2682 2683 2684 2588 2593 2598 2739 2740 2741 2742 2743 2754 2754 2754 2754 2754 2754 2754 2754 2754 2754 2754 2754 3845 2654 2655 2754 2754 2754 2754 2754 2754 2754 2754 2754 2754 2754 2754 2754 2754 2754 2754 2754 2754 2754 2754 2754 2754 2754 2754 2754 2754
1885 2033 1896 2045 1907 2057 1918 2069 1929 2081 2071 1930 2083 1941 2725 2645 2646 2647 2648 2754 2754 2754 2754 2754 2754 2754 2754 2754 2754 2754 2754 2754 2754 2754 2754 2754 2754 2754 2754 3831 3832 3833 3834 3835 2554 2559 2685 2686 2687 2688 2689 2589 2594 2599 2744 2745 2746 2747 2748 2754 2754 2754 2754 2754 2754 2754 2754 2754 2754 2754 2754 2754 2754 2754 2754 2754 2754 2754 2754 2754 2754 2754 2754 2754 2754 2754 2754 2754 2754 2754 2754 2754 2754 2754 2754 2754 2754 2754 2754 2754
2032 1895 2044 1906 2056 1917 2068 1928 2080 1939 2092 2082 1940 2094 2702 2726 2650 2651 2652 2754 2754 2754 2754 2754 2754 2754 2754 2754 2754 2754 2754 2754 2754 2754 2754 2754 2754 2754 2754 2754 2754 3836 3837 3838 2555 2560 2540 2541 2542 2543 2544 2590 2595 2600 2749 2750 2751 2752 2753 2754 2754 2754 2754 2754 2754 2754 2754 2754 2754 2754 2754 2754 2754 2754 2754 2754 2754 2754 2754 2754 2754 2754 2754 2754 2754 2754 2754 2754 2754 2754 2754 2754 2754 2754 2754 2754 2754 2754 2754 2754
1894 2043 1905 2055 1916 2067 1927 2079 1938 2091 1949 2103 2093 1950 2705 2706 2727 2654 2655 2754 2754 2754 2754 2754 2754 2754 2754 2754 2754 2754 2754 2754 2754 2754 2754 2754 2754 2754 2754 2754 2754 2754 2754 2754 2754 2754 2545 2546 2547 2548 2549 2754 2754 2754 2754 2754 2754 2754 2754 2754 2754 2754 2754 2754 2754 2754 2754 2754 2754 2754 2754 2754 2754 2754 2754 2754 2754 2754 2754 2754 2754 2754 2754 2754 2754 2754 2754 2754 2754 2754 2754 2754 2754 2754 2754 2754 2754 2754 2754 2754
tile 1831 0 0
tile 1832 56 0
tile 1833 112 0
tile 1834 168 0
tile 1835 224 0
tile 1840 280 0
tile 1841 336 0
tile 1842 392 0
tile 1843 448 0
tile 1844 504 0
tile 1845 560 0
tile 1849 616 0
tile 1850 672 0
tile 1851 728 0
tile 1852 784 0
tile 1853 840 0
tile 1854 896 0
tile 1855 952 0
tile 1858 1008 0
tile 1859 1064 0
tile 1860 1120 0
tile 1861 1176 0
tile 1862 1232 0
tile 1863 0 27
tile 1864 56 27
tile 1865 112 27
tile 1867 168 27
tile 1868 224 27
tile 1869 280 27
tile 1870 336 27
tile 1871 392 27
tile 1872 448 27
tile 1873 504 27
tile 1874 560 27
tile 1875 616 27
tile 1876 672 27
tile 1877 728 27
tile 1878 784 27
tile 1879 840 27
tile 1880 896 27
tile 1881 952 27
tile 1882 1008 27
tile 1883 1064 27
tile 1884 1120 27
tile 1885 1176 27
tile 1886 1232 27
tile 1887 0 54
tile 1888 56 54
tile 1889 112 54
tile 1890 168 54
tile 1891 224 54
tile 1892 280 54
tile 1893 336 54
tile 1894 392 54
tile 1895 448 54
tile 1896 504 54
tile 1897 560 54
tile 1898 616 54
tile 1899 672 54
tile 1900 728 54
tile 1901 784 54
tile 1902 840 54
tile 1903 896 54
tile 1904 952 54
tile 1905 1008 54
tile 1906 1064 54
tile 1907 1120 54
tile 1908 1176 54
tile 1909 1232 54
tile 1910 0 81
tile 1911 56 81
tile 1912 112 81
tile 1913 168 81
tile 1914 224 81
tile 1915 280 81
tile 1916 336 81
tile 1917 392 81
tile 1918 448 81
tile 1919 504 81
tile 1920 560 81
tile 1921 616 81
tile 1922 672 81
tile 1923 728 81
tile 1924 784 81
tile 1925 840 81
tile 1926 896 81
tile 1927 952 81
tile 1928 1008 81
tile 1929 1064 81
tile 1930 1120 81
tile 1931 1176 81
tile 1932 1232 81
tile 1933 0 108
tile 1934 56 108
tile 1935 112 108
tile 1938 168 108
tile 1939 224 108
tile 1940 280 108
tile 1941 336 108
tile 1942 392 108
tile 1943 448 108
tile 1944 504 108
tile 1946 560 108
tile 1948 616 108
tile 1949 672 108
tile 1950 728 108
tile 1951 784 108
tile 1952 840 108
tile 1953 896 108
tile 1957 952 108
tile 1963 1008 108
tile 1964 1064 108
tile 1965 1120 108
tile 1966 1176 108
tile 1973 1232 108
tile 1974 0 135
tile 1975 56 135
tile 1976 112 135
tile 1977 168 135
tile 1978 224 135
tile 1982 280 135
tile 1984 336 135
tile 1985 392 135
tile 1986 448 135
tile 1987 504 135
tile 1988 560 135
tile 1989 616 135
tile 1992 672 135
tile 1993 728 135
tile 1994 784 135
tile 1995 840 135
tile 1996 896 135
tile 1997 952 135
tile 1998 1008 135
tile 1999 1064 135
tile 2000 1120 135
tile 2002 1176 135
tile 2003 1232 135
tile 2004 0 162
tile 2005 56 162
tile 2006 112 162
tile 2007 168 162
tile 2008 224 162
tile 2009 280 162
tile 2010 336 162
tile 2011 392 162
tile 2012 448 162
tile 2013 504 162
tile 2014 560 162
tile 2015 616 162
tile 2016 672 162
tile 2017 728 162
tile 2018 784 162
tile 2019 840 162
tile 2020 896 162
tile 2021 952 162
tile 2022 1008 162
tile 2023 1064 162
tile 2024 1120 162
tile 2025 1176 162
tile 2026 1232 162
tile 2027 0 189
tile 2028 56 189
tile 2029 112 189
tile 2030 168 189
tile 2031 224 189
tile 2032 280 189
tile 2033 336 189
tile 2034 392 189
tile 2035 448 189
tile 2036 504 189
tile 2037 560 189
tile 2038 616 189
tile 2039 672 189
tile 2040 728 189
tile 2041 784 189
tile 2042 840 189
tile 2043 896 189
tile 2044 952 189
tile 2045 1008 189
tile 2046 1064 189
tile 2047 1120 189
tile 2048 1176 189
tile 2049 1232 189
tile 2050 0 216
tile 2051 56 216
tile 2052 112 216
tile 2053 168 216
tile 2054 224 216
tile 2055 280 216
tile 2056 336 216
tile 2057 392 216
tile 2058 448 216
tile 2059 504 216
tile 2060 560 216
tile 2061 616 216
tile 2062 672 216
tile 2063 728 216
tile 2064 784 216
tile 2065 840 216
tile 2066 896 216
tile 2067 952 216
tile 2068 1008 216
tile 2069 1064 216
tile 2070 1120 216
tile 2071 1176 216
tile 2072 1232 216
tile 2073 0 243
tile 2074 56 243
tile 2075 112 243
tile 2076 168 243
tile 2077 224 243
tile 2079 280 243
tile 2080 336 243
tile 2081 392 243
tile 2082 448 243
tile 2083 504 243
tile 2084 560 243
tile 2085 616 243
tile 2086 672 243
tile 2087 728 243
tile 2088 784 243
tile 2091 840 243
tile 2092 896 243
tile 2093 952 243
tile 2094 1008 243
tile 2095 1064 243
tile 2096 1120 243
tile 2097 1176 243
tile 2100 1232 243
tile 2101 0 270
tile 2103 56 270
tile 2105 112 270
tile 2106 168 270
tile 2107 224 270
tile 2111 280 270
tile 2112 336 270
tile 2412 392 270
tile 2413 448 270
tile 2414 504 270
tile 2415 560 270
tile 2416 616 270
tile 2417 672 270
tile 2418 728 270
tile 2419 784 270
tile 2420 840 270
tile 2421 896 270
tile 2422 952 270
tile 2423 1008 270
tile 2424 1064 270
tile 2425 1120 270
tile 2426 1176 270
tile 2428 1232 270
tile 2434 0 297
tile 2435 56 297
tile 2436 112 297
tile 2437 168 297
tile 2438 224 297
tile 2439 280 297
tile 2440 336 297
tile 2441 392 297
tile 2442 448 297
tile 2443 504 297
tile 2444 560 297
tile 2445 616 297
tile 2446 672 297
tile 2447 728 297
tile 2448 784 297
tile 2452 840 297
tile 2500 896 297
tile 2501 952 297
tile 2502 1008 297
tile 2503 1064 297
tile 2504 1120 297
tile 2505 1176 297
tile 2506 1232 297
tile 2507 0 324
tile 2508 56 324
tile 2509 112 324
tile 2510 168 324
tile 2511 224 324
tile 2512 280 324
tile 2513 336 324
tile 2514 392 324
tile 2515 448 324
tile 2516 504 324
tile 2517 560 324
tile 2518 616 324
tile 2519 672 324
tile 2520 728 324
tile 2521 784 324
tile 2522 840 324
tile 2523 896 324
tile 2524 952 324
tile 2525 1008 324
tile 2526 1064 324
tile 2527 1120 324
tile 2528 1176 324
tile 2529 1232 324
tile 2530 0 351
tile 2531 56 351
tile 2532 112 351
tile 2533 168 351
tile 2534 224 351
tile 2535 280 351
tile 2536 336 351
tile 2537 392 351
tile 2538 448 351
tile 2539 504 351
tile 2540 560 351
tile 2541 616 351
tile 2542 672 351
tile 2543 728 351
tile 2544 784 351
tile 2545 840 351
tile 2546 896 351
tile 2547 952 351
tile 2548 1008 351
tile 2549 1064 351
tile 2551 1120 351
tile 2552 1176 351
tile 2553 1232 351
tile 2554 0 378
tile 2555 56 378
tile 2556 112 378
tile 2557 168 378
tile 2558 224 378
tile 2559 280 378
tile 2560 336 378
tile 2561 392 378
tile 2562 448 378
tile 2563 504 378
tile 2564 560 378
tile 2565 616 378
tile 2566 672 378
tile 2567 728 378
tile 2568 784 378
tile 2569 840 378
tile 2570 896 378
tile 2571 952 378
tile 2572 1008 378
tile 2573 1064 378
tile 2574 1120 378
tile 2575 1176 378
tile 2576 1232 378
tile 2577 0 405
tile 2578 56 405
tile 2579 112 405
tile 2580 168 405
tile 2581 224 405
tile 2582 280 405
tile 2583 336 405
tile 2584 392 405
tile 2585 448 405
tile 2586 504 405
tile 2587 560 405
tile 2588 616 405
tile 2589 672 405
tile 2590 728 405
tile 2591 784 405
tile 2592 840 405
tile 2593 896 405
tile 2594 952 405
tile 2595 1008 405
tile 2596 1064 405
tile 2597 1120 405
tile 2598 1176 405
tile 2599 1232 405
tile 2600 0 432
tile 2645 56 432
tile 2646 112 432
tile 2647 168 432
tile 2648 224 432
tile 2650 280 432
tile 2651 336 432
tile 2652 392 432
tile 2654 448 432
tile 2655 504 432
tile 2658 560 432
tile 2659 616 432
tile 2660 672 432
tile 2661 728 432
tile 2663 784 432
tile 2664 840 432
tile 2665 896 432
tile 2667 952 432
tile 2668 1008 432
tile 2670 1064 432
tile 2671 1120 432
tile 2672 1176 432
tile 2673 1232 432
tile 2674 0 459
tile 2675 56 459
tile 2676 112 459
tile 2677 168 459
tile 2678 224 459
tile 2679 280 459
tile 2680 336 459
tile 2681 392 459
tile 2682 448 459
tile 2683 504 459
tile 2684 560 459
tile 2685 616 459
tile 2686 672 459
tile 2687 728 459
tile 2688 784 459
tile 2689 840 459
tile 2690 896 459
tile 2691 952 459
tile 2692 1008 459
tile 2693 1064 459
tile 2694 1120 459
tile 2702 1176 459
tile 2705 1232 459
tile 2706 0 486
tile 2725 56 486
tile 2726 112 486
tile 2727 168 486
tile 2729 224 486
tile 2730 280 486
tile 2731 336 486
tile 2732 392 486
tile 2733 448 486
tile 2734 504 486
tile 2735 560 486
tile 2736 616 486
tile 2737 672 486
tile 2738 728 486
tile 2739 784 486
tile 2740 840 486
tile 2741 896 486
tile 2742 952 486
tile 2743 1008 486
tile 2744 1064 486
tile 2745 1120 486
tile 2746 1176 486
tile 2747 1232 486
tile 2748 0 513
tile 2749 56 513
tile 2750 112 513
tile 2751 168 513
tile 2752 224 513
tile 2753 280 513
tile 2754 336 513
tile 3792 392 513
tile 3793 448 513
tile 3794 504 513
tile 3795 560 513
tile 3796 616 513
tile 3797 672 513
tile 3798 728 513
tile 3799 784 513
tile 3800 840 513
tile 3801 896 513
tile 3802 952 513
tile 3803 1008 513
tile 3804 1064 513
tile 3816 1120 513
tile 3817 1176 513
tile 3818 1232 513
tile 3819 0 540
tile 3820 56 540
tile 3821 112 540
tile 3822 168 540
tile 3823 224 540
tile 3824 280 540
tile 3825 336 540
tile 3826 392 540
tile 3827 448 540
tile 3828 504 540
tile 3829 560 540
tile 3830 616 540
tile 3831 672 540
tile 3832 728 540
tile 3833 784 540
tile 3834 840 540
tile 3835 896 540
tile 3836 952 540
tile 3837 1008 540
tile 3838 1064 540
tile 3840 1120 540
tile 3841 1176 540
tile 3842 1232 540
tile 3843 0 567
tile 3844 56 567
tile 3845 112 567
picture 345 0 0 52 0
picture 346 0 52 41 0
object 14 16 left 345
object 14 16 right 346
object 15 16 left 345
object 15 16 right 346
object 14 80 left 345
object 14 80 right 346
object 15 80 left 345
object 15 80 right 346
