# lod20592 — tools/dat-extract layout 이 만든다. 손으로 고치지 말 것.
size 50 50
blocked
##################################################
##################################################
##################################################
###############################################..#
################..###..#######################....
################........#####################.....
###############..........####################.....
###############..........####################.....
###############..........####################.....
###############.........#####################.....
###############.........######################....
###############.........######################.#..
################.........#####################....
################....#.....#######...##########....
################............###.......##.....#....
################.........................#........
################..................................
################..................................
################...............######.............
################................#####.............
################................#####.............
################................#####.............
################.................................#
#####.........##..............#...................
#####.............................................
####..............................................
####......##......................................
####......##.........................#............
####......##......................................
####......##..........................#.#.........
####..............................................
#####.............................................
#####.................#.....................#..#..
#####..........................................#..
#####................................#.........#..
#####......................#......................
####........####..................................
####........####..................................
###..........####................#..#.............
###....................................##.........
###.....................................#.........
####...........................#..#........#......
####..............................................
####.....#................#......................#
####.............................................#
####.........................................#....
#####............................#................
#####............................##............#..
######....####......................#.............
###############.....................#.............
floor
7965 7946 7946 7955 7960 7965 7946 7946 7951 7956 7961 8178 7946 7951 7956 8178 7946 7951 7956 7961 7946 7951 7956 8178 7946 7951 7956 7961 7945 7948 7951 7956 7961 8178 7946 7951 7956 8178 7946 7951 7956 7961 10487 10495 10503 10511 10519 10524 10529 10534
7964 7944 7949 7954 7959 7964 7944 7949 7954 7959 7964 7944 10487 10495 10503 10511 10519 10524 10529 10534 10074 10079 10084 10092 10100 10108 10116 10124 7945 7950 7955 7960 7965 7945 7950 7955 7960 7945 7950 7955 7960 7965 10486 10494 10502 10510 10518 10523 10528 10533
7963 7943 7948 7953 7958 7963 7943 7948 7953 7958 7963 7943 10486 10494 10502 10510 10518 10523 10528 10533 10073 10078 10083 10091 10099 10107 10115 10123 7944 7949 7954 7959 7964 7944 7949 7954 7959 7944 7949 7954 7959 7964 10485 10493 10501 10509 10517 10522 10527 10532
7962 8179 7947 7952 7957 7962 8179 7947 7952 7957 7962 8179 10485 10493 10501 10509 10517 10522 10527 10532 10072 10077 10082 10090 10098 10106 10114 10122 7943 7948 7953 7958 7963 7943 7948 7953 7958 7943 7948 7953 7958 7963 10484 10492 10500 10508 10516 10521 10526 10531
7961 8178 7946 7951 7956 7961 8178 7946 7951 7956 7961 8178 10484 10492 10500 10508 10516 10521 10526 10531 10071 10076 10081 10089 10097 10105 10113 10121 8179 7947 7952 7957 7962 8179 7947 7952 7957 8179 7947 7952 7957 7962 10483 10491 10499 10507 10515 10520 9897 9903
7965 7945 7950 7955 7960 7965 7945 7950 7955 7960 7965 7945 10483 10491 10499 10507 10515 10520 10525 10530 10070 10075 10080 10088 10096 10104 10112 10120 8178 7946 7951 7956 7961 8178 7946 7951 7956 8178 7946 7951 7956 7961 10482 10490 10498 10506 10514 9887 9896 9902
7964 7944 7949 7954 7959 7964 7944 7949 7954 7959 7964 7944 10482 10490 10498 10506 10514 10297 10305 10313 10321 10329 10337 10087 10095 10103 10111 10119 7945 7950 7955 7960 7965 7945 7950 7955 7960 7945 7950 7955 7960 7965 10481 10489 10497 10505 10513 9886 9895 9901
7963 7943 7948 7953 7958 7963 7943 7948 7953 7958 7963 7943 10481 10489 10497 10505 10513 10296 9860 9864 9871 10328 10336 10086 10094 10102 10110 10118 7944 7949 7954 7959 7964 7944 7949 7954 7959 7944 7949 7954 7959 7964 10480 10488 10496 10504 10512 9885 9894 9900
7962 8179 7947 7952 7957 7962 8179 7947 7952 7957 7962 8179 10480 10488 10496 10504 10512 9856 9859 9863 9870 9877 10335 10085 10093 10101 10109 10117 7943 7948 7953 7958 7963 7943 7948 7953 7958 7943 7948 7953 7958 7963 10696 10704 10712 10720 10728 10464 9893 9899
7961 8178 7946 7951 7956 7961 8178 7946 7951 7956 7961 7951 10948 10956 10964 10972 10979 10294 9858 9862 9869 9876 10334 10132 10140 10148 10156 10164 8179 7947 7952 7957 7962 8179 7947 7952 7957 8179 7947 7952 7957 7962 10695 10703 10711 10719 10727 10463 9892 9898
7965 7945 7950 7955 7960 7965 7945 7950 7955 7960 7965 8178 10947 10955 10963 10971 10979 10422 9857 9861 9868 9875 10462 10131 10139 10147 10155 10163 8178 7946 7951 7956 7961 8178 7946 7951 7956 8178 7946 7951 7956 7961 10694 10702 10710 10718 10726 9884 9891 10422
7964 7944 7949 7954 7959 7964 7944 7949 7954 7959 7964 7964 10946 10954 10962 10970 10978 10421 10429 10437 9867 9874 10461 10130 10138 10146 10154 10162 10170 10175 10180 9992 9997 10002 10007 10012 10017 10022 10027 10678 10683 10688 10693 10701 10709 10717 10725 9883 9890 10421
7963 7943 7948 7953 7958 7963 7943 7948 7953 7958 7963 7963 10945 10953 10961 10969 10977 10420 10428 10436 9866 9873 10460 10129 10137 10145 10153 10161 10169 10174 10179 9991 9996 10001 10006 10011 10016 10021 10026 10677 10682 10687 10692 10700 10708 10716 10724 9882 9889 10420
7962 8179 7947 7952 7957 7962 8179 7947 7952 7957 7962 7962 10944 10952 10960 10968 10976 10419 10427 10435 9865 9872 10459 10128 10136 10144 10152 10160 10168 10173 10178 9990 9995 10000 10005 10010 10015 10020 10025 10676 10681 10686 10691 10699 10707 10715 10723 10346 10354 10419
7961 8178 7946 7951 7956 7961 8178 7946 7951 7956 7961 7959 10943 10951 10959 10967 10975 10418 10426 10434 10442 10450 10458 10127 10135 10143 10151 10159 10167 10172 10177 9989 9994 9999 10004 10009 10014 10019 10024 10675 10680 10685 10690 10698 10706 10714 10722 10345 10353 10418
7965 7945 7950 7955 7960 7965 7945 7945 7950 7955 7960 7947 10942 10950 10958 10966 10974 10417 10425 10433 10441 10449 10457 10126 10134 10142 10150 10158 10166 10171 10176 9988 9993 9998 10003 10008 10013 10018 9821 9824 9828 9833 9837 10697 10705 10713 10721 10344 10352 10417
7964 7944 7949 7954 7959 7964 7944 7944 7949 7954 7959 7964 10941 10949 10957 10965 10973 10416 10424 10432 10440 10448 10456 10464 10472 10295 10303 10311 10319 10327 10853 10856 10858 10416 10424 10432 10440 10448 10456 9823 9827 9832 9836 10311 10319 10327 10335 10343 10351 10416
7963 7943 7948 7953 7958 7963 7943 7943 7948 7953 7958 7963 10696 10704 10712 10720 10728 10415 10423 10431 10439 10447 10455 10463 10471 10294 10302 10310 10318 10326 10334 10855 10857 10415 10423 10431 10439 10447 10455 9822 9826 9831 10302 10310 10318 10326 10334 10342 10350 10415
7962 8179 7947 7952 7957 7962 8179 8179 7947 7952 7957 7962 10695 10703 10711 10719 10727 10301 10309 10317 10325 10333 10341 10349 10357 10422 10430 10438 10446 10454 10462 10854 10478 10301 10309 10889 10888 10333 10341 10349 10357 10422 10430 10438 10446 10454 10462 10470 10478 10301
7961 8178 7946 7951 7956 7961 8178 8178 7946 7951 7956 7961 10694 10702 10710 10718 10726 10300 10308 10316 10324 10332 10340 10348 10356 10421 10429 10437 10445 10453 10461 10469 10477 10300 10308 10316 10887 10332 10340 10348 10356 10421 10429 10437 10445 10453 10461 10469 10477 10300
7965 10487 10495 10503 10511 10519 10524 10529 10534 10678 10683 10688 10693 10701 10709 10717 10725 10299 10307 10315 10323 10458 10466 10474 10297 10305 10313 10321 10329 10337 10345 10353 10418 10426 10434 10442 10886 10458 10466 10474 10297 10305 10313 10321 10329 10337 10345 10353 10418 10426
7964 10486 10494 10502 10510 10518 10523 10528 10533 10677 10682 10687 10692 10700 10708 10716 10724 10298 10306 10314 10322 10457 10465 10473 10296 10304 10312 10320 10328 9830 9835 10352 10417 10425 10433 10441 10885 10457 10465 10473 10296 10304 10312 10320 10328 10336 10344 10352 10417 10425
7963 10485 10493 10501 10509 10517 10522 10527 10532 10676 10681 10686 10691 10699 10707 10715 10723 10297 10305 10313 10321 10456 10464 10472 10295 10303 10311 10319 9825 9829 9834 10351 10416 10424 10432 10824 10831 10456 10464 10472 10295 9897 9903 10319 10327 10335 11036 11040 11044 11006
7962 10484 10492 10500 10508 10516 10521 10526 10531 10675 10680 10685 10690 10698 10706 10714 10722 10296 10304 10312 10320 10455 10463 10471 10294 10302 10310 9821 9824 9828 9833 9837 10415 10423 10817 10823 10830 10837 10842 10471 9887 9896 9902 9906 10326 10334 11035 11039 11043 11047
7961 10483 10491 10499 10507 10515 10520 10525 10530 10674 9784 10684 10689 10697 10705 10713 10721 10295 10303 10311 10319 10341 10349 10357 10422 10430 10438 10446 9823 9827 9832 9836 10301 10309 10816 10822 10829 10836 10841 10357 9886 9895 9901 9905 10454 10462 11034 11038 11042 11046
7965 10482 10490 10498 10506 10514 10334 10342 10350 10415 9783 9786 10439 10447 10455 10463 10471 10294 10302 10310 10318 10340 10348 10356 10421 10429 10437 10445 9822 9826 9831 10477 10300 10308 10815 10821 10828 10835 10840 10356 9885 9894 9900 9904 10453 10461 10469 11037 11041 11045
7964 10481 10489 10497 10505 10513 10462 10470 10478 10301 10309 9785 10325 10333 10341 10349 10357 10422 10430 10438 10446 10339 10347 10355 10420 10428 10436 10444 10452 10460 10468 10476 10299 10307 10814 10820 10827 10834 9845 10355 10420 9893 9899 10444 10452 9860 9864 9871 10299 10307
7963 10480 10488 10496 10504 10512 10461 10469 10477 10300 10308 10316 10324 10332 10340 10348 10356 10421 10429 10437 10824 10831 10346 10354 10419 10427 10435 10443 10451 10459 10467 10475 10298 10306 10813 10819 10826 9841 9844 10354 10419 9892 9898 10443 9856 9859 9863 9870 9877 10306
7962 10948 10956 10964 10972 10979 10460 10468 10418 10426 10845 10442 10450 10458 10466 10474 10297 10305 10313 10817 10823 10830 10837 10842 10418 10426 10434 10442 10450 10458 10466 10474 10297 10305 10313 10818 10825 9840 9843 9846 9884 9891 10434 10442 10450 9858 9862 9869 9876 10305
7961 10947 10955 10963 10971 10979 10459 10467 10417 10425 10844 10848 10851 10457 10465 10473 10296 10304 10312 10816 10822 10829 10836 10841 10417 9860 9864 9871 10449 10457 10465 10473 10296 10304 10312 10824 10831 9839 9842 10352 9883 9890 10433 10441 10449 9857 9861 9868 9875 10304
7965 10946 10954 10962 10970 10978 10458 10466 10416 10424 10432 10847 10850 10456 10464 10472 10295 10303 10311 10815 10821 10828 10835 10840 9856 9859 9863 9870 9877 10456 10464 10472 10295 10303 10817 10823 10830 10837 10842 10351 9882 9889 10432 9830 9835 10456 10464 9867 9874 10303
7964 10945 10953 10961 10969 10977 10457 10465 10415 10423 10431 10846 10849 10455 10463 10471 10294 10302 10310 10814 10820 10827 10834 10839 10415 9858 9862 9869 9876 10455 10463 10471 10294 10302 10816 10822 10829 10836 10841 10350 10415 10423 9825 9829 9834 10455 10463 9866 9873 10302
7963 10944 10952 10960 10968 10976 10456 10464 10301 10309 10317 10325 10333 10341 10349 10357 10422 10430 10438 10813 10819 10826 10833 10838 10301 9857 9861 9868 9875 10341 10349 10357 10422 10430 10815 10821 10828 10835 10840 10478 10301 9821 9824 9828 9833 9837 10349 9865 9872 10430
7962 10943 10951 10959 10967 10975 10455 10463 10300 10308 10316 9775 9778 9781 10348 10356 10421 10429 10437 10445 10818 10825 10832 10477 10300 10308 10316 9867 9874 10340 10348 10824 10831 10429 10814 10820 10827 10834 10839 10477 10300 10308 9823 9827 9832 9836 9849 9851 9854 10429
7961 10942 10950 10958 10966 10974 10341 10349 10299 10307 10315 9774 9777 9780 10347 10355 10420 10428 10436 10444 10452 10460 10468 10476 10299 10307 10315 9866 9873 10339 10817 10823 10830 10837 10813 10819 10826 10833 10838 10476 10299 10307 9822 9826 9831 10339 9848 9850 9853 10428
7965 10941 10949 10957 10965 10973 10340 10348 10298 10306 10314 10322 9776 9779 9790 9792 10419 10427 10435 10443 10451 10459 10467 10475 10298 10306 10314 9865 9872 10338 10816 10822 10829 10836 10841 10818 10825 10832 10467 10475 10298 9860 9864 9871 10330 10338 10346 10354 10419 10427
7964 10907 10915 10923 10931 10939 10339 10347 10297 10305 10313 10321 10329 10337 9789 9791 10418 10426 10434 10442 10450 10458 10466 10474 10297 10305 10313 9897 9903 10337 10815 10821 10828 10835 10840 9841 9844 10458 10466 10474 9856 9859 9863 9870 9877 10337 10345 10353 10418 10426
7963 10906 10914 10922 10930 10938 10338 9860 9864 9871 10312 10320 10328 10336 10344 10352 10807 10425 10433 10441 10449 10457 10465 10473 10296 10304 9887 9896 9902 9906 10814 10820 10827 10834 10839 9840 9843 9846 10465 10473 10296 9858 9862 9869 9876 10336 10344 10352 10417 10425
7962 10905 10913 10921 10929 10937 9856 9859 9863 9870 9877 10319 10327 10799 10343 10351 10806 10424 10432 10440 10448 10456 10464 10472 10295 10303 9886 9895 9901 9905 10813 10819 10826 10833 10838 9839 9842 10456 10464 10472 9852 9857 9861 9868 9875 10335 9897 9903 10416 10424
7961 10904 10912 10920 10928 10936 10336 9858 9862 9869 9876 10318 10326 10798 10342 10350 10415 10423 10431 10439 10447 10455 10463 10471 10294 10302 9885 9894 9900 9904 9830 10818 10825 10853 10856 10858 10447 10455 10463 10809 9851 9854 10310 9867 9874 9887 9896 9902 9906 10423
7965 10903 10911 10919 10927 10935 10335 9857 9861 9868 9875 10446 10454 10462 10470 10478 10301 10309 10317 10325 10333 10341 10349 10357 10422 10430 10438 9893 9899 9825 9829 9834 10301 10309 10855 10857 10333 10341 10349 9848 9850 9853 10438 9866 9873 9886 9895 9901 9905 10309
7964 10902 10910 10918 10926 10934 10334 10342 10421 9867 9874 10445 10453 10461 10469 10477 10300 10308 10316 10324 10332 10340 10348 10356 10421 10429 10437 9892 9821 9824 9828 9833 9837 10308 10854 10324 10332 10340 10348 10356 10421 10429 10437 9865 9872 9885 9894 9900 9904 10308
7963 10901 10909 10917 10925 10933 10462 10470 10420 9866 9873 10444 10452 10460 10468 10476 10299 10307 10315 10323 10331 10339 10347 10355 10420 10428 9884 9891 10452 9823 9827 9832 9836 10307 9860 9864 9871 10339 10347 10355 10420 10428 10436 10444 10452 10460 9893 9899 10299 9852
7962 10900 10908 10916 10924 10932 10461 10469 10419 9865 9872 10443 10451 10459 10467 10475 10298 10306 10314 10322 10330 10338 10346 10354 10419 10427 9883 9890 10451 9822 9826 9831 10298 9856 9859 9863 9870 9877 10346 10354 10419 10427 10435 10443 10451 10459 9892 9898 9849 9851
7961 10245 10253 10261 10269 10277 10345 10353 10418 10426 10434 10442 10450 10458 10466 10474 10297 10305 10313 10321 10329 10337 10345 10353 10418 10426 9882 9889 10450 10458 10466 10474 10297 10305 9858 9862 9869 9876 10345 10353 10418 10426 10434 10442 10450 9884 9891 10474 9848 9850
7965 10244 10252 10260 10268 10276 10344 10352 10417 10425 10433 10441 10449 10457 10465 10473 10296 10304 10312 10320 10328 10336 10344 10352 10417 10425 10433 10441 10449 10457 10465 10473 10296 9852 9857 9861 9868 9875 10344 10352 10417 10425 10433 10441 10449 9883 9830 9835 10296 10304
7964 10243 10251 10259 10267 10275 10343 10351 10416 10424 10432 10440 10448 10456 10464 10472 10295 10303 10311 10319 10327 10335 10343 10351 10416 10424 10432 10440 10448 10456 10464 10472 9849 9851 10810 10319 9867 11023 11027 11031 10416 10424 10432 10440 10448 9825 9829 9834 10295 10303
7963 10242 10250 10258 10266 10274 10282 10287 10292 10186 10191 10196 10204 10212 10220 10228 10236 10302 10310 10318 10326 10334 10342 10350 10415 10423 10431 10439 10447 10455 10463 10471 9848 9850 10809 10318 9866 11022 11026 11030 10415 10423 10431 10439 9821 9824 9828 9833 9837 10302
7962 10241 10249 10257 10265 10273 10281 10286 10291 10185 10190 10195 10203 10211 10219 10227 10235 10430 10438 10446 10454 10462 10470 10478 10301 10309 10317 10325 10333 10341 10349 10357 10422 10430 10438 10446 9865 11021 11025 11029 10301 10309 10317 10325 10333 9823 9827 9832 9836 10430
7961 10240 10248 10256 10264 10272 10280 10285 10290 10184 10189 10194 10202 10210 10218 10226 10234 10429 10437 10445 10453 10461 10469 10477 10300 10308 10316 10324 10332 10340 10348 10356 10421 10429 10437 10445 11007 11020 11024 11028 10300 10308 10316 10324 10332 9822 9826 9831 10421 10429
tile 7943 0 0
tile 7944 56 0
tile 7945 112 0
tile 7946 168 0
tile 7947 224 0
tile 7948 280 0
tile 7949 336 0
tile 7950 392 0
tile 7951 448 0
tile 7952 504 0
tile 7953 560 0
tile 7954 616 0
tile 7955 672 0
tile 7956 728 0
tile 7957 784 0
tile 7958 840 0
tile 7959 896 0
tile 7960 952 0
tile 7961 1008 0
tile 7962 1064 0
tile 7963 1120 0
tile 7964 1176 0
tile 7965 1232 0
tile 8178 1288 0
tile 8179 1344 0
tile 9774 1400 0
tile 9775 1456 0
tile 9776 0 27
tile 9777 56 27
tile 9778 112 27
tile 9779 168 27
tile 9780 224 27
tile 9781 280 27
tile 9783 336 27
tile 9784 392 27
tile 9785 448 27
tile 9786 504 27
tile 9789 560 27
tile 9790 616 27
tile 9791 672 27
tile 9792 728 27
tile 9821 784 27
tile 9822 840 27
tile 9823 896 27
tile 9824 952 27
tile 9825 1008 27
tile 9826 1064 27
tile 9827 1120 27
tile 9828 1176 27
tile 9829 1232 27
tile 9830 1288 27
tile 9831 1344 27
tile 9832 1400 27
tile 9833 1456 27
tile 9834 0 54
tile 9835 56 54
tile 9836 112 54
tile 9837 168 54
tile 9839 224 54
tile 9840 280 54
tile 9841 336 54
tile 9842 392 54
tile 9843 448 54
tile 9844 504 54
tile 9845 560 54
tile 9846 616 54
tile 9848 672 54
tile 9849 728 54
tile 9850 784 54
tile 9851 840 54
tile 9852 896 54
tile 9853 952 54
tile 9854 1008 54
tile 9856 1064 54
tile 9857 1120 54
tile 9858 1176 54
tile 9859 1232 54
tile 9860 1288 54
tile 9861 1344 54
tile 9862 1400 54
tile 9863 1456 54
tile 9864 0 81
tile 9865 56 81
tile 9866 112 81
tile 9867 168 81
tile 9868 224 81
tile 9869 280 81
tile 9870 336 81
tile 9871 392 81
tile 9872 448 81
tile 9873 504 81
tile 9874 560 81
tile 9875 616 81
tile 9876 672 81
tile 9877 728 81
tile 9882 784 81
tile 9883 840 81
tile 9884 896 81
tile 9885 952 81
tile 9886 1008 81
tile 9887 1064 81
tile 9889 1120 81
tile 9890 1176 81
tile 9891 1232 81
tile 9892 1288 81
tile 9893 1344 81
tile 9894 1400 81
tile 9895 1456 81
tile 9896 0 108
tile 9897 56 108
tile 9898 112 108
tile 9899 168 108
tile 9900 224 108
tile 9901 280 108
tile 9902 336 108
tile 9903 392 108
tile 9904 448 108
tile 9905 504 108
tile 9906 560 108
tile 9988 616 108
tile 9989 672 108
tile 9990 728 108
tile 9991 784 108
tile 9992 840 108
tile 9993 896 108
tile 9994 952 108
tile 9995 1008 108
tile 9996 1064 108
tile 9997 1120 108
tile 9998 1176 108
tile 9999 1232 108
tile 10000 1288 108
tile 10001 1344 108
tile 10002 1400 108
tile 10003 1456 108
tile 10004 0 135
tile 10005 56 135
tile 10006 112 135
tile 10007 168 135
tile 10008 224 135
tile 10009 280 135
tile 10010 336 135
tile 10011 392 135
tile 10012 448 135
tile 10013 504 135
tile 10014 560 135
tile 10015 616 135
tile 10016 672 135
tile 10017 728 135
tile 10018 784 135
tile 10019 840 135
tile 10020 896 135
tile 10021 952 135
tile 10022 1008 135
tile 10024 1064 135
tile 10025 1120 135
tile 10026 1176 135
tile 10027 1232 135
tile 10070 1288 135
tile 10071 1344 135
tile 10072 1400 135
tile 10073 1456 135
tile 10074 0 162
tile 10075 56 162
tile 10076 112 162
tile 10077 168 162
tile 10078 224 162
tile 10079 280 162
tile 10080 336 162
tile 10081 392 162
tile 10082 448 162
tile 10083 504 162
tile 10084 560 162
tile 10085 616 162
tile 10086 672 162
tile 10087 728 162
tile 10088 784 162
tile 10089 840 162
tile 10090 896 162
tile 10091 952 162
tile 10092 1008 162
tile 10093 1064 162
tile 10094 1120 162
tile 10095 1176 162
tile 10096 1232 162
tile 10097 1288 162
tile 10098 1344 162
tile 10099 1400 162
tile 10100 1456 162
tile 10101 0 189
tile 10102 56 189
tile 10103 112 189
tile 10104 168 189
tile 10105 224 189
tile 10106 280 189
tile 10107 336 189
tile 10108 392 189
tile 10109 448 189
tile 10110 504 189
tile 10111 560 189
tile 10112 616 189
tile 10113 672 189
tile 10114 728 189
tile 10115 784 189
tile 10116 840 189
tile 10117 896 189
tile 10118 952 189
tile 10119 1008 189
tile 10120 1064 189
tile 10121 1120 189
tile 10122 1176 189
tile 10123 1232 189
tile 10124 1288 189
tile 10126 1344 189
tile 10127 1400 189
tile 10128 1456 189
tile 10129 0 216
tile 10130 56 216
tile 10131 112 216
tile 10132 168 216
tile 10134 224 216
tile 10135 280 216
tile 10136 336 216
tile 10137 392 216
tile 10138 448 216
tile 10139 504 216
tile 10140 560 216
tile 10142 616 216
tile 10143 672 216
tile 10144 728 216
tile 10145 784 216
tile 10146 840 216
tile 10147 896 216
tile 10148 952 216
tile 10150 1008 216
tile 10151 1064 216
tile 10152 1120 216
tile 10153 1176 216
tile 10154 1232 216
tile 10155 1288 216
tile 10156 1344 216
tile 10158 1400 216
tile 10159 1456 216
tile 10160 0 243
tile 10161 56 243
tile 10162 112 243
tile 10163 168 243
tile 10164 224 243
tile 10166 280 243
tile 10167 336 243
tile 10168 392 243
tile 10169 448 243
tile 10170 504 243
tile 10171 560 243
tile 10172 616 243
tile 10173 672 243
tile 10174 728 243
tile 10175 784 243
tile 10176 840 243
tile 10177 896 243
tile 10178 952 243
tile 10179 1008 243
tile 10180 1064 243
tile 10184 1120 243
tile 10185 1176 243
tile 10186 1232 243
tile 10189 1288 243
tile 10190 1344 243
tile 10191 1400 243
tile 10194 1456 243
tile 10195 0 270
tile 10196 56 270
tile 10202 112 270
tile 10203 168 270
tile 10204 224 270
tile 10210 280 270
tile 10211 336 270
tile 10212 392 270
tile 10218 448 270
tile 10219 504 270
tile 10220 560 270
tile 10226 616 270
tile 10227 672 270
tile 10228 728 270
tile 10234 784 270
tile 10235 840 270
tile 10236 896 270
tile 10240 952 270
tile 10241 1008 270
tile 10242 1064 270
tile 10243 1120 270
tile 10244 1176 270
tile 10245 1232 270
tile 10248 1288 270
tile 10249 1344 270
tile 10250 1400 270
tile 10251 1456 270
tile 10252 0 297
tile 10253 56 297
tile 10256 112 297
tile 10257 168 297
tile 10258 224 297
tile 10259 280 297
tile 10260 336 297
tile 10261 392 297
tile 10264 448 297
tile 10265 504 297
tile 10266 560 297
tile 10267 616 297
tile 10268 672 297
tile 10269 728 297
tile 10272 784 297
tile 10273 840 297
tile 10274 896 297
tile 10275 952 297
tile 10276 1008 297
tile 10277 1064 297
tile 10280 1120 297
tile 10281 1176 297
tile 10282 1232 297
tile 10285 1288 297
tile 10286 1344 297
tile 10287 1400 297
tile 10290 1456 297
tile 10291 0 324
tile 10292 56 324
tile 10294 112 324
tile 10295 168 324
tile 10296 224 324
tile 10297 280 324
tile 10298 336 324
tile 10299 392 324
tile 10300 448 324
tile 10301 504 324
tile 10302 560 324
tile 10303 616 324
tile 10304 672 324
tile 10305 728 324
tile 10306 784 324
tile 10307 840 324
tile 10308 896 324
tile 10309 952 324
tile 10310 1008 324
tile 10311 1064 324
tile 10312 1120 324
tile 10313 1176 324
tile 10314 1232 324
tile 10315 1288 324
tile 10316 1344 324
tile 10317 1400 324
tile 10318 1456 324
tile 10319 0 351
tile 10320 56 351
tile 10321 112 351
tile 10322 168 351
tile 10323 224 351
tile 10324 280 351
tile 10325 336 351
tile 10326 392 351
tile 10327 448 351
tile 10328 504 351
tile 10329 560 351
tile 10330 616 351
tile 10331 672 351
tile 10332 728 351
tile 10333 784 351
tile 10334 840 351
tile 10335 896 351
tile 10336 952 351
tile 10337 1008 351
tile 10338 1064 351
tile 10339 1120 351
tile 10340 1176 351
tile 10341 1232 351
tile 10342 1288 351
tile 10343 1344 351
tile 10344 1400 351
tile 10345 1456 351
tile 10346 0 378
tile 10347 56 378
tile 10348 112 378
tile 10349 168 378
tile 10350 224 378
tile 10351 280 378
tile 10352 336 378
tile 10353 392 378
tile 10354 448 378
tile 10355 504 378
tile 10356 560 378
tile 10357 616 378
tile 10415 672 378
tile 10416 728 378
tile 10417 784 378
tile 10418 840 378
tile 10419 896 378
tile 10420 952 378
tile 10421 1008 378
tile 10422 1064 378
tile 10423 1120 378
tile 10424 1176 378
tile 10425 1232 378
tile 10426 1288 378
tile 10427 1344 378
tile 10428 1400 378
tile 10429 1456 378
tile 10430 0 405
tile 10431 56 405
tile 10432 112 405
tile 10433 168 405
tile 10434 224 405
tile 10435 280 405
tile 10436 336 405
tile 10437 392 405
tile 10438 448 405
tile 10439 504 405
tile 10440 560 405
tile 10441 616 405
tile 10442 672 405
tile 10443 728 405
tile 10444 784 405
tile 10445 840 405
tile 10446 896 405
tile 10447 952 405
tile 10448 1008 405
tile 10449 1064 405
tile 10450 1120 405
tile 10451 1176 405
tile 10452 1232 405
tile 10453 1288 405
tile 10454 1344 405
tile 10455 1400 405
tile 10456 1456 405
tile 10457 0 432
tile 10458 56 432
tile 10459 112 432
tile 10460 168 432
tile 10461 224 432
tile 10462 280 432
tile 10463 336 432
tile 10464 392 432
tile 10465 448 432
tile 10466 504 432
tile 10467 560 432
tile 10468 616 432
tile 10469 672 432
tile 10470 728 432
tile 10471 784 432
tile 10472 840 432
tile 10473 896 432
tile 10474 952 432
tile 10475 1008 432
tile 10476 1064 432
tile 10477 1120 432
tile 10478 1176 432
tile 10480 1232 432
tile 10481 1288 432
tile 10482 1344 432
tile 10483 1400 432
tile 10484 1456 432
tile 10485 0 459
tile 10486 56 459
tile 10487 112 459
tile 10488 168 459
tile 10489 224 459
tile 10490 280 459
tile 10491 336 459
tile 10492 392 459
tile 10493 448 459
tile 10494 504 459
tile 10495 560 459
tile 10496 616 459
tile 10497 672 459
tile 10498 728 459
tile 10499 784 459
tile 10500 840 459
tile 10501 896 459
tile 10502 952 459
tile 10503 1008 459
tile 10504 1064 459
tile 10505 1120 459
tile 10506 1176 459
tile 10507 1232 459
tile 10508 1288 459
tile 10509 1344 459
tile 10510 1400 459
tile 10511 1456 459
tile 10512 0 486
tile 10513 56 486
tile 10514 112 486
tile 10515 168 486
tile 10516 224 486
tile 10517 280 486
tile 10518 336 486
tile 10519 392 486
tile 10520 448 486
tile 10521 504 486
tile 10522 560 486
tile 10523 616 486
tile 10524 672 486
tile 10525 728 486
tile 10526 784 486
tile 10527 840 486
tile 10528 896 486
tile 10529 952 486
tile 10530 1008 486
tile 10531 1064 486
tile 10532 1120 486
tile 10533 1176 486
tile 10534 1232 486
tile 10674 1288 486
tile 10675 1344 486
tile 10676 1400 486
tile 10677 1456 486
tile 10678 0 513
tile 10680 56 513
tile 10681 112 513
tile 10682 168 513
tile 10683 224 513
tile 10684 280 513
tile 10685 336 513
tile 10686 392 513
tile 10687 448 513
tile 10688 504 513
tile 10689 560 513
tile 10690 616 513
tile 10691 672 513
tile 10692 728 513
tile 10693 784 513
tile 10694 840 513
tile 10695 896 513
tile 10696 952 513
tile 10697 1008 513
tile 10698 1064 513
tile 10699 1120 513
tile 10700 1176 513
tile 10701 1232 513
tile 10702 1288 513
tile 10703 1344 513
tile 10704 1400 513
tile 10705 1456 513
tile 10706 0 540
tile 10707 56 540
tile 10708 112 540
tile 10709 168 540
tile 10710 224 540
tile 10711 280 540
tile 10712 336 540
tile 10713 392 540
tile 10714 448 540
tile 10715 504 540
tile 10716 560 540
tile 10717 616 540
tile 10718 672 540
tile 10719 728 540
tile 10720 784 540
tile 10721 840 540
tile 10722 896 540
tile 10723 952 540
tile 10724 1008 540
tile 10725 1064 540
tile 10726 1120 540
tile 10727 1176 540
tile 10728 1232 540
tile 10798 1288 540
tile 10799 1344 540
tile 10806 1400 540
tile 10807 1456 540
tile 10809 0 567
tile 10810 56 567
tile 10813 112 567
tile 10814 168 567
tile 10815 224 567
tile 10816 280 567
tile 10817 336 567
tile 10818 392 567
tile 10819 448 567
tile 10820 504 567
tile 10821 560 567
tile 10822 616 567
tile 10823 672 567
tile 10824 728 567
tile 10825 784 567
tile 10826 840 567
tile 10827 896 567
tile 10828 952 567
tile 10829 1008 567
tile 10830 1064 567
tile 10831 1120 567
tile 10832 1176 567
tile 10833 1232 567
tile 10834 1288 567
tile 10835 1344 567
tile 10836 1400 567
tile 10837 1456 567
tile 10838 0 594
tile 10839 56 594
tile 10840 112 594
tile 10841 168 594
tile 10842 224 594
tile 10844 280 594
tile 10845 336 594
tile 10846 392 594
tile 10847 448 594
tile 10848 504 594
tile 10849 560 594
tile 10850 616 594
tile 10851 672 594
tile 10853 728 594
tile 10854 784 594
tile 10855 840 594
tile 10856 896 594
tile 10857 952 594
tile 10858 1008 594
tile 10885 1064 594
tile 10886 1120 594
tile 10887 1176 594
tile 10888 1232 594
tile 10889 1288 594
tile 10900 1344 594
tile 10901 1400 594
tile 10902 1456 594
tile 10903 0 621
tile 10904 56 621
tile 10905 112 621
tile 10906 168 621
tile 10907 224 621
tile 10908 280 621
tile 10909 336 621
tile 10910 392 621
tile 10911 448 621
tile 10912 504 621
tile 10913 560 621
tile 10914 616 621
tile 10915 672 621
tile 10916 728 621
tile 10917 784 621
tile 10918 840 621
tile 10919 896 621
tile 10920 952 621
tile 10921 1008 621
tile 10922 1064 621
tile 10923 1120 621
tile 10924 1176 621
tile 10925 1232 621
tile 10926 1288 621
tile 10927 1344 621
tile 10928 1400 621
tile 10929 1456 621
tile 10930 0 648
tile 10931 56 648
tile 10932 112 648
tile 10933 168 648
tile 10934 224 648
tile 10935 280 648
tile 10936 336 648
tile 10937 392 648
tile 10938 448 648
tile 10939 504 648
tile 10941 560 648
tile 10942 616 648
tile 10943 672 648
tile 10944 728 648
tile 10945 784 648
tile 10946 840 648
tile 10947 896 648
tile 10948 952 648
tile 10949 1008 648
tile 10950 1064 648
tile 10951 1120 648
tile 10952 1176 648
tile 10953 1232 648
tile 10954 1288 648
tile 10955 1344 648
tile 10956 1400 648
tile 10957 1456 648
tile 10958 0 675
tile 10959 56 675
tile 10960 112 675
tile 10961 168 675
tile 10962 224 675
tile 10963 280 675
tile 10964 336 675
tile 10965 392 675
tile 10966 448 675
tile 10967 504 675
tile 10968 560 675
tile 10969 616 675
tile 10970 672 675
tile 10971 728 675
tile 10972 784 675
tile 10973 840 675
tile 10974 896 675
tile 10975 952 675
tile 10976 1008 675
tile 10977 1064 675
tile 10978 1120 675
tile 10979 1176 675
tile 11006 1232 675
tile 11007 1288 675
tile 11020 1344 675
tile 11021 1400 675
tile 11022 1456 675
tile 11023 0 702
tile 11024 56 702
tile 11025 112 702
tile 11026 168 702
tile 11027 224 702
tile 11028 280 702
tile 11029 336 702
tile 11030 392 702
tile 11031 448 702
tile 11034 504 702
tile 11035 560 702
tile 11036 616 702
tile 11037 672 702
tile 11038 728 702
tile 11039 784 702
tile 11040 840 702
tile 11041 896 702
tile 11042 952 702
tile 11043 1008 702
tile 11044 1064 702
tile 11045 1120 702
tile 11046 1176 702
tile 11047 1232 702
picture 10435 252 871 54 0
picture 10436 252 925 54 0
picture 10437 280 0 54 0
picture 10438 280 54 54 0
picture 10496 28 755 224 0
picture 10497 0 557 271 0
picture 10498 0 0 285 0
picture 10499 0 285 272 0
picture 10500 28 0 270 0
picture 10501 28 270 256 0
picture 10503 168 142 140 0
picture 10504 140 323 156 0
picture 10505 84 384 190 0
picture 10506 84 574 187 0
picture 10507 56 622 200 0
picture 10508 56 214 204 0
picture 10509 168 282 138 0
picture 10510 224 611 94 0
picture 10511 280 495 36 0
picture 10512 252 704 56 0
picture 10513 252 760 56 0
picture 10514 56 418 204 0
picture 10515 28 526 229 0
picture 10516 56 0 214 0
picture 10517 112 185 177 0
picture 10518 112 362 175 0
picture 10519 140 0 163 0
picture 10520 168 550 127 0
picture 10521 252 89 81 0
picture 10522 224 312 102 0
picture 10523 140 479 153 0
picture 10524 84 761 185 0
picture 10525 56 822 200 0
picture 10526 112 0 185 0
picture 10527 112 537 167 0
picture 10528 140 781 146 0
picture 10529 224 105 104 0
picture 10540 224 209 103 0
picture 10541 196 364 118 0
picture 10542 168 677 126 0
picture 10543 196 245 119 0
picture 10544 196 482 113 0
picture 10545 280 458 37 0
picture 10546 252 520 63 0
picture 10547 252 390 65 0
picture 10548 280 371 45 0
picture 10549 252 816 55 0
picture 10550 224 414 102 0
picture 10551 252 322 68 0
picture 10552 252 583 63 0
picture 10553 252 0 89 0
picture 10554 224 705 94 0
picture 10556 168 803 126 0
picture 10557 168 420 130 0
picture 10558 196 595 113 0
picture 10563 252 250 72 0
picture 10564 196 708 107 0
picture 10565 196 815 107 0
picture 10566 252 170 80 0
picture 10567 280 567 35 0
picture 10575 112 704 165 0
picture 10576 84 0 192 0
picture 10577 84 192 192 0
picture 10578 168 0 142 0
picture 10580 280 108 54 0
picture 10581 252 455 65 0
picture 10582 224 893 93 0
picture 10583 224 0 105 0
picture 10584 224 799 94 0
picture 10585 280 322 49 0
picture 10607 252 646 58 0
picture 10608 280 216 53 0
picture 10611 280 531 36 0
picture 10612 280 416 42 0
picture 10620 280 602 23 0
picture 10621 280 162 54 0
picture 10622 224 516 95 0
picture 10623 196 123 122 0
picture 10624 140 632 149 0
picture 10625 140 163 160 0
picture 10626 196 0 123 0
picture 10627 280 269 53 0
picture 10628 280 625 20 0
object 47 3 right 10520
object 47 4 right 10519
object 47 5 right 10518
object 47 6 right 10517
object 47 7 right 10516
object 47 8 right 10515
object 47 9 right 10514
object 47 10 right 10513
object 20 11 right 10501
object 47 11 left 10511
object 47 11 right 10512
object 20 12 right 10500
object 18 13 left 10496
object 19 13 left 10497
object 20 13 left 10498
object 20 13 right 10499
object 35 15 left 10503
object 36 15 left 10504
object 37 15 left 10505
object 38 15 left 10506
object 39 15 left 10507
object 40 15 left 10508
object 41 15 left 10509
object 41 15 right 10510
object 31 17 right 10558
object 31 18 left 10556
object 31 18 right 10557
object 36 18 right 10628
object 36 19 right 10627
object 36 20 right 10626
object 32 21 left 10620
object 33 21 left 10621
object 34 21 left 10622
object 35 21 left 10623
object 36 21 left 10624
object 36 21 right 10625
object 40 21 right 10520
object 40 22 right 10519
object 49 22 left 10435
object 49 22 right 10436
object 24 23 left 10503
object 25 23 left 10504
object 26 23 left 10505
object 27 23 left 10506
object 28 23 left 10507
object 29 23 left 10508
object 30 23 left 10509
object 30 23 right 10510
object 40 23 right 10518
object 37 24 right 10529
object 40 24 right 10517
object 37 25 right 10528
object 40 25 right 10516
object 11 26 right 10585
object 37 26 right 10527
object 40 26 right 10515
object 11 27 right 10584
object 33 27 left 10521
object 34 27 left 10522
object 35 27 left 10523
object 36 27 left 10524
object 37 27 left 10525
object 37 27 right 10526
object 40 27 right 10514
object 11 28 left 10582
object 11 28 right 10583
object 38 28 right 10544
object 40 28 right 10513
object 10 29 left 10580
object 10 29 right 10581
object 11 29 left 10551
object 11 29 right 10552
object 22 29 right 10529
object 36 29 left 10540
object 37 29 left 10541
object 38 29 left 10542
object 38 29 right 10543
object 40 29 left 10511
object 40 29 right 10512
object 10 30 right 10550
object 22 30 right 10528
object 47 30 right 10501
object 10 31 right 10549
object 22 31 right 10527
object 37 31 right 10529
object 47 31 right 10500
object 18 32 left 10521
object 19 32 left 10522
object 20 32 left 10523
object 21 32 left 10524
object 22 32 left 10525
object 22 32 right 10526
object 37 32 right 10528
object 38 32 left 10503
object 39 32 left 10504
object 40 32 left 10505
object 41 32 left 10506
object 42 32 left 10507
object 43 32 left 10508
object 44 32 left 10509
object 44 32 right 10510
object 45 32 left 10496
object 46 32 left 10497
object 47 32 left 10498
object 47 32 right 10499
object 27 33 right 10501
object 37 33 right 10527
object 47 33 right 10548
object 27 34 right 10500
object 33 34 left 10521
object 34 34 left 10522
object 35 34 left 10523
object 36 34 left 10524
object 37 34 left 10525
object 37 34 right 10526
object 46 34 left 10545
object 47 34 left 10546
object 47 34 right 10547
object 25 35 left 10496
object 26 35 left 10497
object 26 35 right 10520
object 27 35 left 10498
object 27 35 right 10499
object 33 35 right 10529
object 13 36 right 10578
object 15 36 right 10567
object 26 36 right 10519
object 33 36 right 10528
object 12 37 left 10575
object 13 37 left 10576
object 13 37 right 10577
object 15 37 right 10566
object 26 37 right 10518
object 33 37 right 10527
object 36 37 right 10544
object 45 37 right 10520
object 13 38 left 10553
object 13 38 right 10554
object 14 38 left 10563
object 15 38 left 10564
object 15 38 right 10565
object 16 38 left 10607
object 16 38 right 10608
object 26 38 right 10517
object 29 38 left 10521
object 30 38 left 10522
object 31 38 left 10523
object 32 38 left 10524
object 33 38 left 10525
object 33 38 right 10526
object 34 38 left 10540
object 35 38 left 10541
object 36 38 left 10542
object 36 38 right 10543
object 45 38 right 10519
object 26 39 right 10516
object 39 39 left 10611
object 39 39 right 10612
object 40 39 right 10548
object 43 39 right 10501
object 45 39 right 10518
object 26 40 right 10515
object 34 40 right 10558
object 39 40 left 10545
object 40 40 left 10546
object 40 40 right 10547
object 43 40 right 10500
object 45 40 right 10517
object 9 41 right 10501
object 25 41 left 10503
object 26 41 left 10504
object 26 41 right 10514
object 27 41 left 10505
object 28 41 left 10506
object 29 41 left 10507
object 30 41 left 10508
object 31 41 left 10509
object 31 41 right 10510
object 34 41 left 10556
object 34 41 right 10557
object 41 41 left 10496
object 42 41 left 10497
object 43 41 left 10498
object 43 41 right 10499
object 45 41 right 10516
object 9 42 right 10500
object 26 42 right 10513
object 45 42 right 10515
object 7 43 left 10496
object 8 43 left 10497
object 9 43 left 10498
object 9 43 right 10499
object 26 43 left 10511
object 26 43 right 10512
object 45 43 right 10514
object 49 43 right 10548
object 45 44 right 10513
object 48 44 left 10545
object 49 44 left 10546
object 49 44 right 10547
object 45 45 left 10511
object 45 45 right 10512
object 33 46 right 10548
object 36 46 right 10501
object 32 47 left 10545
object 33 47 left 10546
object 33 47 right 10547
object 34 47 left 10611
object 34 47 right 10612
object 36 47 right 10500
object 41 47 left 10503
object 42 47 left 10504
object 43 47 left 10505
object 44 47 left 10506
object 45 47 left 10507
object 46 47 left 10508
object 47 47 left 10509
object 47 47 right 10510
object 34 48 left 10496
object 35 48 left 10497
object 36 48 left 10498
object 36 48 right 10499
object 36 49 left 10437
object 36 49 right 10438
