# lod20813 — tools/dat-extract layout 이 만든다. 손으로 고치지 말 것.
size 100 100
blocked
....................................................................................................
....................................................................................................
....................................................................................................
....................................................................................................
....................................................................................................
....................................................................................................
....................................................................................................
....................................................................................................
....................................................................................................
....................................................................................................
....................................................................................................
....................................................................................................
....................................................................................................
............########################################################################................
............########################################################################................
............##.....................................................................#................
............##.....................................................................#................
............##..###########..##########..###########################################................
............##..#.........#..#........#..#..........................................................
............##..#.........#..#........#..#..........................................................
............##..#.........#..#........#..#..........................................................
............##..#.........#..#........#..#..........................................................
............##..#.........#..#........#..#..........................................................
............##..#.........#..#........#..########################...................................
............##..#.........#..#........#.........................#...................................
............##..#.........#..#........#.........................#...................................
............##..#.........#..#........#..#####################..#...................................
............##..#.........####........#..#...................#..#...................................
............##..#.....................#..#...................#..#...................................
............##..#.....................#..#...................#..#...................................
............##..#.....................#..#...................#..#############.......................
............##..#.....................#..#...................#..............#.......................
............##..#.....................#..#...................#..............#.......................
............##..#.....................#..#...................#..##########..#.......................
............##..#######################..#############.......#..#........#..#################.......
............##.......................................#.......#..#........#..................#.......
............##.......................................#.......#..#........#..................#.......
............##..##########..#######################..#.......#..#........#..#################.......
............##..#........#..#.....................#..#.......#..#........#..#.......................
............##..#........#..#.....................#..#.......#..#........#..#.......................
............##..#........#..#.....................#..#.......#..#........#..#.......................
............##..#........#..#.....................#..#.......#..#........#..#.......................
............##..#........#..#.....................#..#.......#..#........#..#.......................
............##..#........#..#.....................#..#.......#..#........#..#.......................
............##..#........#..################......#..#.......#..#........#..#.......................
............##..#........#.................#......#..#.......#..#........#..#.......................
............##..#........#.................#......#..#.......#..#........#..#.......................
............##..#........################..#......#..#.......#..#........#..#.......................
............##..#.......................#..#......#..#.......#..#........#..#.......................
............##..#.......................#..#......#..#.......#..#........#..#.......................
............##..#.......................#..#......#..#.......#..#........#..#.......................
............##..#.......................#..#......#..#.......#..##########..##################......
............#...#.......................#..#......#..#.......#...............................#......
............#...#.......................#..#......#..#.......#...............................#......
............##..#.......................#..#......#..#.......##############################..#......
............##..#.......................#..#......#..#....................................#..#......
............##..#.......................#..#......#..#....................................#..#......
............##..#.......................#..#......#..#....................................#..#......
............##..#################.......#..#......#..#....................................#..#......
............##..................#.......#..#......#..#....................................#..#......
............##..................#.......#..#......#..##########################...........#..#......
............##..#########..######.......#..#......#...........................#...........#..#......
............##..#.......#..#............#..#......#...........................#...........#..#......
............##..#.......#..#............#..#......##########################..#...........#..#......
............##..#.......#..#............#..#...............................#..#...........#..#......
............##..#.......#..#............#..#...............................#..#...........#..#......
............##..#.......#..#............#..#...............................#..#...........#..#......
............##..#.......#..#............#..#...............................#..#...........#..#......
............##..#.......####............#..#...............................#..#...........#..#......
............##..#.......................#..#...............................#..#...........#..#......
............##..#.......................#..#...............................#..#...........#..#......
............##..#.......................#..#...............................#..#...........#..#......
............##..#.......................#..#...............................#..#...........#..#......
............##..#.......................#..#...............................#..#...........#..#......
............##..#.......................#..#...............................#..#...........#..#......
............##..#.......................#..#...............................#..#...........#..#......
............##..#########################..#################################..#############..#......
............##...............................................................................#......
............##...............................................................................#......
............#####################..###########..#############..#########..####################......
................................#..#.........#..#...........#..#.......#..#.........................
................................#..#.........#..#...........#..#.......#..#.........................
................................#..#.........#..#...........#..#.......#..#.........................
................................#..#.........#..#...........#..#.......#..#.........................
................................#..#.........#..#...........#..#.......#..#.........................
................................#..#.........#..#...........#..#.......#..#.........................
................................#..#.........#..#...........#..#.......#..#.........................
................................#..#.........#..#...........#..#.......#..#.........................
................................#..#.........#..#...........#..#.......#..#.........................
................................#..#.........#..#...........#..#.......#..#.........................
................................#..#.........#..#...........#..#.......#..#.........................
................................#..#.........#..#...........#..#.......#..####################......
................................####.........#..#...........#..#.......#.....................#......
.............................................#..#############..#.......#.....................#......
.............................................#.................#.......#######################......
.............................................#.................#....................................
.............................................#..################....................................
.............................................#..#######.............................................
.............................................#..#...................................................
.............................................#..#...................................................
floor
2401 2117 2259 2128 2271 2139 2283 2150 2295 2161 2307 2172 2319 2183 2331 2194 2343 2205 2355 2356 2216 2368 2227 2380 2238 2392 2249 2404 2120 2262 2131 2274 2142 2286 2153 2298 2164 2310 2175 2322 2312 2176 2324 2187 2336 2198 2348 2209 2360 2220 2322 2312 2176 2324 2187 2336 2198 2348 2209 2360 2220 2372 2231 2384 2242 2396 2253 2408 2124 2266 2301 2166 2322 2312 2176 2324 2187 2336 2198 2348 2209 2360 2220 2372 2231 2384 2242 2396 2253 2408 2124 2266 2301 2166 2322 2312 2176 2324 2187 2336
2116 2258 2127 2270 2138 2282 2149 2294 2160 2306 2171 2318 2182 2330 2193 2342 2204 2354 2215 2366 2367 2226 2379 2237 2391 2248 2403 2119 2261 2130 2273 2141 2285 2152 2297 2163 2309 2174 2321 2185 2333 2323 2186 2335 2197 2347 2208 2359 2219 2371 2185 2333 2323 2186 2335 2197 2347 2208 2359 2219 2371 2230 2383 2241 2395 2252 2407 2123 2265 2134 2277 2312 2185 2333 2323 2186 2335 2197 2347 2208 2359 2219 2371 2230 2383 2241 2395 2252 2407 2123 2265 2134 2277 2312 2185 2333 2323 2186 2335 2197
2257 2126 2269 2137 2281 2148 2293 2159 2305 2170 2317 2181 2329 2192 2341 2203 2353 2214 2365 2225 2377 2378 2236 2390 2247 2402 2118 2260 2129 2272 2140 2284 2151 2296 2162 2308 2173 2320 2184 2332 2195 2344 2334 2196 2346 2207 2358 2218 2370 2229 2332 2195 2344 2334 2196 2346 2207 2358 2218 2370 2229 2382 2240 2394 2251 2406 2122 2264 2133 2276 2144 2288 2332 2195 2344 2334 2196 2346 2207 2358 2218 2370 2229 2382 2240 2394 2251 2406 2122 2264 2133 2276 2144 2288 2332 2195 2344 2334 2196 2346
1838 2268 2136 2280 2147 2292 2158 2304 2169 2316 2180 2328 2191 2340 2202 2352 2213 2364 2224 2376 2235 2388 2389 2246 2401 2117 2259 2128 2271 2139 2283 2150 2295 2161 2307 2172 2319 2183 2331 2194 2343 2205 2355 2345 2206 2357 2217 2369 2228 2381 2194 2343 2205 2355 2345 2206 2357 2217 2369 2228 2381 2239 2393 2250 2405 2121 2263 2132 2275 2143 2287 2154 2194 2343 2205 2355 2345 2206 2357 2217 2369 2228 2381 2239 2393 2250 2405 2121 2263 2132 2275 2143 2287 2154 2194 2343 2205 2355 2345 2206
1980 1848 2279 2146 2291 2157 2303 2168 2315 2179 2327 2190 2339 2201 2351 2212 2363 2223 2375 2234 2387 2245 2399 2400 2116 2258 2127 2270 2138 2282 2149 2294 2160 2306 2171 2318 2182 2330 2193 2342 2204 2354 2215 2366 2356 2216 2368 2227 2380 2238 2342 2204 2354 2215 2366 2356 2216 2368 2227 2380 2238 2392 2249 2404 2120 2262 2131 2274 2142 2286 2153 2298 2164 2310 2175 2322 2312 2176 2324 2187 2336 2198 2348 2209 2249 2404 2120 2262 2131 2274 2142 2286 2153 2298 2342 2204 2354 2215 2366 2356
1847 1991 1865 2290 2156 2302 2167 2314 2178 2326 2189 2338 2200 2350 2211 2362 2222 2374 2233 2386 2244 2398 2255 2410 2257 2126 2269 2137 2281 2148 2293 2159 2305 2170 2317 2181 2329 2192 2341 2203 2353 2214 2365 2225 2377 2367 2226 2379 2237 2391 2203 2353 2214 2365 2225 2377 2367 2226 2379 2237 2391 2248 2403 2119 2261 2130 2273 2141 2285 2152 2297 2163 2309 2174 2321 2185 2333 2323 2186 2335 2197 2347 2208 2359 2403 2119 2261 2130 2273 2141 2285 2152 2297 2163 2203 2353 2214 2365 2225 2377
1990 1857 2002 2010 2301 2166 2313 2177 2325 2188 2337 2199 2349 2210 2361 2221 2373 2232 2385 2243 2397 2254 2409 2125 2267 2268 2136 2280 2147 2292 2158 2304 2169 2316 2180 2328 2191 2340 2202 2352 2213 2364 2224 2376 2235 2388 2378 2236 2390 2247 2352 2213 2364 2224 2376 2235 2388 2378 2236 2390 2247 2402 2118 2260 2129 2272 2140 2284 2151 2296 2162 2308 2173 2320 2184 2332 2195 2344 2334 2196 2346 2207 2358 2218 2118 2260 2129 2272 2140 2284 2151 2296 2162 2308 2352 2213 2364 2224 2376 2235
1856 2001 1867 2013 1878 2312 2176 2324 2187 2336 2198 2348 2209 2360 2220 2372 2231 2384 2242 2396 2253 2408 2124 2266 2135 2278 2279 2146 2291 2157 2303 2168 2315 2179 2327 2190 2339 2201 2351 2212 2363 2223 2375 2234 2387 2245 2399 2389 2246 2401 2212 2363 2223 2375 2234 2387 2245 2399 2389 2246 2401 2117 2259 2128 2271 2139 2283 2150 2295 2161 2307 2172 2319 2183 2331 2194 2343 2205 2355 2345 2206 2357 2217 2369 2259 2128 2271 2139 2283 2150 2295 2161 2307 2172 2212 2363 2223 2375 2234 2387
2000 1866 2012 1877 2024 1888 2323 2186 2335 2197 2347 2208 2359 2219 2371 2230 2383 2241 2395 2252 2407 2123 2265 2134 2277 2145 2289 2290 2156 2302 2167 2314 2178 2326 2189 2338 2200 2350 2211 2362 2222 2374 2233 2386 2244 2398 2255 2410 2400 2116 2362 2222 2374 2233 2386 2244 2398 2255 2410 2400 2116 2258 2127 2270 2138 2282 2149 2294 2160 2306 2171 2318 2182 2330 2193 2342 2204 2354 2215 2366 2356 2216 2368 2227 2127 2270 2138 2282 2149 2294 2160 2306 2171 2318 2362 2222 2374 2233 2386 2244
1865 2011 1876 2023 1887 2035 1898 2334 2196 2346 2207 2358 2218 2370 2229 2382 2240 2394 2251 2406 2122 2264 2133 2276 2144 2288 2155 2300 2301 2166 2313 2177 2325 2188 2337 2199 2349 2210 2361 2221 2373 2232 2385 2243 2397 2254 2409 2125 2267 2257 2221 2373 2232 2385 2243 2397 2254 2409 2125 2267 2257 2126 2269 2137 2281 2148 2293 2159 2305 2170 2317 2181 2329 2192 2341 2203 2353 2214 2365 2225 2377 2367 2226 2379 2269 2137 2281 2148 2293 2159 2305 2170 2317 2181 2221 2373 2232 2385 2243 2397
2010 1875 2022 1886 2034 1897 2046 1908 2345 2206 2357 2217 2369 2228 2381 2239 2393 2250 2405 2121 2263 2132 2275 2143 2287 2154 2299 2165 2311 2312 2176 2324 2187 2336 2198 2348 2209 2360 2220 2372 2231 2384 2242 2396 2253 2408 2124 2266 2135 2278 2372 2231 2384 2242 2396 2253 2408 2124 2266 2135 2278 2268 2136 2280 2147 2292 2158 2304 2169 2316 2180 2328 2191 2340 2202 2352 2213 2364 2224 2376 2235 2388 2378 2236 2136 2280 2147 2292 2158 2304 2169 2316 2180 2328 2372 2231 2384 2242 2396 2253
2026 2049 1885 2033 1896 2045 1907 2057 1918 2356 2216 2368 2227 2380 2238 2392 2249 2404 2120 2262 2131 2274 2142 2286 2153 2298 2164 2310 2175 2322 2323 2186 2335 2197 2347 2208 2359 2219 2371 2230 2383 2241 2395 2252 2407 2123 2265 2134 2277 2145 2230 2383 2241 2395 2252 2407 2123 2265 2134 2277 2145 2289 2279 2146 2291 2157 2303 2168 2315 2179 2327 2190 2339 2201 2351 2212 2363 2223 2375 2234 2387 2245 2399 2389 2279 2146 2291 2157 2303 2168 2315 2179 2327 2190 2230 2383 2241 2395 2252 2407
1889 2037 2060 1895 2044 1906 2056 1917 2068 1928 2367 2226 2379 2237 2391 2248 2403 2119 2261 2130 2273 2141 2285 2152 2297 2163 2309 2174 2321 2185 2333 2334 2196 2346 2207 2358 2218 2370 2229 2382 2240 2394 2251 2406 2122 2264 2133 2276 2144 2288 2382 2240 2394 2251 2406 2122 2264 2133 2276 2144 2288 2155 2300 2290 2156 2302 2167 2314 2178 2326 2189 2338 2200 2350 2211 2362 2222 2374 2233 2386 2244 2398 2255 2410 2300 2290 2156 2302 2167 2314 2178 2326 2189 2338 2382 2240 2394 2251 2406 2122
2036 1899 2048 2071 1905 2055 1916 2067 1927 2079 1938 2378 2236 2390 2247 2402 2118 2260 2129 2272 2140 2284 2151 2296 2162 2308 2173 2320 2184 2332 2195 2344 2345 2206 2357 2217 2369 2228 2381 2239 2393 2250 2405 2121 2263 2132 2275 2143 2287 2154 2239 2393 2250 2405 2121 2263 2132 2275 2143 2287 2154 2299 2165 2311 2301 2166 2313 2177 2325 2188 2337 2199 2349 2210 2361 2221 2373 2232 2385 2243 2397 2254 2409 2125 2165 2311 2301 2166 2313 2177 2325 2188 2337 2199 2239 2393 2250 2405 2121 2263
1898 2047 1909 2059 2082 1915 2066 1926 2078 1937 2090 1948 2389 2246 2401 2117 2259 2128 2271 2139 2283 2150 2295 2161 2307 2172 2319 2183 2331 2194 2343 2205 2355 2356 2216 2368 2227 2380 2238 2392 2249 2404 2120 2262 2131 2274 2142 2387 2245 2298 2392 2249 2404 2120 2262 2131 2274 2142 2286 2153 2298 2164 2310 2175 2322 2312 2176 2324 2187 2336 2198 2348 2209 2360 2220 2372 2231 2384 2242 2396 2253 2408 2124 2266 2310 2175 2322 2312 2176 2324 2187 2336 2198 2348 2392 2249 2404 2120 2262 2131
2046 1908 2058 1919 2070 2093 1925 2077 1936 2089 1947 2101 1958 2400 2670 2671 2672 2673 2674 2551 2556 2561 2566 2571 2576 2581 2586 2670 2671 2672 2673 2674 2566 2571 2576 2581 2586 2591 2596 2670 2671 2672 2673 2674 2576 2581 2586 2591 2596 2551 2556 2561 2566 2571 2576 2581 2586 2591 2596 2551 2556 2561 2566 2571 2576 2581 2586 2591 2596 2551 2556 2561 2566 2571 2576 2581 2586 2591 2596 2551 2556 2561 2566 2722 2709 2712 2715 2718 2709 2712 2715 2718 2709 2712 2715 2718 2709 2712 2715 2718
1907 2057 1918 2069 1929 2081 2071 1935 2088 1946 2100 1957 2112 1941 2675 2676 2677 2678 2679 2552 2557 2562 2567 2572 2577 2582 2587 2675 2676 2677 2678 2679 2567 2572 2577 2582 2587 2592 2597 2675 2676 2677 2678 2679 2577 2582 2587 2592 2597 2552 2557 2562 2567 2572 2577 2582 2587 2592 2597 2552 2557 2562 2567 2572 2577 2582 2587 2592 2597 2552 2557 2562 2567 2572 2577 2582 2587 2592 2597 2552 2557 2562 2567 2658 2723 2713 2716 2719 2710 2713 2716 2719 2710 2713 2716 2719 2710 2713 2716 2719
2056 1917 2068 1928 2080 1939 2092 2082 2050 1911 2440 2421 2444 2425 2680 2681 2682 2683 2684 2553 2558 2563 2568 2573 2578 2583 2588 2680 2681 2682 2683 2684 2568 2573 2578 2583 2588 2593 2598 2680 2681 2682 2683 2684 2578 2583 2588 2593 2598 2553 2558 2563 2568 2573 2578 2583 2588 2593 2598 2553 2558 2563 2568 2573 2578 2583 2588 2593 2598 2553 2558 2563 2568 2573 2578 2583 2588 2593 2598 2553 2558 2563 2568 2659 2663 2724 2717 2720 2711 2714 2717 2720 2711 2714 2717 2720 2711 2714 2717 2720
1916 2067 1927 2079 1938 2091 1949 2103 2093 2061 1921 2443 2424 2447 2685 2686 2687 2688 2689 2554 2559 2564 2569 2574 2579 2584 2589 2685 2686 2687 2688 2689 2569 2574 2579 2584 2589 2594 2599 2685 2686 2687 2688 2689 2579 2584 2589 2594 2599 2554 2559 2564 2569 2574 2579 2584 2589 2594 2599 2554 2559 2564 2569 2574 2579 2584 2589 2594 2599 2554 2559 2564 2569 2574 2579 2584 2589 2594 2599 2554 2559 2564 2569 2660 2664 2667 2754 2754 2754 2754 2754 2754 2754 2754 2754 2754 2754 2754 2754 2754
1910 1964 1833 1976 1844 1988 1855 2000 2060 1920 2072 1931 2446 2072 2690 2691 2692 2693 2694 2555 2560 2565 2570 2575 2580 2585 2590 2690 2691 2692 2693 2694 2570 2575 2580 2585 2590 2595 2600 2525 2526 2527 2528 2529 2580 2585 2590 2595 2600 2555 2560 2565 2570 2575 2580 2585 2590 2595 2600 2555 2560 2565 2570 2575 2580 2585 2590 2595 2600 2555 2560 2565 2570 2575 2580 2585 2590 2595 2600 2555 2560 2565 2570 2661 2665 2668 2754 2754 2754 2754 2754 2754 2754 2754 2754 2754 2754 2754 2754 2754
1963 1832 1975 1843 1987 1854 1999 1865 2011 2071 1930 2083 1941 1930 2500 2501 2502 2503 2504 2754 2754 2754 2754 2754 2754 2754 2754 2500 2501 2502 2503 2504 2754 2754 2754 2754 2754 2754 2754 2530 2531 2532 2533 2534 2754 2754 2754 2754 2754 2754 2754 2754 2754 2754 2754 2754 2754 2754 2754 2754 2754 2754 2754 2754 2754 2754 2754 2754 2754 2754 2754 2754 2754 2754 2754 2754 2754 2754 2754 2754 2754 2754 2754 2754 2754 2754 2754 2754 2754 2754 2754 2754 2754 2754 2754 2754 2754 2754 2754 2754
1831 1974 1842 1986 1853 1998 1864 2010 1875 2022 2082 1940 2094 1951 2505 2506 2507 2508 2509 2754 2754 2754 2754 2754 2754 2754 2754 2505 2506 2507 2508 2509 2754 2754 2754 2754 2754 2754 2754 2535 2536 2537 2538 2539 2754 2754 2754 2754 2754 2754 2754 2754 2754 2754 2754 2754 2754 2754 2754 2754 2754 2754 2754 2754 2754 2754 2754 2754 2754 2754 2754 2754 2754 2754 2754 2754 2754 2754 2754 2754 2754 2754 2754 2754 2754 2754 2754 2754 2754 2754 2754 2754 2754 2754 2754 2754 2754 2754 2754 2754
1973 1841 1985 1852 1997 1863 2009 1874 2021 1885 2033 2093 1950 2105 2510 2511 2512 2513 2514 2754 2754 2754 2754 2754 2754 2754 2754 2510 2511 2512 2513 2514 2754 2754 2754 2754 2754 2754 2754 2540 2541 2542 2543 2544 2754 2754 2754 2754 2754 2754 2754 2754 2754 2754 2754 2754 2754 2754 2754 2754 2754 2754 2754 2754 2754 2754 2754 2754 2754 2754 2754 2754 2754 2754 2754 2754 2754 2754 2754 2754 2754 2754 2754 2754 2754 2754 2754 2754 2754 2754 2754 2754 2754 2754 2754 2754 2754 2754 2754 2754
1840 1984 1851 1996 1862 2008 1873 2020 1884 2032 1895 2044 1906 2056 2515 2516 2517 2518 2519 2754 2754 2754 2754 2754 2754 2754 2754 2515 2516 2517 2518 2519 2754 2754 2754 2754 2754 2754 2754 2545 2546 2547 2548 2549 2754 2754 2754 2754 2754 2754 2754 2754 2754 2754 2754 2754 2754 2754 2754 2754 2754 2754 2754 2754 2754 2754 2754 2754 2754 2754 2754 2754 2754 2754 2754 2754 2754 2754 2754 2754 2754 2754 2754 2754 2754 2754 2754 2754 2754 2754 2754 2754 2754 2754 2754 2754 2754 2754 2754 2754
2081 1850 1995 1861 2007 1872 2019 1883 2031 2414 2043 1905 2055 1916 2520 2521 2522 2523 2524 2754 2754 2754 2754 2754 2754 2754 2754 2520 2521 2522 2523 2524 2754 2754 2754 2754 2754 2754 2754 2670 2671 2672 2673 2674 2551 2556 2561 2566 2571 2576 2581 2586 2591 2596 2561 2566 2571 2576 2581 2586 2591 2596 3792 3793 3794 3795 2754 2754 2754 2754 2754 2754 2754 2754 2754 2754 2754 2754 2754 2754 2754 2754 2754 2754 2754 2754 2754 2754 2754 2754 2754 2754 2754 2754 2754 2754 2754 2754 2754 2754
1939 1994 1860 2006 1871 2018 1882 2030 2413 2436 2417 2054 1915 2066 2525 2526 2527 2528 2529 2754 2754 2754 2754 2754 2754 2754 2754 2525 2526 2527 2528 2529 2754 2754 2754 2754 2754 2754 2754 2675 2676 2677 2678 2679 2552 2557 2562 2567 2572 2577 2582 2587 2592 2597 2562 2567 2572 2577 2582 2587 2592 2597 3796 3797 3798 3799 2754 2754 2754 2754 2754 2754 2754 2754 2754 2754 2754 2754 2754 2754 2754 2754 2754 2754 2754 2754 2754 2754 2754 2754 2754 2754 2754 2754 2754 2754 2754 2754 2754 2754
2091 1982 2005 1870 2017 1881 2029 2412 2435 2416 2439 2420 2065 1925 2530 2531 2532 2533 2534 2754 2754 2754 2754 2754 2754 2754 2754 2545 2546 2547 2548 2549 2754 2754 2754 2754 2754 2754 2754 2680 2681 2682 2683 2684 2553 2558 2563 2568 2573 2578 2583 2588 2593 2598 2563 2568 2573 2578 2583 2588 2593 2598 3800 3801 3802 3803 3804 2754 2754 2754 2754 2754 2754 2754 2754 2754 2754 2754 2754 2754 2754 2754 2754 2754 2754 2754 2754 2754 2754 2754 2754 2754 2754 2754 2754 2754 2754 2754 2754 2754
1948 1849 1993 2016 1880 2028 1891 2434 2415 2438 2419 2442 2423 2076 2535 2536 2537 2538 2539 2754 2754 2754 2754 2754 2754 2754 2754 3843 2645 2646 2647 2648 2754 2754 2754 2754 2754 2754 2754 2685 2686 2687 2688 2689 2554 2559 2564 2569 2574 2579 2584 2589 2594 2599 2564 2569 2574 2579 2584 2589 2594 2599 3805 3806 3807 3808 3809 2754 2754 2754 2754 2754 2754 2754 2754 2754 2754 2754 2754 2754 2754 2754 2754 2754 2754 2754 2754 2754 2754 2754 2754 2754 2754 2754 2754 2754 2754 2754 2754 2754
2101 1992 1859 2004 2027 1890 2039 1901 2437 2418 2441 2422 2445 2426 2540 2541 2542 2543 2544 2754 2754 2754 2754 2754 2754 2754 2754 2754 3844 2650 2651 2652 2754 2754 2754 2754 2754 2754 2754 2690 2691 2692 2693 2694 2555 2560 2565 2570 2575 2580 2585 2590 2595 2600 2565 2570 2575 2580 2585 2590 2595 2600 3810 3811 3812 3813 3814 2754 2754 2754 2754 2754 2754 2754 2754 2754 2754 2754 2754 2754 2754 2754 2754 2754 2754 2754 2754 2754 2754 2754 2754 2754 2754 2754 2754 2754 2754 2754 2754 2754
1957 2112 1966 1835 1978 2038 1900 2050 1911 2440 2421 2444 2425 2448 2545 2546 2547 2548 2549 2754 2754 2754 2754 2754 2754 2754 2754 2754 2754 3845 2654 2655 2754 2754 2754 2754 2754 2754 2754 2525 2526 2527 2528 2529 2754 2754 2754 2754 2754 2754 2754 2754 2754 2754 2754 2754 2754 2754 2754 2754 2754 2754 2505 2506 2507 2508 2509 2754 2754 2754 2754 2754 2754 2754 2754 2754 2754 2754 2754 2754 2754 2754 2754 2754 2754 2754 2754 2754 2754 2754 2754 2754 2754 2754 2754 2754 2754 2754 2754 2754
2111 1965 1834 1977 1845 1989 2049 1910 2061 1921 2443 2424 2447 2428 2515 2516 2517 2518 2519 2754 2754 2754 2754 2754 2754 2754 2754 2754 2754 2754 2754 2754 2754 2754 2754 2754 2754 2754 2754 2530 2531 2532 2533 2534 2754 2754 2754 2754 2754 2754 2754 2754 2754 2754 2754 2754 2754 2754 2754 2754 2754 2754 2510 2511 2512 2513 2514 2754 2754 2754 2754 2754 2754 2754 2754 2754 2754 2754 2754 2754 2754 2754 2754 2754 2754 2754 2754 2754 2754 2754 2754 2754 2754 2754 2754 2754 2754 2754 2754 2754
1964 1833 1976 1844 1988 1855 2000 2060 1920 2072 1931 2446 2072 1931 2520 2521 2522 2523 2524 2754 2754 2754 2754 2754 2754 2754 2754 2754 2754 2754 2754 2754 2754 2754 2754 2754 2754 2754 2754 2535 2536 2537 2538 2539 2754 2754 2754 2754 2754 2754 2754 2754 2754 2754 2754 2754 2754 2754 2754 2754 2754 2754 2670 2671 2672 2673 2674 2551 2556 2561 2566 2571 2576 2581 3792 3793 3794 3795 2754 2754 2754 2754 2754 2754 2754 2754 2754 2754 2754 2754 2754 2754 2754 2754 2754 2754 2754 2754 2754 2754
1832 1975 1843 1987 1854 1999 1865 2011 2071 1930 2083 1941 1930 2083 2525 2526 2527 2528 2529 2754 2754 2754 2754 2754 2754 2754 2754 2754 2754 2754 2754 2754 2754 2754 2754 2754 2754 2754 2754 2535 2536 2537 2538 2539 2754 2754 2754 2754 2754 2754 2754 2754 2754 2754 2754 2754 2754 2754 2754 2754 2754 2754 2675 2676 2677 2678 2679 2552 2557 2562 2567 2572 2577 2582 3796 3797 3798 3799 2754 2754 2754 2754 2754 2754 2754 2754 2754 2754 2754 2754 2754 2754 2754 2754 2754 2754 2754 2754 2754 2754
1974 1842 1986 1853 1998 1864 2010 1875 2022 2082 1940 2094 1951 2452 2535 2536 2537 2538 2539 2754 2754 2754 2754 2754 2754 2754 2754 2754 2754 2754 2754 2754 2754 2754 2754 2754 2754 2754 2754 2540 2541 2542 2543 2544 2754 2754 2754 2754 2754 2754 2754 2754 2754 2754 2754 2754 2754 2754 2754 2754 2754 2754 2680 2681 2682 2683 2684 2553 2558 2563 2568 2573 2578 2583 3800 3801 3802 3803 3804 2754 2754 2754 2754 2754 2754 2754 2754 2754 2754 2754 2754 2754 2754 2754 2754 2754 2754 2754 2754 2754
1841 1985 1852 1997 1863 2009 1874 2021 1885 2033 2093 1950 2105 2057 2540 2541 2542 2543 2544 2754 2754 2754 2754 2754 2754 2754 2754 2754 2754 2754 2754 2754 2754 2754 2754 2754 2754 2754 2754 2545 2546 2547 2548 2549 2754 2754 2754 2754 2754 2754 2754 2754 2754 2754 2754 2754 2754 2754 2754 2754 2754 2754 2685 2686 2687 2688 2689 2554 2559 2564 2569 2574 2579 2584 3805 3806 3807 3808 3809 2754 2754 2754 2754 2754 2754 2754 2754 2754 2754 2754 2754 2754 2754 2754 2754 2754 2754 2754 2754 2754
1984 1851 1996 1862 2008 1873 2020 1884 2032 1895 2044 1906 2056 1917 2670 2671 2672 2673 2674 2591 2596 2551 2556 2561 2566 2571 2670 2671 2672 2673 2674 2551 2556 2561 2566 2571 2576 2581 2586 2591 2596 2551 2556 2561 2566 2571 2576 2581 2586 2591 2596 3792 3793 3794 3795 2754 2754 2754 2754 2754 2754 2754 2690 2691 2692 2693 2694 2555 2560 2565 2570 2575 2580 2585 2670 2671 2672 2673 2674 2551 2556 2561 2551 2556 2561 2566 2571 2576 2581 2586 2591 2596 3840 2754 2754 2754 2754 2754 2754 2754
1850 1995 1861 2007 1872 2019 1883 2031 1894 2043 1905 2055 1916 2067 2675 2676 2677 2678 2679 2592 2597 2552 2557 2562 2567 2572 2675 2676 2677 2678 2679 2552 2557 2562 2567 2572 2577 2582 2587 2592 2597 2552 2557 2562 2567 2572 2577 2582 2587 2592 2597 3796 3797 3798 3799 2754 2754 2754 2754 2754 2754 2754 2540 2541 2542 2543 2544 2754 2754 2754 2754 2754 2754 2754 2675 2676 2677 2678 2679 2552 2557 2562 2552 2557 2562 2567 2572 2577 2582 2587 2592 2597 2658 3841 2754 2754 2754 2754 2754 2754
1994 1860 2006 1871 2018 1882 2030 1893 2042 1904 2054 1915 2066 1926 2680 2681 2682 2683 2684 2593 2598 2553 2558 2563 2568 2573 2680 2681 2682 2683 2684 2553 2558 2563 2568 2573 2578 2583 2588 2593 2598 2553 2558 2563 2568 2573 2578 2583 2588 2593 2598 3800 3801 3802 3803 3804 2754 2754 2754 2754 2754 2754 2545 2546 2547 2548 2549 2754 2754 2754 2754 2754 2754 2754 2680 2681 2682 2683 2684 2553 2558 2563 2553 2558 2563 2568 2573 2578 2583 2588 2593 2598 2659 2663 3842 2754 2754 2754 2754 2754
1982 2005 1870 2017 1881 2029 1892 2041 1903 2053 1914 2065 1925 2077 2685 2686 2687 2688 2689 2594 2599 2554 2559 2564 2569 2574 2685 2686 2687 2688 2689 2554 2559 2564 2569 2574 2579 2584 2589 2594 2599 2554 2559 2564 2569 2574 2579 2584 2589 2594 2599 3805 3806 3807 3808 3809 2754 2754 2754 2754 2754 2754 2530 2531 2532 2533 2534 2754 2754 2754 2754 2754 2754 2754 2685 2686 2687 2688 2689 2554 2559 2564 2554 2559 2564 2569 2574 2579 2584 2589 2594 2599 2660 2664 2667 2754 2754 2754 2754 2754
1849 1993 2016 1880 2028 1891 2040 1902 2052 1913 2064 1924 2076 1935 2690 2691 2692 2693 2694 2595 2600 2555 2560 2565 2570 2575 2690 2691 2692 2693 2694 2555 2560 2565 2570 2575 2580 2585 2590 2595 2600 2555 2560 2565 2570 2575 2580 2585 2590 2595 2600 3810 3811 3812 3813 3814 2754 2754 2754 2754 2754 2754 2535 2536 2537 2538 2539 2754 2754 2754 2754 2754 2754 2754 2690 2691 2692 2693 2694 2555 2560 2565 2555 2560 2565 2570 2575 2580 2585 2590 2595 2600 2661 2665 2668 2754 2754 2754 2754 2754
1992 1859 2004 2027 1890 2039 1901 2051 1912 2063 1923 2075 1934 2087 2525 2526 2527 2528 2529 2754 2754 2754 2754 2754 2754 2754 2690 2691 2692 2693 2694 2754 2754 2754 2754 2754 2754 2754 2754 2754 2754 2754 2754 2754 2754 2754 2754 2754 2754 2754 2754 2515 2516 2517 2518 2519 2754 2754 2754 2754 2754 2754 2540 2541 2542 2543 2544 2754 2754 2754 2754 2754 2754 2754 2525 2526 2527 2528 2529 2754 2754 2754 2754 2754 2754 2754 2754 2754 2754 2754 2754 2754 2754 2754 2754 2754 2754 2754 2754 2754
1858 2003 1869 2015 2038 1900 2050 1911 2062 1922 2074 1933 2086 1944 2530 2531 2532 2533 2534 2754 2754 2754 2754 2754 2754 2754 2530 2531 2532 2533 2534 2754 2754 2754 2754 2754 2754 2754 2754 2754 2754 2754 2754 2754 2754 2754 2754 2754 2754 2754 2754 2520 2521 2522 2523 2524 2754 2754 2754 2754 2754 2754 2545 2546 2547 2548 2549 2754 2754 2754 2754 2754 2754 2754 2530 2531 2532 2533 2534 2754 2754 2754 2754 2754 2754 2754 2754 2754 2754 2754 2754 2754 2754 2754 2754 2754 2754 2754 2754 2754
2002 1868 2014 1879 2026 2049 1910 2061 1921 2073 1932 2085 1943 2097 2535 2536 2537 2538 2539 2754 2754 2754 2754 2754 2754 2754 2535 2536 2537 2538 2539 2754 2754 2754 2754 2754 2754 2754 2754 2754 2754 2754 2754 2754 2754 2754 2754 2754 2754 2754 2754 2525 2526 2527 2528 2529 2754 2754 2754 2754 2754 2754 2500 2501 2502 2503 2504 2754 2754 2754 2754 2754 2754 2754 2535 2536 2537 2538 2539 2754 2754 2754 2754 2754 2754 2754 2754 2754 2754 2754 2754 2754 2754 2754 2754 2754 2754 2754 2754 2754
1867 2013 1878 2025 1889 2037 2060 1920 2072 1931 2084 1942 2096 1953 2540 2541 2542 2543 2544 2754 2754 2754 2754 2754 2754 2754 2540 2541 2542 2543 2544 2754 2754 2754 2754 2754 2754 2754 2754 2754 2754 2754 2754 2754 2754 2754 2754 2754 2754 2754 2754 2530 2531 2532 2533 2534 2754 2754 2754 2754 2754 2754 2505 2506 2507 2508 2509 2754 2754 2754 2754 2754 2754 2754 2540 2541 2542 2543 2544 2754 2754 2754 2754 2754 2754 2754 2754 2754 2754 2754 2754 2754 2754 2754 2754 2754 2754 2754 2754 2754
2012 1877 2024 1888 2036 1899 2048 2071 1930 2083 1941 2095 1952 2107 2545 2546 2547 2548 2549 2754 2754 2754 2754 2754 2754 2754 2545 2546 2547 2548 2549 2754 2754 2754 2754 2754 2754 2754 2754 2754 2754 2754 2754 2754 2754 2754 2754 2754 2754 2754 2754 2535 2536 2537 2538 2539 2754 2754 2754 2754 2754 2754 2510 2511 2512 2513 2514 2754 2754 2754 2754 2754 2754 2754 2545 2546 2547 2548 2549 2754 2754 2754 2754 2754 2754 2754 2754 2754 2754 2754 2754 2754 2754 2754 2754 2754 2754 2754 2754 2754
1876 2023 1887 2035 1898 2047 1909 2059 2082 1940 2094 1951 2106 1932 2540 2541 2542 2543 2544 2754 2754 2754 2754 2754 2754 2754 3816 3817 3818 3819 3820 2551 2556 2561 2566 2571 2576 2581 2586 2591 2596 3792 3793 3794 3795 2754 2754 2754 2754 2754 2754 2540 2541 2542 2543 2544 2754 2754 2754 2754 2754 2754 2515 2516 2517 2518 2519 2754 2754 2754 2754 2754 2754 2754 2515 2516 2517 2518 2519 2754 2754 2754 2754 2754 2754 2754 2754 2754 2754 2754 2754 2754 2754 2754 2754 2754 2754 2754 2754 2754
2022 1886 2034 1897 2046 1908 2058 1919 2070 2093 1950 2105 1931 2084 2545 2546 2547 2548 2549 2754 2754 2754 2754 2754 2754 2754 3821 3822 3823 3824 3825 2552 2557 2562 2567 2572 2577 2582 2587 2592 2597 3796 3797 3798 3799 2754 2754 2754 2754 2754 2754 2545 2546 2547 2548 2549 2754 2754 2754 2754 2754 2754 2520 2521 2522 2523 2524 2754 2754 2754 2754 2754 2754 2754 2520 2521 2522 2523 2524 2754 2754 2754 2754 2754 2754 2754 2754 2754 2754 2754 2754 2754 2754 2754 2754 2754 2754 2754 2754 2754
1885 2033 1896 2045 1907 2057 1918 2069 1929 2081 2071 1930 2083 1941 2500 2501 2502 2503 2504 2754 2754 2754 2754 2754 2754 2754 3826 3827 3828 3829 3830 2553 2558 2563 2568 2573 2578 2583 2588 2593 2598 3800 3801 3802 3803 3804 2754 2754 2754 2754 2754 2530 2531 2532 2533 2534 2754 2754 2754 2754 2754 2754 2525 2526 2527 2528 2529 2754 2754 2754 2754 2754 2754 2754 2525 2526 2527 2528 2529 2754 2754 2754 2754 2754 2754 2754 2754 2754 2754 2754 2754 2754 2754 2754 2754 2754 2754 2754 2754 2754
2032 1895 2044 1906 2056 1917 2068 1928 2080 1939 2092 2082 1940 2094 2505 2506 2507 2508 2509 2754 2754 2754 2754 2754 2754 2754 3831 3832 3833 3834 3835 2554 2559 2564 2569 2574 2579 2584 2589 2594 2599 3805 3806 3807 3808 3809 2754 2754 2754 2754 2754 2535 2536 2537 2538 2539 2754 2754 2754 2754 2754 2754 2530 2531 2532 2533 2534 2754 2754 2754 2754 2754 2754 2754 2530 2531 2532 2533 2534 2754 2754 2754 2754 2754 2754 2754 2754 2754 2754 2754 2754 2754 2754 2754 2754 2754 2754 2754 2754 2754
1894 2043 1905 2055 1916 2067 1927 2079 1938 2091 1949 2103 2093 1950 2510 2511 2512 2513 2514 2754 2754 2754 2754 2754 2754 2754 2754 2754 3836 3837 3838 2555 2560 2565 2570 2575 2580 2585 2590 2595 2600 3810 3811 3812 3813 3814 2754 2754 2754 2754 2754 2540 2541 2542 2543 2544 2754 2754 2754 2754 2754 2754 2535 2536 2537 2538 2539 2754 2754 2754 2754 2754 2754 2754 2535 2536 2537 2538 2539 2754 2754 2754 2754 2754 2754 2754 2754 2754 2754 2754 2754 2754 2754 2754 2754 2754 2754 2754 2754 2754
1907 2057 1918 2069 1929 2081 2071 1935 2088 1946 2100 2756 2757 1941 2515 2516 2517 2518 2519 2754 2754 2754 2754 2754 2754 2754 2754 2754 2754 2754 2754 2754 2754 2754 2754 2754 2754 2754 2754 2754 2754 2505 2506 2507 2508 2509 2754 2754 2754 2754 2754 2545 2546 2547 2548 2549 2754 2754 2754 2754 2754 2754 2540 2541 2542 2543 2544 2754 2754 2754 2754 2754 2754 2754 2540 2541 2542 2543 2544 2754 2754 2754 2754 2754 2754 2754 2754 2754 2754 2754 2754 2754 2754 2754 2754 2754 2754 2754 2754 2754
2056 1917 2068 1928 2080 1939 2092 2082 2050 1911 2440 2758 2759 2760 2520 2521 2522 2523 2524 2754 2754 2754 2754 2754 2754 2754 2754 2754 2754 2754 2754 2754 2754 2754 2754 2754 2754 2754 2754 2754 2754 2510 2511 2512 2513 2514 2754 2754 2754 2754 2754 2500 2501 2502 2503 2504 2754 2754 2754 2754 2754 2754 2545 2546 2547 2548 2549 2754 2754 2754 2754 2754 2754 2754 2545 2546 2547 2548 2549 2754 2754 2754 2754 2754 2754 2754 2754 2754 2754 2754 2754 2754 2754 2754 2754 2754 2754 2754 2754 2754
1916 2067 1927 2079 1938 2091 1949 2103 2093 2061 1921 2761 2762 2763 2525 2526 2527 2528 2529 2754 2754 2754 2754 2754 2754 2754 2754 2754 2754 2754 2754 2754 2754 2754 2754 2754 2754 2754 2754 2754 2754 2515 2516 2517 2518 2519 2754 2754 2754 2754 2754 2505 2506 2507 2508 2509 2754 2754 2754 2754 2754 2754 3816 3817 3818 3819 3820 2581 2586 2591 2596 2551 2556 2561 2566 2571 2576 2581 2586 2591 2596 2551 2556 2561 2566 2571 2576 2581 2586 2591 2596 3792 3793 3794 3795 2754 2754 2754 2754 2754
1910 1964 1833 1976 1844 1988 1855 2000 2060 1920 2072 1931 2764 2765 2530 2531 2532 2533 2534 2754 2754 2754 2754 2754 2754 2754 2754 2754 2754 2754 2754 2754 2754 2754 2754 2754 2754 2754 2754 2754 2754 2520 2521 2522 2523 2524 2754 2754 2754 2754 2754 2510 2511 2512 2513 2514 2754 2754 2754 2754 2754 2754 3821 3822 3823 3824 3825 2582 2587 2592 2597 2552 2557 2562 2567 2572 2577 2582 2587 2592 2597 2552 2557 2562 2567 2572 2577 2582 2587 2592 2597 3796 3797 3798 3799 2754 2754 2754 2754 2754
1963 1832 1975 1843 1987 1854 1999 1865 2011 2071 1930 2083 1941 2766 2535 2536 2537 2538 2539 2754 2754 2754 2754 2754 2754 2754 2754 2754 2754 2754 2754 2754 2754 2754 2754 2754 2754 2754 2754 2754 2754 2525 2526 2527 2528 2529 2754 2754 2754 2754 2754 2515 2516 2517 2518 2519 2754 2754 2754 2754 2754 2754 3826 3827 3828 3829 3830 2583 2588 2593 2598 2553 2558 2563 2568 2573 2578 2583 2588 2593 2598 2553 2558 2563 2568 2573 2578 2583 2588 2593 2598 3800 3801 3802 3803 3804 2754 2754 2754 2754
1831 1974 1842 1986 1853 1998 1864 2010 1875 2022 2082 1940 2094 1951 2540 2541 2542 2543 2544 2754 2754 2754 2754 2754 2754 2754 2754 2754 2754 2754 2754 2754 2754 2754 2754 2754 2754 2754 2754 2754 2754 2530 2531 2532 2533 2534 2754 2754 2754 2754 2754 2520 2521 2522 2523 2524 2754 2754 2754 2754 2754 2754 3831 3832 3833 3834 3835 2584 2589 2594 2599 2554 2559 2564 2569 2574 2579 2584 2589 2594 2599 2554 2559 2564 2569 2574 2579 2584 2589 2594 2599 3805 3806 3807 3808 3809 2754 2754 2754 2754
1973 1841 1985 1852 1997 1863 2009 1874 2021 1885 2033 2093 1950 2105 2545 2546 2547 2548 2549 2754 2754 2754 2754 2754 2754 2754 2754 2754 2754 2754 2754 2754 2754 2754 2754 2754 2754 2754 2754 2754 2754 2535 2536 2537 2538 2539 2754 2754 2754 2754 2754 2525 2526 2527 2528 2529 2754 2754 2754 2754 2754 2754 2754 2754 3836 3837 3838 2585 2590 2595 2600 2555 2560 2565 2570 2575 2580 2585 2590 2595 2600 2555 2560 2565 2570 2575 2580 2585 2590 2595 2600 3810 3811 3812 3813 3814 2754 2754 2754 2754
1840 1984 1851 1996 1862 2008 1873 2020 1884 2032 1895 2044 1906 2056 2535 2536 2537 2538 2539 2754 2754 2754 2754 2754 2754 2754 2754 2754 2754 2754 2754 2754 2754 2754 2754 2754 2754 2754 2754 2754 2754 2540 2541 2542 2543 2544 2754 2754 2754 2754 2754 2530 2531 2532 2533 2534 2754 2754 2754 2754 2754 2754 2754 2754 2754 2754 2754 2754 2754 2754 2754 2754 2754 2754 2754 2754 2754 2754 2754 2754 2754 2754 2754 2754 2754 2754 2754 2754 2754 2754 2754 2500 2501 2502 2503 2504 2754 2754 2754 2754
2081 1850 1995 1861 2007 1872 2019 1883 2031 2414 2043 1905 2055 1916 2540 2541 2542 2543 2544 2754 2754 2754 2754 2754 2754 2754 2754 2754 2754 2754 2754 2754 2754 2754 2754 2754 2754 2754 2754 2754 2754 2545 2546 2547 2548 2549 2754 2754 2754 2754 2754 2535 2536 2537 2538 2539 2754 2754 2754 2754 2754 2754 2754 2754 2754 2754 2754 2754 2754 2754 2754 2754 2754 2754 2754 2754 2754 2754 2754 2754 2754 2754 2754 2754 2754 2754 2754 2754 2754 2754 2754 2505 2506 2507 2508 2509 2754 2754 2754 2754
1939 1994 1860 2006 1871 2018 1882 2030 2413 2436 2417 2054 1915 2066 2670 2671 2672 2673 2674 2551 2556 2561 2551 2556 2561 2670 2671 2672 2673 2674 2591 2596 3840 2754 2754 2754 2754 2754 2754 2754 2754 2510 2511 2512 2513 2514 2754 2754 2754 2754 2754 2540 2541 2542 2543 2544 2754 2754 2754 2754 2754 2754 2754 2754 2754 2754 2754 2754 2754 2754 2754 2754 2754 2754 2754 2754 2754 2754 2754 2754 2754 2754 2754 2754 2754 2754 2754 2754 2754 2754 2754 2510 2511 2512 2513 2514 2754 2754 2754 2754
2091 1982 2005 1870 2017 1881 2029 2412 2435 2416 2439 2420 2065 1925 2675 2676 2677 2678 2679 2552 2557 2562 2552 2557 2562 2675 2676 2677 2678 2679 2592 2597 2658 3841 2754 2754 2754 2754 2754 2754 2754 2515 2516 2517 2518 2519 2754 2754 2754 2754 2754 2545 2546 2547 2548 2549 2754 2754 2754 2754 2754 2754 2754 2754 2754 2754 2754 2754 2754 2754 2754 2754 2754 2754 2754 2754 2754 2754 2754 2754 2754 2754 2754 2754 2754 2754 2754 2754 2754 2754 2754 2515 2516 2517 2518 2519 2754 2754 2754 2754
1948 1849 1993 2016 1880 2028 1891 2434 2415 2438 2419 2442 2423 2076 2680 2681 2682 2683 2684 2553 2558 2563 2553 2558 2563 2680 2681 2682 2683 2684 2593 2598 2659 2663 3842 2754 2754 2754 2754 2754 2754 2520 2521 2522 2523 2524 2754 2754 2754 2754 2754 3816 3817 3818 3819 3820 2551 2556 2561 2566 2571 2576 2581 2586 2591 2596 2551 2556 2561 2566 2571 2576 2581 2586 2591 2596 3792 3793 3794 3795 2754 2754 2754 2754 2754 2754 2754 2754 2754 2754 2754 2520 2521 2522 2523 2524 2754 2754 2754 2754
2101 1992 1859 2004 2027 1890 2039 1901 2437 2418 2441 2422 2445 2426 2685 2686 2687 2688 2689 2554 2559 2564 2554 2559 2564 2685 2686 2687 2688 2689 2594 2599 2660 2664 2667 2754 2754 2754 2754 2754 2754 2525 2526 2527 2528 2529 2754 2754 2754 2754 2754 3821 3822 3823 3824 3825 2552 2557 2562 2567 2572 2577 2582 2587 2592 2597 2552 2557 2562 2567 2572 2577 2582 2587 2592 2597 3796 3797 3798 3799 2754 2754 2754 2754 2754 2754 2754 2754 2754 2754 2754 2525 2526 2527 2528 2529 2754 2754 2754 2754
1957 2112 1966 1835 1978 2038 1900 2050 1911 2440 2421 2444 2425 2448 2690 2691 2692 2693 2694 2555 2560 2565 2555 2560 2565 2690 2691 2692 2693 2694 2595 2600 2661 2665 2668 2754 2754 2754 2754 2754 2754 2530 2531 2532 2533 2534 2754 2754 2754 2754 2754 3826 3827 3828 3829 3830 2553 2558 2563 2568 2573 2578 2583 2588 2593 2598 2553 2558 2563 2568 2573 2578 2583 2588 2593 2598 3800 3801 3802 3803 3804 2754 2754 2754 2754 2754 2754 2754 2754 2754 2754 2530 2531 2532 2533 2534 2754 2754 2754 2754
2111 1965 1834 1977 1845 1989 2049 1910 2061 1921 2443 2424 2447 2428 2525 2526 2527 2528 2529 2754 2754 2754 2754 2754 2754 2530 2531 2532 2533 2534 2754 2754 2754 2754 2754 2754 2754 2754 2754 2754 2754 2535 2536 2537 2538 2539 2754 2754 2754 2754 2754 3831 3832 3833 3834 3835 2554 2559 2564 2569 2574 2579 2584 2589 2594 2599 2554 2559 2564 2569 2574 2579 2584 2589 2594 2599 3805 3806 3807 3808 3809 2754 2754 2754 2754 2754 2754 2754 2754 2754 2754 2535 2536 2537 2538 2539 2754 2754 2754 2754
1964 1833 1976 1844 1988 1855 2000 2060 1920 2072 1931 2446 2072 1931 2530 2531 2532 2533 2534 2754 2754 2754 2754 2754 2754 2535 2536 2537 2538 2539 2754 2754 2754 2754 2754 2754 2754 2754 2754 2754 2754 2540 2541 2542 2543 2544 2754 2754 2754 2754 2754 2754 2754 3836 3837 3838 2555 2560 2565 2570 2575 2580 2585 2590 2595 2600 2555 2560 2565 2570 2575 2580 2585 2590 2595 2600 3810 3811 3812 3813 3814 2754 2754 2754 2754 2754 2754 2754 2754 2754 2754 2540 2541 2542 2543 2544 2754 2754 2754 2754
1832 1975 1843 1987 1854 1999 1865 2011 2071 1930 2083 1941 1930 2083 2535 2536 2537 2538 2539 2754 2754 2754 2754 2754 2754 2540 2541 2542 2543 2544 2754 2754 2754 2754 2754 2754 2754 2754 2754 2754 2754 2545 2546 2547 2548 2549 2754 2754 2754 2754 2754 2754 2754 2754 2754 2754 2754 2754 2754 2754 2754 2754 2754 2754 2754 2754 2754 2754 2754 2754 2754 2754 2754 2754 2754 2754 2505 2506 2507 2508 2509 2754 2754 2754 2754 2754 2754 2754 2754 2754 2754 2545 2546 2547 2548 2549 2754 2754 2754 2754
1974 1842 1986 1853 1998 1864 2010 1875 2022 2082 1940 2094 1951 2452 2540 2541 2542 2543 2544 2754 2754 2754 2754 2754 2754 2545 2546 2547 2548 2549 2754 2754 2754 2754 2754 2754 2754 2754 2754 2754 2754 2500 2501 2502 2503 2504 2754 2754 2754 2754 2754 2754 2754 2754 2754 2754 2754 2754 2754 2754 2754 2754 2754 2754 2754 2754 2754 2754 2754 2754 2754 2754 2754 2754 2754 2754 2510 2511 2512 2513 2514 2754 2754 2754 2754 2754 2754 2754 2754 2754 2754 2500 2501 2502 2503 2504 2754 2754 2754 2754
1841 1985 1852 1997 1863 2009 1874 2021 1885 2033 2093 1950 2105 2057 2545 2546 2547 2548 2549 2754 2754 2754 2754 2754 2754 3843 2645 2646 2647 2648 2754 2754 2754 2754 2754 2754 2754 2754 2754 2754 2754 2505 2506 2507 2508 2509 2754 2754 2754 2754 2754 2754 2754 2754 2754 2754 2754 2754 2754 2754 2754 2754 2754 2754 2754 2754 2754 2754 2754 2754 2754 2754 2754 2754 2754 2754 2515 2516 2517 2518 2519 2754 2754 2754 2754 2754 2754 2754 2754 2754 2754 2505 2506 2507 2508 2509 2754 2754 2754 2754
1984 1851 1996 1862 2008 1873 2020 1884 2032 1895 2044 1906 2056 1917 2510 2511 2512 2513 2514 2754 2754 2754 2754 2754 2754 2754 3844 2650 2651 2652 2754 2754 2754 2754 2754 2754 2754 2754 2754 2754 2754 2510 2511 2512 2513 2514 2754 2754 2754 2754 2754 2754 2754 2754 2754 2754 2754 2754 2754 2754 2754 2754 2754 2754 2754 2754 2754 2754 2754 2754 2754 2754 2754 2754 2754 2754 2520 2521 2522 2523 2524 2754 2754 2754 2754 2754 2754 2754 2754 2754 2754 2510 2511 2512 2513 2514 2754 2754 2754 2754
1850 1995 1861 2007 1872 2019 1883 2031 1894 2043 1905 2055 1916 2067 2515 2516 2517 2518 2519 2754 2754 2754 2754 2754 2754 2754 2754 3845 2654 2655 2754 2754 2754 2754 2754 2754 2754 2754 2754 2754 2754 2515 2516 2517 2518 2519 2754 2754 2754 2754 2754 2754 2754 2754 2754 2754 2754 2754 2754 2754 2754 2754 2754 2754 2754 2754 2754 2754 2754 2754 2754 2754 2754 2754 2754 2754 2525 2526 2527 2528 2529 2754 2754 2754 2754 2754 2754 2754 2754 2754 2754 2515 2516 2517 2518 2519 2754 2754 2754 2754
1994 1860 2006 1871 2018 1882 2030 1893 2042 1904 2054 1915 2066 1926 2520 2521 2522 2523 2524 2754 2754 2754 2754 2754 2754 2754 2754 2754 2754 2754 2754 2754 2754 2754 2754 2754 2754 2754 2754 2754 2754 2520 2521 2522 2523 2524 2754 2754 2754 2754 2754 2754 2754 2754 2754 2754 2754 2754 2754 2754 2754 2754 2754 2754 2754 2754 2754 2754 2754 2754 2754 2754 2754 2754 2754 2754 2530 2531 2532 2533 2534 2754 2754 2754 2754 2754 2754 2754 2754 2754 2754 2520 2521 2522 2523 2524 2754 2754 2754 2754
1982 2005 1870 2017 1881 2029 1892 2041 1903 2053 1914 2065 1925 2077 2525 2526 2527 2528 2529 2754 2754 2754 2754 2754 2754 2754 2754 2754 2754 2754 2754 2754 2754 2754 2754 2754 2754 2754 2754 2754 2754 2525 2526 2527 2528 2529 2754 2754 2754 2754 2754 2754 2754 2754 2754 2754 2754 2754 2754 2754 2754 2754 2754 2754 2754 2754 2754 2754 2754 2754 2754 2754 2754 2754 2754 2754 2535 2536 2537 2538 2539 2754 2754 2754 2754 2754 2754 2754 2754 2754 2754 2525 2526 2527 2528 2529 2754 2754 2754 2754
1849 1993 2016 1880 2028 1891 2040 1902 2052 1913 2064 1924 2076 1935 2530 2531 2532 2533 2534 2754 2754 2754 2754 2754 2754 2754 2754 2754 2754 2754 2754 2754 2754 2754 2754 2754 2754 2754 2754 2754 2754 2530 2531 2532 2533 2534 2754 2754 2754 2754 2754 2754 2754 2754 2754 2754 2754 2754 2754 2754 2754 2754 2754 2754 2754 2754 2754 2754 2754 2754 2754 2754 2754 2754 2754 2754 2540 2541 2542 2543 2544 2754 2754 2754 2754 2754 2754 2754 2754 2754 2754 2530 2531 2532 2533 2534 2754 2754 2754 2754
1992 1859 2004 2027 1890 2039 1901 2051 1912 2063 1923 2075 1934 2087 2535 2536 2537 2538 2539 2754 2754 2754 2754 2754 2754 2754 2754 2754 2754 2754 2754 2754 2754 2754 2754 2754 2754 2754 2754 2754 2754 2535 2536 2537 2538 2539 2754 2754 2754 2754 2754 2754 2754 2754 2754 2754 2754 2754 2754 2754 2754 2754 2754 2754 2754 2754 2754 2754 2754 2754 2754 2754 2754 2754 2754 2754 2545 2546 2547 2548 2549 2754 2754 2754 2754 2754 2754 2754 2754 2754 2754 2535 2536 2537 2538 2539 2754 2754 2754 2754
1858 2003 1869 2015 2038 1900 2050 1911 2062 1922 2074 1933 2086 1944 2540 2541 2542 2543 2544 2754 2754 2754 2754 2754 2754 2754 2754 2754 2754 2754 2754 2754 2754 2754 2754 2754 2754 2754 2754 2754 2754 2540 2541 2542 2543 2544 2754 2754 2754 2754 2754 2754 2754 2754 2754 2754 2754 2754 2754 2754 2754 2754 2754 2754 2754 2754 2754 2754 2754 2754 2754 2754 2754 2754 2754 2754 2540 2541 2542 2543 2544 2754 2754 2754 2754 2754 2754 2754 2754 2754 2754 2540 2541 2542 2543 2544 2754 2754 2754 2754
2002 1868 2014 1879 2026 2049 1910 2061 1921 2073 1932 2085 1943 2097 2545 2546 2547 2548 2549 2754 2754 2754 2754 2754 2754 2754 2754 2754 2754 2754 2754 2754 2754 2754 2754 2754 2754 2754 2754 2754 2754 2545 2546 2547 2548 2549 2754 2754 2754 2754 2754 2754 2754 2754 2754 2754 2754 2754 2754 2754 2754 2754 2754 2754 2754 2754 2754 2754 2754 2754 2754 2754 2754 2754 2754 2754 2545 2546 2547 2548 2549 2754 2754 2754 2754 2754 2754 2754 2754 2754 2754 2545 2546 2547 2548 2549 2754 2754 2754 2754
1867 2013 1878 2025 1889 2037 2060 1920 2072 1931 2084 1942 2096 1953 2670 2671 2672 2673 2674 2551 2556 2561 2566 2571 2576 2581 2551 2556 2561 2566 2571 2576 2581 2670 2671 2672 2673 2674 2561 2566 2571 2576 2581 2586 2591 2596 2670 2671 2672 2673 2674 2551 2556 2561 2566 2571 2576 2581 2586 2591 2596 2670 2671 2672 2673 2674 2576 2581 2586 2591 2596 2551 2670 2671 2672 2673 2674 2581 2586 2591 2596 2551 2556 2561 2566 2571 2576 2581 2586 2591 2596 2729 2730 2731 2732 2733 2754 2754 2754 2754
2012 1877 2024 1888 2036 1899 2048 2071 1930 2083 1941 2095 1952 2107 2675 2676 2677 2678 2679 2552 2557 2562 2567 2572 2577 2582 2552 2557 2562 2567 2572 2577 2582 2675 2676 2677 2678 2679 2562 2567 2572 2577 2582 2587 2592 2597 2675 2676 2677 2678 2679 2552 2557 2562 2567 2572 2577 2582 2587 2592 2597 2675 2676 2677 2678 2679 2577 2582 2587 2592 2597 2552 2675 2676 2677 2678 2679 2582 2587 2592 2597 2552 2557 2562 2567 2572 2577 2582 2587 2592 2597 2734 2735 2736 2737 2738 2754 2754 2754 2754
1876 2023 1887 2035 1898 2047 1909 2059 2082 1940 2094 1951 2106 1932 2680 2681 2682 2683 2684 2553 2558 2563 2568 2573 2578 2583 2553 2558 2563 2568 2573 2578 2583 2680 2681 2682 2683 2684 2563 2568 2573 2578 2583 2588 2593 2598 2680 2681 2682 2683 2684 2553 2558 2563 2568 2573 2578 2583 2588 2593 2598 2680 2681 2682 2683 2684 2578 2583 2588 2593 2598 2553 2680 2681 2682 2683 2684 2583 2588 2593 2598 2553 2558 2563 2568 2573 2578 2583 2588 2593 2598 2739 2740 2741 2742 2743 2754 2754 2754 2754
2022 1886 2034 1897 2046 1908 2058 1919 2070 2093 1950 2105 1931 2084 2685 2686 2687 2688 2689 2554 2559 2564 2569 2574 2579 2584 2554 2559 2564 2569 2574 2579 2584 2685 2686 2687 2688 2689 2564 2569 2574 2579 2584 2589 2594 2599 2685 2686 2687 2688 2689 2554 2559 2564 2569 2574 2579 2584 2589 2594 2599 2685 2686 2687 2688 2689 2579 2584 2589 2594 2599 2554 2685 2686 2687 2688 2689 2584 2589 2594 2599 2554 2559 2564 2569 2574 2579 2584 2589 2594 2599 2744 2745 2746 2747 2748 2754 2754 2754 2754
1885 2033 1896 2045 1907 2057 1918 2069 1929 2081 2071 1930 2083 1941 2690 2691 2692 2693 2694 2555 2560 2565 2570 2575 2580 2585 2555 2560 2565 2570 2575 2580 2585 2690 2691 2692 2693 2694 2565 2570 2575 2580 2585 2590 2595 2600 2690 2691 2692 2693 2694 2555 2560 2565 2570 2575 2580 2585 2590 2595 2600 2690 2691 2692 2693 2694 2580 2585 2590 2595 2600 2555 2690 2691 2692 2693 2694 2585 2590 2595 2600 2555 2560 2565 2570 2575 2580 2585 2590 2595 2600 2749 2750 2751 2752 2753 2754 2754 2754 2754
2032 1895 2044 1906 2056 1917 2068 1928 2080 1939 2092 2082 1940 2094 2525 2526 2527 2528 2529 2754 2754 2754 2754 2754 2754 2754 2754 2754 2754 2754 2754 2754 2754 2500 2501 2502 2503 2504 2754 2754 2754 2754 2754 2754 2754 2754 2500 2501 2502 2503 2504 2754 2754 2754 2754 2754 2754 2754 2754 2754 2754 2525 2526 2527 2528 2529 2754 2754 2754 2754 2754 2754 2500 2501 2502 2503 2504 2754 2754 2754 2754 2754 2754 2754 2754 2754 2754 2754 2754 2754 2754 2754 2754 2754 2754 2754 2754 2754 2754 2754
1894 2043 1905 2055 1916 2067 1927 2079 1938 2091 1949 2103 2093 1950 2530 2531 2532 2533 2534 2754 2754 2754 2754 2754 2754 2754 2754 2754 2754 2754 2754 2754 2754 2505 2506 2507 2508 2509 2754 2754 2754 2754 2754 2754 2754 2754 2505 2506 2507 2508 2509 2754 2754 2754 2754 2754 2754 2754 2754 2754 2754 2530 2531 2532 2533 2534 2754 2754 2754 2754 2754 2754 2505 2506 2507 2508 2509 2754 2754 2754 2754 2754 2754 2754 2754 2754 2754 2754 2754 2754 2754 2754 2754 2754 2754 2754 2754 2754 2754 2754
1907 2057 1918 2069 1929 2081 2071 1935 2088 1946 2100 1957 2112 1941 2535 2536 2537 2538 2539 2754 2754 2754 2754 2754 2754 2754 2754 2754 2754 2754 2754 2754 2754 2510 2511 2512 2513 2514 2754 2754 2754 2754 2754 2754 2754 2754 2510 2511 2512 2513 2514 2754 2754 2754 2754 2754 2754 2754 2754 2754 2754 2535 2536 2537 2538 2539 2754 2754 2754 2754 2754 2754 2510 2511 2512 2513 2514 2754 2754 2754 2754 2754 2754 2754 2754 2754 2754 2754 2754 2754 2754 2754 2754 2754 2754 2754 2754 2754 2754 2754
2056 1917 2068 1928 2080 1939 2092 2082 2050 1911 2440 2421 2444 2425 2540 2541 2542 2543 2544 2754 2754 2754 2754 2754 2754 2754 2754 2754 2754 2754 2754 2754 2754 2515 2516 2517 2518 2519 2754 2754 2754 2754 2754 2754 2754 2754 2515 2516 2517 2518 2519 2754 2754 2754 2754 2754 2754 2754 2754 2754 2754 2540 2541 2542 2543 2544 2754 2754 2754 2754 2754 2754 2515 2516 2517 2518 2519 2754 2754 2754 2754 2754 2754 2754 2754 2754 2754 2754 2754 2754 2754 2754 2754 2754 2754 2754 2754 2754 2754 2754
1916 2067 1927 2079 1938 2091 1949 2103 2093 2061 1921 2443 2424 2447 2545 2546 2547 2548 2549 2754 2754 2754 2754 2754 2754 2754 2754 2754 2754 2754 2754 2754 2754 2520 2521 2522 2523 2524 2754 2754 2754 2754 2754 2754 2754 2754 2520 2521 2522 2523 2524 2754 2754 2754 2754 2754 2754 2754 2754 2754 2754 2545 2546 2547 2548 2549 2754 2754 2754 2754 2754 2754 2520 2521 2522 2523 2524 2754 2754 2754 2754 2754 2754 2754 2754 2754 2754 2754 2754 2754 2754 2754 2754 2754 2754 2754 2754 2754 2754 2754
1910 1964 1833 1976 1844 1988 1855 2000 2060 1920 2072 1931 2446 2072 2500 2501 2502 2503 2504 2754 2754 2754 2754 2754 2754 2754 2754 2754 2754 2754 2754 2754 2754 2525 2526 2527 2528 2529 2754 2754 2754 2754 2754 2754 2754 2754 2525 2526 2527 2528 2529 2754 2754 2754 2754 2754 2754 2754 2754 2754 2754 2515 2516 2517 2518 2519 2754 2754 2754 2754 2754 2754 2525 2526 2527 2528 2529 2754 2754 2754 2754 2754 2754 2754 2754 2754 2754 2754 2754 2754 2754 2754 2754 2754 2754 2754 2754 2754 2754 2754
1963 1832 1975 1843 1987 1854 1999 1865 2011 2071 1930 2083 1941 1930 2505 2506 2507 2508 2509 2754 2754 2754 2754 2754 2754 2754 2754 2754 2754 2754 2754 2754 2754 2530 2531 2532 2533 2534 2754 2754 2754 2754 2754 2754 2754 2754 2525 2526 2527 2528 2529 2754 2754 2754 2754 2754 2754 2754 2754 2754 2754 2520 2521 2522 2523 2524 2754 2754 2754 2754 2754 2754 2530 2531 2532 2533 2534 2754 2754 2754 2754 2754 2754 2754 2754 2754 2754 2754 2754 2754 2754 2754 2754 2754 2754 2754 2754 2754 2754 2754
1831 1974 1842 1986 1853 1998 1864 2010 1875 2022 2082 1940 2094 1951 2510 2511 2512 2513 2514 2754 2754 2754 2754 2754 2754 2754 2754 2754 2754 2754 2754 2754 2754 2535 2536 2537 2538 2539 2754 2754 2754 2754 2754 2754 2754 2754 2530 2531 2532 2533 2534 2754 2754 2754 2754 2754 2754 2754 2754 2754 2754 2525 2526 2527 2528 2529 2754 2754 2754 2754 2754 2754 2535 2536 2537 2538 2539 2754 2754 2754 2754 2754 2754 2754 2754 2754 2754 2754 2754 2754 2754 2754 2754 2754 2754 2754 2754 2754 2754 2754
1973 1841 1985 1852 1997 1863 2009 1874 2021 1885 2033 2093 1950 2105 2515 2516 2517 2518 2519 2754 2754 2754 2754 2754 2754 2754 2754 2754 2754 2754 2754 2754 2754 2540 2541 2542 2543 2544 2754 2754 2754 2754 2754 2754 2754 2754 2535 2536 2537 2538 2539 2754 2754 2754 2754 2754 2754 2754 2754 2754 2754 2530 2531 2532 2533 2534 2754 2754 2754 2754 2754 2754 2540 2541 2542 2543 2544 2754 2754 2754 2754 2754 2754 2754 2754 2754 2754 2754 2754 2754 2754 2754 2754 2754 2754 2754 2754 2754 2754 2754
1840 1984 1851 1996 1862 2008 1873 2020 1884 2032 1895 2044 1906 2056 2520 2521 2522 2523 2524 2754 2754 2754 2754 2754 2754 2754 2754 2754 2754 2754 2754 2754 2754 2545 2546 2547 2548 2549 2754 2754 2754 2754 2754 2754 2754 2754 2540 2541 2542 2543 2544 2754 2754 2754 2754 2754 2754 2754 2754 2754 2754 2535 2536 2537 2538 2539 2754 2754 2754 2754 2754 2754 2545 2546 2547 2548 2549 2754 2754 2754 2754 2754 2754 2754 2754 2754 2754 2754 2754 2754 2754 2754 2754 2754 2754 2754 2754 2754 2754 2754
2081 1850 1995 1861 2007 1872 2019 1883 2031 2414 2043 1905 2055 1916 2525 2526 2527 2528 2529 2754 2754 2754 2754 2754 2754 2754 2754 2754 2754 2754 2754 2754 2754 3843 2645 2646 2647 2648 2754 2754 2754 2754 2754 2754 2754 2754 2545 2546 2547 2548 2549 2754 2754 2754 2754 2754 2754 2754 2754 2754 2754 2540 2541 2542 2543 2544 2754 2754 2754 2754 2754 2754 3816 3817 3818 3819 3820 2551 2556 2561 2566 2571 2576 2551 2556 2561 2566 2571 2576 2581 2586 2591 2596 3840 2754 2754 2754 2754 2754 2754
1939 1994 1860 2006 1871 2018 1882 2030 2413 2436 2417 2054 1915 2066 2530 2531 2532 2533 2534 2754 2754 2754 2754 2754 2754 2754 2754 2754 2754 2754 2754 2754 2754 2754 3844 2650 2651 2652 2754 2754 2754 2754 2754 2754 2754 2754 2525 2526 2527 2528 2529 2754 2754 2754 2754 2754 2754 2754 2754 2754 2754 2545 2546 2547 2548 2549 2754 2754 2754 2754 2754 2754 3821 3822 3823 3824 3825 2552 2557 2562 2567 2572 2577 2552 2557 2562 2567 2572 2577 2582 2587 2592 2597 2658 3841 2754 2754 2754 2754 2754
2091 1982 2005 1870 2017 1881 2029 2412 2435 2416 2439 2420 2065 1925 2535 2536 2537 2538 2539 2754 2754 2754 2754 2754 2754 2754 2754 2754 2754 2754 2754 2754 2754 2754 2754 3845 2654 2655 2754 2754 2754 2754 2754 2754 2754 2754 2670 2671 2672 2673 2674 2551 2556 2561 2566 2571 2576 2581 2586 2591 2596 2729 2730 2731 2732 2733 2754 2754 2754 2754 2754 2754 3826 3827 3828 3829 3830 2553 2558 2563 2568 2573 2578 2553 2558 2563 2568 2573 2578 2583 2588 2593 2598 2659 2663 3842 2754 2754 2754 2754
1948 1849 1993 2016 1880 2028 1891 2434 2415 2438 2419 2442 2423 2076 2540 2541 2542 2543 2544 2754 2754 2754 2754 2754 2754 2754 2754 2754 2754 2754 2754 2754 2754 2754 2754 2754 2754 2754 2754 2754 2754 2754 2754 2754 2754 2754 2675 2676 2677 2678 2679 2552 2557 2562 2567 2572 2577 2582 2587 2592 2597 2734 2735 2736 2737 2738 2754 2754 2754 2754 2754 2754 3831 3832 3833 3834 3835 2554 2559 2564 2569 2574 2579 2554 2559 2564 2569 2574 2579 2584 2589 2594 2599 2660 2664 2667 2754 2754 2754 2754
2101 1992 1859 2004 2027 1890 2039 1901 2437 2418 2441 2422 2445 2426 2545 2546 2547 2548 2549 2754 2754 2754 2754 2754 2754 2754 2754 2754 2754 2754 2754 2754 2754 2754 2754 2754 2754 2754 2754 2754 2754 2754 2754 2754 2754 2754 2680 2681 2682 2683 2684 2553 2558 2563 2568 2573 2578 2583 2588 2593 2598 2739 2740 2741 2742 2743 2754 2754 2754 2754 2754 2754 2754 2754 3836 3837 3838 2555 2560 2565 2570 2575 2580 2555 2560 2565 2570 2575 2580 2585 2590 2595 2600 2661 2665 2668 2754 2754 2754 2754
1957 2112 1966 1835 1978 2038 1900 2050 1911 2440 2421 2444 2425 2448 2545 2546 2547 2548 2549 2754 2754 2754 2754 2754 2754 2754 2754 2754 2754 2754 2754 2754 2754 2754 2754 2754 2754 2754 2754 2754 2754 2754 2754 2754 2754 2754 2685 2686 2687 2688 2689 2554 2559 2564 2569 2574 2579 2584 2589 2594 2599 2744 2745 2746 2747 2748 2754 2754 2754 2754 2754 2754 2754 2754 2754 2754 2754 2754 2754 2754 2754 2754 2754 2754 2754 2754 2754 2754 2754 2754 2754 2754 2754 2754 2754 2754 2754 2754 2754 2754
2111 1965 1834 1977 1845 1989 2049 1910 2061 1921 2443 2424 2447 2428 2725 2645 2646 2647 2648 2754 2754 2754 2754 2754 2754 2754 2754 2754 2754 2754 2754 2754 2754 2754 2754 2754 2754 2754 2754 2754 2754 2754 2754 2754 2754 2754 2690 2691 2692 2693 2694 2555 2560 2565 2570 2575 2580 2585 2590 2595 2600 2749 2750 2751 2752 2753 2754 2754 2754 2754 2754 2754 2754 2754 2754 2754 2754 2754 2754 2754 2754 2754 2754 2754 2754 2754 2754 2754 2754 2754 2754 2754 2754 2754 2754 2754 2754 2754 2754 2754
1964 1833 1976 1844 1988 1855 2000 2060 1920 2072 1931 2446 2072 1931 2702 2726 2650 2651 2652 2754 2754 2754 2754 2754 2754 2754 2754 2754 2754 2754 2754 2754 2754 2754 2754 2754 2754 2754 2754 2754 2754 2754 2754 2754 2754 2754 2525 2526 2527 2528 2529 2754 2754 2754 2754 2754 2754 2754 2754 2754 2754 2754 2754 2754 2754 2754 2754 2754 2754 2754 2754 2754 2754 2754 2754 2754 2754 2754 2754 2754 2754 2754 2754 2754 2754 2754 2754 2754 2754 2754 2754 2754 2754 2754 2754 2754 2754 2754 2754 2754
tile 1831 0 0
tile 1832 56 0
tile 1833 112 0
tile 1834 168 0
tile 1835 224 0
tile 1838 280 0
tile 1840 336 0
tile 1841 392 0
tile 1842 448 0
tile 1843 504 0
tile 1844 560 0
tile 1845 616 0
tile 1847 672 0
tile 1848 728 0
tile 1849 784 0
tile 1850 840 0
tile 1851 896 0
tile 1852 952 0
tile 1853 1008 0
tile 1854 1064 0
tile 1855 1120 0
tile 1856 1176 0
tile 1857 1232 0
tile 1858 1288 0
tile 1859 1344 0
tile 1860 1400 0
tile 1861 1456 0
tile 1862 1512 0
tile 1863 1568 0
tile 1864 0 27
tile 1865 56 27
tile 1866 112 27
tile 1867 168 27
tile 1868 224 27
tile 1869 280 27
tile 1870 336 27
tile 1871 392 27
tile 1872 448 27
tile 1873 504 27
tile 1874 560 27
tile 1875 616 27
tile 1876 672 27
tile 1877 728 27
tile 1878 784 27
tile 1879 840 27
tile 1880 896 27
tile 1881 952 27
tile 1882 1008 27
tile 1883 1064 27
tile 1884 1120 27
tile 1885 1176 27
tile 1886 1232 27
tile 1887 1288 27
tile 1888 1344 27
tile 1889 1400 27
tile 1890 1456 27
tile 1891 1512 27
tile 1892 1568 27
tile 1893 0 54
tile 1894 56 54
tile 1895 112 54
tile 1896 168 54
tile 1897 224 54
tile 1898 280 54
tile 1899 336 54
tile 1900 392 54
tile 1901 448 54
tile 1902 504 54
tile 1903 560 54
tile 1904 616 54
tile 1905 672 54
tile 1906 728 54
tile 1907 784 54
tile 1908 840 54
tile 1909 896 54
tile 1910 952 54
tile 1911 1008 54
tile 1912 1064 54
tile 1913 1120 54
tile 1914 1176 54
tile 1915 1232 54
tile 1916 1288 54
tile 1917 1344 54
tile 1918 1400 54
tile 1919 1456 54
tile 1920 1512 54
tile 1921 1568 54
tile 1922 0 81
tile 1923 56 81
tile 1924 112 81
tile 1925 168 81
tile 1926 224 81
tile 1927 280 81
tile 1928 336 81
tile 1929 392 81
tile 1930 448 81
tile 1931 504 81
tile 1932 560 81
tile 1933 616 81
tile 1934 672 81
tile 1935 728 81
tile 1936 784 81
tile 1937 840 81
tile 1938 896 81
tile 1939 952 81
tile 1940 1008 81
tile 1941 1064 81
tile 1942 1120 81
tile 1943 1176 81
tile 1944 1232 81
tile 1946 1288 81
tile 1947 1344 81
tile 1948 1400 81
tile 1949 1456 81
tile 1950 1512 81
tile 1951 1568 81
tile 1952 0 108
tile 1953 56 108
tile 1957 112 108
tile 1958 168 108
tile 1963 224 108
tile 1964 280 108
tile 1965 336 108
tile 1966 392 108
tile 1973 448 108
tile 1974 504 108
tile 1975 560 108
tile 1976 616 108
tile 1977 672 108
tile 1978 728 108
tile 1980 784 108
tile 1982 840 108
tile 1984 896 108
tile 1985 952 108
tile 1986 1008 108
tile 1987 1064 108
tile 1988 1120 108
tile 1989 1176 108
tile 1990 1232 108
tile 1991 1288 108
tile 1992 1344 108
tile 1993 1400 108
tile 1994 1456 108
tile 1995 1512 108
tile 1996 1568 108
tile 1997 0 135
tile 1998 56 135
tile 1999 112 135
tile 2000 168 135
tile 2001 224 135
tile 2002 280 135
tile 2003 336 135
tile 2004 392 135
tile 2005 448 135
tile 2006 504 135
tile 2007 560 135
tile 2008 616 135
tile 2009 672 135
tile 2010 728 135
tile 2011 784 135
tile 2012 840 135
tile 2013 896 135
tile 2014 952 135
tile 2015 1008 135
tile 2016 1064 135
tile 2017 1120 135
tile 2018 1176 135
tile 2019 1232 135
tile 2020 1288 135
tile 2021 1344 135
tile 2022 1400 135
tile 2023 1456 135
tile 2024 1512 135
tile 2025 1568 135
tile 2026 0 162
tile 2027 56 162
tile 2028 112 162
tile 2029 168 162
tile 2030 224 162
tile 2031 280 162
tile 2032 336 162
tile 2033 392 162
tile 2034 448 162
tile 2035 504 162
tile 2036 560 162
tile 2037 616 162
tile 2038 672 162
tile 2039 728 162
tile 2040 784 162
tile 2041 840 162
tile 2042 896 162
tile 2043 952 162
tile 2044 1008 162
tile 2045 1064 162
tile 2046 1120 162
tile 2047 1176 162
tile 2048 1232 162
tile 2049 1288 162
tile 2050 1344 162
tile 2051 1400 162
tile 2052 1456 162
tile 2053 1512 162
tile 2054 1568 162
tile 2055 0 189
tile 2056 56 189
tile 2057 112 189
tile 2058 168 189
tile 2059 224 189
tile 2060 280 189
tile 2061 336 189
tile 2062 392 189
tile 2063 448 189
tile 2064 504 189
tile 2065 560 189
tile 2066 616 189
tile 2067 672 189
tile 2068 728 189
tile 2069 784 189
tile 2070 840 189
tile 2071 896 189
tile 2072 952 189
tile 2073 1008 189
tile 2074 1064 189
tile 2075 1120 189
tile 2076 1176 189
tile 2077 1232 189
tile 2078 1288 189
tile 2079 1344 189
tile 2080 1400 189
tile 2081 1456 189
tile 2082 1512 189
tile 2083 1568 189
tile 2084 0 216
tile 2085 56 216
tile 2086 112 216
tile 2087 168 216
tile 2088 224 216
tile 2089 280 216
tile 2090 336 216
tile 2091 392 216
tile 2092 448 216
tile 2093 504 216
tile 2094 560 216
tile 2095 616 216
tile 2096 672 216
tile 2097 728 216
tile 2100 784 216
tile 2101 840 216
tile 2103 896 216
tile 2105 952 216
tile 2106 1008 216
tile 2107 1064 216
tile 2111 1120 216
tile 2112 1176 216
tile 2116 1232 216
tile 2117 1288 216
tile 2118 1344 216
tile 2119 1400 216
tile 2120 1456 216
tile 2121 1512 216
tile 2122 1568 216
tile 2123 0 243
tile 2124 56 243
tile 2125 112 243
tile 2126 168 243
tile 2127 224 243
tile 2128 280 243
tile 2129 336 243
tile 2130 392 243
tile 2131 448 243
tile 2132 504 243
tile 2133 560 243
tile 2134 616 243
tile 2135 672 243
tile 2136 728 243
tile 2137 784 243
tile 2138 840 243
tile 2139 896 243
tile 2140 952 243
tile 2141 1008 243
tile 2142 1064 243
tile 2143 1120 243
tile 2144 1176 243
tile 2145 1232 243
tile 2146 1288 243
tile 2147 1344 243
tile 2148 1400 243
tile 2149 1456 243
tile 2150 1512 243
tile 2151 1568 243
tile 2152 0 270
tile 2153 56 270
tile 2154 112 270
tile 2155 168 270
tile 2156 224 270
tile 2157 280 270
tile 2158 336 270
tile 2159 392 270
tile 2160 448 270
tile 2161 504 270
tile 2162 560 270
tile 2163 616 270
tile 2164 672 270
tile 2165 728 270
tile 2166 784 270
tile 2167 840 270
tile 2168 896 270
tile 2169 952 270
tile 2170 1008 270
tile 2171 1064 270
tile 2172 1120 270
tile 2173 1176 270
tile 2174 1232 270
tile 2175 1288 270
tile 2176 1344 270
tile 2177 1400 270
tile 2178 1456 270
tile 2179 1512 270
tile 2180 1568 270
tile 2181 0 297
tile 2182 56 297
tile 2183 112 297
tile 2184 168 297
tile 2185 224 297
tile 2186 280 297
tile 2187 336 297
tile 2188 392 297
tile 2189 448 297
tile 2190 504 297
tile 2191 560 297
tile 2192 616 297
tile 2193 672 297
tile 2194 728 297
tile 2195 784 297
tile 2196 840 297
tile 2197 896 297
tile 2198 952 297
tile 2199 1008 297
tile 2200 1064 297
tile 2201 1120 297
tile 2202 1176 297
tile 2203 1232 297
tile 2204 1288 297
tile 2205 1344 297
tile 2206 1400 297
tile 2207 1456 297
tile 2208 1512 297
tile 2209 1568 297
tile 2210 0 324
tile 2211 56 324
tile 2212 112 324
tile 2213 168 324
tile 2214 224 324
tile 2215 280 324
tile 2216 336 324
tile 2217 392 324
tile 2218 448 324
tile 2219 504 324
tile 2220 560 324
tile 2221 616 324
tile 2222 672 324
tile 2223 728 324
tile 2224 784 324
tile 2225 840 324
tile 2226 896 324
tile 2227 952 324
tile 2228 1008 324
tile 2229 1064 324
tile 2230 1120 324
tile 2231 1176 324
tile 2232 1232 324
tile 2233 1288 324
tile 2234 1344 324
tile 2235 1400 324
tile 2236 1456 324
tile 2237 1512 324
tile 2238 1568 324
tile 2239 0 351
tile 2240 56 351
tile 2241 112 351
tile 2242 168 351
tile 2243 224 351
tile 2244 280 351
tile 2245 336 351
tile 2246 392 351
tile 2247 448 351
tile 2248 504 351
tile 2249 560 351
tile 2250 616 351
tile 2251 672 351
tile 2252 728 351
tile 2253 784 351
tile 2254 840 351
tile 2255 896 351
tile 2257 952 351
tile 2258 1008 351
tile 2259 1064 351
tile 2260 1120 351
tile 2261 1176 351
tile 2262 1232 351
tile 2263 1288 351
tile 2264 1344 351
tile 2265 1400 351
tile 2266 1456 351
tile 2267 1512 351
tile 2268 1568 351
tile 2269 0 378
tile 2270 56 378
tile 2271 112 378
tile 2272 168 378
tile 2273 224 378
tile 2274 280 378
tile 2275 336 378
tile 2276 392 378
tile 2277 448 378
tile 2278 504 378
tile 2279 560 378
tile 2280 616 378
tile 2281 672 378
tile 2282 728 378
tile 2283 784 378
tile 2284 840 378
tile 2285 896 378
tile 2286 952 378
tile 2287 1008 378
tile 2288 1064 378
tile 2289 1120 378
tile 2290 1176 378
tile 2291 1232 378
tile 2292 1288 378
tile 2293 1344 378
tile 2294 1400 378
tile 2295 1456 378
tile 2296 1512 378
tile 2297 1568 378
tile 2298 0 405
tile 2299 56 405
tile 2300 112 405
tile 2301 168 405
tile 2302 224 405
tile 2303 280 405
tile 2304 336 405
tile 2305 392 405
tile 2306 448 405
tile 2307 504 405
tile 2308 560 405
tile 2309 616 405
tile 2310 672 405
tile 2311 728 405
tile 2312 784 405
tile 2313 840 405
tile 2314 896 405
tile 2315 952 405
tile 2316 1008 405
tile 2317 1064 405
tile 2318 1120 405
tile 2319 1176 405
tile 2320 1232 405
tile 2321 1288 405
tile 2322 1344 405
tile 2323 1400 405
tile 2324 1456 405
tile 2325 1512 405
tile 2326 1568 405
tile 2327 0 432
tile 2328 56 432
tile 2329 112 432
tile 2330 168 432
tile 2331 224 432
tile 2332 280 432
tile 2333 336 432
tile 2334 392 432
tile 2335 448 432
tile 2336 504 432
tile 2337 560 432
tile 2338 616 432
tile 2339 672 432
tile 2340 728 432
tile 2341 784 432
tile 2342 840 432
tile 2343 896 432
tile 2344 952 432
tile 2345 1008 432
tile 2346 1064 432
tile 2347 1120 432
tile 2348 1176 432
tile 2349 1232 432
tile 2350 1288 432
tile 2351 1344 432
tile 2352 1400 432
tile 2353 1456 432
tile 2354 1512 432
tile 2355 1568 432
tile 2356 0 459
tile 2357 56 459
tile 2358 112 459
tile 2359 168 459
tile 2360 224 459
tile 2361 280 459
tile 2362 336 459
tile 2363 392 459
tile 2364 448 459
tile 2365 504 459
tile 2366 560 459
tile 2367 616 459
tile 2368 672 459
tile 2369 728 459
tile 2370 784 459
tile 2371 840 459
tile 2372 896 459
tile 2373 952 459
tile 2374 1008 459
tile 2375 1064 459
tile 2376 1120 459
tile 2377 1176 459
tile 2378 1232 459
tile 2379 1288 459
tile 2380 1344 459
tile 2381 1400 459
tile 2382 1456 459
tile 2383 1512 459
tile 2384 1568 459
tile 2385 0 486
tile 2386 56 486
tile 2387 112 486
tile 2388 168 486
tile 2389 224 486
tile 2390 280 486
tile 2391 336 486
tile 2392 392 486
tile 2393 448 486
tile 2394 504 486
tile 2395 560 486
tile 2396 616 486
tile 2397 672 486
tile 2398 728 486
tile 2399 784 486
tile 2400 840 486
tile 2401 896 486
tile 2402 952 486
tile 2403 1008 486
tile 2404 1064 486
tile 2405 1120 486
tile 2406 1176 486
tile 2407 1232 486
tile 2408 1288 486
tile 2409 1344 486
tile 2410 1400 486
tile 2412 1456 486
tile 2413 1512 486
tile 2414 1568 486
tile 2415 0 513
tile 2416 56 513
tile 2417 112 513
tile 2418 168 513
tile 2419 224 513
tile 2420 280 513
tile 2421 336 513
tile 2422 392 513
tile 2423 448 513
tile 2424 504 513
tile 2425 560 513
tile 2426 616 513
tile 2428 672 513
tile 2434 728 513
tile 2435 784 513
tile 2436 840 513
tile 2437 896 513
tile 2438 952 513
tile 2439 1008 513
tile 2440 1064 513
tile 2441 1120 513
tile 2442 1176 513
tile 2443 1232 513
tile 2444 1288 513
tile 2445 1344 513
tile 2446 1400 513
tile 2447 1456 513
tile 2448 1512 513
tile 2452 1568 513
tile 2500 0 540
tile 2501 56 540
tile 2502 112 540
tile 2503 168 540
tile 2504 224 540
tile 2505 280 540
tile 2506 336 540
tile 2507 392 540
tile 2508 448 540
tile 2509 504 540
tile 2510 560 540
tile 2511 616 540
tile 2512 672 540
tile 2513 728 540
tile 2514 784 540
tile 2515 840 540
tile 2516 896 540
tile 2517 952 540
tile 2518 1008 540
tile 2519 1064 540
tile 2520 1120 540
tile 2521 1176 540
tile 2522 1232 540
tile 2523 1288 540
tile 2524 1344 540
tile 2525 1400 540
tile 2526 1456 540
tile 2527 1512 540
tile 2528 1568 540
tile 2529 0 567
tile 2530 56 567
tile 2531 112 567
tile 2532 168 567
tile 2533 224 567
tile 2534 280 567
tile 2535 336 567
tile 2536 392 567
tile 2537 448 567
tile 2538 504 567
tile 2539 560 567
tile 2540 616 567
tile 2541 672 567
tile 2542 728 567
tile 2543 784 567
tile 2544 840 567
tile 2545 896 567
tile 2546 952 567
tile 2547 1008 567
tile 2548 1064 567
tile 2549 1120 567
tile 2551 1176 567
tile 2552 1232 567
tile 2553 1288 567
tile 2554 1344 567
tile 2555 1400 567
tile 2556 1456 567
tile 2557 1512 567
tile 2558 1568 567
tile 2559 0 594
tile 2560 56 594
tile 2561 112 594
tile 2562 168 594
tile 2563 224 594
tile 2564 280 594
tile 2565 336 594
tile 2566 392 594
tile 2567 448 594
tile 2568 504 594
tile 2569 560 594
tile 2570 616 594
tile 2571 672 594
tile 2572 728 594
tile 2573 784 594
tile 2574 840 594
tile 2575 896 594
tile 2576 952 594
tile 2577 1008 594
tile 2578 1064 594
tile 2579 1120 594
tile 2580 1176 594
tile 2581 1232 594
tile 2582 1288 594
tile 2583 1344 594
tile 2584 1400 594
tile 2585 1456 594
tile 2586 1512 594
tile 2587 1568 594
tile 2588 0 621
tile 2589 56 621
tile 2590 112 621
tile 2591 168 621
tile 2592 224 621
tile 2593 280 621
tile 2594 336 621
tile 2595 392 621
tile 2596 448 621
tile 2597 504 621
tile 2598 560 621
tile 2599 616 621
tile 2600 672 621
tile 2645 728 621
tile 2646 784 621
tile 2647 840 621
tile 2648 896 621
tile 2650 952 621
tile 2651 1008 621
tile 2652 1064 621
tile 2654 1120 621
tile 2655 1176 621
tile 2658 1232 621
tile 2659 1288 621
tile 2660 1344 621
tile 2661 1400 621
tile 2663 1456 621
tile 2664 1512 621
tile 2665 1568 621
tile 2667 0 648
tile 2668 56 648
tile 2670 112 648
tile 2671 168 648
tile 2672 224 648
tile 2673 280 648
tile 2674 336 648
tile 2675 392 648
tile 2676 448 648
tile 2677 504 648
tile 2678 560 648
tile 2679 616 648
tile 2680 672 648
tile 2681 728 648
tile 2682 784 648
tile 2683 840 648
tile 2684 896 648
tile 2685 952 648
tile 2686 1008 648
tile 2687 1064 648
tile 2688 1120 648
tile 2689 1176 648
tile 2690 1232 648
tile 2691 1288 648
tile 2692 1344 648
tile 2693 1400 648
tile 2694 1456 648
tile 2702 1512 648
tile 2709 1568 648
tile 2710 0 675
tile 2711 56 675
tile 2712 112 675
tile 2713 168 675
tile 2714 224 675
tile 2715 280 675
tile 2716 336 675
tile 2717 392 675
tile 2718 448 675
tile 2719 504 675
tile 2720 560 675
tile 2722 616 675
tile 2723 672 675
tile 2724 728 675
tile 2725 784 675
tile 2726 840 675
tile 2729 896 675
tile 2730 952 675
tile 2731 1008 675
tile 2732 1064 675
tile 2733 1120 675
tile 2734 1176 675
tile 2735 1232 675
tile 2736 1288 675
tile 2737 1344 675
tile 2738 1400 675
tile 2739 1456 675
tile 2740 1512 675
tile 2741 1568 675
tile 2742 0 702
tile 2743 56 702
tile 2744 112 702
tile 2745 168 702
tile 2746 224 702
tile 2747 280 702
tile 2748 336 702
tile 2749 392 702
tile 2750 448 702
tile 2751 504 702
tile 2752 560 702
tile 2753 616 702
tile 2754 672 702
tile 2756 728 702
tile 2757 784 702
tile 2758 840 702
tile 2759 896 702
tile 2760 952 702
tile 2761 1008 702
tile 2762 1064 702
tile 2763 1120 702
tile 2764 1176 702
tile 2765 1232 702
tile 2766 1288 702
tile 3792 1344 702
tile 3793 1400 702
tile 3794 1456 702
tile 3795 1512 702
tile 3796 1568 702
tile 3797 0 729
tile 3798 56 729
tile 3799 112 729
tile 3800 168 729
tile 3801 224 729
tile 3802 280 729
tile 3803 336 729
tile 3804 392 729
tile 3805 448 729
tile 3806 504 729
tile 3807 560 729
tile 3808 616 729
tile 3809 672 729
tile 3810 728 729
tile 3811 784 729
tile 3812 840 729
tile 3813 896 729
tile 3814 952 729
tile 3816 1008 729
tile 3817 1064 729
tile 3818 1120 729
tile 3819 1176 729
tile 3820 1232 729
tile 3821 1288 729
tile 3822 1344 729
tile 3823 1400 729
tile 3824 1456 729
tile 3825 1512 729
tile 3826 1568 729
tile 3827 0 756
tile 3828 56 756
tile 3829 112 756
tile 3830 168 756
tile 3831 224 756
tile 3832 280 756
tile 3833 336 756
tile 3834 392 756
tile 3835 448 756
tile 3836 504 756
tile 3837 560 756
tile 3838 616 756
tile 3840 672 756
tile 3841 728 756
tile 3842 784 756
tile 3843 840 756
tile 3844 896 756
tile 3845 952 756
picture 345 0 0 52 0
picture 346 0 52 41 0
object 14 79 left 345
object 14 79 right 346
object 15 79 left 345
object 15 79 right 346
