# lod20677 — tools/dat-extract layout 이 만든다. 손으로 고치지 말 것.
size 50 20
blocked
##################################################
#.###.........######.............######.......#..#
#..............###................#..............#
#...............##................#.........#....#
#######.#.......##................#..............#
##....###........#.....#..........#..............#
#.......#..............#..........#..............#
#.......#.............#######.....#.......#......#
#.............#........###................#......#
..............#........##.................########
#.............#.......###.................#.###..#
#.............#.......#...................#......#
#......##.....#...........................##.....#
#......#########.....................##..........#
#......#......######......#......#...#...........#
##.............#.................#...#...........#
##.............#.................##..............#
###............#.................##..............#
###............#.....#...........##..............#
###########################################.######
floor
5259 5225 5228 5231 5263 5296 5260 5275 5296 5299 5302 5305 5251 5254 5257 5260 5263 5266 5269 5251 5305 5251 5228 5231 5263 5263 5260 5275 5296 5299 5302 5305 5251 5254 5257 5260 5263 5266 5269 5231 5281 5284 5287 5263 5254 5263 5263 5254 5275 5251
5258 5286 5289 5289 5292 5295 5295 5274 5273 5276 5279 5295 5252 5295 5274 5300 5225 5282 5285 5254 5258 5286 5270 5258 5261 5295 5295 5274 5273 5276 5279 5295 5252 5295 5274 5300 5225 5282 5285 5254 5258 5286 5289 5238 5253 5256 5295 5274 5273 5254
5257 5288 5288 5288 5291 5294 5294 5273 5279 5282 5285 5237 5240 5293 5273 5299 5224 5281 5284 5294 5257 5288 5259 5261 5264 5294 5294 5273 5279 5282 5285 5237 5240 5293 5273 5299 5224 5281 5284 5294 5257 5288 5288 5259 5229 5255 5294 5273 5279 5294
5286 5287 5287 5293 5234 5253 5272 5275 5278 5281 5284 5236 5239 5242 5245 5238 5253 5256 5259 5238 5286 5287 5287 5293 5234 5253 5272 5275 5278 5281 5284 5236 5239 5242 5245 5238 5253 5256 5259 5238 5286 5287 5287 5293 5234 5253 5272 5275 5278 5238
5285 5298 5301 5226 5229 5232 5235 5238 5253 5256 5259 5229 5229 5232 5226 5259 5229 5255 5258 5259 5285 5298 5301 5226 5229 5232 5235 5238 5253 5256 5259 5229 5229 5232 5226 5259 5229 5255 5258 5259 5285 5298 5301 5226 5229 5232 5235 5238 5253 5259
5287 5261 5300 5225 5228 5231 5234 5259 5229 5270 5258 5261 5264 5259 5261 5264 5237 5240 5243 5236 5287 5261 5300 5225 5228 5231 5234 5259 5229 5270 5258 5261 5264 5259 5261 5264 5237 5240 5243 5236 5287 5261 5300 5225 5228 5231 5234 5259 5229 5236
5257 5296 5299 5224 5227 5230 5233 5236 5251 5259 5261 5264 5237 5240 5243 5255 5285 5288 5252 5250 5257 5296 5299 5224 5227 5230 5233 5236 5251 5259 5261 5264 5237 5240 5256 5255 5285 5288 5252 5250 5257 5296 5299 5224 5227 5230 5233 5236 5251 5250
5286 5261 5264 5237 5240 5243 5247 5250 5253 5266 5295 5274 5300 5225 5252 5263 5249 5239 5242 5271 5286 5261 5264 5237 5240 5243 5247 5250 5253 5266 5295 5274 5300 5225 5252 5263 5249 5239 5242 5271 5286 5261 5264 5237 5240 5243 5247 5250 5253 5271
5253 5252 5255 5285 5288 5252 5246 5249 5253 5287 5293 5273 5299 5224 5298 5301 5304 5307 5253 5270 5286 5252 5255 5285 5288 5252 5246 5249 5253 5287 5293 5273 5299 5224 5298 5301 5304 5307 5253 5270 5238 5253 5256 5285 5288 5252 5246 5249 5253 5270
5252 5260 5263 5236 5239 5242 5245 5248 5258 5257 5295 5287 5290 5259 5282 5285 5237 5306 5252 5269 5285 5259 5229 5229 5232 5242 5245 5248 5258 5257 5295 5287 5290 5273 5276 5279 5303 5306 5252 5269 5259 5229 5255 5236 5239 5242 5245 5248 5258 5269
5251 5298 5301 5304 5307 5253 5256 5259 5257 5286 5268 5271 5293 5258 5281 5284 5236 5305 5251 5253 5284 5258 5261 5264 5259 5253 5256 5259 5257 5286 5268 5271 5293 5272 5275 5278 5302 5305 5251 5253 5284 5298 5301 5304 5307 5253 5256 5259 5257 5257
5259 5240 5300 5303 5306 5252 5255 5258 5253 5286 5267 5270 5252 5255 5258 5275 5278 5281 5284 5252 5259 5261 5264 5237 5240 5252 5255 5258 5253 5286 5267 5270 5252 5268 5271 5253 5278 5281 5284 5252 5231 5234 5300 5303 5306 5252 5255 5258 5253 5286
5258 5288 5264 5237 5240 5243 5278 5290 5281 5270 5284 5269 5251 5254 5257 5271 5253 5256 5253 5251 5258 5261 5264 5237 5240 5243 5278 5290 5281 5270 5294 5257 5288 5288 5257 5271 5253 5256 5253 5251 5230 5233 5264 5237 5240 5243 5278 5290 5281 5256
5257 5239 5229 5232 5255 5238 5273 5276 5279 5282 5285 5288 5291 5294 5301 5270 5252 5255 5258 5257 5257 5226 5229 5232 5255 5238 5273 5276 5279 5282 5238 5286 5287 5287 5301 5270 5252 5255 5256 5257 5243 5247 5229 5232 5255 5238 5273 5276 5279 5257
5286 5225 5228 5231 5234 5237 5272 5275 5278 5281 5284 5287 5290 5304 5307 5269 5251 5254 5257 5286 5286 5225 5228 5231 5234 5237 5272 5275 5278 5281 5259 5285 5298 5301 5307 5269 5251 5254 5257 5286 5286 5225 5228 5231 5234 5237 5272 5275 5278 5286
5285 5257 5256 5259 5262 5265 5268 5271 5253 5256 5253 5253 5256 5259 5262 5265 5268 5271 5253 5256 5285 5257 5256 5259 5262 5265 5268 5271 5253 5256 5253 5253 5256 5259 5262 5265 5268 5271 5253 5256 5285 5257 5256 5259 5262 5265 5268 5271 5253 5256
5284 5252 5255 5258 5261 5264 5267 5270 5252 5255 5258 5252 5255 5258 5261 5264 5267 5270 5252 5255 5284 5252 5255 5258 5261 5264 5267 5270 5252 5255 5258 5252 5255 5258 5261 5264 5267 5270 5252 5255 5284 5252 5255 5258 5261 5264 5256 5259 5229 5255
5268 5251 5254 5257 5260 5263 5266 5269 5251 5254 5257 5251 5254 5257 5260 5263 5266 5294 5257 5288 5288 5251 5254 5257 5260 5263 5266 5269 5251 5254 5257 5251 5254 5257 5260 5263 5266 5269 5251 5254 5268 5251 5254 5257 5260 5263 5270 5258 5261 5254
5267 5238 5273 5276 5279 5282 5285 5288 5291 5294 5301 5238 5273 5276 5279 5282 5285 5238 5286 5287 5287 5238 5273 5276 5279 5282 5285 5288 5291 5294 5301 5238 5273 5276 5279 5282 5285 5240 5252 5294 5267 5238 5273 5276 5279 5282 5259 5261 5264 5294
5266 5237 5272 5275 5278 5281 5284 5287 5281 5281 5284 5287 5290 5275 5278 5281 5284 5287 5290 5304 5266 5237 5272 5275 5278 5281 5284 5287 5281 5281 5284 5287 5290 5275 5278 5281 5284 5287 5290 5304 5269 5231 5231 5234 5259 5281 5284 5287 5281 5304
tile 5224 0 0
tile 5225 56 0
tile 5226 112 0
tile 5227 168 0
tile 5228 224 0
tile 5229 280 0
tile 5230 336 0
tile 5231 392 0
tile 5232 448 0
tile 5233 0 27
tile 5234 56 27
tile 5235 112 27
tile 5236 168 27
tile 5237 224 27
tile 5238 280 27
tile 5239 336 27
tile 5240 392 27
tile 5242 448 27
tile 5243 0 54
tile 5245 56 54
tile 5246 112 54
tile 5247 168 54
tile 5248 224 54
tile 5249 280 54
tile 5250 336 54
tile 5251 392 54
tile 5252 448 54
tile 5253 0 81
tile 5254 56 81
tile 5255 112 81
tile 5256 168 81
tile 5257 224 81
tile 5258 280 81
tile 5259 336 81
tile 5260 392 81
tile 5261 448 81
tile 5262 0 108
tile 5263 56 108
tile 5264 112 108
tile 5265 168 108
tile 5266 224 108
tile 5267 280 108
tile 5268 336 108
tile 5269 392 108
tile 5270 448 108
tile 5271 0 135
tile 5272 56 135
tile 5273 112 135
tile 5274 168 135
tile 5275 224 135
tile 5276 280 135
tile 5278 336 135
tile 5279 392 135
tile 5281 448 135
tile 5282 0 162
tile 5284 56 162
tile 5285 112 162
tile 5286 168 162
tile 5287 224 162
tile 5288 280 162
tile 5289 336 162
tile 5290 392 162
tile 5291 448 162
tile 5292 0 189
tile 5293 56 189
tile 5294 112 189
tile 5295 168 189
tile 5296 224 189
tile 5298 280 189
tile 5299 336 189
tile 5300 392 189
tile 5301 448 189
tile 5302 0 216
tile 5303 56 216
tile 5304 112 216
tile 5305 168 216
tile 5306 224 216
tile 5307 280 216
picture 6105 280 611 47 0
picture 6106 280 465 50 0
picture 6107 280 658 46 0
picture 6108 280 704 44 0
picture 6115 280 824 31 0
picture 6116 280 748 43 0
picture 6117 280 361 52 0
picture 6118 280 413 52 0
picture 6125 280 791 33 0
picture 6126 280 855 29 0
picture 6534 196 440 104 0
picture 6535 28 863 118 0
picture 6536 56 0 118 0
picture 6537 56 118 118 0
picture 6538 196 544 104 0
picture 6539 196 648 104 0
picture 6540 56 236 118 0
picture 6541 56 354 118 0
picture 6542 56 472 118 0
picture 6543 196 752 104 0
picture 6544 196 856 104 0
picture 6548 224 0 104 0
picture 6549 224 104 104 0
picture 6550 56 590 118 0
picture 6551 56 708 118 0
picture 6553 224 208 104 0
picture 6555 56 826 118 0
picture 6556 84 0 118 0
picture 6557 84 118 118 0
picture 6558 224 312 104 0
picture 6564 224 416 104 0
picture 6565 84 236 118 0
picture 6566 84 354 118 0
picture 6567 84 472 118 0
picture 6568 224 520 104 0
picture 6569 224 624 104 0
picture 6570 84 590 118 0
picture 6571 84 708 118 0
picture 6574 224 728 104 0
picture 6575 84 826 118 0
picture 6576 112 0 118 0
picture 6577 112 118 118 0
picture 6578 224 832 104 0
picture 6579 252 0 104 0
picture 6580 112 236 118 0
picture 6581 112 354 118 0
picture 6582 112 472 118 0
picture 6583 252 104 104 0
picture 6584 252 208 104 0
picture 6585 112 590 118 0
picture 6586 112 708 118 0
picture 6587 112 826 118 0
picture 6588 252 312 104 0
picture 6591 140 0 118 0
picture 6592 140 118 118 0
picture 6604 28 377 123 0
picture 6605 0 784 127 0
picture 6606 0 528 128 0
picture 6607 196 0 111 0
picture 6608 196 111 111 0
picture 6609 0 656 128 0
picture 6610 28 0 127 0
picture 6611 28 500 123 0
picture 6612 280 231 65 0
picture 6613 280 296 65 0
picture 6617 280 0 85 0
picture 6618 252 936 87 0
picture 6619 280 85 79 0
picture 6620 280 164 67 0
picture 6628 252 416 104 0
picture 6629 252 520 104 0
picture 6630 252 624 104 0
picture 6631 252 728 104 0
picture 6632 140 236 118 0
picture 6633 140 354 118 0
picture 6634 140 472 118 0
picture 6637 140 590 118 0
picture 6638 140 708 118 0
picture 6639 140 826 118 0
picture 6640 252 832 104 0
picture 6646 196 222 109 0
picture 6647 168 0 118 0
picture 6648 28 127 125 0
picture 6649 168 118 118 0
picture 6650 168 236 118 0
picture 6651 28 623 120 0
picture 6652 0 0 134 0
picture 6653 168 354 118 0
picture 6654 0 268 130 0
picture 6655 280 515 48 0
picture 6656 280 563 48 0
picture 6657 0 398 130 0
picture 6658 168 472 118 0
picture 6659 0 134 134 0
picture 6660 28 743 120 0
picture 6661 168 590 118 0
picture 6662 168 708 118 0
picture 6663 28 252 125 0
picture 6664 168 826 118 0
picture 6665 196 331 109 0
object 0 0 left 6629
object 0 0 right 6630
object 1 0 left 6569
object 2 0 left 6570
object 3 0 left 6571
object 4 0 left 6535
object 5 0 left 6557
object 5 0 right 6558
object 6 0 left 6534
object 6 0 right 6640
object 7 0 left 6541
object 8 0 left 6557
object 8 0 right 6558
object 9 0 left 6540
object 10 0 left 6541
object 10 0 right 6543
object 11 0 left 6542
object 11 0 right 6543
object 12 0 left 6549
object 12 0 right 6548
object 13 0 left 6550
object 14 0 left 6551
object 14 0 right 6558
object 15 0 left 6534
object 16 0 left 6535
object 17 0 left 6536
object 18 0 left 6537
object 18 0 right 6538
object 19 0 left 6542
object 19 0 right 6628
object 20 0 left 6542
object 20 0 right 6543
object 21 0 left 6549
object 21 0 right 6548
object 22 0 left 6570
object 23 0 left 6571
object 24 0 left 6535
object 25 0 left 6535
object 25 0 right 6558
object 26 0 left 6534
object 26 0 right 6640
object 27 0 left 6541
object 28 0 left 6557
object 28 0 right 6558
object 29 0 left 6540
object 30 0 left 6541
object 30 0 right 6543
object 31 0 left 6542
object 31 0 right 6543
object 32 0 left 6549
object 32 0 right 6548
object 33 0 left 6550
object 34 0 left 6551
object 34 0 right 6558
object 35 0 left 6534
object 36 0 left 6535
object 37 0 left 6536
object 38 0 left 6537
object 38 0 right 6538
object 39 0 left 6571
object 39 0 right 6543
object 40 0 left 6557
object 40 0 right 6558
object 41 0 left 6534
object 42 0 left 6535
object 43 0 left 6535
object 43 0 right 6640
object 44 0 left 6550
object 44 0 right 6558
object 45 0 left 6535
object 45 0 right 6640
object 46 0 left 6535
object 46 0 right 6558
object 47 0 left 6550
object 47 0 right 6640
object 48 0 left 6541
object 48 0 right 6558
object 49 0 left 6542
object 49 0 right 6628
object 0 1 right 6568
object 2 1 left 6604
object 3 1 left 6605
object 4 1 left 6606
object 4 1 right 6607
object 14 1 left 6115
object 14 1 right 6116
object 16 1 left 6564
object 16 1 right 6583
object 17 1 left 6604
object 18 1 left 6605
object 19 1 left 6606
object 19 1 right 6607
object 33 1 left 6105
object 33 1 right 6106
object 35 1 left 6661
object 36 1 left 6662
object 37 1 left 6663
object 38 1 left 6664
object 38 1 right 6665
object 46 1 left 6117
object 46 1 right 6118
object 49 1 right 6576
object 0 2 right 6567
object 15 2 left 6105
object 15 2 right 6106
object 16 2 left 6564
object 16 2 right 6583
object 17 2 left 6125
object 17 2 right 6126
object 34 2 right 6660
object 49 2 left 6574
object 49 2 right 6575
object 0 3 right 6566
object 34 3 right 6659
object 44 3 left 6125
object 44 3 right 6126
object 49 3 right 6583
object 0 4 left 6564
object 0 4 right 6565
object 1 4 left 6539
object 2 4 left 6540
object 3 4 left 6541
object 4 4 left 6557
object 4 4 right 6558
object 5 4 left 6571
object 5 4 right 6553
object 6 4 left 6540
object 6 4 right 6553
object 8 4 left 6125
object 8 4 right 6126
object 18 4 left 6619
object 18 4 right 6620
object 34 4 right 6658
object 49 4 right 6582
object 0 5 right 6583
object 1 5 left 6125
object 1 5 right 6126
object 6 5 left 6564
object 6 5 right 6583
object 7 5 left 6564
object 7 5 right 6583
object 8 5 right 6611
object 17 5 left 6617
object 17 5 right 6618
object 23 5 right 6583
object 34 5 left 6656
object 34 5 right 6657
object 49 5 right 6581
object 0 6 right 6586
object 8 6 right 6610
object 23 6 right 6582
object 34 6 left 6631
object 34 6 right 6578
object 49 6 left 6579
object 49 6 right 6580
object 0 7 left 6584
object 0 7 right 6585
object 8 7 left 6608
object 8 7 right 6609
object 22 7 left 6539
object 23 7 left 6540
object 23 7 right 6576
object 24 7 left 6541
object 25 7 left 6557
object 25 7 right 6558
object 26 7 left 6571
object 26 7 right 6553
object 27 7 left 6540
object 27 7 right 6553
object 28 7 left 6564
object 28 7 right 6583
object 34 7 left 6564
object 34 7 right 6583
object 42 7 right 6583
object 49 7 right 6588
object 0 8 left 6584
object 0 8 right 6634
object 14 8 right 6583
object 23 8 left 6574
object 23 8 right 6575
object 24 8 right 6611
object 25 8 left 6117
object 25 8 right 6118
object 42 8 right 6582
object 49 8 right 6587
object 0 9 right 6633
object 14 9 right 6582
object 23 9 left 6539
object 23 9 right 6576
object 24 9 right 6610
object 42 9 left 6574
object 42 9 right 6576
object 43 9 left 6539
object 44 9 left 6540
object 45 9 left 6541
object 46 9 left 6557
object 46 9 right 6558
object 47 9 left 6571
object 47 9 right 6553
object 48 9 left 6540
object 48 9 right 6553
object 49 9 right 6586
object 0 10 right 6632
object 14 10 left 6574
object 14 10 right 6576
object 23 10 left 6574
object 23 10 right 6575
object 24 10 left 6608
object 24 10 right 6609
object 42 10 left 6574
object 42 10 right 6575
object 44 10 left 6604
object 45 10 left 6605
object 46 10 left 6606
object 46 10 right 6607
object 49 10 right 6586
object 0 11 right 6592
object 14 11 left 6574
object 14 11 right 6575
object 22 11 left 6115
object 22 11 right 6116
object 42 11 left 6539
object 42 11 right 6576
object 49 11 left 6584
object 49 11 right 6585
object 0 12 left 6574
object 0 12 right 6591
object 7 12 right 6611
object 8 12 left 6564
object 8 12 right 6583
object 14 12 left 6539
object 14 12 right 6576
object 42 12 left 6574
object 42 12 right 6575
object 43 12 left 6564
object 43 12 right 6583
object 49 12 left 6631
object 49 12 right 6578
object 0 13 right 6586
object 7 13 right 6610
object 8 13 left 6539
object 9 13 left 6540
object 10 13 left 6541
object 11 13 left 6557
object 11 13 right 6558
object 12 13 left 6571
object 12 13 right 6553
object 13 13 left 6540
object 13 13 right 6553
object 14 13 left 6574
object 14 13 right 6575
object 15 13 left 6115
object 15 13 right 6116
object 37 13 right 6611
object 38 13 left 6631
object 38 13 right 6578
object 49 13 right 6586
object 0 14 left 6584
object 0 14 right 6585
object 7 14 left 6608
object 7 14 right 6609
object 14 14 left 6107
object 14 14 right 6108
object 16 14 left 6651
object 17 14 left 6652
object 18 14 left 6653
object 19 14 left 6654
object 19 14 right 6655
object 26 14 left 6125
object 26 14 right 6126
object 33 14 right 6583
object 37 14 right 6610
object 49 14 left 6584
object 49 14 right 6585
object 0 15 right 6578
object 1 15 left 6125
object 1 15 right 6126
object 15 15 right 6650
object 33 15 right 6582
object 37 15 left 6608
object 37 15 right 6609
object 49 15 right 6578
object 0 16 right 6577
object 15 16 right 6649
object 33 16 left 6574
object 33 16 right 6576
object 34 16 right 6611
object 49 16 right 6577
object 0 17 right 6576
object 2 17 left 6612
object 2 17 right 6613
object 15 17 right 6648
object 33 17 left 6574
object 33 17 right 6575
object 34 17 right 6610
object 49 17 right 6576
object 0 18 left 6574
object 0 18 right 6575
object 1 18 left 6564
object 1 18 right 6583
object 2 18 left 6612
object 2 18 right 6613
object 15 18 left 6646
object 15 18 right 6647
object 21 18 left 6564
object 21 18 right 6583
object 33 18 left 6539
object 33 18 right 6576
object 34 18 left 6608
object 34 18 right 6609
object 49 18 left 6574
object 49 18 right 6575
object 0 19 left 6539
object 1 19 left 6540
object 2 19 left 6541
object 3 19 left 6542
object 3 19 right 6543
object 4 19 left 6544
object 5 19 left 6557
object 5 19 right 6558
object 6 19 left 6534
object 7 19 left 6535
object 8 19 left 6557
object 8 19 right 6558
object 9 19 left 6557
object 9 19 right 6558
object 10 19 left 6534
object 11 19 left 6535
object 12 19 left 6536
object 13 19 left 6555
object 14 19 left 6556
object 15 19 left 6557
object 15 19 right 6558
object 16 19 left 6534
object 17 19 left 6535
object 18 19 left 6536
object 19 19 left 6537
object 19 19 right 6628
object 20 19 left 6539
object 21 19 left 6540
object 22 19 left 6541
object 23 19 left 6542
object 23 19 right 6543
object 24 19 left 6544
object 25 19 left 6570
object 25 19 right 6558
object 26 19 left 6534
object 27 19 left 6535
object 28 19 left 6557
object 28 19 right 6558
object 29 19 left 6557
object 29 19 right 6558
object 30 19 left 6534
object 31 19 left 6535
object 32 19 left 6536
object 33 19 left 6555
object 33 19 right 6575
object 34 19 left 6556
object 35 19 left 6557
object 35 19 right 6558
object 36 19 left 6534
object 37 19 left 6535
object 38 19 left 6536
object 39 19 left 6537
object 39 19 right 6628
object 40 19 left 6537
object 40 19 right 6538
object 41 19 left 6571
object 41 19 right 6543
object 42 19 left 6637
object 42 19 right 6548
object 43 19 left 6638
object 44 19 left 6639
object 44 19 right 6640
object 45 19 left 6570
object 45 19 right 6558
object 46 19 left 6534
object 47 19 left 6535
object 48 19 left 6557
object 48 19 right 6558
object 49 19 left 6537
object 49 19 right 6628
