0	텔리포트의깃털	0	1	0	0	1	0
1	엑스쿠라눔	0	14	0	0	0	0
3	골드무지개상자	0	74	0	0	1	0
4	베네티티타늄클립	50000	1	0	0	1	0
5	마승모	1000000	1	0	0	1	0
6	세오의깃털	0	1	0	0	0	0
8	마승	1000000	1	0	0	1	0
10	라이온방패	29931	1	0	0	1	0
11	스크롤(데프레코)	0	98	0	0	1	0
12	칸의눈동자기술서	0	1	0	0	0	0
13	칸의눈동자기술서	0	1	0	0	0	0
14	칸의눈동자기술서	0	1	0	0	0	0
17	Effect-매직서클	2999949	1	0	0	1	0
18	그린토닉	0	1	0	0	1	0
20	미스틱레드와인스톤	0	1	0	0	1	0
21	세오의가호(SLev1)	0	9	0	0	1	0
22	크리스마스가호(Lev1)	0	89	0	0	1	0
23	리턴스피릿	0	99	0	0	1	0
24	세오의손길마법서	0	1	0	0	0	0
25	세오의손길마법서	0	1	0	0	0	0
26	레드토닉	0	2	0	0	1	0
27	밀레스리콜	0	98	0	0	1	0
28	로열나이트헬름FX	2998380	1	0	0	1	0
