0	텔리포트의깃털	0	1	0	0	1	0
1	세오의깃털	0	1	0	0	1	0
3	[10일]흑비현진의(남)	2999848	1	1551091511	0	1	0
4	[주문서]파괴보호+100%	0	86	0	0	1	0
5	안크본드라곤의머리	0	1	0	0	1	0
6	바다의돌	0	1	0	0	1	0
7	블랙오피온의비늘	0	1	0	0	1	0
8	얼룩카우모자	2999802	1	0	0	1	0
9	코마디움	0	50	0	0	0	0
10	다크로열아머	2999802	1	0	0	1	0
13	갑옷강화석	0	30	0	0	1	0
15	정화된뮤레칸사자방패	2147483616	1	0	0	1	0
16	[도적]오래된왕국각반(+5)	299956	1	0	0	1	0
18	[도적]마사이왕국투구(+5)	499977	1	0	0	1	0
20	블랙오피온의비늘	0	1	0	0	1	0
22	만남의광장리콜	0	33	0	0	1	0
23	마법의리콜	0	1	1558867513	0	1	0
24	이아길드성열쇠	0	1	0	0	1	0
26	비밀의황금열쇠	0	8	0	0	1	0
27	자아의조각	0	59	0	0	1	0
28	정화된뮤레칸의반지	2147483647	1	0	0	1	0
31	암흑의시약	0	7	0	0	1	0
32	엑스쿠라눔	0	38	0	0	0	0
36	생명의시약	0	7	0	0	1	0
37	고대신전열쇠	0	2	0	0	1	0
38	레드오피온의등껍질	0	2	0	0	1	0
39	레드오피온의비늘	0	13	0	0	1	0
40	세오의가호(SLev1)	0	10	0	0	0	0
41	크리스마스가호(Lev1)	0	17	0	0	1	0
42	다이아몬드	0	24	0	0	1	0
43	자이언트맨티스의앞다리	0	2	0	0	1	0
44	블루오피온의수염	0	14	0	0	1	0
45	운챠챠	0	6	0	0	1	0
46	드래곤뉴트의뿔	0	7	0	0	1	0
48	순수의증표(도적)	0	4	0	0	0	0
49	이아의영혼	0	46	0	0	1	0
50	차원의핵파편	0	1	0	0	1	0
52	퀸셰어의귀걸이	35000	1	0	0	1	0
53	정화된보석	0	11	0	0	1	0
54	리턴스피릿	0	76	0	0	1	0
56	레드오피온의수염	0	8	0	0	1	0
57	뉴트의혀	0	10	0	0	1	0
58	챰릴리	0	6	0	0	1	0
