수오미스톨라	수오미스톨라	6	14750	1	0	0	0	9000	-24	0	0	0	0	0	0	0	0	0	3	0	41	0	0	0	0	1
오렌털모자	오렌털모자	1	100000	1	0	0	0	1000	0	0	0	0	0	0	0	0	0	0	0	0	11	0	0	0	0	0
돌쇠두건	돌쇠두건	1	100000	1	0	0	0	10000	-3	3	3	0	0	0	0	0	0	0	0	0	1	10	0	0	0	0
하얀색털모자	하얀색털모자	1	500000	1	0	0	0	5000	0	0	0	0	0	0	0	0	0	0	0	0	11	0	0	0	0	2
여자돼지마스크	여자돼지마스크	0	10	1	1	1	0	3000000	-5	3	3	300	300	0	0	0	0	0	0	0	1	10	1	0	0	1
밀레스풀플레이트풍	밀레스풀플레이트풍	22	207800	1	0	0	0	21000	-52	0	0	0	0	0	-1	0	0	0	1	0	86	0	0	0	0	0
밀레스단도복수	밀레스단도복수	6	17700	1	0	0	0	6000	-20	0	0	0	0	0	0	0	0	0	5	0	11	0	0	0	0	0
세오의축복반지	세오의축복반지	1	200000	1	0	0	0	5000	-3	5	5	350	150	1	0	0	0	0	0	0	45	0	0	0	0	2
쌍은귀걸이	쌍은귀걸이	1	3000	1	0	0	0	1000	0	0	0	0	0	1	0	0	0	0	0	0	11	0	0	0	0	2
수오미지폰수	수오미지폰수	7	18900	1	0	0	0	6000	-18	0	0	0	0	0	0	0	0	0	1	0	11	0	0	0	0	0
버팔로가죽장갑(mp+2)	버팔로가죽장갑(mp+2)	4	150000	1	0	0	0	5000	-2	0	0	0	200	0	0	0	0	0	0	0	51	10	0	0	0	2
오렌달마티카	오렌달마티카	5	7750	1	0	0	0	6000	-16	0	0	0	0	0	0	0	0	0	3	0	11	0	0	0	0	0
뤼케시온매직로브토	뤼케시온매직로브토	14	92400	1	0	0	0	15000	-45	0	0	0	0	0	0	0	0	0	4	0	99	0	0	0	0	1
베네티티타늄클립	베네티티타늄클립	6	4000000	1	0	0	0	50000	-14	0	0	700	0	1	1	1	1	1	0	1	99	0	0	0	0	2
뤼케시온풀플레이트토	뤼케시온풀플레이트토	22	155850	1	0	0	0	21000	-51	0	0	0	0	0	-1	0	0	0	1	0	86	0	0	0	0	0
전통장수갑옷(+1)	전통장수갑옷(+1)	0	1000000000	0	0	1	0	3000000	-2	5	5	500	500	0	0	0	0	0	0	0	1	0	0	0	0	2
챔피언벨트FX	챔피언벨트FX	0	10	1	1	1	0	15000000	-1	3	3	0	0	0	0	0	0	0	0	0	1	10	1	0	0	2
오렌키톤수	오렌키톤수	13	52800	1	0	0	0	12000	-41	0	0	0	0	0	0	0	0	0	2	0	71	0	0	0	0	0
최강의마도코어플레이트	최강의마도코어플레이트	0	10	0	0	0	0	3000000	-80	1	1	2000	1200	3	3	3	3	3	1	1	99	0	0	0	0	2
꼬뜨	꼬뜨	4	900	1	0	0	0	3000	-10	0	0	0	0	0	0	0	0	0	2	0	1	0	0	0	0	1
골드네일(Sp3)	골드네일(Sp3)	4	350000	1	0	0	0	5000	-4	0	0	100	100	0	0	0	0	0	5	1	99	10	0	0	0	2
로즈데이헤어(여)FX	로즈데이헤어(여)FX	0	10	1	1	1	0	3000000	-7	2	2	200	800	0	0	0	0	0	0	0	1	0	0	0	0	1
루어스브리간딘풍	루어스브리간딘풍	6	37600	1	0	0	0	6000	-23	0	0	0	0	0	0	0	0	0	2	0	11	0	0	0	0	1
뤼케시온엘레맨틀	뤼케시온엘레맨틀	7	15800	1	0	0	0	9000	-26	0	0	0	0	0	0	0	0	0	4	0	41	0	0	0	0	1
가발 W13	가발 W13	0	100	1	1	1	0	15000000	-2	0	0	0	0	0	0	0	0	0	0	0	1	10	1	0	0	1
가발 W09(7일)	가발 W09(7일)	0	100	1	1	1	0	15000000	-2	0	0	0	0	0	0	0	0	0	0	0	1	10	1	0	0	1
몸짱비키니FX	몸짱비키니FX	0	10	1	1	1	0	30000	0	1	1	0	0	0	0	0	0	0	0	0	1	0	0	0	0	1
뤼케시온대양도복토	뤼케시온대양도복토	14	98550	1	0	0	0	15000	-50	0	0	0	0	0	0	0	0	0	5	0	99	0	0	0	0	1
로지브라운부츠	로지브라운부츠	0	10	1	1	1	0	10000000	0	0	0	0	0	0	0	0	0	0	0	0	1	10	0	0	0	2
날개방패	날개방패	15	10000000	1	0	0	0	20000	-23	1	1	0	0	1	0	0	0	0	0	1	99	0	3	0	0	2
강철의벽옥목걸이	강철의벽옥목걸이	1	30000	1	0	0	0	3000	0	10	0	0	0	0	0	0	0	0	0	0	11	0	0	0	0	2
크라운	크라운	4	1000000	1	0	0	0	1000	-2	0	0	0	0	0	0	0	0	0	0	0	11	0	0	0	0	0
운디네홀리데이숄더	운디네홀리데이숄더	4	100000	1	0	0	0	1000	-2	0	0	0	0	0	0	0	0	0	0	0	11	0	0	0	0	1
강력한연필(15일)	강력한연필(15일)	0	20	0	0	0	0	10000	0	0	0	0	0	0	0	0	0	0	0	0	1	0	0	120m200	120m200	2
블레스스크롤	블레스스크롤	0	10	1	1	1	0	0	1	0	5	0	0	0	0	0	0	0	0	0	11	0	0	0	0	2
라비린스메일화	라비린스메일화	19	217250	1	0	0	0	18000	-47	0	0	0	0	0	-1	0	0	0	1	0	71	0	0	0	0	1
루어스바르도클화	루어스바르도클화	18	174500	1	0	0	0	15000	-54	0	0	0	0	0	0	0	0	0	2	0	99	0	0	0	0	0
칸의나무방패	칸의나무방패	2	500	1	0	0	0	3000	-3	0	0	0	0	0	0	0	0	0	0	0	1	0	1	0	0	2
풀플레이트수	풀플레이트수	22	103900	1	0	0	0	21000	-50	0	0	0	0	0	-1	0	0	0	1	0	86	0	0	0	0	0
루어스로브화	루어스로브화	4	4000	1	0	0	0	3000	-12	0	0	0	0	0	0	0	0	0	4	0	1	0	0	0	0	1
듈라한의상	듈라한의상	1	7000000	1	0	0	0	500	-2	0	0	0	0	0	0	0	0	0	0	0	1	0	0	0	0	0
칸의가죽팔찌	칸의가죽팔찌	2	15000	1	0	0	0	3000	-1	0	0	0	0	0	0	0	0	0	5	0	11	0	1	0	0	2
가발 W31(30일)	가발 W31(30일)	0	100	1	1	1	0	15000000	-2	0	0	0	0	0	0	0	0	0	0	0	1	10	1	0	0	1
루어스라비린스메일	루어스라비린스메일	19	43450	1	0	0	0	18000	-43	0	0	0	0	0	-1	0	0	0	1	0	71	0	0	0	0	1
오렌단도복	오렌단도복	6	9850	1	0	0	0	6000	-19	0	0	0	0	0	0	0	0	0	5	0	11	0	0	0	0	0
아쿠아글러브	아쿠아글러브	3	110000	1	0	0	0	5000	-2	1	1	0	0	0	0	0	0	0	0	0	51	0	1	0	0	2
Effect-복	Effect-복	0	10	1	1	1	0	3000000	-1	3	3	0	0	0	0	0	0	0	0	0	1	10	1	0	0	2
스톨라화	스톨라화	6	73750	1	0	0	0	9000	-28	0	0	0	0	0	0	0	0	0	3	0	41	0	0	0	0	1
낚시대(Master)	낚시대(Master)	1	12000	1	0	0	0	1000	0	0	0	0	0	0	0	0	0	0	0	0	11	0	0	14m24	34m42	2
뤼케시온스카웃튜닉화	뤼케시온스카웃튜닉화	4	4500	1	0	0	0	3000	-14	0	0	0	0	0	0	0	0	0	2	0	1	0	0	0	0	0
루어스홀리데이코트	루어스홀리데이코트	4	100000	1	0	0	0	1000	-2	0	0	0	0	0	0	0	0	0	0	0	11	0	0	0	0	0
풍요의호안석반지	풍요의호안석반지	1	250000	1	0	0	0	4000	0	0	1	200	100	0	0	0	0	0	0	0	11	0	0	0	0	2
클라미스수	클라미스수	10	57500	1	0	0	0	15000	-41	0	0	0	0	0	0	0	0	0	3	0	99	0	0	0	0	1
튜브	튜브	1	5000000	1	0	0	0	50	-1	0	0	0	0	0	0	0	0	0	0	0	11	0	0	0	0	0
퓨어레드목도리	퓨어레드목도리	0	10	1	1	1	0	10000000	-1	3	3	0	0	0	0	0	0	0	0	0	1	10	1	0	0	2
투핸드에메랄드소드풍	투핸드에메랄드소드풍	26	174000	1	0	0	0	66000	0	0	0	0	0	0	0	0	0	0	1	0	71	0	0	136m176	15m19	2
발렌타인리본슈즈3	발렌타인리본슈즈	0	10	1	1	1	0	15000000	0	0	0	0	0	0	0	0	0	0	0	0	1	10	0	0	0	1
수오미스카웃튜닉풍	수오미스카웃튜닉풍	4	3600	1	0	0	0	3000	-13	0	0	0	0	0	0	0	0	0	2	0	1	0	0	0	0	0
엘레맨틀화	엘레맨틀화	7	79000	1	0	0	0	9000	-30	0	0	0	0	0	0	0	0	0	4	0	41	0	0	0	0	1
뤼케시온풍월도복수	뤼케시온풍월도복수	8	33700	1	0	0	0	9000	-30	0	0	0	0	0	0	0	0	0	5	0	41	0	0	0	0	1
풀플레이트투구화	풀플레이트투구화	3	20000	1	0	0	0	21000	-4	0	0	0	0	0	0	0	0	0	1	0	86	0	0	0	0	0
메투스의녹옥반지	메투스의녹옥반지	1	500000	1	0	0	0	5000	0	0	0	300	150	0	0	0	0	1	0	0	11	0	0	0	0	2
클쓰마쓰트리	클쓰마쓰트리	1	1500	1	0	0	0	600	0	0	0	0	0	0	0	0	0	0	0	0	41	0	0	18m28	1m2	2
오렌대양도복수	오렌대양도복수	10	66700	1	0	0	0	4500	-52	5	1	-500	-250	0	0	0	0	-5	5	0	99	5	1	0	0	1
일루전슈트FX	일루전슈트FX	0	10	1	1	1	0	3000000	-2	4	4	900	100	0	0	0	0	0	0	0	1	0	0	0	0	0
수오미바르도클풍	수오미바르도클풍	18	139600	1	0	0	0	15000	-53	0	0	0	0	0	0	0	0	0	2	0	99	0	0	0	0	0
은각반	은각반	8	100000	1	0	0	0	9000	-6	0	0	0	0	0	0	0	0	0	0	0	71	0	0	0	0	2
혼길드소드	혼길드소드	7	1500	1	1	0	0	70000	0	0	0	0	0	0	0	0	0	0	0	0	41	0	0	180m210	190m190	2
뤼케시온매직스커트화	뤼케시온매직스커트화	4	3750	1	0	0	0	3000	-12	0	0	0	0	0	0	0	0	0	3	0	1	0	0	0	0	1
매직로브수	매직로브수	14	61600	1	0	0	0	15000	-44	0	0	0	0	0	0	0	0	0	4	0	99	0	0	0	0	1
철금의올리브목걸이	철금의올리브목걸이	1	15000	1	0	0	0	2500	0	5	1	0	0	0	0	0	0	0	0	0	41	0	0	0	0	2
목도리FX	목도리FX	1	1500000	1	0	0	0	30000	-1	0	0	0	0	0	0	0	0	0	0	0	1	0	0	0	0	2
홀리레드	홀리레드	1	10000	1	0	0	0	1000	0	0	0	0	0	0	0	0	0	0	0	0	11	0	0	0	0	2
오렌이프리트메일풍	오렌이프리트메일풍	19	173800	1	0	0	0	18000	-46	0	0	0	0	0	-1	0	0	0	1	0	71	0	0	0	0	0
노랑색목도리(남)	노랑색목도리(남)	1	1500000	1	0	0	0	30000	-1	0	0	0	0	0	0	0	0	0	0	0	1	0	0	0	0	0
황금장식날개	황금장식날개	0	10	1	1	1	0	15000000	1	5	5	1000	1000	0	0	0	0	0	0	0	1	0	0	0	0	2
오렌브리간딘토	오렌브리간딘토	6	28200	1	0	0	0	6000	-22	0	0	0	0	0	0	0	0	0	2	0	11	0	0	0	0	1
수오미로브풍	수오미로브풍	4	3200	1	0	0	0	3000	-11	0	0	0	0	0	0	0	0	0	4	0	1	0	0	0	0	1
호박램프	호박램프	1	1000000	1	0	0	0	10000	0	0	0	0	0	0	0	0	0	0	0	0	1	0	0	1m3	1m5	2
가발 M29(7일)	가발 M29(7일)	0	100	1	1	1	0	15000000	-2	0	0	0	0	0	0	0	0	0	0	0	1	10	1	0	0	0
수오미매직스커트풍	수오미매직스커트풍	4	3000	1	0	0	0	3000	-11	0	0	0	0	0	0	0	0	0	3	0	1	0	0	0	0	1
세토아의루비귀걸이	세토아의루비귀걸이	1	50000	1	0	0	0	1000	0	0	0	0	0	2	0	1	0	0	0	0	11	0	0	0	0	2
썸머의상(남)	썸머의상(남)	0	10	1	1	1	0	3000000	-2	5	5	800	200	0	0	0	0	0	0	0	1	0	0	0	0	0
방패연	방패연	0	900000	1	0	0	0	15000	-11	2	2	0	0	0	0	0	0	0	0	0	1	0	0	0	0	2
[보상]퀸셰어의귀걸이	[보상]퀸셰어의귀걸이	1	1300000	1	0	0	0	8000	0	0	0	0	0	0	0	0	0	0	0	0	11	0	0	0	0	2
남자한복설빔(+2)FX	남자한복설빔(+2)FX	0	1000000000	0	0	1	0	3000000	-3	5	5	500	500	0	0	0	0	0	0	0	1	0	0	0	0	0
헤2	헤2	1	10	1	1	1	0	1000000	-8	0	0	0	0	0	0	0	0	0	0	0	1	10	0	0	0	1
수오미풍월도복	수오미풍월도복	8	16850	1	0	0	0	9000	-29	0	0	0	0	0	0	0	0	0	5	0	41	0	0	0	0	1
풍요의기사단방패	풍요의기사단방패	9	93750	1	0	0	0	17000	-20	0	1	0	0	0	0	0	0	0	0	0	99	0	3	0	0	2
금팔찌	금팔찌	5	150000	1	0	0	0	9000	-4	0	0	0	0	0	3	0	0	0	5	0	99	0	0	0	0	2
진빨강색부츠	진빨강색부츠	2	300000	1	0	0	0	10000	0	0	0	0	0	0	1	0	0	0	0	0	11	0	0	0	0	2
커스아룬다이트	커스아룬다이트	10	3300000	1	0	0	0	1300000	5	10	10	1000	-500	-1	-1	0	0	0	1	1	99	0	1	574m594	67m69	2
볼륨펌헤어(여)FX	볼륨펌헤어(여)FX	0	10	1	1	1	0	3000000	-7	2	2	500	500	0	0	0	0	0	0	0	1	0	0	0	0	1
냐므냐므펫	냐므냐므펫	0	10	1	1	1	0	15000000	-1	3	3	0	0	0	0	0	0	0	0	0	1	0	0	0	0	2
밀레스튜닉	밀레스튜닉	4	950	1	0	0	0	3000	-11	0	0	0	0	0	0	0	0	0	1	0	1	0	0	0	0	1
루어스코르스	루어스코르스	9	17900	1	0	0	0	9000	-30	0	0	0	0	0	0	0	0	0	2	0	41	0	0	0	0	1
밀레스다크로럼	밀레스다크로럼	10	28750	1	0	0	0	15000	-40	0	0	0	0	0	0	0	0	0	3	0	99	0	0	0	0	0
라멜1	라멜	2	30000000	0	0	0	0	131500	-8	0	0	800	200	0	0	0	0	0	2	1	99	0	1	0	0	1
골드네일(ac+1)	골드네일(ac+1)	4	350000	1	0	0	0	5000	-5	0	0	0	0	0	0	0	0	0	5	1	99	10	0	0	0	2
손오공헤어(여)	손오공헤어(여)	0	10	1	1	1	0	3000000	-7	2	2	200	800	0	0	0	0	0	0	0	1	0	0	0	0	1
파랑고글	파랑고글	1	1500000	1	0	0	0	30000	0	0	0	0	0	0	0	0	0	0	0	0	1	0	0	0	0	2
니에펫(+2)	니에펫(+2)	0	10	1	1	1	0	15000000	-1	3	3	0	0	0	0	0	0	0	0	0	1	6	1	0	0	2
화랑복건6	화랑복건	0	10	1	1	1	0	3000000	-3	0	0	0	0	0	0	0	0	0	0	0	1	0	0	0	0	0
비취색머플러	비취색머플러	0	10	1	1	1	0	10000000	-1	3	3	0	0	0	0	0	0	0	0	0	1	10	1	0	0	2
수오미연무복화	수오미연무복화	4	4250	1	0	0	0	3000	-14	0	0	0	0	0	0	0	0	0	5	0	1	0	0	0	0	1
매직스커트토	매직스커트토	4	2250	1	0	0	0	3000	-10	0	0	0	0	0	0	0	0	0	3	0	1	0	0	0	0	1
외눈안경	외눈안경	1	500	1	0	0	0	50000	0	0	0	0	0	0	0	0	0	0	0	0	11	0	0	0	0	0
밀레스로럼풍	밀레스로럼풍	6	59000	1	0	0	0	9000	-27	0	0	0	0	0	0	0	0	0	3	0	41	0	0	0	0	0
채찍	채찍	10	20000	1	0	0	0	6000	0	0	0	0	0	0	0	0	0	0	2	0	26	0	0	20m80	3m9	2
수오미맨틀풍	수오미맨틀풍	7	63200	1	0	0	0	9000	-29	0	0	0	0	0	0	0	0	0	4	0	41	0	0	0	0	0
밀레스네크로브	밀레스네크로브	14	30800	1	0	0	0	15000	-43	0	0	0	0	0	0	0	0	0	4	0	99	0	0	0	0	0
타고르캐프린	타고르캐프린	0	1000000000	1	0	0	0	3000000	-10	0	0	0	0	0	0	0	0	0	0	0	1	0	0	0	0	1
로오의기사단방패	로오의기사단방패	9	93750	1	0	0	0	17000	-20	0	0	0	0	0	0	1	0	0	0	0	99	0	3	0	0	2
흑요석소서러반지	흑요석소서러반지	0	12000	0	0	0	1	12000	-1	0	1	100	300	0	0	1	0	0	3	0	99	0	0	0	0	2
가발 W20(30일)	가발 W20(30일)	0	100	1	1	1	0	15000000	-2	0	0	0	0	0	0	0	0	0	0	0	1	10	1	0	0	1
아마존아머토	아마존아머토	16	104850	1	0	0	0	15000	-38	0	0	0	0	0	0	0	0	0	1	0	56	0	0	0	0	1
가발 W36	가발 W36	0	100	1	1	1	0	15000000	-2	0	0	0	0	0	0	0	0	0	0	0	1	10	1	0	0	1
풍월도복화	풍월도복화	8	84250	1	0	0	0	9000	-33	0	0	0	0	0	0	0	0	0	5	0	41	0	0	0	0	1
마법의금장갑	마법의금장갑	5	600000	1	0	0	0	9000	-4	0	0	0	50	0	0	0	0	0	0	0	99	0	0	0	0	2
크림슨부츠(30일)	크림슨부츠(30일)	0	10	1	1	1	0	10000000	0	0	0	0	0	0	0	0	0	0	0	0	1	10	0	0	0	2
펜리르의투구(+1)	펜리르의투구(+1)	0	1000000000	0	0	0	0	30000	-7	2	2	500	500	0	0	0	0	0	0	0	1	0	0	0	0	2
바르도클토	바르도클토	18	104700	1	0	0	0	15000	-52	0	0	0	0	0	0	0	0	0	2	0	99	0	0	0	0	0
가죽팔찌	가죽팔찌	2	3000	1	0	0	0	3000	-1	0	0	0	0	0	0	0	0	0	5	0	11	0	0	0	0	2
수오미다크로럼화	수오미다크로럼화	10	143750	1	0	0	0	15000	-44	0	0	0	0	0	0	0	0	0	3	0	99	0	0	0	0	0
밀레스태산도복	밀레스태산도복	14	32850	1	0	0	0	15000	-48	0	0	0	0	0	0	0	0	0	5	0	99	0	0	0	0	0
로오의호안석반지	로오의호안석반지	1	250000	1	0	0	0	4000	0	0	0	200	100	0	0	1	0	0	0	0	11	0	0	0	0	2
러블리하트링	러블리하트링	1	500000	1	0	0	0	5000	0	0	0	200	200	0	0	0	0	0	0	0	11	10	0	0	0	2
Effect-훌라후프	Effect-훌라후프	0	10	1	1	1	0	3000000	-1	3	3	0	0	0	0	0	0	0	0	0	1	10	1	0	0	2
흑비화무갑주(남)	흑비화무갑주(남)	0	3000000	0	0	0	0	3000000	-81	2	2	1800	-500	2	-1	-2	3	-5	1	1	99	1	3	0	0	0
흑비화무투구(남)	흑비화무투구(남)	0	1300000	0	0	0	0	231000	-13	0	0	800	500	0	0	0	0	0	1	1	99	0	1	0	0	0
흑비화무갑주(여)	흑비화무갑주(여)	0	3000000	0	0	0	0	3000000	-81	2	2	1800	-500	2	-1	-2	3	-5	1	1	99	1	3	0	0	1
흑비화무투구(여)	흑비화무투구(여)	0	1300000	0	0	0	0	231000	-13	0	0	800	500	0	0	0	0	0	1	1	99	0	1	0	0	1
흑비현진의(남)	흑비현진의(남)	0	3000000	0	0	0	0	3000000	-72	2	2	1500	300	2	2	-1	1	1	2	1	99	1	3	0	0	0
흑비현진건(남)	흑비현진건(남)	0	1300000	0	0	0	0	231000	-9	0	0	800	400	0	0	0	0	0	2	1	99	0	1	0	0	0
흑비현진의(여)	흑비현진의(여)	0	3000000	0	0	0	0	3000000	-72	2	2	1500	300	2	2	-1	1	1	2	1	99	1	3	0	0	1
흑비현진건(여)	흑비현진건(여)	0	1300000	0	0	0	0	231000	-9	0	0	800	400	0	0	0	0	0	2	1	99	0	1	0	0	1
흑비화후의(남)	흑비화후의(남)	0	3000000	0	0	0	0	3000000	-62	2	2	1400	500	1	1	3	1	-3	3	1	99	1	3	0	0	0
흑비화후관(남)	흑비화후관(남)	0	1300000	0	0	0	0	231000	-8	0	0	600	600	0	0	0	0	0	3	1	99	0	1	0	0	0
흑비화후의(여)	흑비화후의(여)	0	3000000	0	0	0	0	3000000	-62	2	2	1400	500	1	1	3	1	-3	3	1	99	1	3	0	0	1
흑비화후관(여)	흑비화후관(여)	0	1300000	0	0	0	0	231000	-8	0	0	600	600	0	0	0	0	0	3	1	99	0	1	0	0	1
흑비류선의(남)	흑비류선의(남)	0	3000000	0	0	0	0	3000000	-60	2	2	1300	500	2	1	1	1	-2	4	1	99	1	3	0	0	0
흑비류선후(남)	흑비류선후(남)	0	1300000	0	0	0	0	231000	-8	0	0	600	500	0	0	0	0	0	4	1	99	0	1	0	0	0
흑비류선의(여)	흑비류선의(여)	0	3000000	0	0	0	0	3000000	-60	2	2	1300	500	2	1	1	1	-2	4	1	99	1	3	0	0	1
흑비류선후(여)	흑비류선후(여)	0	1300000	0	0	0	0	231000	-8	0	0	600	500	0	0	0	0	0	4	1	99	0	1	0	0	1
흑태극의(남)	흑태극의(남)	0	3000000	0	0	0	0	3000000	-74	2	2	1500	500	2	2	-2	1	-2	5	1	99	1	3	0	0	0
흑태극현(남)	흑태극현(남)	0	1300000	0	0	0	0	231000	-9	0	0	1000	400	0	0	0	0	0	5	1	99	0	1	0	0	0
흑태극의(여)	흑태극의(여)	0	3000000	0	0	0	0	3000000	-74	2	2	1500	500	2	2	-2	1	-2	5	1	99	1	3	0	0	1
흑태극현(여)	흑태극현(여)	0	1300000	0	0	0	0	231000	-9	0	0	1000	400	0	0	0	0	0	5	1	99	0	1	0	0	1
흑비화무갑주(남)(+1)	흑비화무갑주(남)(+1)	0	3000000	0	0	0	0	3000000	-82	2	2	2000	-600	4	-2	-3	5	-6	1	1	99	1	3	0	0	0
흑비화무투구(남)(+1)	흑비화무투구(남)(+1)	0	1300000	0	0	0	0	231000	-14	0	0	1000	600	0	0	0	0	0	1	1	99	0	1	0	0	0
흑비화무갑주(여)(+1)	흑비화무갑주(여)(+1)	0	3000000	0	0	0	0	3000000	-82	2	2	2000	-600	4	-2	-3	5	-6	1	1	99	1	3	0	0	1
흑비화무투구(여)(+1)	흑비화무투구(여)(+1)	0	1300000	0	0	0	0	231000	-14	0	0	1000	600	0	0	0	0	0	1	1	99	0	1	0	0	1
흑비현진의(남)(+1)	흑비현진의(남)(+1)	0	3000000	0	0	0	0	3000000	-73	2	2	1700	400	4	4	-2	3	3	2	1	99	1	3	0	0	0
흑비현진건(남)(+1)	흑비현진건(남)(+1)	0	1300000	0	0	0	0	231000	-10	0	0	1000	500	0	0	0	0	0	2	1	99	0	1	0	0	0
흑비현진의(여)(+1)	흑비현진의(여)(+1)	0	3000000	0	0	0	0	3000000	-73	2	2	1700	600	4	4	-2	3	3	2	1	99	1	3	0	0	1
흑비현진건(여)(+1)	흑비현진건(여)(+1)	0	1300000	0	0	0	0	231000	-10	0	0	1000	500	0	0	0	0	0	2	1	99	0	1	0	0	1
흑비화후의(남)(+1)	흑비화후의(남)(+1)	0	3000000	0	0	0	0	3000000	-63	2	2	1600	600	3	3	5	3	-4	3	1	99	1	3	0	0	0
흑비화후관(남)(+1)	흑비화후관(남)(+1)	0	1300000	0	0	0	0	231000	-9	0	0	1000	700	0	0	0	0	0	3	1	99	0	1	0	0	0
흑비화후의(여)(+1)	흑비화후의(여)(+1)	0	3000000	0	0	0	0	3000000	-63	2	2	1600	600	3	3	5	3	-4	3	1	99	1	3	0	0	1
흑비화후관(여)(+1)	흑비화후관(여)(+1)	0	1300000	0	0	0	0	231000	-9	0	0	1000	700	0	0	0	0	0	3	1	99	0	1	0	0	1
흑비류선의(남)(+1)	흑비류선의(남)(+1)	0	3000000	0	0	0	0	3000000	-61	2	2	1500	600	4	3	3	3	-3	4	1	99	1	3	0	0	0
흑비류선후(남)(+1)	흑비류선후(남)(+1)	0	1300000	0	0	0	0	231000	-9	0	0	800	600	0	0	0	0	0	4	1	99	0	1	0	0	0
흑비류선의(여)(+1)	흑비류선의(여)(+1)	0	3000000	0	0	0	0	3000000	-61	2	2	1500	600	4	3	3	3	-3	4	1	99	1	3	0	0	1
흑비류선후(여)(+1)	흑비류선후(여)(+1)	0	1300000	0	0	0	0	231000	-9	0	0	800	600	0	0	0	0	0	4	1	99	0	1	0	0	1
흑태극의(남)(+1)	흑태극의(남)(+1)	0	3000000	0	0	0	0	3000000	-75	2	2	1700	600	4	4	-3	3	-3	5	1	99	1	3	0	0	0
흑태극현(남)(+1)	흑태극현(남)(+1)	0	1300000	0	0	0	0	231000	-10	0	0	1200	500	0	0	0	0	0	5	1	99	0	1	0	0	0
흑태극의(여)(+1)	흑태극의(여)(+1)	0	3000000	0	0	0	0	3000000	-75	2	2	1700	600	4	4	-3	3	-3	5	1	99	1	3	0	0	1
흑태극현(여)(+1)	흑태극현(여)(+1)	0	1300000	0	0	0	0	231000	-10	0	0	1200	500	0	0	0	0	0	5	1	99	0	1	0	0	1
흑비화무갑주(남)(+2)	흑비화무갑주(남)(+2)	0	3000000	0	0	0	0	3000000	-83	2	2	2200	-700	6	-3	-4	7	-7	1	1	99	1	3	0	0	0
흑비화무투구(남)(+2)	흑비화무투구(남)(+2)	0	1300000	0	0	0	0	231000	-15	0	0	1200	700	0	0	0	0	0	1	1	99	0	1	0	0	0
흑비화무갑주(여)(+2)	흑비화무갑주(여)(+2)	0	3000000	0	0	0	0	3000000	-83	2	2	2200	-700	6	-3	-4	7	-7	1	1	99	1	3	0	0	1
흑비화무투구(여)(+2)	흑비화무투구(여)(+2)	0	1300000	0	0	0	0	231000	-15	0	0	1200	700	0	0	0	0	0	1	1	99	0	1	0	0	1
흑비현진의(남)(+2)	흑비현진의(남)(+2)	0	3000000	0	0	0	0	3000000	-74	2	2	1900	500	6	6	-3	5	5	2	1	99	1	3	0	0	0
흑비현진건(남)(+2)	흑비현진건(남)(+2)	0	1300000	0	0	0	0	231000	-11	0	0	1200	600	0	0	0	0	0	2	1	99	0	1	0	0	0
흑비현진의(여)(+2)	흑비현진의(여)(+2)	0	3000000	0	0	0	0	3000000	-74	2	2	1900	500	6	6	-3	5	5	2	1	99	1	3	0	0	1
흑비현진건(여)(+2)	흑비현진건(여)(+2)	0	1300000	0	0	0	0	231000	-11	0	0	1200	600	0	0	0	0	0	2	1	99	0	1	0	0	1
흑비화후의(남)(+2)	흑비화후의(남)(+2)	0	3000000	0	0	0	0	3000000	-64	2	2	1800	700	5	5	7	5	-5	3	1	99	1	3	0	0	0
흑비화후관(남)(+2)	흑비화후관(남)(+2)	0	1300000	0	0	0	0	231000	-10	0	0	1200	800	0	0	0	0	0	3	1	99	0	1	0	0	0
흑비화후의(여)(+2)	흑비화후의(여)(+2)	0	3000000	0	0	0	0	3000000	-64	2	2	1800	700	5	5	7	5	-5	3	1	99	1	3	0	0	1
흑비화후관(여)(+2)	흑비화후관(여)(+2)	0	1300000	0	0	0	0	231000	-10	0	0	1200	800	0	0	0	0	0	3	1	99	0	1	0	0	1
흑비류선의(남)(+2)	흑비류선의(남)(+2)	0	3000000	0	0	0	0	3000000	-62	2	2	1700	700	6	5	5	5	-4	4	1	99	1	3	0	0	0
흑비류선후(남)(+2)	흑비류선후(남)(+2)	0	1300000	0	0	0	0	231000	-10	0	0	1000	700	0	0	0	0	0	4	1	99	0	1	0	0	0
흑비류선의(여)(+2)	흑비류선의(여)(+2)	0	3000000	0	0	0	0	3000000	-62	2	2	1700	700	6	5	5	5	-4	4	1	99	1	3	0	0	1
흑비류선후(여)(+2)	흑비류선후(여)(+2)	0	1300000	0	0	0	0	231000	-10	0	0	1000	700	0	0	0	0	0	4	1	99	0	1	0	0	1
흑태극의(남)(+2)	흑태극의(남)(+2)	0	3000000	0	0	0	0	3000000	-76	2	2	1900	700	6	6	-4	5	-4	5	1	99	1	3	0	0	0
흑태극현(남)(+2)	흑태극현(남)(+2)	0	1300000	0	0	0	0	231000	-11	0	0	1400	600	0	0	0	0	0	5	1	99	0	1	0	0	0
흑태극의(여)(+2)	흑태극의(여)(+2)	0	3000000	0	0	0	0	3000000	-76	2	2	1900	700	6	6	-4	5	-4	5	1	99	1	3	0	0	1
흑태극현(여)(+2)	흑태극현(여)(+2)	0	1300000	0	0	0	0	231000	-11	0	0	1400	600	0	0	0	0	0	5	1	99	0	1	0	0	1
흑비화무갑주(남)(+3)	흑비화무갑주(남)(+3)	0	3000000	0	0	0	0	3000000	-84	2	2	2400	-800	8	-4	-5	9	-8	1	1	99	1	3	0	0	0
흑비화무투구(남)(+3)	흑비화무투구(남)(+3)	0	1300000	0	0	0	0	231000	-16	0	0	1400	800	0	0	0	0	0	1	1	99	0	1	0	0	0
흑비화무갑주(여)(+3)	흑비화무갑주(여)(+3)	0	3000000	0	0	0	0	3000000	-84	2	2	2400	-800	8	-4	-5	9	-8	1	1	99	1	3	0	0	1
흑비화무투구(여)(+3)	흑비화무투구(여)(+3)	0	1300000	0	0	0	0	231000	-16	0	0	1400	800	0	0	0	0	0	1	1	99	0	1	0	0	1
흑비현진의(남)(+3)	흑비현진의(남)(+3)	0	3000000	0	0	0	0	3000000	-75	2	2	2100	600	8	8	-4	7	7	2	1	99	1	3	0	0	0
흑비현진건(남)(+3)	흑비현진건(남)(+3)	0	1300000	0	0	0	0	231000	-12	0	0	1400	700	0	0	0	0	0	2	1	99	0	1	0	0	0
흑비현진의(여)(+3)	흑비현진의(여)(+3)	0	3000000	0	0	0	0	3000000	-75	2	2	2100	600	8	8	-4	7	7	2	1	99	1	3	0	0	1
흑비현진건(여)(+3)	흑비현진건(여)(+3)	0	1300000	0	0	0	0	231000	-12	0	0	1400	700	0	0	0	0	0	2	1	99	0	1	0	0	1
흑비화후의(남)(+3)	흑비화후의(남)(+3)	0	3000000	0	0	0	0	3000000	-65	2	2	2000	800	7	7	9	7	-6	3	1	99	1	3	0	0	0
흑비화후관(남)(+3)	흑비화후관(남)(+3)	0	1300000	0	0	0	0	231000	-11	0	0	1400	900	0	0	0	0	0	3	1	99	0	1	0	0	0
흑비화후의(여)(+3)	흑비화후의(여)(+3)	0	3000000	0	0	0	0	3000000	-65	2	2	2000	800	7	7	9	7	-6	3	1	99	1	3	0	0	1
흑비화후관(여)(+3)	흑비화후관(여)(+3)	0	1300000	0	0	0	0	231000	-11	0	0	1400	900	0	0	0	0	0	3	1	99	0	1	0	0	1
흑비류선의(남)(+3)	흑비류선의(남)(+3)	0	3000000	0	0	0	0	3000000	-63	2	2	1900	800	8	7	7	7	-5	4	1	99	1	3	0	0	0
흑비류선후(남)(+3)	흑비류선후(남)(+3)	0	1300000	0	0	0	0	231000	-11	0	0	1200	800	0	0	0	0	0	4	1	99	0	1	0	0	0
흑비류선의(여)(+3)	흑비류선의(여)(+3)	0	3000000	0	0	0	0	3000000	-63	2	2	1900	800	8	7	7	7	-5	4	1	99	1	3	0	0	1
흑비류선후(여)(+3)	흑비류선후(여)(+3)	0	1300000	0	0	0	0	231000	-11	0	0	1200	800	0	0	0	0	0	4	1	99	0	1	0	0	1
흑태극의(남)(+3)	흑태극의(남)(+3)	0	3000000	0	0	0	0	3000000	-77	2	2	2100	800	8	8	-5	7	-5	5	1	99	1	3	0	0	0
흑태극현(남)(+3)	흑태극현(남)(+3)	0	1300000	0	0	0	0	231000	-12	0	0	1600	700	0	0	0	0	0	5	1	99	0	1	0	0	0
흑태극의(여)(+3)	흑태극의(여)(+3)	0	3000000	0	0	0	0	3000000	-77	2	2	2100	800	8	8	-5	7	-5	5	1	99	1	3	0	0	1
흑태극현(여)(+3)	흑태극현(여)(+3)	0	1300000	0	0	0	0	231000	-12	0	0	1600	700	0	0	0	0	0	5	1	99	0	1	0	0	1
흑비화무갑주(남)(+4)	흑비화무갑주(남)(+4)	0	3000000	0	0	0	0	3000000	-85	2	2	2600	-900	10	-5	-6	11	-9	1	1	99	1	3	0	0	0
흑비화무투구(남)(+4)	흑비화무투구(남)(+4)	0	1300000	0	0	0	0	231000	-17	0	0	1600	900	0	0	0	0	0	1	1	99	0	1	0	0	0
흑비화무갑주(여)(+4)	흑비화무갑주(여)(+4)	0	3000000	0	0	0	0	3000000	-85	2	2	2600	-900	10	-5	-6	11	-9	1	1	99	1	3	0	0	1
흑비화무투구(여)(+4)	흑비화무투구(여)(+4)	0	1300000	0	0	0	0	231000	-17	0	0	1600	900	0	0	0	0	0	1	1	99	0	1	0	0	1
흑비현진의(남)(+4)	흑비현진의(남)(+4)	0	3000000	0	0	0	0	3000000	-76	2	2	2300	700	10	10	-5	9	9	2	1	99	1	3	0	0	0
흑비현진건(남)(+4)	흑비현진건(남)(+4)	0	1300000	0	0	0	0	231000	-13	0	0	1600	800	0	0	0	0	0	2	1	99	0	1	0	0	0
흑비현진의(여)(+4)	흑비현진의(여)(+4)	0	3000000	0	0	0	0	3000000	-76	2	2	2300	700	10	10	-5	9	9	2	1	99	1	3	0	0	1
흑비현진건(여)(+4)	흑비현진건(여)(+4)	0	1300000	0	0	0	0	231000	-13	0	0	1600	800	0	0	0	0	0	2	1	99	0	1	0	0	1
흑비화후의(남)(+4)	흑비화후의(남)(+4)	0	3000000	0	0	0	0	3000000	-66	2	2	2200	900	9	9	11	9	-7	3	1	99	1	3	0	0	0
흑비화후관(남)(+4)	흑비화후관(남)(+4)	0	1300000	0	0	0	0	231000	-12	0	0	1600	1000	0	0	0	0	0	3	1	99	0	1	0	0	0
흑비화후의(여)(+4)	흑비화후의(여)(+4)	0	3000000	0	0	0	0	3000000	-66	2	2	2200	900	9	9	11	9	-7	3	1	99	1	3	0	0	1
흑비화후관(여)(+4)	흑비화후관(여)(+4)	0	1300000	0	0	0	0	231000	-12	0	0	1600	1000	0	0	0	0	0	3	1	99	0	1	0	0	1
흑비류선의(남)(+4)	흑비류선의(남)(+4)	0	3000000	0	0	0	0	3000000	-64	2	2	2100	900	10	9	9	9	-6	4	1	99	1	3	0	0	0
흑비류선후(남)(+4)	흑비류선후(남)(+4)	0	1300000	0	0	0	0	231000	-12	0	0	1400	900	0	0	0	0	0	4	1	99	0	1	0	0	0
흑비류선의(여)(+4)	흑비류선의(여)(+4)	0	3000000	0	0	0	0	3000000	-64	2	2	2100	900	10	9	9	9	-6	4	1	99	1	3	0	0	1
흑비류선후(여)(+4)	흑비류선후(여)(+4)	0	1300000	0	0	0	0	231000	-12	0	0	1400	900	0	0	0	0	0	4	1	99	0	1	0	0	1
흑태극의(남)(+4)	흑태극의(남)(+4)	0	3000000	0	0	0	0	3000000	-78	2	2	2300	900	10	10	-6	9	-6	5	1	99	1	3	0	0	0
흑태극현(남)(+4)	흑태극현(남)(+4)	0	1300000	0	0	0	0	231000	-13	0	0	1800	800	0	0	0	0	0	5	1	99	0	1	0	0	0
흑태극의(여)(+4)	흑태극의(여)(+4)	0	3000000	0	0	0	0	3000000	-78	2	2	2300	900	10	10	-6	9	-6	5	1	99	1	3	0	0	1
흑태극현(여)(+4)	흑태극현(여)(+4)	0	1300000	0	0	0	0	231000	-13	0	0	1800	800	0	0	0	0	0	5	1	99	0	1	0	0	1
흑비화무갑주(남)(+5)	흑비화무갑주(남)(+5)	0	3000000	0	0	0	0	3000000	-86	2	2	2800	-1000	12	-6	-7	13	-10	1	1	99	1	3	0	0	0
흑비화무투구(남)(+5)	흑비화무투구(남)(+5)	0	1300000	0	0	0	0	231000	-18	0	0	1800	1000	0	0	0	0	0	1	1	99	0	1	0	0	0
흑비화무갑주(여)(+5)	흑비화무갑주(여)(+5)	0	3000000	0	0	0	0	3000000	-86	2	2	2800	-1000	12	-6	-7	13	-10	1	1	99	1	3	0	0	1
흑비화무투구(여)(+5)	흑비화무투구(여)(+5)	0	1300000	0	0	0	0	231000	-18	0	0	1800	1000	0	0	0	0	0	1	1	99	0	1	0	0	1
흑비현진의(남)(+5)	흑비현진의(남)(+5)	0	3000000	0	0	0	0	3000000	-77	2	2	2500	800	12	12	-6	11	11	2	1	99	1	3	0	0	0
흑비현진건(남)(+5)	흑비현진건(남)(+5)	0	1300000	0	0	0	0	231000	-14	0	0	1800	900	0	0	0	0	0	2	1	99	0	1	0	0	0
흑비현진의(여)(+5)	흑비현진의(여)(+5)	0	3000000	0	0	0	0	3000000	-77	2	2	2500	800	12	12	-6	11	11	2	1	99	1	3	0	0	1
흑비현진건(여)(+5)	흑비현진건(여)(+5)	0	1300000	0	0	0	0	231000	-14	0	0	1800	900	0	0	0	0	0	2	1	99	0	1	0	0	1
흑비화후의(남)(+5)	흑비화후의(남)(+5)	0	3000000	0	0	0	0	3000000	-67	2	2	2400	1000	11	11	13	11	-8	3	1	99	1	3	0	0	0
흑비화후관(남)(+5)	흑비화후관(남)(+5)	0	1300000	0	0	0	0	231000	-13	0	0	1800	1100	0	0	0	0	0	3	1	99	0	1	0	0	0
흑비화후의(여)(+5)	흑비화후의(여)(+5)	0	3000000	0	0	0	0	3000000	-67	2	2	2400	1000	11	11	13	11	-8	3	1	99	1	3	0	0	1
흑비화후관(여)(+5)	흑비화후관(여)(+5)	0	1300000	0	0	0	0	231000	-13	0	0	1800	1100	0	0	0	0	0	3	1	99	0	1	0	0	1
흑비류선의(남)(+5)	흑비류선의(남)(+5)	0	3000000	0	0	0	0	3000000	-65	2	2	2300	1000	12	11	11	11	-7	4	1	99	1	3	0	0	0
흑비류선후(남)(+5)	흑비류선후(남)(+5)	0	1300000	0	0	0	0	231000	-13	0	0	1600	1000	0	0	0	0	0	4	1	99	0	1	0	0	0
흑비류선의(여)(+5)	흑비류선의(여)(+5)	0	3000000	0	0	0	0	3000000	-65	2	2	2300	1000	12	11	11	11	-7	4	1	99	1	3	0	0	1
흑비류선후(여)(+5)	흑비류선후(여)(+5)	0	1300000	0	0	0	0	231000	-13	0	0	1600	1000	0	0	0	0	0	4	1	99	0	1	0	0	1
흑태극의(남)(+5)	흑태극의(남)(+5)	0	3000000	0	0	0	0	3000000	-79	2	2	2500	1000	12	12	-7	11	-7	5	1	99	1	3	0	0	0
흑태극현(남)(+5)	흑태극현(남)(+5)	0	1300000	0	0	0	0	231000	-14	0	0	2000	900	0	0	0	0	0	5	1	99	0	1	0	0	0
흑태극의(여)(+5)	흑태극의(여)(+5)	0	3000000	0	0	0	0	3000000	-79	2	2	2500	1000	12	12	-7	11	-7	5	1	99	1	3	0	0	1
흑태극현(여)(+5)	흑태극현(여)(+5)	0	1300000	0	0	0	0	231000	-14	0	0	2000	900	0	0	0	0	0	5	1	99	0	1	0	0	1
흑비화무갑주(남)(+6)	흑비화무갑주(남)(+6)	0	3000000	0	0	0	0	3000000	-87	2	2	3000	-1100	14	-7	-8	15	-11	1	1	99	1	3	0	0	0
흑비화무투구(남)(+6)	흑비화무투구(남)(+6)	0	1300000	0	0	0	0	231000	-19	0	0	2000	1100	0	0	0	0	0	1	1	99	0	1	0	0	0
흑비화무갑주(여)(+6)	흑비화무갑주(여)(+6)	0	3000000	0	0	0	0	3000000	-87	2	2	3000	-1100	14	-7	-8	15	-11	1	1	99	1	3	0	0	1
흑비화무투구(여)(+6)	흑비화무투구(여)(+6)	0	1300000	0	0	0	0	231000	-19	0	0	2000	1100	0	0	0	0	0	1	1	99	0	1	0	0	1
흑비현진의(남)(+6)	흑비현진의(남)(+6)	0	3000000	0	0	0	0	3000000	-78	2	2	2700	900	14	14	-7	13	13	2	1	99	1	3	0	0	0
흑비현진건(남)(+6)	흑비현진건(남)(+6)	0	1300000	0	0	0	0	231000	-15	0	0	2000	1000	0	0	0	0	0	2	1	99	0	1	0	0	0
흑비현진의(여)(+6)	흑비현진의(여)(+6)	0	3000000	0	0	0	0	3000000	-78	2	2	2700	900	14	14	-7	13	13	2	1	99	1	3	0	0	1
흑비현진건(여)(+6)	흑비현진건(여)(+6)	0	1300000	0	0	0	0	231000	-15	0	0	2000	1000	0	0	0	0	0	2	1	99	0	1	0	0	1
흑비화후의(남)(+6)	흑비화후의(남)(+6)	0	3000000	0	0	0	0	3000000	-68	2	2	2600	1100	13	13	15	13	-9	3	1	99	1	3	0	0	0
흑비화후관(남)(+6)	흑비화후관(남)(+6)	0	1300000	0	0	0	0	231000	-14	0	0	2000	1200	0	0	0	0	0	3	1	99	0	1	0	0	0
흑비화후의(여)(+6)	흑비화후의(여)(+6)	0	3000000	0	0	0	0	3000000	-68	2	2	2600	1100	13	13	15	13	-9	3	1	99	1	3	0	0	1
흑비화후관(여)(+6)	흑비화후관(여)(+6)	0	1300000	0	0	0	0	231000	-14	0	0	2000	1200	0	0	0	0	0	3	1	99	0	1	0	0	1
흑비류선의(남)(+6)	흑비류선의(남)(+6)	0	3000000	0	0	0	0	3000000	-66	2	2	2500	1100	14	13	13	13	-8	4	1	99	1	3	0	0	0
흑비류선후(남)(+6)	흑비류선후(남)(+6)	0	1300000	0	0	0	0	231000	-14	0	0	1800	1100	0	0	0	0	0	4	1	99	0	1	0	0	0
흑비류선의(여)(+6)	흑비류선의(여)(+6)	0	3000000	0	0	0	0	3000000	-66	2	2	2500	1100	14	13	13	13	-8	4	1	99	1	3	0	0	1
흑비류선후(여)(+6)	흑비류선후(여)(+6)	0	1300000	0	0	0	0	231000	-14	0	0	1800	1100	0	0	0	0	0	4	1	99	0	1	0	0	1
흑태극의(남)(+6)	흑태극의(남)(+6)	0	3000000	0	0	0	0	3000000	-80	2	2	2700	1100	14	14	-8	13	-8	5	1	99	1	3	0	0	0
흑태극현(남)(+6)	흑태극현(남)(+6)	0	1300000	0	0	0	0	231000	-15	0	0	2200	1000	0	0	0	0	0	5	1	99	0	1	0	0	0
흑태극의(여)(+6)	흑태극의(여)(+6)	0	3000000	0	0	0	0	3000000	-80	2	2	2700	1100	14	14	-8	13	-8	5	1	99	1	3	0	0	1
흑태극현(여)(+6)	흑태극현(여)(+6)	0	1300000	0	0	0	0	231000	-15	0	0	2200	1000	0	0	0	0	0	5	1	99	0	1	0	0	1
흑비화무갑주(남)(+7)	흑비화무갑주(남)(+7)	0	3000000	0	0	0	0	3000000	-88	2	2	3200	-1200	16	-8	-9	17	-12	1	1	99	1	3	0	0	0
흑비화무투구(남)(+7)	흑비화무투구(남)(+7)	0	1300000	0	0	0	0	231000	-20	0	0	2200	1200	0	0	0	0	0	1	1	99	0	1	0	0	0
흑비화무갑주(여)(+7)	흑비화무갑주(여)(+7)	0	3000000	0	0	0	0	3000000	-88	2	2	3200	-1200	16	-8	-9	17	-12	1	1	99	1	3	0	0	1
흑비화무투구(여)(+7)	흑비화무투구(여)(+7)	0	1300000	0	0	0	0	231000	-20	0	0	2200	1200	0	0	0	0	0	1	1	99	0	1	0	0	1
흑비현진의(남)(+7)	흑비현진의(남)(+7)	0	3000000	0	0	0	0	3000000	-79	2	2	2900	1000	16	16	-8	15	15	2	1	99	1	3	0	0	0
흑비현진건(남)(+7)	흑비현진건(남)(+7)	0	1300000	0	0	0	0	231000	-16	0	0	2200	1100	0	0	0	0	0	2	1	99	0	1	0	0	0
흑비현진의(여)(+7)	흑비현진의(여)(+7)	0	3000000	0	0	0	0	3000000	-79	2	2	2900	1000	16	16	-8	15	15	2	1	99	1	3	0	0	1
흑비현진건(여)(+7)	흑비현진건(여)(+7)	0	1300000	0	0	0	0	231000	-16	0	0	2200	1100	0	0	0	0	0	2	1	99	0	1	0	0	1
흑비화후의(남)(+7)	흑비화후의(남)(+7)	0	3000000	0	0	0	0	3000000	-69	2	2	2800	1200	15	15	17	15	-10	3	1	99	1	3	0	0	0
흑비화후관(남)(+7)	흑비화후관(남)(+7)	0	1300000	0	0	0	0	231000	-15	0	0	2200	1300	0	0	0	0	0	3	1	99	0	1	0	0	0
흑비화후의(여)(+7)	흑비화후의(여)(+7)	0	3000000	0	0	0	0	3000000	-69	2	2	2800	1200	15	15	17	15	-10	3	1	99	1	3	0	0	1
흑비화후관(여)(+7)	흑비화후관(여)(+7)	0	1300000	0	0	0	0	231000	-15	0	0	2200	1300	0	0	0	0	0	3	1	99	0	1	0	0	1
흑비류선의(남)(+7)	흑비류선의(남)(+7)	0	3000000	0	0	0	0	3000000	-67	2	2	2700	1200	16	15	15	15	-9	4	1	99	1	3	0	0	0
흑비류선후(남)(+7)	흑비류선후(남)(+7)	0	1300000	0	0	0	0	231000	-15	0	0	2000	1200	0	0	0	0	0	4	1	99	0	1	0	0	0
흑비류선의(여)(+7)	흑비류선의(여)(+7)	0	3000000	0	0	0	0	3000000	-67	2	2	2700	1200	16	15	15	15	-9	4	1	99	1	3	0	0	1
흑비류선후(여)(+7)	흑비류선후(여)(+7)	0	1300000	0	0	0	0	231000	-15	0	0	2000	1200	0	0	0	0	0	4	1	99	0	1	0	0	1
흑태극의(남)(+7)	흑태극의(남)(+7)	0	3000000	0	0	0	0	3000000	-81	2	2	2900	1200	16	16	-9	15	-9	5	1	99	1	3	0	0	0
흑태극현(남)(+7)	흑태극현(남)(+7)	0	1300000	0	0	0	0	231000	-16	0	0	2400	1100	0	0	0	0	0	5	1	99	0	1	0	0	0
흑태극의(여)(+7)	흑태극의(여)(+7)	0	3000000	0	0	0	0	3000000	-81	2	2	2900	1200	16	16	-9	15	-9	5	1	99	1	3	0	0	1
흑태극현(여)(+7)	흑태극현(여)(+7)	0	1300000	0	0	0	0	231000	-16	0	0	2400	1100	0	0	0	0	0	5	1	99	0	1	0	0	1
흑비화무갑주(남)(+8)	흑비화무갑주(남)(+8)	0	3000000	0	0	0	0	3000000	-89	2	2	3400	-1300	18	-9	-10	19	-13	1	1	99	1	3	0	0	0
흑비화무투구(남)(+8)	흑비화무투구(남)(+8)	0	1300000	0	0	0	0	231000	-21	0	0	2400	1300	0	0	0	0	0	1	1	99	0	1	0	0	0
흑비화무갑주(여)(+8)	흑비화무갑주(여)(+8)	0	3000000	0	0	0	0	3000000	-89	2	2	3400	-1300	18	-9	-10	19	-13	1	1	99	1	3	0	0	1
흑비화무투구(여)(+8)	흑비화무투구(여)(+8)	0	1300000	0	0	0	0	231000	-21	0	0	2400	1300	0	0	0	0	0	1	1	99	0	1	0	0	1
흑비현진의(남)(+8)	흑비현진의(남)(+8)	0	3000000	0	0	0	0	3000000	-80	2	2	3100	1100	18	18	-9	17	17	2	1	99	1	3	0	0	0
흑비현진건(남)(+8)	흑비현진건(남)(+8)	0	1300000	0	0	0	0	231000	-17	0	0	2400	1200	0	0	0	0	0	2	1	99	0	1	0	0	0
흑비현진의(여)(+8)	흑비현진의(여)(+8)	0	3000000	0	0	0	0	3000000	-80	2	2	3100	1100	18	18	-9	17	17	2	1	99	1	3	0	0	1
흑비현진건(여)(+8)	흑비현진건(여)(+8)	0	1300000	0	0	0	0	231000	-17	0	0	2400	1200	0	0	0	0	0	2	1	99	0	1	0	0	1
흑비화후의(남)(+8)	흑비화후의(남)(+8)	0	3000000	0	0	0	0	3000000	-70	2	2	3000	1300	17	17	19	17	-11	3	1	99	1	3	0	0	0
흑비화후관(남)(+8)	흑비화후관(남)(+8)	0	1300000	0	0	0	0	231000	-16	0	0	2400	1400	0	0	0	0	0	3	1	99	0	1	0	0	0
흑비화후의(여)(+8)	흑비화후의(여)(+8)	0	3000000	0	0	0	0	3000000	-70	2	2	3000	1300	17	17	19	17	-11	3	1	99	1	3	0	0	1
흑비화후관(여)(+8)	흑비화후관(여)(+8)	0	1300000	0	0	0	0	231000	-16	0	0	2400	1400	0	0	0	0	0	3	1	99	0	1	0	0	1
흑비류선의(남)(+8)	흑비류선의(남)(+8)	0	3000000	0	0	0	0	3000000	-68	2	2	2900	1300	18	17	17	17	-10	4	1	99	1	3	0	0	0
흑비류선후(남)(+8)	흑비류선후(남)(+8)	0	1300000	0	0	0	0	231000	-16	0	0	2200	1300	0	0	0	0	0	4	1	99	0	1	0	0	0
흑비류선의(여)(+8)	흑비류선의(여)(+8)	0	3000000	0	0	0	0	3000000	-68	2	2	2900	1300	18	17	17	17	-10	4	1	99	1	3	0	0	1
흑비류선후(여)(+8)	흑비류선후(여)(+8)	0	1300000	0	0	0	0	231000	-16	0	0	2200	1300	0	0	0	0	0	4	1	99	0	1	0	0	1
흑태극의(남)(+8)	흑태극의(남)(+8)	0	3000000	0	0	0	0	3000000	-82	2	2	3100	1300	18	18	-10	17	-10	5	1	99	1	3	0	0	0
흑태극현(남)(+8)	흑태극현(남)(+8)	0	1300000	0	0	0	0	231000	-17	0	0	2600	1200	0	0	0	0	0	5	1	99	0	1	0	0	0
흑태극의(여)(+8)	흑태극의(여)(+8)	0	3000000	0	0	0	0	3000000	-82	2	2	3100	1300	18	18	-10	17	-10	5	1	99	1	3	0	0	1
흑태극현(여)(+8)	흑태극현(여)(+8)	0	1300000	0	0	0	0	231000	-17	0	0	2600	1200	0	0	0	0	0	5	1	99	0	1	0	0	1
흑비화무갑주(남)(+9)	흑비화무갑주(남)(+9)	0	3000000	0	0	0	0	3000000	-90	2	2	3600	-1400	20	-10	-11	21	-14	1	1	99	1	3	0	0	0
흑비화무투구(남)(+9)	흑비화무투구(남)(+9)	0	1300000	0	0	0	0	231000	-22	0	0	2600	1400	0	0	0	0	0	1	1	99	0	1	0	0	0
흑비화무갑주(여)(+9)	흑비화무갑주(여)(+9)	0	3000000	0	0	0	0	3000000	-90	2	2	3600	-1400	20	-10	-11	21	-14	1	1	99	1	3	0	0	1
흑비화무투구(여)(+9)	흑비화무투구(여)(+9)	0	1300000	0	0	0	0	231000	-22	0	0	2600	1400	0	0	0	0	0	1	1	99	0	1	0	0	1
흑비현진의(남)(+9)	흑비현진의(남)(+9)	0	3000000	0	0	0	0	3000000	-81	2	2	3300	1200	20	20	-10	19	19	2	1	99	1	3	0	0	0
흑비현진건(남)(+9)	흑비현진건(남)(+9)	0	1300000	0	0	0	0	231000	-18	0	0	2600	1300	0	0	0	0	0	2	1	99	0	1	0	0	0
흑비현진의(여)(+9)	흑비현진의(여)(+9)	0	3000000	0	0	0	0	3000000	-81	2	2	3300	1200	20	20	-10	19	19	2	1	99	1	3	0	0	1
흑비현진건(여)(+9)	흑비현진건(여)(+9)	0	1300000	0	0	0	0	231000	-18	0	0	2600	1300	0	0	0	0	0	2	1	99	0	1	0	0	1
흑비화후의(남)(+9)	흑비화후의(남)(+9)	0	3000000	0	0	0	0	3000000	-71	2	2	3200	1400	19	19	21	19	-12	3	1	99	1	3	0	0	0
흑비화후관(남)(+9)	흑비화후관(남)(+9)	0	1300000	0	0	0	0	231000	-17	0	0	2600	1500	0	0	0	0	0	3	1	99	0	1	0	0	0
흑비화후의(여)(+9)	흑비화후의(여)(+9)	0	3000000	0	0	0	0	3000000	-71	2	2	3200	1400	19	19	21	19	-12	3	1	99	1	3	0	0	1
흑비화후관(여)(+9)	흑비화후관(여)(+9)	0	1300000	0	0	0	0	231000	-17	0	0	2600	1500	0	0	0	0	0	3	1	99	0	1	0	0	1
흑비류선의(남)(+9)	흑비류선의(남)(+9)	0	3000000	0	0	0	0	3000000	-69	2	2	3100	1400	20	19	19	19	-11	4	1	99	1	3	0	0	0
흑비류선후(남)(+9)	흑비류선후(남)(+9)	0	1300000	0	0	0	0	231000	-17	0	0	2400	1400	0	0	0	0	0	4	1	99	0	1	0	0	0
흑비류선의(여)(+9)	흑비류선의(여)(+9)	0	3000000	0	0	0	0	3000000	-69	2	2	3100	1400	20	19	19	19	-11	4	1	99	1	3	0	0	1
흑비류선후(여)(+9)	흑비류선후(여)(+9)	0	1300000	0	0	0	0	231000	-17	0	0	2400	1400	0	0	0	0	0	4	1	99	0	1	0	0	1
흑태극의(남)(+9)	흑태극의(남)(+9)	0	3000000	0	0	0	0	3000000	-83	2	2	3300	1400	20	20	-11	19	-11	5	1	99	1	3	0	0	0
흑태극현(남)(+9)	흑태극현(남)(+9)	0	1300000	0	0	0	0	231000	-18	0	0	2800	1300	0	0	0	0	0	5	1	99	0	1	0	0	0
흑태극의(여)(+9)	흑태극의(여)(+9)	0	3000000	0	0	0	0	3000000	-83	2	2	3300	1400	20	20	-11	19	-11	5	1	99	1	3	0	0	1
흑태극현(여)(+9)	흑태극현(여)(+9)	0	1300000	0	0	0	0	231000	-18	0	0	2800	1300	0	0	0	0	0	5	1	99	0	1	0	0	1
흑비화무갑주(남)(+10)	흑비화무갑주(남)(+10)	0	3000000	0	0	0	0	3000000	-91	2	2	4000	-1500	22	-11	-12	23	-15	1	1	99	1	3	0	0	0
흑비화무투구(남)(+10)	흑비화무투구(남)(+10)	0	1300000	0	0	0	0	231000	-23	0	0	4000	1500	0	0	0	0	0	1	1	99	0	1	0	0	0
흑비화무갑주(여)(+10)	흑비화무갑주(여)(+10)	0	3000000	0	0	0	0	3000000	-91	2	2	4000	-1500	22	-11	-12	23	-15	1	1	99	1	3	0	0	1
흑비화무투구(여)(+10)	흑비화무투구(여)(+10)	0	1300000	0	0	0	0	231000	-23	0	0	4000	1500	0	0	0	0	0	1	1	99	0	1	0	0	1
흑비현진의(남)(+10)	흑비현진의(남)(+10)	0	3000000	0	0	0	0	3000000	-82	2	2	3700	1300	22	22	-11	21	21	2	1	99	1	3	0	0	0
흑비현진건(남)(+10)	흑비현진건(남)(+10)	0	1300000	0	0	0	0	231000	-19	0	0	3000	1400	0	0	0	0	0	2	1	99	0	1	0	0	0
흑비현진의(여)(+10)	흑비현진의(여)(+10)	0	3000000	0	0	0	0	3000000	-82	2	2	3700	1300	22	22	-11	21	21	2	1	99	1	3	0	0	1
흑비현진건(여)(+10)	흑비현진건(여)(+10)	0	1300000	0	0	0	0	231000	-19	0	0	3000	1400	0	0	0	0	0	2	1	99	0	1	0	0	1
흑비화후의(남)(+10)	흑비화후의(남)(+10)	0	3000000	0	0	0	0	3000000	-72	2	2	3600	1500	21	21	23	21	-13	3	1	99	1	3	0	0	0
흑비화후관(남)(+10)	흑비화후관(남)(+10)	0	1300000	0	0	0	0	231000	-18	0	0	3000	1600	0	0	0	0	0	3	1	99	0	1	0	0	0
흑비화후의(여)(+10)	흑비화후의(여)(+10)	0	3000000	0	0	0	0	3000000	-72	2	2	3600	1500	21	21	23	21	-13	3	1	99	1	3	0	0	1
흑비화후관(여)(+10)	흑비화후관(여)(+10)	0	1300000	0	0	0	0	231000	-18	0	0	3000	1600	0	0	0	0	0	3	1	99	0	1	0	0	1
흑비류선의(남)(+10)	흑비류선의(남)(+10)	0	3000000	0	0	0	0	3000000	-70	2	2	3500	1500	22	21	21	21	-12	4	1	99	1	3	0	0	0
흑비류선후(남)(+10)	흑비류선후(남)(+10)	0	1300000	0	0	0	0	231000	-18	0	0	2900	1500	0	0	0	0	0	4	1	99	0	1	0	0	0
흑비류선의(여)(+10)	흑비류선의(여)(+10)	0	3000000	0	0	0	0	3000000	-70	2	2	3500	1500	22	21	21	21	-12	4	1	99	1	3	0	0	1
흑비류선후(여)(+10)	흑비류선후(여)(+10)	0	1300000	0	0	0	0	231000	-18	0	0	2900	1500	0	0	0	0	0	4	1	99	0	1	0	0	1
흑태극의(남)(+10)	흑태극의(남)(+10)	0	3000000	0	0	0	0	3000000	-84	2	2	3700	1500	22	22	-12	21	-12	5	1	99	1	3	0	0	0
흑태극현(남)(+10)	흑태극현(남)(+10)	0	1300000	0	0	0	0	231000	-19	0	0	3200	1400	0	0	0	0	0	5	1	99	0	1	0	0	0
흑태극의(여)(+10)	흑태극의(여)(+10)	0	3000000	0	0	0	0	3000000	-84	2	2	3700	1500	22	22	-12	21	-12	5	1	99	1	3	0	0	1
흑태극현(여)(+10)	흑태극현(여)(+10)	0	1300000	0	0	0	0	231000	-19	0	0	3200	1400	0	0	0	0	0	5	1	99	0	1	0	0	1
