후드로브토	후드로브토	4	2250	1	0	0	0	3000	-10	0	0	0	0	0	0	0	0	0	3	0	1	0	0	0	0	0
로럼화	로럼화	6	73750	1	0	0	0	9000	-28	0	0	0	0	0	0	0	0	0	3	0	41	0	0	0	0	0
셔스의가죽각반	셔스의가죽각반	4	20000	1	0	0	0	3000	-2	0	0	0	0	0	1	0	0	0	0	0	11	0	0	0	0	2
엑시큐터토	엑시큐터토	17	76500	1	0	0	0	60000	0	0	0	0	0	0	0	0	0	0	0	0	99	0	0	94m124	8m11	2
일단검	일단검	13	23000	1	0	0	0	12000	0	0	0	0	0	0	0	0	0	0	2	0	71	0	0	75m95	7m9	2
하데스의은제방패	하데스의은제방패	6	48750	1	0	0	0	1100	-13	0	0	0	0	0	0	0	0	0	0	0	56	0	1	0	0	2
히로인의서클릿	히로인의서클릿	1	500000000	0	0	0	0	500000	-12	2	2	800	800	1	1	1	1	1	0	1	99	25	1	0	0	1
골드아쿠아링	골드아쿠아링	1	250000	1	0	0	0	5000	-1	0	1	400	150	1	0	0	0	0	0	0	81	0	0	0	0	2
드라나이투구	드라나이투구	0	10	1	1	1	0	3000000	-7	3	3	400	600	0	0	0	0	0	0	0	1	0	0	0	0	2
수오미미스티플레이트토	수오미미스티플레이트토	10	53850	1	0	0	0	9000	-26	0	0	0	0	0	0	0	0	0	1	0	26	0	0	0	0	1
수오미꼬뜨수	수오미꼬뜨수	4	1800	1	0	0	0	3000	-11	0	0	0	0	0	0	0	0	0	2	0	1	0	0	0	0	1
밀레스클리머스	밀레스클리머스	8	21750	1	0	0	0	12000	-32	0	0	0	0	0	0	0	0	0	3	0	71	0	0	0	0	1
혈단검수	혈단검수	17	60000	1	0	0	0	16000	0	0	0	0	0	0	0	0	0	0	2	0	99	0	0	97m127	9m12	2
무당모자(여)	무당모자(여)	0	10	1	1	1	0	3000000	-7	2	2	600	400	0	0	0	0	0	0	0	1	0	0	0	0	1
밀레스레더튜닉	밀레스레더튜닉	4	950	1	0	0	0	3000	-11	0	0	0	0	0	0	0	0	0	1	0	1	0	0	0	0	0
맨틀화	맨틀화	7	79000	1	0	0	0	9000	-30	0	0	0	0	0	0	0	0	0	4	0	41	0	0	0	0	0
여자돼지마스크(7일)	여자돼지마스크(7일)	0	10	1	1	1	0	3000000	-5	3	3	300	300	0	0	0	0	0	0	0	1	10	1	0	0	1
수오미하프플레이트수	수오미하프플레이트수	10	35900	1	0	0	0	9000	-25	0	0	0	0	0	0	0	0	0	1	0	26	0	0	0	0	0
수오미페플로스풍	수오미페플로스풍	13	105600	1	0	0	0	12000	-43	0	0	0	0	0	0	0	0	0	2	0	71	0	0	0	0	1
순옥귀걸이	순옥귀걸이	1	3000	1	0	0	0	1000	0	0	0	0	0	0	0	1	0	0	0	0	11	0	0	0	0	2
가발 M32(30일)	가발 M32(30일)	0	100	1	1	1	0	15000000	-2	0	0	0	0	0	0	0	0	0	0	0	1	10	1	0	0	0
인디고목도리(30일)	인디고목도리(30일)	0	10	1	1	1	0	10000000	-1	3	3	0	0	0	0	0	0	0	0	0	1	10	1	0	0	2
오렌튜닉수	오렌튜닉수	4	1900	1	0	0	0	3000	-12	0	0	0	0	0	0	0	0	0	1	0	1	0	0	0	0	1
밀레스카스뮴플레이트토	밀레스카스뮴플레이트토	13	79350	1	0	0	0	12000	-32	0	0	0	0	0	0	0	0	0	1	0	41	0	0	0	0	1
가발 W28	가발 W28	0	100	1	1	1	0	15000000	-2	0	0	0	0	0	0	0	0	0	0	0	1	10	1	0	0	1
천지도복화	천지도복화	8	84250	1	0	0	0	9000	-33	0	0	0	0	0	0	0	0	0	5	0	41	0	0	0	0	0
칸의바이올렛티	칸의바이올렛티	2	200000	1	0	0	0	27000	0	0	0	0	0	0	4	0	0	0	0	0	71	0	1	0	0	2
흑요석소서러벨트(토)	흑요석소서러벨트(토)	0	100000	0	0	0	1	10000	0	0	0	0	150	0	0	0	1	1	3	0	99	0	0	0	0	2
빨무벨트	빨무벨트	0	5000	1	0	0	0	2000	0	0	0	0	0	0	0	0	0	0	0	0	11	0	0	0	0	2
카스뮴아머화	카스뮴아머화	13	132250	1	0	0	0	12000	-34	0	0	0	0	0	0	0	0	0	1	0	41	0	0	0	0	0
밀레스길드소드	밀레스길드소드	7	1500	1	0	0	0	70000	0	0	0	0	0	0	0	0	0	0	0	0	41	0	0	180m210	190m190	2
봐줄만한마도코어베일	봐줄만한마도코어베일	0	10	0	0	0	0	30000	-3	0	0	200	100	0	0	0	0	0	4	1	99	0	0	0	0	2
밀레스홀리로브	밀레스홀리로브	10	23300	1	0	0	0	12000	-34	0	0	0	0	0	0	0	0	0	4	0	71	0	0	0	0	1
노란곰돌이풍선	노란곰돌이풍선	1	5000	1	0	0	0	10000	0	0	0	0	0	0	0	0	0	0	0	0	1	0	0	1m3	1m5	2
로지브라운목도리(30일)	로지브라운목도리(30일)	0	10	1	1	1	0	10000000	-1	3	3	0	0	0	0	0	0	0	0	0	1	10	1	0	0	2
뤼케시온레데메일풍	뤼케시온레데메일풍	7	37800	1	0	0	0	6000	-20	0	0	0	0	0	0	0	0	0	1	0	11	0	0	0	0	1
밀레스미스티플레이트풍	밀레스미스티플레이트풍	10	71800	1	0	0	0	9000	-27	0	0	0	0	0	0	0	0	0	1	0	26	0	0	0	0	1
수오미셍즈풍	수오미셍즈풍	4	3200	1	0	0	0	3000	-11	0	0	0	0	0	0	0	0	0	4	0	1	0	0	0	0	0
아기오리	아기오리	5	1500	1	0	0	0	6000	0	0	0	0	0	0	0	0	0	0	0	0	41	0	0	18m28	18m28	2
부츠FX(7일)	부츠FX(7일)	0	10	1	1	1	0	10000000	0	0	0	0	0	0	0	0	0	0	0	0	1	10	0	0	0	2
올리브옐로우부츠(7일)	올리브옐로우부츠(7일)	0	10	1	1	1	0	10000000	0	0	0	0	0	0	0	0	0	0	0	0	1	10	0	0	0	2
죽마옷7	다크클레릭의상	1	7000000	1	0	0	0	500	-2	0	0	0	0	0	0	0	0	0	0	0	1	0	0	0	0	0
마법의은제방패	마법의은제방패	6	48750	1	0	0	0	11000	-13	0	0	0	50	0	0	0	0	0	0	0	56	0	1	0	0	2
큐피티	큐피티	0	10	1	1	1	0	15000000	-1	3	3	0	0	0	0	0	0	0	0	0	1	10	1	0	0	2
마인로더	마인로더	0	10	1	1	1	0	3000000	-5	0	0	800	300	0	0	0	0	0	0	0	1	0	0	0	0	0
매직세인트	매직세인트	1	10000	1	0	0	0	1000	0	0	0	0	0	0	0	0	0	0	0	0	11	0	0	0	0	0
레드하트각반	레드하트각반	3	13500	1	0	0	0	50000	-9	0	1	300	1000	0	0	0	0	0	0	0	11	5	0	0	0	2
스위트하트풍선	스위트하트풍선	1	500	1	0	0	0	4000	0	0	0	0	0	0	0	0	0	0	0	0	11	0	0	1m3	1m5	2
봐줄만한마도코어레더로브	봐줄만한마도코어레더로브	0	10	0	0	0	0	3000000	-50	0	0	600	500	0	0	0	0	0	4	1	99	0	0	0	0	2
수오미클리머스화	수오미클리머스화	8	108750	1	0	0	0	12000	-36	0	0	0	0	0	0	0	0	0	3	0	71	0	0	0	0	1
밀레스풍전도복	밀레스풍전도복	11	24850	1	0	0	0	12000	-38	0	0	0	0	0	0	0	0	0	5	0	71	0	0	0	0	1
풍요의고무장갑	풍요의고무장갑	5	600000	1	0	0	0	9000	-5	0	1	0	0	0	0	0	0	0	0	0	99	0	0	0	0	2
미미인형	미미인형	5	1500	1	0	0	0	600	0	0	0	0	0	0	0	0	0	0	0	0	41	0	0	18m28	1m2	2
수오미레더튜닉화	수오미레더튜닉화	4	4750	1	0	0	0	3000	-15	0	0	0	0	0	0	0	0	0	1	0	1	0	0	0	0	0
뿔테안경FX	뿔테안경FX	1	1500000	1	0	0	0	30000	0	0	0	0	0	0	0	0	0	0	0	0	1	0	0	0	0	2
프린세스보우	프린세스보우	4	580000	1	0	0	0	800000	1	1	1	0	0	1	0	1	0	0	2	1	99	0	0	93m93	195m245	2
가발 W01(30일)	가발 W01(30일)	0	100	1	1	1	0	15000000	-2	0	0	0	0	0	0	0	0	0	0	0	1	10	1	0	0	1
낡은실버플레이트아머화	낡은실버플레이트아머화	17	302250	1	0	0	0	12000	-68	5	2	-900	0	-5	0	0	0	0	1	0	99	0	0	0	0	0
풍선5	남색풍선	1	500	1	0	0	0	4000	0	0	0	0	0	0	0	0	0	0	0	0	1	0	0	1m3	1m5	2
드래곤슬레이어	드래곤슬레이어	10	30000	0	0	0	0	3000000	0	0	0	0	0	0	0	0	0	0	0	0	11	0	0	385m425	10m13	2
호랭이신발	호랭이신발	0	10	1	1	1	0	3000000	-1	1	1	100	100	0	0	0	0	0	0	0	1	0	0	0	0	2
밀레스도복화	밀레스도복화	4	4250	1	0	0	0	3000	-14	0	0	0	0	0	0	0	0	0	5	0	1	0	0	0	0	0
체력의은장갑	체력의은장갑	4	250000	1	0	0	0	7000	-3	0	0	100	0	0	0	0	0	0	0	0	71	0	0	0	0	2
실버네일(ac+1)	실버네일(ac+1)	4	250000	1	0	0	0	5000	-4	0	0	0	0	0	0	0	0	0	5	0	81	10	0	0	0	2
명화당의2	명화당의	0	10	1	1	1	0	3000000	0	1	1	0	0	0	0	0	0	0	0	0	1	0	0	0	0	1
레인져복-블루	레인져복-블루	1	1000	1	0	0	0	100000	-1	5	0	0	0	0	0	0	0	0	0	0	11	0	0	0	0	2
루어스카쿰	루어스카쿰	18	34900	1	0	0	0	15000	-50	0	0	0	0	0	0	0	0	0	2	0	99	0	0	0	0	1
월드컵골키퍼의상	월드컵골키퍼의상	1	300000	1	0	0	0	15000	-1	0	0	0	0	0	0	0	0	0	0	0	1	0	0	0	0	2
풍요의현철반지	풍요의현철반지	1	15000	1	0	0	0	2000	0	0	1	100	0	0	0	0	0	0	0	0	11	0	0	0	0	2
흑요석워리어벨트(화)	흑요석워리어벨트(화)	0	100000	0	0	0	1	10000	0	0	0	150	0	1	0	0	0	1	1	0	99	0	0	0	0	2
수오미베누스타풍	수오미베누스타풍	5	31000	1	0	0	0	6000	-19	0	0	0	0	0	0	0	0	0	3	0	11	0	0	0	0	1
수오미홀리로브화	수오미홀리로브화	10	116500	1	0	0	0	12000	-38	0	0	0	0	0	0	0	0	0	4	0	71	0	0	0	0	1
산호각반	산호각반	6	120000	1	0	0	0	6000	-5	0	0	30	10	0	0	0	0	0	0	0	51	10	1	0	0	2
베11	베11	1	10	1	1	1	0	1000000	-8	0	0	0	0	0	0	0	0	0	0	0	1	10	0	0	0	2
로오의바이올렛티	로오의바이올렛티	2	200000	1	0	0	0	27000	0	0	0	0	0	0	4	1	0	0	0	0	71	0	0	0	0	2
비광표수	비광표수	11	34000	1	0	0	0	10000	0	0	0	0	0	0	0	0	0	0	2	0	56	0	0	62m82	5m7	2
미니복실이펫(+3)	미니복실이펫(+3)	0	10	1	1	1	0	15000000	-1	3	3	0	0	0	0	0	0	0	0	0	1	9	1	0	0	2
여흑마술사의상FX	여흑마술사의상FX	0	10	1	1	1	0	3000000	-2	1	1	500	500	0	0	0	0	0	0	0	1	0	0	0	0	1
루어스팔루텐	루어스팔루텐	9	17900	1	0	0	0	9000	-30	0	0	0	0	0	0	0	0	0	2	0	41	0	0	0	0	0
안경짧은챙모자	안경짧은챙모자	1	10000	1	0	0	0	3000	-1	0	0	0	0	0	0	0	0	0	0	0	1	0	0	0	0	2
등불의이모션-하트윙	등불의이모션-하트윙	0	150000	0	0	0	0	30000	-1	0	0	0	0	0	0	0	0	0	0	0	1	0	0	0	0	2
바다의승염벨트	바다의승염벨트	1	75000	1	0	0	0	22500	0	0	0	0	0	1	0	0	0	1	0	1	99	0	0	0	0	2
이모션(맑음)	이모션(맑음)	1	50000	1	0	0	0	30000	0	0	0	0	0	0	0	0	0	0	0	0	1	0	0	0	0	2
브레스럭투구	브레스럭투구	3	10000000	1	0	0	0	500000	-6	2	3	500	500	0	0	0	0	0	3	1	99	0	1	0	0	2
비취색목도리(7일)	비취색목도리(7일)	0	10	1	1	1	0	10000000	-1	3	3	0	0	0	0	0	0	0	0	0	1	10	1	0	0	2
새너클로우	새너클로우	0	10	1	1	1	0	3000000	-2	3	3	500	500	0	0	0	0	0	0	0	1	0	0	0	0	0
수오미미스틱로브풍	수오미미스틱로브풍	5	33200	1	0	0	0	6000	-20	0	0	0	0	0	0	0	0	0	4	0	11	0	0	0	0	1
수오미풍전도복화	수오미풍전도복화	11	124250	1	0	0	0	12000	-42	0	0	0	0	0	0	0	0	0	5	0	71	0	0	0	0	1
알쿠아(+1)	알쿠아(+1)	9	530000	1	0	0	0	10000	-53	0	0	1600	-600	2	-1	-2	-2	1	3	1	99	0	2	0	0	0
이아의금반지	이아의금반지	1	15000	1	0	0	0	2000	0	0	0	0	50	0	0	0	1	0	0	0	11	0	0	0	0	2
죽마모5	마법좀비모자	1	50000	1	0	0	0	500	0	0	0	0	0	0	0	0	0	0	0	0	11	0	0	0	0	0
세피라링(Lev3)	세피라링(Lev3)	1	200000	1	0	0	0	2000	0	0	0	150	150	0	0	0	0	0	0	0	1	0	0	0	0	2
세오의철방패	세오의철방패	5	33750	1	0	0	0	9000	-10	0	0	0	0	0	0	0	0	0	0	0	41	5	1	0	0	2
연파랑색목도리(남)	연파랑색목도리(남)	1	1500000	1	0	0	0	30000	-1	0	0	0	0	0	0	0	0	0	0	0	1	0	0	0	0	0
뤼케시온꼬뜨	뤼케시온꼬뜨	4	900	1	0	0	0	3000	-10	0	0	0	0	0	0	0	0	0	2	0	1	0	0	0	0	1
뤼케시온미스틱로브토	뤼케시온미스틱로브토	5	24900	1	0	0	0	6000	-19	0	0	0	0	0	0	0	0	0	4	0	11	0	0	0	0	1
큐이레스	큐이레스	3	30000000	0	0	0	0	131500	-7	0	0	300	500	0	0	0	0	0	4	1	99	0	1	0	0	1
대지의벽옥목걸이	대지의벽옥목걸이	1	30000	1	0	0	0	3000	0	10	0	0	0	0	0	0	0	0	0	0	11	0	0	0	0	2
쥬노아겐트리트	쥬노아겐트리트	10	1300000	1	0	0	0	50000	-9	3	3	1200	-600	-1	-1	-1	-1	-1	0	1	99	0	1	0	0	2
전통장수갑옷(30일)	전통장수갑옷(30일)	0	10	1	1	1	0	3000000	-2	1	1	500	500	0	0	0	0	0	0	0	1	0	0	0	0	2
밀레스연무도복풍	밀레스연무도복풍	6	35400	1	0	0	0	6000	-22	0	0	0	0	0	0	0	0	0	5	0	11	0	0	0	0	1
엠퍼러나이트엑스코퍼링	엠퍼러나이트엑스코퍼링	1	200000	1	0	0	0	5000	-1	1	1	350	150	1	0	0	0	0	0	0	51	0	0	0	0	2
클리머스풍	클리머스풍	8	87000	1	0	0	0	12000	-35	0	0	0	0	0	0	0	0	0	3	0	71	0	0	0	0	1
일렌타아리(A)	일렌타아리(A)	7	300000	1	0	0	0	10000	-51	1	1	1500	-600	2	-1	-1	-2	1	3	1	99	0	2	0	0	1
여새옷2	루어스버틀	4	500000	1	0	0	0	1000	-2	0	0	0	0	0	0	0	0	0	0	0	11	0	0	0	0	1
투핸드가이아두스토	투핸드가이아두스토	30	193500	1	0	0	0	80000	0	0	0	0	0	0	0	0	0	0	1	0	86	0	0	158m218	14m20	2
축구유니폼	축구유니폼	0	10	1	1	1	0	3000000	0	1	1	0	0	0	0	0	0	0	0	0	1	0	0	0	0	2
밀레스레데메일토	밀레스레데메일토	7	28350	1	0	0	0	6000	-19	0	0	0	0	0	0	0	0	0	1	0	11	0	0	0	0	1
대지의홀디트링	대지의홀디트링	1	43000	1	0	0	0	5000	-1	10	2	0	0	0	0	0	0	0	0	0	71	10	0	0	0	2
루어스베누스타토	루어스베누스타토	5	23250	1	0	0	0	6000	-18	0	0	0	0	0	0	0	0	0	3	0	11	0	0	0	0	1
소론(+2)	소론(+2)	10	600000	1	0	0	0	10000	-65	0	0	1100	-500	-2	-1	0	0	0	5	1	99	0	3	0	0	0
표범가죽장갑(hp+1)	표범가죽장갑(hp+1)	4	250000	1	0	0	0	5000	-3	0	0	100	0	0	0	0	0	0	0	0	81	10	0	0	0	2
페플로스토	페플로스토	13	79200	1	0	0	0	12000	-42	0	0	0	0	0	0	0	0	0	2	0	71	0	0	0	0	1
야이나(+1)	야이나(+1)	10	530000	1	0	0	0	10000	-53	0	0	1100	-500	1	-1	-2	-2	1	4	1	99	0	2	0	0	0
뤼케시온도복풍	뤼케시온도복풍	4	3400	1	0	0	0	3000	-13	0	0	0	0	0	0	0	0	0	5	0	1	0	0	0	0	0
마법의레더부츠	마법의레더부츠	2	100000	1	0	0	0	21000	0	0	0	0	50	0	3	0	0	0	0	0	56	0	0	0	0	2
수오미팔루텐화	수오미팔루텐화	9	89500	1	0	0	0	9000	-34	0	0	0	0	0	0	0	0	0	2	0	41	0	0	0	0	0
올로스(+2)	올로스(+2)	10	300000	1	0	0	0	10000	-63	0	0	1000	-500	-1	-1	0	0	0	5	1	99	0	3	0	0	1
크라운가발	크라운가발	1	500000	1	0	0	0	500	0	0	0	0	0	0	0	0	0	0	0	0	11	0	0	0	0	0
옐로우오커목도리(7일)	옐로우오커목도리(7일)	0	10	1	1	1	0	10000000	-1	3	3	0	0	0	0	0	0	0	0	0	1	10	1	0	0	2
턱시도	턱시도	4	5000000	1	0	0	0	500	-2	0	0	0	0	0	0	0	0	0	0	0	1	0	0	0	0	0
마법의쌍금귀걸이	마법의쌍금귀걸이	1	40000	1	0	0	0	2000	0	0	0	0	50	2	0	0	0	0	0	0	11	0	0	0	0	2
하이브레이질배틀액스	하이브레이질배틀액스	34	300000	1	0	0	0	1000000	0	0	0	0	0	0	0	0	0	0	1	0	99	0	0	234m284	26m29	2
가발 M21(30일)	가발 M21(30일)	0	100	1	1	1	0	15000000	-2	0	0	0	0	0	0	0	0	0	0	0	1	10	1	0	0	0
칸의동팔찌	칸의동팔찌	3	75000	1	0	0	0	5000	-2	0	0	0	0	0	1	0	0	0	5	0	41	0	1	0	0	2
타우포스헬름	타우포스헬름	0	10	1	1	1	0	3000000	-7	2	2	500	500	0	0	0	0	0	0	0	1	10	0	0	0	2
미스틱로브수	미스틱로브수	5	16600	1	0	0	0	6000	-18	0	0	0	0	0	0	0	0	0	4	0	11	0	0	0	0	1
홀리로브풍	홀리로브풍	10	93200	1	0	0	0	12000	-37	0	0	0	0	0	0	0	0	0	4	0	71	0	0	0	0	1
골든플레이트화	골든플레이트화	25	302250	1	0	0	0	24000	-59	0	0	0	0	0	-2	0	0	0	1	0	99	0	0	0	0	0
올드로즈부츠	올드로즈부츠	0	10	1	1	1	0	10000000	0	0	0	0	0	0	0	0	0	0	0	0	1	10	0	0	0	2
오렌레더튜닉풍	오렌레더튜닉풍	4	3800	1	0	0	0	3000	-14	0	0	0	0	0	0	0	0	0	1	0	1	0	0	0	0	0
짓폰전통머리(여)FX	짓폰전통머리(여)FX	0	10	1	1	1	0	3000000	-7	2	2	200	800	0	0	0	0	0	0	0	1	0	0	0	0	1
다크그레이네클리스(풍)2	다크그레이네클리스(풍)+2	0	100000	0	0	0	1	10000	-1	2	3	0	0	0	0	0	0	0	0	0	99	0	0	0	0	2
