버밀리언염색약	버밀리언염색약	0	500000	1	1	1	0
얼굴염색6	회색얼굴페인팅쿠폰	0	100	1	1	1	0
홀리쿠라네라마법서	홀리쿠라네라마법서	1	100000	1	0	0	0
어설픈수오미로럼토 30	어설픈수오미로럼토	0	10000	1	0	0	0
어설픈밀레스선풍도복토 30	어설픈밀레스선풍도복토	0	10000	1	0	0	0
5억수표	5억수표	0	1	1	0	0	0
어설픈뤼케시온코르스풍 30	어설픈뤼케시온코르스풍	0	10000	1	0	0	0
오후12시표	오후12시표	1	10000	1	0	0	0
팀배참가증15	팀배참가증15	1	100	1	0	0	0
채집용꿀1	채집용꿀	1	100	1	1	1	0
가디언소환스크롤8	기술공격형가디언소환스크롤	1	10	0	0	0	0
엠블럼54	어둠사랑엠블럼	1	100	0	0	0	0
갈색오만전칩	갈색오만전칩	1	50000	1	0	0	0
옷조각12	옷조각12	1	100	1	0	0	0
어설픈러브핑크색부츠 30	어설픈러브핑크색부츠	0	10000	1	0	0	0
어설픈숲의자수정목걸이 30	어설픈숲의자수정목걸이	0	10000	1	0	0	0
블루오피온의등껍질	블루오피온의등껍질	1	100000	1	0	0	0
수퍼왁스	수퍼왁스	1	1000	1	0	0	0
안의만능열쇠	안의만능열쇠	0	1	1	0	0	0
어설픈밀레스엘레맨틀 30	어설픈밀레스엘레맨틀	0	10000	1	0	0	0
책16	책16	1	100	1	0	0	0
개미화살+3	개미화살+3	1	100	1	0	0	0
어설픈매직베일 15	어설픈매직베일	0	10000	1	0	0	0
어설픈암흑의벨트1 3	어설픈암흑의벨트	0	10000	1	0	0	0
코마디움	코마디움	1	1000	1	0	0	0
기회의별	기회의별	0	10	1	0	0	0
엔도르퀸의부채	엔도르퀸의부채	1	15000	1	0	0	0
세토아의가호(SLev2)	세토아의가호(SLev2)	0	100000	1	0	0	0
적비화후의(남)조합서	적비화후의(남)조합서	0	100000	1	0	0	0
어설픈셔스의고무장갑 30	어설픈셔스의고무장갑	0	10000	1	0	0	0
팀배참가증3	팀배참가증3	1	100	1	0	0	0
젤리오팔	젤리오팔	1	400000	1	0	0	0
페이로브아머(봉인)	페이로브아머(봉인)	1	100	1	0	0	0
패치씨앗8	패치씨앗4	1	10	0	0	0	0
화산4변신	화론반점변신주문서	0	100	1	1	1	0
폐기	폐기	1	100	1	0	0	0
혼돈의크리스탈	혼돈의크리스탈	1000	10	1	0	0	0
엠블럼68	어둠사랑엠블럼	1	100	0	0	0	0
악마바디페인팅쿠폰	악마바디페인팅쿠폰	0	100	1	1	1	0
루나사벨트조합서	루나사벨트조합서	0	50000	1	0	0	0
곤충15	곤충	1	100	1	0	0	0
금전	금전	1	10000	1	0	0	0
치즈	치즈	1	800	1	0	0	0
케빈의선물상자	케빈의선물상자	0	2000	0	0	0	0
어설픈신록색부츠 30	어설픈신록색부츠	0	10000	1	0	0	0
어설픈뤼케시온위저드로브수 30	어설픈뤼케시온위저드로브수	0	10000	1	0	0	0
케이트의결혼반지	케이트의결혼반지	1	2000	1	0	0	0
바람의돌	바람의돌	1	10000	1	0	0	0
확인서2	확인서	1	1000000	0	0	0	0
어설픈밀레스로럼풍 30	어설픈밀레스로럼풍	0	10000	1	0	0	0
어설픈스페셜염색약3 15	어설픈스페셜염색약3	0	10000	1	0	0	0
어설픈진주 30	어설픈진주	0	10000	1	0	0	0
소환기술서	소환기술서	1	100000	1	0	0	0
패치씨앗7	패치씨앗3	1	10	0	0	0	0
은조각	은조각	1	100	1	0	0	0
해체주술서	해체주술서	0	1	1	0	0	0
일리안마법서	일리안마법서	1	100000	1	0	0	0
A급형광염색약	하이라이트염색약	0	500000	1	1	1	0
엘리스토끼세트	엘리스토끼세트	1	2000	1	0	0	0
[D]어빌리티조각	[D]어빌리티조각	0	0	0	0	0	0
포도주	포도주	1	100	1	0	0	0
출석부2006M	출석부	0	2000	1	0	0	0
엠블럼81	어둠사랑엠블럼	1	100	0	0	0	0
판티카	판티카	1	100	1	0	0	0
레드굴이동티켓	레드굴이동티켓	0	10	1	0	0	0
마법좀비65변신	마법좀비65	0	100	1	0	0	0
어설픈수오미스톨라화 30	어설픈수오미스톨라화	0	10000	1	0	0	0
허니문꽃바구니	허니문꽃바구니	1	100000	1	0	0	0
팜팻잡기쿠폰	팜팻잡기쿠폰	1	200	0	0	0	0
목도리염료(C)	목도리염료(C)	0	25000	1	0	0	0
루칸의지팡이	루칸의지팡이	0	1	1	0	0	0
남성용메뉴얼	남성용메뉴얼	1	100	1	0	0	0
홀모스	홀모스	1	100000	1	0	0	0
쇠단지	쇠단지	9	100	0	0	0	0
의100	세오100년 의	0	1	1	0	0	0
배움의서5	포장된배움의서+5	0	3000000	1	1	1	0
세토아업키트세트B	세토아업키트세트(Lev2)	0	100000	1	0	0	0
B구역동력포션	B구역동력포션	0	50000	0	0	0	0
오렌지색염색제	오렌지색염색제	0	20000	1	0	0	0
지하던젼지역프레임	지하던젼지역프레임	0	25000	1	0	0	0
장수하늘소	장수하늘소	1	100	1	0	0	0
보라보석	보라보석	1	100000	1	0	0	0
스페셜염색약16	스페셜염색약	0	500000	1	1	1	0
어설픈메투스의산호반지 30	어설픈메투스의산호반지	0	10000	1	0	0	0
현무의증명서1	현무의증명서	1	8000000	1	0	0	0
어설픈세토아의마그마부츠 30	어설픈세토아의마그마부츠	0	10000	1	0	0	0
적비류선후(여)조합서	적비류선후(여)조합서	0	100000	1	0	0	0
자두맛사탕	자두맛사탕	0	100000	0	0	0	0
어설픈루어스풍전도복수 30	어설픈루어스풍전도복수	0	10000	1	0	0	0
도적열쇠	도적열쇠	1	100	0	0	0	0
보석알[자수정]	보석알[자수정]	0	10000000	1	0	0	0
악날이해골	악날이해골	1	100	1	0	0	0
휘시버거	휘시버거	1	100	1	0	0	0
엠블럼94	천하제일무한대전7위	1	100	0	0	0	0
수수께끼의문장	수수께끼의문장	1	10	0	0	0	0
밀레스리콜	밀레스리콜	1	1000	1	0	0	0
어설픈그레이트소드화 30	어설픈그레이트소드화	0	10000	1	0	0	0
큐브롬조각	큐브롬조각	0	1	1	0	0	0
페스티눔	페스티눔	1	1000	1	0	0	0
연막탄	연막탄	0	5000	1	0	0	0
얼굴염색a	엉망진창얼굴페인팅쿠폰	0	100	1	0	0	0
다크터콰이즈염색제	다크터콰이즈염색제	0	20000	1	0	0	0
트렌트의뿌리	트렌트의뿌리	1	10000	1	0	0	0
변신스크롤(레드뉴트)	변신스크롤(레드뉴트)	0	100000	1	0	0	0
작은열쇠꾸러미	작은열쇠꾸러미	1	100	1	0	0	0
마법사성석	마법사성석	1	100000	1	0	0	0
어설픈밀레스키톤 30	어설픈밀레스키톤	0	10000	1	0	0	0
샤기반묶음-남성헤어	샤기반묶음-남성헤어	0	10	1	1	1	0
B급그린염색약	애쉬오브로즈염색약	0	500000	1	1	1	0
생명의물B	생명의물B	1	1000	1	0	0	0
빨간실	빨간실	1	5000	1	0	0	0
켄토라우스의옷조각	켄토라우스의옷조각	2	1000000	1	0	0	0
박스13	오래된박스	1	15000	1	0	0	0
불개미	불개미	1	100	1	0	0	0
몬스터소환비서:오렌보스4	몬스터소환비서:아루스	0	1	1	1	1	0
어설픈루어스카스뮴플레이트풍 30	어설픈루어스카스뮴플레이트풍	0	10000	1	0	0	0
데스시약	데스시약	1	100	1	0	0	0
케라코라보석	케라코라보석	0	1000	1	0	0	0
반도체아이템	반도체아이템	0	100	1	0	0	0
왕만두	왕만두	0	10000	0	0	0	0
가디언소환스크롤10	보호형가디언소환스크롤	1	10	0	0	0	0
양말3	크리스마스양말	1	15000	1	0	0	0
어설픈스페셜염색약19 15	어설픈스페셜염색약19	0	10000	1	0	0	0
전15	[15주년]전	0	1	0	0	0	0
연하늘색염색제	연하늘색염색제	0	200	1	1	1	0
개	개	1	100	1	0	0	0
추석보따리B	추석보따리B	0	100	1	0	0	0
엠블럼107	어둠사랑엠블럼	1	100	0	0	0	0
상한 닭고기	상한 닭고기	1	50	1	0	0	0
알수없는염색약7	알수없는염색약	0	500000	1	1	1	0
[2012설날]덕담카드	[2012설날]덕담카드	0	20000	0	0	0	0
어설픈수오미선풍도복토 30	어설픈수오미선풍도복토	0	10000	1	0	0	0
녹색버섯	녹색버섯	1	3000	1	0	0	0
바나나	바나나	1	1500	1	0	0	0
경험치보너스카드5	경험치보너스카드	0	10	0	0	0	0
분석된히네스석판	분석된히네스석판	0	1	1	0	0	0
방망이종합세트1	도깨비방망이종합세트	0	10	0	0	1	0
줄무늬목도리리폼키트	줄무늬목도리리폼키트	0	200	1	0	0	0
베레스8	베레스의발톱	500	100	1	0	0	0
고르데아의팬티	고르데아의팬티	2	1000000	1	0	0	0
안크뼈2	안크본의날개	500	100	1	0	0	0
찢어진책장1	페이지	500	100	1	0	0	0
몬스터소환비서:HE-C베스파인6	몬스터소환비서:HE-C베스파인	0	1	1	1	1	0
티타늄	티타늄	1	1000	1	0	0	0
어설픈수오미엘레맨틀 30	어설픈수오미엘레맨틀	0	10000	1	0	0	0
두르마리휴지	두르마리휴지	1	5000	1	0	0	0
퀴즈도우미인형	퀴즈도우미인형	1	500000	1	0	0	0
블루엑스토닉	블루엑스토닉	1	700000	1	0	0	0
어설픈홀리루나 30	어설픈홀리루나	0	10000	1	0	0	0
포테의숲저장티켓	포테의숲저장티켓	0	10	1	0	0	0
꼬끼오가호	꼬끼오가호	0	100	0	0	1	0
변환키트-화론의상	변환키트-화론의상	0	20	1	1	1	0
아이스그린염색제	아이스그린염색제	0	20000	1	0	0	0
흑태극의(여)조합서	흑태극의(여)조합서	0	100000	1	0	0	0
섬세한몬스터결정	섬세한몬스터결정	0	1	1	0	0	0
엠블럼120	어둠사랑엠블럼	1	100	0	0	0	0
전갈다리	전갈다리	1	100	1	0	0	0
박스8	오래된박스	1	15000	1	0	0	0
나겔금속펜던트	나겔금속펜던트	0	100	1	0	0	0
전통염료	전통염료	0	10	1	1	1	0
히야트탐험허가권	히야트탐험허가권	0	100000	1	1	1	0
비밀의황금열쇠	비밀의황금열쇠	1	100	1	0	0	0
어설픈셔스의가죽각반 30	어설픈셔스의가죽각반	0	10000	1	0	0	0
어설픈풀플레이트투구수 40	어설픈풀플레이트투구수	0	10000	1	0	0	0
어설픈베네티미스릴클립 5	어설픈베네티미스릴클립	0	10000	1	0	0	0
에드벅의집열쇠	에드벅의집열쇠	0	1500000	1	0	0	0
회색머리털묶음	회색머리털묶음	1	100	1	0	0	0
어설픈바다의잼스톤목걸이 30	어설픈바다의잼스톤목걸이	0	10000	1	0	0	0
진파랑색염색제	진파랑색염색제	0	200	1	1	1	0
베이비드라의뼈	베이비드라의뼈	1	10000	1	0	0	0
빨강폭죽F	빨강폭죽F	1	500	1	0	0	0
엠블럼30	어둠사랑엠블럼(D)	1	100	0	0	0	0
보석1	보석1	1	100	1	0	0	0
트라멜의일기장1	트라멜의일기장1	0	20000	1	0	0	0
어설픈루어스풀플레이트수 30	어설픈루어스풀플레이트수	0	10000	1	0	0	0
얼굴염색6(EVENT)	회색얼굴페인팅쿠폰	0	100	0	0	0	0
변신스크롤(포보스)	변신스크롤(포보스)	0	100000	1	0	0	0
설탕	설탕	1	10000	1	0	0	0
페이로브장갑(봉인)	페이로브장갑(봉인)	1	100	1	0	0	0
엠블럼133	어둠사랑엠블럼	1	100	0	0	0	0
스페어	스페어	2	100000	1	0	0	0
가디언소환스크롤22	보호형가디언소환스크롤	1	10	0	0	0	0
어설픈세토아의레더글러브 30	어설픈세토아의레더글러브	0	10000	1	0	0	0
폼폼방울머리-여성헤어	폼폼방울머리-여성헤어	0	10	1	1	1	0
엠블럼171	써니엠블럼	0	100	1	1	1	0
접시	접시	1	100	1	0	0	0
여의주3	여의주3	1	100	1	0	0	0
옛날반지18	옛날반지18	1	100	1	0	0	0
블루오피온의뿔	블루오피온의뿔	1	200000	1	0	0	0
론	론	1	10	1	0	0	0
보석16	보석16	1	100	1	0	0	0
엔도르개미날개	엔도르개미날개	1	1000	1	0	0	0
엠블럼25	어둠사랑엠블럼	1	100	0	0	0	0
알수없는버섯	알수없는버섯	0	10000	1	0	0	0
가방열쇠	가방열쇠	0	100000	1	0	1	0
로리에의팔찌	로리에의팔찌	0	1	1	0	0	0
울트라마린염색약	울트라마린염색약	0	500000	1	1	1	0
슈페이아움마법서	슈페이아움마법서	1	100000	1	0	0	0
어설픈수오미로럼풍 30	어설픈수오미로럼풍	0	10000	1	0	0	0
오후3시표	오후3시표	1	10000	1	0	0	0
엠블럼150	날개무늬장식(좌)	0	100	1	1	1	0
어설픈밀레스선풍도복풍 30	어설픈밀레스선풍도복풍	0	10000	1	0	0	0
팀배참가증16	팀배참가증16	1	100	1	0	0	0
어설픈뤼케시온코르스화 30	어설픈뤼케시온코르스화	0	10000	1	0	0	0
옷조각13	옷조각13	1	100	1	0	0	0
상자6	파랑항아리	0	10	0	0	0	0
보석10	보석10	1	100	1	0	0	0
얼굴성형12	넋나간얼굴성형	0	100	1	1	1	0
비커2	비커2	1	100	1	0	0	0
오피온의뿔	오피온의뿔	1	100000	1	0	0	0
루어스리콜	루어스리콜	1	1000	1	0	0	0
어린이날선물상자	가정의달선물상자	0	10000	0	0	0	0
어설픈물빛색부츠 30	어설픈물빛색부츠	0	10000	1	0	0	0
저장스크롤조합서	저장스크롤조합서	0	15000	1	0	0	0
광산이동스크롤	광산이동스크롤	0	25000	1	0	0	0
어설픈화염의벽옥목걸이 30	어설픈화염의벽옥목걸이	0	10000	1	0	0	0
어설픈홀리베일 15	어설픈홀리베일	0	10000	1	0	0	0
수수깨끼염색제(30일)	수수깨끼염색제(30일)	0	20	1	1	1	0
어설픈밀레스엘레맨틀수 30	어설픈밀레스엘레맨틀수	0	10000	1	0	0	0
어설픈뉴트의혀 1	어설픈뉴트의혀	0	10000	1	0	0	0
녹색십만전칩	녹색십만전칩	1	100000	1	0	0	0
5000게임포인트쿠폰	5000게임포인트쿠폰	1	100	1	0	0	0
10000게임포인트쿠폰	10000게임포인트쿠폰	1	100	1	0	0	0
50000게임포인트쿠폰	50000게임포인트쿠폰	1	100	1	0	0	0