어설픈수오미풀플레이트토 30	어설픈수오미풀플레이트토	0	10000	1	0	0	0
게임포인트100점	게임포인트100점	1	100	1	0	0	0
플래릭1변신	플래릭	0	100	1	0	0	0
발렌타인1변신	발렌타인변신주문서	0	100	1	1	1	0
계피맛사탕꾸러미	계피맛사탕꾸러미	0	100000	0	0	0	0
연갈색염색약	연갈색염색약	0	500000	1	1	1	0
딸기케익	딸기케익	2	1000000	1	0	0	0
몬스터소환비서:DC-3플라잉디스크6	몬스터소환비서:DC-3플라잉디스크	0	1	1	1	1	0
데몬1	액셀데몬의꼬리	500	100	1	0	0	0
병속의편지	병속의편지	1	100	1	0	0	0
헤어스프레이	헤어스프레이	0	200	1	1	1	0
어설픈뉴트뿔 5	어설픈드래곤뉴트의뿔	1	100	1	0	0	0
고대의흙판조각3	고대의흙판조각3	1	100000	1	0	0	0
변신스크롤(그림록퀸)	변신스크롤(그림록퀸)	0	100000	1	0	0	0
어설픈채집통 10	어설픈채집통	0	10000	1	0	0	0
소루뭄	소루뭄	1	200	1	0	0	0
가스혹	가스혹	1	100	1	0	0	0
레드칩	레드칩	1	100	1	0	0	0
무기강화석	무기강화석	0	0	1	0	0	0
4번거북티켓	4번거북티켓	1	200	0	0	0	0
스플릿소울(봉인)	스플릿소울(봉인)	0	100	1	0	0	0
원격수리스크롤	원격수리스크롤	0	10	0	0	1	0
화분5	화분	1	15000	1	0	0	0
어설픈파란두건 30	어설픈파란두건	0	10000	1	0	0	0
엘리멘탈스톤소환서	엘리멘탈스톤소환서	1	10	0	0	0	0
파란버섯포자	파란버섯포자	1	500	1	0	0	0
엠블럼87	어둠사랑엠블럼	1	100	0	0	0	0
네잎클로버조합서	네잎클로버조합서	0	10000	1	0	0	0
파란버섯재배메뉴얼	파란버섯재배메뉴얼	0	500	1	0	0	0
신비로운이서린돌	신비로운이서린돌	1	1000	0	0	0	0
메카던전물약FULL	메카던전물약FULL	0	7000	1	0	0	0
길드망토패키지-30	길드망토패키지-30	0	100	1	0	0	0
어설픈뤼케시온선풍도복화 30	어설픈뤼케시온선풍도복화	0	10000	1	0	0	0
팜팻의정수	팜팻의정수	0	1	1	0	0	0
아이리스의부적	아이리스의부적	1	100000	1	0	0	0
페토리스	페토리스	1	100	1	0	0	0
코코넛	코코넛	1	35800	1	0	0	0
어설픈수오미코르스 30	어설픈수오미코르스	0	10000	1	0	0	0
무기구제조책	무기구제조책	0	25000	0	0	0	0
벼	벼	1	100	1	0	0	0
어설픈매직새티아 30	어설픈매직새티아	0	10000	1	0	0	0
암흑의시약	암흑의시약	1	1000	1	0	0	0
털방울	털방울	0	25000	1	0	0	0
기본바디변경남1변신	기본바디변경남1주문서	0	100	1	1	1	0
맨티스눈알	맨티스눈알	1	100	1	0	0	0
로지브라운염색약	로지브라운염색약	0	500000	1	1	1	0
연갈색염색제	연갈색염색제	0	200	1	1	1	0
어설픈뤼케시온엘레맨틀토 30	어설픈뤼케시온엘레맨틀토	0	10000	1	0	0	0
금전주머니	금전주머니	1	100	1	0	0	0
다크코로나	다크코로나	2	10000	0	0	0	0
블랙오피온의뿔	블랙오피온의뿔	1	100000	1	0	0	0
우드랜드이동티켓	우드랜드이동티켓	0	10	1	0	0	0
투르크의펜던트	투르크의펜던트	1	100	1	0	0	0
엠블럼100	천하제일무한대전1위	1	100	0	0	0	0
어설픈예쁜이부츠 30	어설픈예쁜이부츠	0	10000	1	0	0	0
마법의리콜	마법의리콜	0	100	1	1	1	0
어설픈이아의동장갑 30	어설픈이아의동장갑	0	10000	1	0	0	0
옛날반지17	옛날반지17	1	100	1	0	0	0
어설픈헬클레릭로브 15	어설픈헬클레릭로브	0	10000	1	0	0	0
어설픈연필 10	어설픈연필	0	10000	1	0	0	0
홍염의진주	홍염의진주	1	100	1	0	0	0
붉은꽃	붉은꽃	1	10000	1	0	0	0
옐로우하이토닉	옐로우하이토닉	1	700000	1	0	0	0
데스나이트의칼	데스나이트의칼	5	100000	1	0	0	0
보물3	블러드스켈	1	100	1	0	0	0
비커8	비커8	1	100	1	0	0	0
파랑버섯	파랑버섯	1	3000	1	0	0	0
옐로우오커염색제	옐로우오커염색제	0	20000	1	0	0	0
윌화이어투구(봉인)	윌화이어투구(봉인)	1	100	1	0	0	0
그루이의편지	그루이의편지	0	1	1	0	0	0
쉬리의편지	쉬리의편지	0	100	1	0	0	0
[B]추출석	[B]추출석	0	0	0	0	0	0
레벨상승쿠폰	레벨상승쿠폰	0	100	0	0	1	0
어설픈밀레스풀플레이트풍 30	어설픈밀레스풀플레이트풍	0	10000	1	0	0	0
륜의조각(대지)	륜의조각(대지)	1	1000	1	0	0	0
상큼꽃이핀화분	상큼꽃이핀화분	1	1000	1	0	0	0
아만쾌속선표	아만쾌속선표	1	10000	1	0	0	0
팀배참가증22	팀배참가증22	1	100	1	0	0	0
변신스크롤(써큐버스)	변신스크롤(써큐버스)	0	100000	1	0	0	0
아이스바	아이스바	0	10	1	0	0	0
아이템각인해제주문서	아이템각인해제주문서	0	100000000	1	0	0	0
엠블럼113	어둠사랑엠블럼	1	100	0	0	0	0
포보스방편	포보스방편	2	3000000	1	0	0	0
어설픈체력의고무장갑 30	어설픈체력의고무장갑	0	10000	1	0	0	0
물빛색염색제	물빛색염색제	0	200	1	1	1	0
옷조각4	옷조각4	1	100	1	0	0	0
올드로즈염색약	올드로즈염색약	0	500000	1	1	1	0
팀배참가증8	팀배참가증8	1	100	1	0	0	0
어설픈히야트홀리스태프 4	어설픈히야트홀리스태프	0	10000	1	0	0	0
깔끔밴드-남성헤어	깔끔밴드-남성헤어	0	10	1	1	1	0
팜팻의역습영수증3	팜팻의역습영수증3	1	10	1	0	0	0
가디언소환스크롤16	기술공격형가디언소환스크롤	1	10	0	0	0	0
어설픈생명의목걸이1 10	어설픈생명의목걸이	0	10000	1	0	0	0
골든레드피쉬	골든레드피쉬	1	400	1	0	0	0
체력마력캅셀	(소)체력마력캅셀	0	2000	0	0	0	0
곤충23	곤충	1	100	1	0	0	0
어설픈루어스로럼 30	어설픈루어스로럼	0	10000	1	0	0	0
어설픈진파랑색부츠 30	어설픈진파랑색부츠	0	10000	1	0	0	0
책8	책8	1	100	1	0	0	0
테라토닉	테라토닉	1	700000	1	0	0	0
털방울조합서	털방울조합서	0	10000	1	0	0	0
썩은 포도	썩은 포도	1	100	1	0	0	0
어설픈밀레스코르스수 30	어설픈밀레스코르스수	0	10000	1	0	0	0
마법효모	마법효모	0	1	1	0	0	0
바람의피스	바람의피스	1	100000	1	0	0	0
좋은우유	좋은우유	1	100	1	0	0	0
오괘	오괘	0	1000	0	0	0	0
엠블럼126	어둠사랑엠블럼	1	100	0	0	0	0
보석22	보석22	1	100	1	0	0	0
검투술기술서	검투술기술서	1	100000	1	0	0	0
블루굴저장스크롤	블루굴저장스크롤	0	25000	1	0	0	0
죽음의마을리콜	죽음의마을리콜	1	1000	1	0	0	0
OX선물상자	OX선물상자	0	10	1	0	1	0
써클사냥터방송쿠폰	써클사냥터방송쿠폰	0	500	0	0	0	0
어설픈대지의마기아목걸이 30	어설픈대지의마기아목걸이	0	10000	1	0	0	0
흑비화무투구(여)조합서	흑비화무투구(여)조합서	0	100000	1	0	0	0
어설픈로오의녹색신발 30	어설픈로오의녹색신발	0	10000	1	0	0	0
메데니아마법의리콜	메데니아마법의리콜	0	100	0	0	0	0
사냥터이동리콜	사냥터이동리콜	0	100	0	0	0	0
몬스터소환비서:블랙보스4	몬스터소환비서:포보스블러드	0	1	1	1	1	0
어설픈뤼케시온카스뮴플레이트 30	어설픈뤼케시온카스뮴플레이트	0	10000	1	0	0	0
어설픈수오미풍전도복풍 30	어설픈수오미풍전도복풍	0	10000	1	0	0	0
애쉬오브로즈염색제	애쉬오브로즈염색제	0	20000	0	0	0	0
상자2	빨간상자	0	10	0	0	0	0
퓨리소윌루기술서	퓨리소윌루기술서	1	100000	1	0	0	0
곤충7	곤충	1	100	1	0	0	0
엠블럼4	스타	1	100	0	0	1	0
엠블럼18	어둠사랑엠블럼	1	100	0	0	0	0
서약증표Y	서약증표Y	1	100	1	0	0	0
스페셜염색약8	스페셜염색약	0	500000	1	1	1	0
펫푸드	펫푸드	0	100	1	0	0	0
어설픈금가위 35	어설픈금가위	0	10000	1	0	0	0
뮤레칸의정수	뮤레칸의정수	0	1	1	0	0	0
엠블럼146	금빛모래시계	0	100	1	1	1	0
몽테	몽테	1	74300	1	0	0	0
금색염색제	금색염색제	0	200	1	1	1	0
이동석	이동석	1	100	1	0	0	0
초코염색약	초코염색약	1	500000	1	0	0	0
만물수리망치[100%]	만물수리망치[100%]	0	20	1	1	1	0
메모리얼북	메모리얼북	0	10	1	1	1	0
기가포션	기가포션	0	100000	1	1	1	0
간이상점개설허가서	간이상점개설허가서	0	100000	1	0	0	0
봉인의흔적	봉인의흔적	0	1	1	0	0	0
바람의씰	바람의씰	1	100	1	0	0	0
얼굴성형5	파란작은눈얼굴성형	0	100	1	1	1	0
클래식RPG선물상자	클래식RPG선물상자	0	100	0	0	0	0
영류결계석A	영류결계석A	0	100	0	0	0	0
엠블럼139	어둠사랑엠블럼	1	100	0	0	0	0
어설픈뤼케시온키톤토 30	어설픈뤼케시온키톤토	0	10000	1	0	0	0
자칼의칼	자칼의칼	9	100	0	0	0	0
브랜디	브랜디	1	100	1	0	0	0
어설픈스페셜염색약11 15	어설픈스페셜염색약11	0	10000	1	0	0	0
엠블럼160	주먹밥애니엠블럼	0	100	1	1	1	0
푸른베개	푸른베게	1	100	1	0	0	0
폐타이어	폐타이어	1	51000	1	0	0	0
B급그레이염색약	스틸그레이염색약	0	500000	1	1	1	0
주작의서클릿	주작의서클릿	1	30000000	1	0	0	0
진배움의서8	배움의서+8	0	3000000	1	1	1	0
보석8	보석8	1	100	1	0	0	0
럭셔리프린스박스	럭셔리프린스박스	0	500000000	1	0	0	0
엠블럼32	어둠사랑엠블럼	1	100	0	0	0	0
루딘의정기	루딘의정기	0	100000	0	0	0	0
어둠사랑엠블럼(DD)	어둠사랑엠블럼(DD)	0	1	1	0	0	0
어설픈루어스위저드로브화 30	어설픈루어스위저드로브화	0	10000	1	0	0	0
죽음의마을던젼지역스크롤	죽음의마을던젼지역스크롤	0	10	1	0	0	0
가디언소환스크롤28	기술공격형가디언소환스크롤	1	10	0	0	0	0
반딧불이	반딧불이	1	100	1	0	0	0
포이즌카카포의껍질	포이즌카카포의껍질	1	100	1	0	0	0
주황오만전칩	주황오만전칩	1	50000	1	0	0	0
아루스의부러진지팡이	아루스의부러진지팡이	2	1000000	1	0	0	0
알수없는염색약10	알수없는염색약	0	500000	1	1	1	0
얼굴염색0	기본얼굴페인팅쿠폰	0	100	1	1	1	0
방송쿠폰종합세트	방송쿠폰종합세트	1	30	1	1	0	0
크라켄다리	오징어발	0	100	1	0	0	0
어설픈루어스스톨라토 30	어설픈루어스스톨라토	0	10000	1	0	0	0
발렌타인염료	발렌타인염료	0	10	1	1	1	0
러브핑크염색약	러브핑크염색약	0	500000	1	1	1	0
엠블럼47	어둠사랑엠블럼	1	100	0	0	0	0
낡아버린책	낡아버린책	1	100	1	0	0	0
흑비류선의(남)조합서	흑비류선의(남)조합서	0	100000	1	0	0	0
초록물약	초록물약	1	5000	1	0	0	0
축하폭죽	축하폭죽	1	500	1	0	0	0
성직자석상	성직자석상	1	100000	1	0	0	0
고르데아의가슴털	고르데아의가슴털	2	1000000	1	0	0	0
꽃조개	꽃조개	1	50000	1	0	0	0
우드랜드이동스크롤	우드랜드이동스크롤	0	25000	1	0	0	0
나방	나방	1	100	1	0	0	0
어설픈바다의홀디트링 30	어설픈바다의홀디트링	0	10000	1	0	0	0
열쇠4	보라열쇠	500	100	1	0	0	0
어설픈이아의호안석반지 30	어설픈이아의호안석반지	0	10000	1	0	0	0
어설픈밀레스풍전도복화 30	어설픈밀레스풍전도복화	0	10000	1	0	0	0
이아의은총핸드폰줄	이아의은총핸드폰줄	1	100	1	1	1	0
검정십만전칩	검정십만전칩	1	100000	1	0	0	0
포도주(작은병)	포도주(작은병)	1	500	1	0	0	0
생명의시약조합서	생명의시약조합서	0	50000	1	0	0	0
홀리데이-여성헤어	홀리데이-여성헤어	0	10	1	1	1	0
게임포인트200점	게임포인트200점	1	100	1	0	0	0
오믈렛	오믈렛	2	1000000	1	0	0	0
어설픈홀리아룬다이트 15	어설픈홀리아룬다이트	0	10000	1	0	0	0
어설픈수오미풀플레이트풍 30	어설픈수오미풀플레이트풍	0	10000	1	0	0	0
소인간4변신	꼬마웨딩변신주문서	0	100	1	1	1	0
오묘한보석	오묘한보석	0	1	1	0	0	0
데몬2	액셀데몬의장신구	500	100	1	0	0	0
박스2	오래된박스	1	15000	1	0	0	0
오크바디페인팅쿠폰	오크바디페인팅쿠폰	0	100	1	1	1	0
노란구슬	노란구슬	1	50000	1	0	0	0
블랙열쇠5	블랙열쇠5	1	1000	1	0	0	0
흑판3	흑판조각	500	100	1	0	0	0
통합슬롯연장권30일	통합슬롯연장권(30일)	0	100	1	1	1	0
엠블럼62	어둠사랑엠블럼	1	100	0	0	0	0
애스코모이드조각	애스코모이드조각	1	100	1	0	0	0
어설픈밤낮으로피는장미 15	어설픈밤낮으로피는장미	0	10000	1	0	0	0
블루칩	블루칩	1	100	1	0	0	0
블로우웨이브(봉인)	블로우웨이브(봉인)	0	100	1	0	0	0
어설픈자주두건 30	어설픈자주두건	0	10000	1	0	0	0
쿠룸	쿠룸	1	300	1	0	0	0
마인리콜	마인리콜	1	1000	1	0	0	0
낄수없는네비리스트	낄수없는네비리스트	4	200000	1	0	0	0
복어	복어	1	2000	1	0	0	0
볏단	볏단	1	100	1	0	0	0
부서진강화조각	부서진강화조각	0	0	1	0	0	0
장갑강화석교환권	장갑강화석교환권	0	0	1	0	0	0
각반강화석교환권	각반강화석교환권	0	0	1	0	0	0
투구강화석교환권	투구석교환권	0	0	1	0	0	0
갑옷강화석교환권	갑옷강화석교환권	0	0	1	0	0	0
무기강화석교환권	무기강화석교환권	0	0	1	0	0	0
뮤레칸의눈물	뮤레칸의눈물	1	250000	1	0	0	0
어설픈루어스선풍도복 30	어설픈루어스선풍도복	0	10000	1	0	0	0
생명의시약	생명의시약	1	1000	1	0	0	0
어설픈홀리새티아 51	어설픈홀리새티아	0	10000	1	0	0	0
어설픈수오미코르스수 30	어설픈수오미코르스수	0	10000	1	0	0	0
생선비늘	생선비늘	1	100	1	0	0	0
벌날개	벌날개	1	100	1	0	0	0
상점(텐트)	상점(텐트)	0	1000000	1	0	0	0
몬스터소환비서:밀레스관리자	몬스터소환비서:밀레스관리자	0	1	1	1	1	0
엠블럼75	어둠사랑엠블럼	1	100	0	0	0	0
오리엔탈레드염색약	오리엔탈레드염색약	1	500000	1	0	0	0
세토아업키트A	세토아업키트(Lev1)	0	100000	1	0	0	0
은전주머니	은전주머니	1	100	1	0	0	0
약병	약병	1	1000	0	0	0	0
메가포션세트	메가포션세트	0	200	1	1	1	0
화염의엠버	화염의엠버	2	10000	0	0	0	0
시즈게일1변신	시즈게일	0	100	1	0	0	0
보리임	보리임	1	100	1	0	0	0
원혼의석상	원혼이깃든석상	0	1	1	0	0	0
어설픈뤼케시온엘레맨틀풍 30	어설픈뤼케시온엘레맨틀풍	0	10000	1	0	0	0
소녀2변신	소녀2변신주문서	0	100	1	1	1	0
서약조각R	서약조각R	1	100	1	0	0	0
병아리용물	병아리용물	1	5000	1	0	0	0
녹차맛사탕꾸러미	녹차맛사탕꾸러미	0	100000	0	0	0	0
심볼5	심볼5	1	100	1	0	0	0
편지가들어있는병	편지가들어있는병	1	15000	1	0	0	0
노란색염색제	노란색염색제	0	20000	1	0	0	0
어설픈날라리부츠 30	어설픈날라리부츠	0	10000	1	0	0	0
화의에센스	화의에센스	1	100	1	0	0	0
채집왕의선물	채집왕의선물	0	10	1	0	0	0
엠블럼161	OTP엠블럼	0	100	1	1	1	0
어설픈세피라링(Lev2) 10	어설픈세피라링(Lev2)	0	10000	1	0	0	0
붉은진주	붉은진주	1	100	1	0	0	0
변신스크롤(늑대)	변신스크롤(늑대)	0	100000	1	0	0	0
몬스터소환비서:BF-S와스프6	몬스터소환비서:BF-S와스프	0	1	1	1	1	0
어설픈로오의동장갑 30	어설픈로오의동장갑	0	10000	1	0	0	0
적비화무갑주(여)조합서	적비화무갑주(여)조합서	0	100000	1	0	0	0
어설픈헬소서러로브 15	어설픈헬소서러로브	0	10000	1	0	0	0
보물4	신비의열매	1	100	1	0	0	0
비커9	비커9	1	100	1	0	0	0
안크본드라곤의머리	안크본드라곤의머리	1	100000	1	0	0	0
진한노랑색염색약	진한노랑색염색약	0	50000	1	1	1	0
빨간보석	빨간보석	1	100000	1	0	0	0
라미의편지	라미의편지	0	100	1	0	0	0
엠블럼88	어둠사랑엠블럼	1	100	0	0	0	0
레인헌트투구(봉인)	레인헌트투구(봉인)	1	100	1	0	0	0
엘리멘탈스톤소환서1	엘리멘탈스톤소환서	1	10	0	0	0	0
상점개설입문서	상점개설입문서	0	500	1	0	0	0
노란꽃	노란꽃	1	10000	1	0	0	0
메카던전물약3-2	메카던전물약3-2	0	7000	1	0	0	0
나겔링파워	나겔링파워	0	0	1	0	0	0
길드망토패키지-50	길드망토패키지-50	0	100	1	0	0	0
팀배참가증23	팀배참가증23	1	100	1	0	0	0
어설픈밀레스풀플레이트화 30	어설픈밀레스풀플레이트화	0	10000	1	0	0	0
다이아몬드	다이아몬드	1	2000000	1	0	0	0
뮤레칸의수정조각	뮤레칸의수정조각	0	10	1	0	0	0
옷조각5	옷조각5	1	100	1	0	0	0
팀배참가증9	팀배참가증9	1	100	1	0	0	0
빨간사과	빨간사과	1	500	1	0	0	0
기본바디변경여1변신	기본바디변경여1주문서	0	100	1	1	1	0
흰색염색제	흰색염색제	0	20000	1	0	0	0
어설픈마법의고무장갑 30	어설픈마법의고무장갑	0	10000	1	0	0	0
터콰이즈염색약	터콰이즈염색약	0	500000	1	1	1	0
어설픈히야트마법가지 4	어설픈히야트마법가지	0	10000	1	0	0	0
책9	책9	1	100	1	0	0	0
륜의조각(화염)	륜의조각(화염)	1	1000	1	0	0	0
곤충24	곤충	1	100	1	0	0	0
팜팻의역습영수증4	팜팻의역습영수증4	1	10	1	0	0	0
어설픈암흑의목걸이1 10	어설픈암흑의목걸이	0	10000	1	0	0	0
우드랜드저장티켓	우드랜드저장티켓	0	10	1	0	0	0
어설픈루어스로럼수 30	어설픈루어스로럼수	0	10000	1	0	0	0
엠블럼101	어둠사랑엠블럼	1	100	0	0	0	0
5번거북티켓	5번거북티켓	1	200	0	0	0	0
어설픈진갈색부츠 30	어설픈진갈색부츠	0	10000	1	0	0	0
마법의리콜(30일)	마법의리콜(30일)	0	100	1	1	1	0
눈사람모자조합서	눈사람모자조합서	0	10000	1	0	0	0
어설픈밀레스코르스토 30	어설픈밀레스코르스토	0	10000	1	0	0	0
미괘	미괘	0	1000	0	0	0	0
보석23	보석23	1	100	1	0	0	0
꼬리치기기술서	꼬리치기기술서	1	100000	1	0	0	0
독버섯	독버섯	1	3000	1	0	0	0
옐로우엑스토닉	옐로우엑스토닉	1	700000	1	0	0	0
호러캐슬열쇠1	호러캐슬보석	1	1000	1	0	0	0
어설픈바람의마기아목걸이 30	어설픈바람의마기아목걸이	0	10000	1	0	0	0
블로드레드염색제	블로드레드염색제	0	20000	1	0	0	0
곤충8	곤충	1	100	1	0	0	0
니에담요당첨쿠폰	니에담요당첨쿠폰	0	100	0	0	1	0
어설픈메투스의녹색신발 30	어설픈메투스의녹색신발	0	10000	1	0	0	0
화염의루브	화염의루브	1	100000	1	0	0	0
