레드일롱게이트	레드일롱게이트	1	700	1	0	0	0
베레스4	베레스의어깨장신구	500	100	1	0	0	0
영류결계석E	영류결계석E	0	100	0	0	0	0
딸기맛사탕	딸기맛사탕	0	100000	0	0	0	0
보라색염색제	보라색염색제	0	20000	1	0	0	0
흑판	고대의흑판	500	100	1	0	0	0
다이나마이트뭉치	다이나마이트뭉치	9	100000	1	0	0	0
이아의구원	이아의구원	0	5000000	0	0	0	0
루딘길라잡이	루딘길라잡이	0	5000000	0	0	0	0
축구공1	축구공	500	100	1	0	0	0
소개서1	소개서	1	1000000	0	0	0	0
몬스터소환비서:오렌보스1	몬스터소환비서:켄토라우스	0	1	1	1	1	0
어설픈연단검토 39	어설픈연단검토	0	10000	1	0	0	0
초록보석	초록보석	1	100000	1	0	0	0
어설픈세토아의가죽각반 30	어설픈세토아의가죽각반	0	10000	1	0	0	0
어설픈뮤레칸의철방패 40	어설픈뮤레칸의철방패	0	10000	1	0	0	0
보석9	보석9	1	100	1	0	0	0
어설픈바다의크리스탈목걸이 30	어설픈바다의크리스탈목걸이	0	10000	1	0	0	0
엠블럼91	어둠사랑엠블럼	1	100	0	0	0	0
변신스크롤(데스나이트)	변신스크롤(데스나이트)	0	100000	1	0	0	0
이벤트러브에센스	이벤트러브에센스	1	10000	1	0	0	0
어설픈뤼케시온풀플레이트토 30	어설픈뤼케시온풀플레이트토	0	10000	1	0	0	0
로얄제리	로얄제리	1	1000	1	0	0	0
조각조각퍼즐	조각조각퍼즐	0	10	1	1	1	0
어설픈방패연 10	어설픈방패연	0	10000	1	0	0	0
마도서1	마도서1	0	1	1	0	0	0
엘리멘탈스톤소환서4	엘리멘탈스톤소환서	1	10	0	0	0	0
파란버섯	파란버섯	1	5000	1	0	0	0
몬스터소환비서:NR-1나노박스6	몬스터소환비서:NR-1나노박스	0	1	1	1	1	0
보석3	보석3	1	100	1	0	0	0
멜로더가시	멜로더가시	1	100	1	0	0	0
말미잘촉수	말미잘촉수	1	100	1	0	0	0
어설픈라비린스투구풍 30	어설픈라비린스투구풍	0	10000	1	0	0	0
십자가1	십자가1	1	100	1	0	0	0
피치	피치	1	1600	1	0	0	0
흑비류선후(여)조합서	흑비류선후(여)조합서	0	100000	1	0	0	0
여단100	여단100	1	10000	1	0	0	0
밀가루반죽	밀가루반죽	0	100000	0	0	0	0
진노랑색염색제	진노랑색염색제	0	200	1	1	1	0
흑의엠버	흑의엠버	2	10000	0	0	0	0
신비한종이	신비한종이	0	100	0	0	0	0
경험치보너스카드2	경험치보너스카드	0	10	0	0	0	0
레드오피온의수염	레드오피온의수염	1	100	1	0	0	0
여의주조합서	여의주조합서	0	50000	1	0	0	0
세오의각인1	세오의각인Lv1	0	20000	1	0	0	0
엠블럼14	십자가엠블럼	0	100	1	1	1	0
심볼9	심볼9	1	100	1	0	0	0
엠블럼104	어둠사랑엠블럼	1	100	0	0	0	0
사파이어	사파이어	1	120000	1	0	0	0
메케닉은반지	메케닉은반지	0	1	1	0	0	0
화염의에센스	화염의에센스	1	100	1	0	0	0
어설픈루어스선풍도복화 30	어설픈루어스선풍도복화	0	10000	1	0	0	0
달걀	달걀	1	10	1	0	0	0
어설픈뤼케시온코르스 30	어설픈뤼케시온코르스	0	10000	1	0	0	0
인디고염색약	인디고염색약	1	500000	1	0	0	0
카슈마나이트단지	카슈마나이트단지	1	100	1	0	0	0
어설픈투핸드드래곤크로어화 15	어설픈투핸드드래곤크로어화	0	10000	1	0	0	0
비커13	비커13	1	100	1	0	0	0
지하던젼이동티켓	지하던젼이동티켓	0	10	1	0	0	0
어설픈바람의자수정목걸이 30	어설픈바람의자수정목걸이	0	10000	1	0	0	0
어설픈자주보라색부츠 30	어설픈자주보라색부츠	0	10000	1	0	0	0
리로의편지	리로의편지	0	100	1	0	0	0
찌그러진보물조각[동]	찌그러진보물조각[동]	0	500000	1	0	0	0
팀배참가증12	팀배참가증12	1	100	1	0	0	0
어설픈루어스엘레맨틀토 30	어설픈루어스엘레맨틀토	0	10000	1	0	0	0
그린엑스토닉	그린엑스토닉	1	700000	1	0	0	0
블루블랙염색약	블루블랙염색약	0	500000	1	1	1	0
울트라마린염색제	울트라마린염색제	0	20000	1	0	0	0
오전3시표	오전3시표	1	10000	1	0	0	0
오전10시표	오전10시표	1	10000	1	0	0	0
미스틱레드와인스톤	미스틱레드와인스톤	1	1000000	1	0	0	0
[A]어빌리티조각	[A]어빌리티조각	0	0	0	0	0	0
레드오피온의비늘	레드오피온의비늘	1	100000	1	0	0	0
리턴스피릿	리턴스피릿	0	20	1	1	1	0
엠블럼117	어둠사랑엠블럼	1	100	0	0	0	0
어설픈생명의목걸이1 3	어설픈생명의목걸이	0	10000	1	0	0	0
어설픈이아의고무장갑 30	어설픈이아의고무장갑	0	10000	1	0	0	0
어설픈헬몽크아머 15	어설픈헬몽크아머	0	10000	1	0	0	0
신백작부인의별장지도	백작부인의별장지도	0	10000	1	0	0	0
어15	[15주년]어	0	1	0	0	0	0
캡모자	캡모자	1	100	1	0	0	0
옷조각9	옷조각9	1	100	1	0	0	0
박스10	오래된박스	1	15000	1	0	0	0
아이템먹기쿠폰	아이템먹기쿠폰	1	200	0	0	0	0
경마참가증4	경마참가증	1	1000	1	0	0	0
책13	책13	1	100	1	0	0	0
윌화이어아머(봉인)	윌화이어아머(봉인)	1	100	1	0	0	0
형광연두색염색제	형광연두색염색제	0	200	1	1	1	0
팀배참가증27	팀배참가증27	1	100	1	0	0	0
곤충28	곤충	1	100	1	0	0	0
변신스크롤(은빛늑대)	변신스크롤(은빛늑대)	0	100000	1	0	0	0
피스드래곤레이어-남성헤어	피스드래곤레이어-남성헤어	0	10	1	1	1	0
자아의조각	자아의조각	0	1	1	0	0	0
가디언소환스크롤2	보호형가디언소환스크롤	1	10	0	0	0	0
루어스대평원리콜	루어스대평원리콜	1	1000	1	0	0	0
어설픈수오미위저드로브풍 30	어설픈수오미위저드로브풍	0	10000	1	0	0	0
히스피타	히스피타	1	100	1	0	0	0
인삼	인삼	1	1000000	1	0	0	0
엠블럼9	토끼귀마개	1	100	0	0	1	0
보석27	보석27	1	100	1	0	0	0
식빵	식빵	1	500	1	0	0	0
엠블럼130	어둠사랑엠블럼	1	100	0	0	0	0
시금치모이	시금치모이	1	5000	1	0	0	0
어설픈투핸드다크크로어 10	어설픈투핸드다크크로어	0	10000	1	0	0	0
해괘	해괘	0	1000	0	0	0	0
어설픈주황색부츠 30	어설픈주황색부츠	0	10000	1	0	0	0
어설픈체력의레더글러브 30	어설픈체력의레더글러브	0	10000	1	0	0	0
쿠랄투움	쿠랄투움	1	10000	1	0	0	0
어설픈밀레스로럼 30	어설픈밀레스로럼	0	10000	1	0	0	0
곤충12	곤충	1	100	1	0	0	0
복숭아만두세트	복숭아만두세트	1	10000	1	0	0	0
A급옐로우그린염색약	라운그린염색약	0	500000	1	1	1	0
어둠사랑엠블럼(S)	어둠사랑엠블럼(S)	1	100	0	0	0	0
엠블럼167	랄라엠블럼	0	100	1	1	1	0
화염의돌	화염의돌	1	10000	1	0	0	0
전파펭귄가죽	전파펭귄가죽	1	700000	1	0	0	0
라벤더염색제	라벤더염색제	0	20000	0	0	0	0
선장의열쇠	선장의열쇠	0	1000	1	0	0	0
비스트어택기술서	비스트어택기술서	1	100000	1	0	0	0
적비화후관(남)조합서	적비화후관(남)조합서	0	100000	1	0	0	0
지하던젼저장스크롤	지하던젼저장스크롤	0	25000	1	0	0	0
팜팻의역습입장권3	팜팻의역습입장권3	1	1000000	1	0	0	0
어설픈수오미스톨라수 30	어설픈수오미스톨라수	0	10000	1	0	0	0
마도코어별스톤	마도코어별스톤	0	1000	1	0	0	0
리젠마법서	리젠마법서	1	100000	1	0	0	0
왈츠재상의편지2	왈츠재상의편지	0	20000	1	0	0	0
쇠조각	쇠조각	1	100	1	0	0	0
매직히야트스톤	매직히야트스톤	0	1000	1	0	0	0
복숭아주	복숭아주	1	1000	1	0	0	0
자주색염색제	자주색염색제	0	200	1	1	1	0
뽀글이스타일-남녀헤어	뽀글이스타일-남녀헤어	0	10	1	1	1	0
박스5	오래된박스	1	15000	1	0	0	0
얼굴성형9	진지한눈얼굴성형	0	100	1	1	1	0
대바늘	대바늘	1	20000	1	0	0	0
엠블럼143	묵찌빠(찌)	0	100	1	1	1	0
꽃22	드로셀라	1	100	1	0	0	0
몬스터결정추출기	몬스터결정추출기	0	20000	1	0	0	0
어설픈세토아의산호반지 30	어설픈세토아의산호반지	0	10000	1	0	0	0
마이소시아지도	마이소시아지도	0	10	1	1	1	0
어설픈로오의레더부츠 30	어설픈로오의레더부츠	0	10000	1	0	0	0
판티카씨앗	판티카씨앗	1	10	1	0	0	0
어설픈뤼케시온풍전도복풍 30	어설픈뤼케시온풍전도복풍	0	10000	1	0	0	0
스페셜염색약13	스페셜염색약	0	500000	1	1	1	0
우드랜드지역프레임	우드랜드지역프레임	0	25000	1	0	0	0
엠블럼36	어둠사랑엠블럼	1	100	0	0	0	0
이아의잉크병	이아의잉크병	3	100	0	0	0	0
양고기스테이크정식	양고기스테이크정식	1	3000	1	0	0	0
돈파조합서	돈파조합서	0	25000	1	0	0	0
몬스터소환비서:블루초8	몬스터소환비서:마그마바룬스	0	1	1	1	1	0
연하장1	연하장	1	1000	1	0	0	0
어설픈그레이트소드수 30	어설픈그레이트소드수	0	10000	1	0	0	0
늑대영혼석	늑대영혼석	0	1	1	0	0	0
매미	매미	1	100	1	0	0	0
어설픈루어스카스뮴플레이트 30	어설픈루어스카스뮴플레이트	0	10000	1	0	0	0
노브의나침반	노브의나침반	1	10	0	0	0	0
어설픈루어스키톤토 30	어설픈루어스키톤토	0	10000	1	0	0	0
얼굴염색4	황금색얼굴페인팅쿠폰	0	100	1	1	1	0
악충이해골	악충이해골	1	100	1	0	0	0
륜의조각(바다)	륜의조각(바다)	1	1000	1	0	0	0
B급퍼플염색약	크림슨염색약	0	500000	1	1	1	0
엠블럼166	경찰엠블럼	0	100	1	1	1	0
팜팻알1	팜팻의알	1	100	1	0	0	0
가디언소환스크롤6	보호형가디언소환스크롤	1	10	0	0	0	0
어설픈스페셜염색약16 15	어설픈스페셜염색약16	0	10000	1	0	0	0
켄토라우스의링	켄토라우스의링	2	1000000	1	0	0	0
해안던젼지역스크롤	해안던젼지역스크롤	0	10	1	0	0	0
정상적인동력원	정상적인동력원	0	100	0	0	0	0
엠블럼52	어둠사랑엠블럼	1	100	0	0	0	0
어둠사랑(DD)교환권	어둠사랑(DD)교환권	0	10	0	0	1	0
검은벌침	검은벌침	1	100	1	0	0	0
가방기간연장권(장기)	가방기간연장권(장기)	0	10	1	1	1	0
어설픈밀레스위저드로브화 30	어설픈밀레스위저드로브화	0	10000	1	0	0	0
말벌	말벌	1	100	1	0	0	0
마이소시아지도세트	마이소시아지도세트	0	30	1	1	0	0
열쇠7	청동열쇠	500	100	1	0	0	0
번쩍번쩍보석	번쩍번쩍보석	0	10	1	0	0	0
알수없는염색약4	알수없는염색약	0	500000	1	1	1	0
호러캐슬열쇠5	호러캐슬보석	1	1000	1	0	0	0
적비류선의(여)조합서	적비류선의(여)조합서	0	100000	1	0	0	0
파랑만전칩	파랑만전칩	1	10000	1	0	0	0
성냥갑	성냥갑	1	15000	1	0	0	0
포테의숲이동스크롤	포테의숲이동스크롤	0	25000	1	0	0	0
어설픈밀레스스톨라토 30	어설픈밀레스스톨라토	0	10000	1	0	0	0
고르데아의송곳니	고르데아의송곳니	2	1000000	1	0	0	0
화산2변신	레드프시프시변신주문서	0	100	1	1	1	0
파랑폭죽N	파랑폭죽N	1	500	1	0	0	0
창백한바디페인팅쿠폰	창백한바디페인팅쿠폰	0	100	1	1	1	0
베레스5	포보스의어깨장신구	500	100	1	0	0	0
유리병	수상한유리병	500	100	1	0	0	0
엠블럼66	어둠사랑엠블럼	1	100	0	0	0	0
밀레스역사서2	밀레스의왕족	0	2000	0	0	0	0
가죽공	가죽공	500	100	1	0	0	0
머메이드의비늘	머메이드의비늘	1	1000	1	0	0	0
딸기	딸기	1	1200	1	0	0	0
해골팬던트1	해골팬던트1	0	1	1	0	0	0
어설픈연단검풍 30	어설픈연단검풍	0	10000	1	0	0	0
갈색만전칩	갈색만전칩	1	10000	1	0	0	0
어설픈이아의가죽각반 30	어설픈이아의가죽각반	0	10000	1	0	0	0
어설픈뮤레칸의은제방패 40	어설픈뮤레칸의은제방패	0	10000	1	0	0	0
카비엔	카비엔	2	20000	1	0	0	0
눈의인형	눈의인형	0	10	1	0	0	0
영류결계석F	영류결계석F	0	100	0	0	0	0
화분	화분	1	10	1	0	0	0
어설픈화염의잼스톤목걸이 30	어설픈화염의잼스톤목걸이	0	10000	1	0	0	0
어설픈갓 10	어설픈갓	0	10000	1	0	0	0
어설픈뤼케시온풀플레이트풍 30	어설픈뤼케시온풀플레이트풍	0	10000	1	0	0	0
보석4	보석4	1	100	1	0	0	0
광산저장티켓	광산저장티켓	0	10	1	0	0	0
흑장미	흑장미	1	500	1	0	0	0
해골바가지	해골바가지	1	100	1	0	0	0
독거미다리	독거미다리	1	100	1	0	0	0
아이리스의일기장	아이리스의일기장	1	2000	1	0	0	0
개미화살	개미화살	1	100	1	0	0	0
[출석]텔리포트의깃털	[출석]텔리포트의깃털	0	30	0	0	1	0
십자가2	십자가2	1	100	1	0	0	0
니에세트	니에세트	1	2000	1	0	0	0
엠블럼79	어둠사랑엠블럼	1	100	0	0	0	0
바람의엠버	바람의엠버	2	10000	0	0	0	0
마도서FX	마도서FX	0	1	1	0	0	0
윌화이어장갑(봉인)	윌화이어장갑(봉인)	1	100	1	0	0	0
블루초하급1변신	블루초하급	0	100	1	0	0	0
어설픈라비린스투구화 30	어설픈라비린스투구화	0	10000	1	0	0	0
밀납	밀납	1	1000	1	0	0	0
살충제C형	살충제C형	1	10000	1	0	0	0
심볼10	심볼10	1	100	1	0	0	0
빨간버섯	빨간버섯	1	3000	1	0	0	0
세오업키트A	세오업키트(Lev1)	0	100000	1	0	0	0
블루오피온의수염	블루오피온의수염	1	100	1	0	0	0
배움의서3	포장된수련의서	0	3000000	1	1	1	0
아슬론초원지도2	아슬론초원지도2	1	10000	1	0	0	0
로톤리콜	로톤리콜	1	1000	1	0	0	0
좋은달걀	좋은달걀	1	10	1	0	0	0
바람의에센스	바람의에센스	1	100	1	0	0	0
흑비화후의(여)조합서	흑비화후의(여)조합서	0	100000	1	0	0	0
계피맛사탕	계피맛사탕	0	100000	0	0	0	0
풀색염색제	풀색염색제	0	20000	1	0	0	0
여의주1	여의주1	1	100	1	0	0	0
어설픈밀레스선풍도복 30	어설픈밀레스선풍도복	0	10000	1	0	0	0
블로드레드염색약	블로드레드염색약	0	500000	1	1	1	0
파랑보석	파랑보석	1	100000	1	0	0	0
어설픈뤼케시온코르스수 30	어설픈뤼케시온코르스수	0	10000	1	0	0	0
비커14	비커14	1	100	1	0	0	0
어설픈수오미로럼 30	어설픈수오미로럼	0	10000	1	0	0	0
달콤한쵸코막대조합서	달콤한쵸코막대조합서	0	10000	1	0	0	0
레드자스퍼	레드자스퍼	1	240000	1	0	0	0
엠블럼92	어둠사랑엠블럼	1	100	0	0	0	0
몬스터소환비서:오렌보스2	몬스터소환비서:세르네아스	0	1	1	1	1	0
팀배참가증13	팀배참가증13	1	100	1	0	0	0
메케닉금반지	메케닉금반지	0	1	1	0	0	0
어설픈바다의자수정목걸이 30	어설픈바다의자수정목걸이	0	10000	1	0	0	0
어설픈진분홍색부츠 30	어설픈진분홍색부츠	0	10000	1	0	0	0
헤어밴드-남성헤어	헤어밴드-남성헤어	0	10	1	1	1	0
오전6시표	오전6시표	1	10000	1	0	0	0
변신스크롤(도우미)	변신스크롤(도우미)	0	100000	1	0	0	0
어설픈루어스엘레맨틀풍 30	어설픈루어스엘레맨틀풍	0	10000	1	0	0	0
팜팻찾기	팜팻찾기	0	10	1	1	1	0
브론즈오피온의비늘	브론즈오피온의비늘	1	100000	1	0	0	0
캡모자염색제	캡모자염색제	1	100	1	0	0	0
옷조각10	옷조각10	1	100	1	0	0	0
어설픈헬씨프아머 15	어설픈헬씨프아머	0	10000	1	0	0	0
어설픈암흑의목걸이1 3	어설픈암흑의목걸이	0	10000	1	0	0	0
엘리멘탈스톤소환서6	엘리멘탈스톤소환서	1	10	0	0	0	0
어설픈로오의고무장갑 30	어설픈로오의고무장갑	0	10000	1	0	0	0
책14	책14	1	100	1	0	0	0
고기만두	고기만두	0	10000	0	0	0	0
경마참가증5	경마참가증	1	1000	1	0	0	0
레몬색염색제	레몬색염색제	0	20000	1	0	0	0
인증서종이	인증서종이	1	1000000	0	0	0	0
타마리노	타마리노	1	42030	1	0	0	0
곤충29	곤충	1	100	1	0	0	0
몬스터소환비서:WW-A오라토리오6	몬스터소환비서:WW-A오라토리오	0	1	1	1	1	0
팀배참가증28	팀배참가증28	1	100	1	0	0	0
레인헌트아머(봉인)	레인헌트아머(봉인)	1	100	1	0	0	0
세오의각인2	세오의각인Lv2	0	20000	1	0	0	0
엠블럼15	하늘천엠블럼	0	100	1	1	1	0
미스틱아쿠아스톤	미스틱아쿠아스톤	1	1000000	1	0	0	0
[B]어빌리티조각	[B]어빌리티조각	0	0	0	0	0	0
경험치보너스카드3	경험치보너스카드	0	10	0	0	0	0
엠블럼105	어둠사랑엠블럼	1	100	0	0	0	0
꼬끼오모이	꼬끼오모이	0	5000	0	0	0	0
조나단백작의문장	조나단백작의문장	0	100	1	0	0	0
도다리미끼	도다리미끼	1	1000	1	0	0	0
마술붓	마술붓	1	10000	1	0	0	0
오리엔탈-남성헤어	오리엔탈-남성헤어	0	10	1	1	1	0
보석28	보석28	1	100	1	0	0	0
어설픈수오미위저드로브화 30	어설픈수오미위저드로브화	0	10000	1	0	0	0
벤트랄피쉬	벤트랄피쉬	1	800	1	0	0	0
일일의상교환권	일일의상교환권	0	10	0	0	0	0
히야트광석	히야트광석	0	1	1	0	0	0
어설픈금색부츠 30	어설픈금색부츠	0	10000	1	0	0	0
지하던젼저장티켓	지하던젼저장티켓	0	10	1	0	0	0
박스11	오래된박스	1	15000	1	0	0	0
곤충13	곤충	1	100	1	0	0	0
어설픈밀레스로럼수 30	어설픈밀레스로럼수	0	10000	1	0	0	0
어설픈스페셜염색약1 15	어설픈스페셜염색약1	0	10000	1	0	0	0
어100	세오100년 어	0	1	1	0	0	0
어설픈마법의레더글러브 30	어설픈마법의레더글러브	0	10000	1	0	0	0
브람프타	브람브타	1	100000	1	0	0	0
바다의돌	바다의돌	1	10000	1	0	0	0
생강	생강	1	1000000	1	0	0	0
블루토닉	블루토닉	1	700000	1	0	0	0
A급퍼플염색약	바이올렛염색약	0	500000	1	1	1	0
버밀리언염색제	버밀리언염색제	0	20000	1	0	0	0
병아리용모이	병아리용모이	1	5000	1	0	0	0
흑비현진건(남)조합서	흑비현진건(남)조합서	0	100000	1	0	0	0
성전환캡슐	성전환캡슐	0	20	1	1	1	0
사격기술서	사격기술서	1	100000	1	0	0	0
열쇠조합서	열쇠조합서	0	50000	1	0	0	0
행복한상자	행복한상자	1	10	0	0	0	0
토마토	토마토	1	200	1	0	0	0
엠블럼118	어둠사랑엠블럼	1	100	0	0	0	0
변신마법서	변신마법서	1	100000	1	0	0	0
구리조각	구리조각	1	100	1	0	0	0
움직이는가구파편	움직이는가구파편	0	1	1	0	0	0
