[C]추출석	[C]추출석	0	0	0	0	0	0
어설픈수오미풍전도복화 30	어설픈수오미풍전도복화	0	10000	1	0	0	0
할퀴기기술서	할퀴기기술서	1	100000	1	0	0	0
블랙리콜	블랙리콜	0	10	0	0	0	0
어설픈뤼케시온카스뮴플레이트수 30	어설픈뤼케시온카스뮴플레이트수	0	10000	1	0	0	0
바캉스이벤트물약	바캉스이벤트물약	0	1	0	0	0	0
스페셜염색약9	스페셜염색약	0	500000	1	1	1	0
엠블럼114	어둠사랑엠블럼	1	100	0	0	0	0
어설픈커스프람베르그 15	어설픈커스프람베르그	0	10000	1	0	0	0
변신스크롤(아크퍼스)	변신스크롤(아크퍼스)	0	100000	1	0	0	0
나무막대	나무막대	1	100	1	0	0	0
초코염색제	초코염색제	0	20000	1	0	0	0
청보라색염색제	청보라색염색제	0	200	1	1	1	0
화염의씰	화염의씰	1	100	1	0	0	0
광산지역프레임	광산지역프레임	0	25000	1	0	0	0
프린스-남성헤어	프린스-남성헤어	0	10	1	1	1	0
부러진자칼의칼	부러진자칼의칼	9	100	0	0	0	0
가디언소환스크롤17	방어형가디언소환스크롤	1	10	0	0	0	0
촛대	촛대	1	100	1	0	0	0
케라코라석상	케라코라석상	0	20000	1	0	0	0
휴지	휴지	1	3000	1	0	0	0
GM의특급쿠폰	GM의특급쿠폰	0	100000	0	0	0	0
어설픈뤼케시온키톤풍 30	어설픈뤼케시온키톤풍	0	10000	1	0	0	0
보라만전칩	보라만전칩	1	10000	1	0	0	0
마법트래커	마법트래커	0	2000	0	0	0	0
어설픈스페셜염색약12 15	어설픈스페셜염색약12	0	10000	1	0	0	0
진배움의서9	배움의서+9	0	3000000	1	1	1	0
B급오렌지염색약	버밀리언염색약	0	500000	1	1	1	0
영류결계석B	영류결계석B	0	100	0	0	0	0
엠블럼127	어둠사랑엠블럼	1	100	0	0	0	0
잠자리	잠자리	1	100	1	0	0	0
선장의보물상자2탄	선장의보물상자2탄	0	10	1	1	1	0
어설픈밀레스위저드로브 30	어설픈밀레스위저드로브	0	10000	1	0	0	0
와인	와인	1	100	1	0	0	0
신부99변신	유령변신주문서	0	100	1	1	0	0
앵무조개2	포이즌카카포의껍질	500	100	1	0	0	0
낡은신발	낡은신발	1	51000	1	0	0	0
우드랜드저장스크롤	우드랜드저장스크롤	0	25000	1	0	0	0
노랑만전칩	노랑만전칩	1	10000	1	0	0	0
지하던젼지역스크롤	지하던젼지역스크롤	0	10	1	0	0	0
주작의눈물	주작의눈물	1	30000000	1	0	0	0
엠블럼5	파란보석	1	100	0	0	1	0
돌	돌	0	10	0	0	0	0
올드로즈염색제	올드로즈염색제	0	20000	0	0	0	0
어둠사랑(SS)교환권	어둠사랑(SS)교환권	0	10	0	0	1	0
크라켄조각	크라켄조각	1	100	1	0	0	0
아루스의불	아루스의불	2	1000000	1	0	0	0
메데니아마법의리콜(15일)	메데니아마법의리콜(15일)	0	100	0	0	0	0
어둠사랑엠블럼(C)	어둠사랑엠블럼(C)	1	100	0	0	0	0
알수없는염색약11	알수없는염색약	0	500000	1	1	1	0
몬스터소환비서:블랙보스5	몬스터소환비서:데쓰나이트마스터	0	1	1	1	1	0
엠블럼148	금화엠블럼	0	100	1	1	1	0
어설픈루어스스톨라풍 30	어설픈루어스스톨라풍	0	10000	1	0	0	0
크리스마스선물상자	크리스마스선물상자	1	15000	1	0	0	0
카키색염색제	카키색염색제	0	200	1	1	1	0
의문의책	의문의책	1	100	1	0	0	0
홀리아룬다이트조합서	홀리아룬다이트조합서	0	25000	1	0	0	0
늑대가죽	늑대가죽	1	100	1	0	0	0
파이	파이	1	1000	1	0	0	0
스텟재조정캡슐	스텟재조정캡슐	0	10	1	1	1	0
우유	우유	1	100	1	0	0	0
전속해제아이템	캐시아이템	0	20	1	1	1	0
얼굴성형6	바늘구멍눈얼굴성형	0	100	1	1	1	0
파랑폭죽F	파랑폭죽F	1	500	1	0	0	0
전사석상	전사석상	1	100000	1	0	0	0
황금풍뎅이	황금풍뎅이	1	100	1	0	0	0
엠블럼140	어둠사랑엠블럼	1	100	0	0	0	0
녹슨열쇠	녹슨열쇠	1	100	1	0	0	0
고르데아의글러브	고르데아의글러브	2	1000000	1	0	0	0
클래식RPG	클래식RPG	0	100	1	0	0	0
엠블럼162	G엠블럼	0	100	1	1	1	0
어설픈화염의크리스탈목걸이 30	어설픈화염의크리스탈목걸이	0	10000	1	0	0	0
어설픈로오의호안석반지 30	어설픈로오의호안석반지	0	10000	1	0	0	0
어설픈뮤레칸의나무방패 40	어설픈뮤레칸의나무방패	0	10000	1	0	0	0
검정오만전칩	검정오만전칩	1	50000	1	0	0	0
잼과식빵	잼과식빵	2	1000000	1	0	0	0
방어구제조책	방어구제조책	0	25000	0	0	0	0
아쿠아플럼피쉬	아쿠아플럼피쉬	1	500	1	0	0	0
엠블럼33	어둠사랑엠블럼	1	100	0	0	0	0
흑비화후관(남)조합서	흑비화후관(남)조합서	0	100000	1	0	0	0
부서진보물조각[금]	부서진보물조각[금]	0	37500000	1	0	0	0
게임포인트50점	게임포인트50점	1	100	1	0	0	0
데몬3	러스터데몬의장신구	500	100	1	0	0	0
러브핑크스페셜세트	러브핑크스페셜세트	0	10000000	1	0	0	0
어설픈매직파나 30	어설픈매직파나	0	10000	1	0	0	0
어설픈수오미풀플레이트화 30	어설픈수오미풀플레이트화	0	10000	1	0	0	0
[출석]경험치쿠폰	[출석]경험치쿠폰	0	100	1	1	1	0
엠블럼157	위풍당당엠블럼	0	100	0	0	0	0
고대의흙판조각4	고대의흙판조각4	1	100000	1	0	0	0
주걱조각	주걱조각	0	1	1	0	0	0
산호	산호	1	50000	1	0	0	0
옐로칩	옐로칩	1	100	1	0	0	0
가디언소환스크롤3	마법공격형가디언소환스크롤	1	10	0	0	0	0
엠퍼러나이트의편지	엠퍼러나이트의편지	0	2000	0	0	0	0
얼굴염색1	백인얼굴페인팅쿠폰	0	100	1	1	1	0
어설픈별브로치 15	어설픈별브로치	0	10000	1	0	0	0
원격은행스크롤세트	원격은행스크롤세트	0	30	1	1	0	0
초록구슬	초록구슬	1	12500	1	0	0	0
포테정령의뿔	포테정령의뿔	0	100	1	0	0	0
블랙열쇠6	블랙열쇠6	1	1000	1	0	0	0
어설픈빨강두건 30	어설픈빨강두건	0	10000	1	0	0	0
엠블럼48	어둠사랑엠블럼	1	100	0	0	0	0
홀리팬플룻	홀리팬플룻	1	100	1	0	0	0
살충제A형	살충제A형	1	100	1	0	0	0
게등껍질	게등껍질	1	100	1	0	0	0
에인트날개	에인트날개	1	100	1	0	0	0
박스20	오래된박스	1	15000	1	0	0	0
어설픈투핸드드래곤크로어수 15	어설픈투핸드드래곤크로어수	0	10000	1	0	0	0
어설픈루어스선풍도복수 30	어설픈루어스선풍도복수	0	10000	1	0	0	0
어설픈수오미코르스토 30	어설픈수오미코르스토	0	10000	1	0	0	0
지폐다발	지폐다발	1	100	1	0	0	0
바다의엠버	바다의엠버	2	10000	0	0	0	0
이동스크롤	이동스크롤	0	25000	1	0	0	0
로오의은총핸드폰줄	로오의은총핸드폰줄	1	100	1	1	1	0
옐로우오커염색약	옐로우오커염색약	1	500000	1	0	0	0
심볼6	심볼6	1	100	1	0	0	0
니에1변신	니에변신주문서	0	100	1	1	1	0
연하장	연하장	0	5000	1	1	1	0
어설픈뤼케시온엘레맨틀화 30	어설픈뤼케시온엘레맨틀화	0	10000	1	0	0	0
당근	당근	1	200	1	0	0	0
바디염색4	황금색바디페인팅쿠폰	0	100	1	1	1	0
콜라뭄	콜라뭄	1	1000	1	0	0	0
풍의에센스	풍의에센스	1	100	1	0	0	0
통1	빈통	1	1000	1	0	0	0
어설픈엄숙한부츠 30	어설픈엄숙한부츠	0	10000	1	0	0	0
고대유물4	고대유물4	1	100	1	0	0	0
라무테	라무테	1	100	1	0	0	0
엠블럼63	어둠사랑엠블럼	1	100	0	0	0	0
이벤트통합슬롯연장3일	이벤트통합슬롯연장권(3일)	0	100	0	0	1	0
팀배참가증1	팀배참가증1	1	100	1	0	0	0
고추장모이	고추장모이	1	5000	1	0	0	0
원혼소환용석상	원혼소환용석상	0	2000	0	0	0	0
어설픈메투스의동장갑 30	어설픈메투스의동장갑	0	10000	1	0	0	0
어설픈세피라링(Lev3) 10	어설픈세피라링(Lev3)	0	10000	1	0	0	0
비커10	비커10	1	100	1	0	0	0
어설픈헬소서리스로브 15	어설픈헬소서리스로브	0	10000	1	0	0	0
흑비류선의(여)조합서	흑비류선의(여)조합서	0	100000	1	0	0	0
리타의편지	리타의편지	0	100	1	0	0	0
안크본의머리뼈	안크본의머리뼈	1	100000	1	0	0	0
쿠라눔	쿠라눔	1	5000	1	0	0	0
빙고스페셜-남성헤어	빙고스페셜-남성헤어	0	500000	1	0	0	0
브레스럭투구(봉인)	브레스럭투구(봉인)	1	100	1	0	0	0
가을감	가을감	1	2000	1	0	0	0
네비룸	네비룸	4	200000	1	0	0	0
수상한버섯조합서	수상한버섯조합서	0	10000	1	0	0	0
아벨리콜	아벨리콜	1	1000	1	0	0	0
팀배참가증24	팀배참가증24	1	100	1	0	0	0
옷조각6	옷조각6	1	100	1	0	0	0
경마참가증1	경마참가증	1	1000	1	0	0	0
어설픈수오미위저드로브 30	어설픈수오미위저드로브	0	10000	1	0	0	0
하얀종이	하얀종이	1	100	1	0	0	0
엠블럼76	어둠사랑엠블럼	1	100	0	0	0	0
책10	책10	1	100	1	0	0	0
꽃닢	꽃닢	1	1000	1	0	0	0
꼬리게일1변신	꼬리게일	0	100	1	0	0	0
HP메가포션	HP메가포션	0	100000	1	1	1	0
세토아업키트B	세토아업키트(Lev2)	0	100000	1	0	0	0
곤충25	곤충	1	100	1	0	0	0
몬스터소환비서:루어스관리자	몬스터소환비서:루어스관리자	0	1	1	1	1	0
퓨어블랙염색약	퓨어블랙염색약	0	500000	1	1	1	0
어설픈뮤레칸의레더글러브 30	어설픈뮤레칸의레더글러브	0	10000	1	0	0	0
아줌마1변신	아줌마변신주문서	0	100	1	1	1	0
어설픈생명의벨트1 10	어설픈생명의벨트	0	10000	1	0	0	0
아만마을관람권	아만마을관람권	0	1	1	1	1	0
자두맛사탕꾸러미	자두맛사탕꾸러미	0	100000	0	0	0	0
어설픈루어스로럼토 30	어설픈루어스로럼토	0	10000	1	0	0	0
팜팻의역습영수증5	팜팻의역습영수증5	1	10	1	0	0	0
어설픈진빨강색부츠 30	어설픈진빨강색부츠	0	10000	1	0	0	0
청록색염색제	청록색염색제	0	20000	1	0	0	0
신괘	신괘	0	1000	0	0	0	0
보석24	보석24	1	100	1	0	0	0
변신스크롤(늑대인간)	변신스크롤(늑대인간)	0	100000	1	0	0	0
어설픈밀레스코르스풍 30	어설픈밀레스코르스풍	0	10000	1	0	0	0
쑥대머리-남성헤어	쑥대머리-남성헤어	0	10	1	1	1	0
화염의륜의조각	화염의륜의조각	1	1000	1	0	0	0
만능원격상점	만능원격상점	0	0	1	1	1	0
서약조각B	서약조각B	1	100	1	0	0	0
내려치기기술서	내려치기기술서	1	100000	1	0	0	0
주황보석	주황보석	1	100000	1	0	0	0
몬스터소환비서:AF-G암포트6	몬스터소환비서:AF-G암포트	0	1	1	1	1	0
곤충9	곤충	1	100	1	0	0	0
엠블럼89	어둠사랑엠블럼	1	100	0	0	0	0
어설픈바다의마기아목걸이 30	어설픈바다의마기아목걸이	0	10000	1	0	0	0
활쏘기기술서	활쏘기기술서	1	100000	1	0	0	0
엘리멘탈스톤소환서2	엘리멘탈스톤소환서	1	10	0	0	0	0
어설픈셔스의녹색신발 30	어설픈셔스의녹색신발	0	10000	1	0	0	0
어설픈뤼케시온풍전도복 30	어설픈뤼케시온풍전도복	0	10000	1	0	0	0
키메이커입문서	키메이커입문서	0	2000	1	0	0	0
메카던전물약3-1	메카던전물약3-1	0	7000	1	0	0	0
간	간	1	100	1	0	0	0
스페셜염색약10	스페셜염색약	0	500000	1	1	1	0
어설픈뤼케시온카스뮴플레이트토 30	어설픈뤼케시온카스뮴플레이트토	0	10000	1	0	0	0
길드망토패키지-100	길드망토패키지-100	0	100	1	0	0	0
호러캐슬열쇠2	호러캐슬보석	1	1000	1	0	0	0
연보라색염색약	연보라색염색약	0	500000	1	1	1	0
어설픈큐어프람베르그 15	어설픈큐어프람베르그	0	10000	1	0	0	0
수상한버섯씨앗(㉿)	수상한버섯씨앗(㉿)	1	0	1	0	0	0
화염의피스	화염의피스	1	100000	1	0	0	0
잠겨있는일기장	잠겨있는일기장	0	10	1	0	0	0
분홍색염색제	분홍색염색제	0	20000	1	0	0	0
샌드위치	샌드위치	1	100	1	0	0	0
기본바디변경남2변신	기본바디변경남2주문서	0	100	1	1	1	0
레드굴지역프레임	레드굴지역프레임	0	25000	1	0	0	0
화병	화병	1	100	1	0	0	0
블러드스톤	블러드스톤	1	5000000	1	0	0	0
부러진칼조각	부러진칼조각	9	100	0	0	0	0
적비화무투구(남)조합서	적비화무투구(남)조합서	0	100000	1	0	0	0
엠블럼102	어둠사랑엠블럼	1	100	0	0	0	0
진배움의서10	배움의서+10	0	3000000	1	1	1	0
죽음의마을던젼이동티켓	죽음의마을던젼이동티켓	0	10	1	0	0	0
엠블럼10	태극엠블럼	0	100	1	1	1	0
어설픈뤼케시온키톤화 30	어설픈뤼케시온키톤화	0	10000	1	0	0	0
A급블루염색약	울트라마린염색약	0	500000	1	1	1	0
어설픈스페셜염색약13 15	어설픈스페셜염색약13	0	10000	1	0	0	0
네레이스의홀씨	네레이스의홀씨	1	1000	1	0	0	0
폭탄	폭탄	3	5000	1	0	0	0
귀뚜라미	귀뚜라미	1	100	1	0	0	0
카카포의껍질	카카포의껍질	1	100	1	0	0	0
그린토닉	그린토닉	1	700000	1	0	0	0
어설픈밀레스위저드로브수 30	어설픈밀레스위저드로브수	0	10000	1	0	0	0
촌촌더듬이	촌촌더듬이	1	100	1	0	0	0
아루스의지팡이	아루스의지팡이	2	1000000	1	0	0	0
포탈이동스크롤	포탈이동스크롤	0	10	1	0	0	0
올리브옐로우염색제	올리브옐로우염색제	0	20000	1	0	0	0
어둠사랑(AA)교환권	어둠사랑(AA)교환권	0	10	0	0	1	0
영류결계석C	영류결계석C	0	100	0	0	0	0
팜팻인형당첨쿠폰	팜팻인형당첨쿠폰	0	100	0	0	1	0
[D]추출석	[D]추출석	0	0	0	0	0	0
알수없는염색약12	알수없는염색약	0	500000	1	1	1	0
엠블럼115	어둠사랑엠블럼	1	100	0	0	0	0
[15주년]세오의깃털	[15주년]세오의깃털	0	1	0	0	0	0
카운테스에센스	카운테스에센스	1	100	1	0	0	0
잘드는가위	잘드는가위	1	100000	1	0	0	0
포스파늄	포스파늄	1	100	1	0	0	0
쓰레기	쓰레기	1	12000	1	0	0	0
퀘스트스크롤	퀘스트스크롤	0	0	1	0	0	0
이벤트초콜렛	이벤트초콜렛	1	10000	1	0	0	0
어설픈루어스스톨라화 30	어설픈루어스스톨라화	0	10000	1	0	0	0
달리기쿠폰	달리기쿠폰	1	200	0	0	0	0
닭고기	닭고기	1	80	1	0	0	0
변신스크롤(아프간슬로프)	변신스크롤(아프간슬로프)	0	100000	1	0	0	0
연주황색염색제	연주황색염색제	0	200	1	1	1	0
눈사람조합서	눈사람조합서	0	10000	1	0	0	0
독지네	독지네	1	100	1	0	0	0
열쇠5	녹슨열쇠	500	100	1	0	0	0
리콜	리콜	1	1000	1	0	0	0
파랑폭죽G	파랑폭죽G	1	500	1	0	0	0
미녀는석류-남성헤어	미녀는석류-남성헤어	0	10	1	1	1	0
고르데아의눈	고르데아의눈	2	1000000	1	0	0	0
가디언소환스크롤18	보호형가디언소환스크롤	1	10	0	0	0	0
계약서1	계약서1	0	1	1	0	0	0
비어있는병	비어있는병	1	1000	1	0	0	0
아만의힘	아만의힘	0	20000	1	0	0	0
셀런석	셀런석	0	2000	0	0	0	0
신나는염색약	신나는염색약	0	20000	0	0	0	0
보석13	보석13	1	100	1	0	0	0
어설픈메투스의호안석반지 30	어설픈메투스의호안석반지	0	10000	1	0	0	0
어설픈대지의크리스탈목걸이 30	어설픈대지의크리스탈목걸이	0	10000	1	0	0	0
어설픈뮤레칸의가죽방패 40	어설픈뮤레칸의가죽방패	0	10000	1	0	0	0
베레스눈알	포보스의눈알	500	100	1	0	0	0
부서진보물조각[은]	부서진보물조각[은]	0	25000000	1	0	0	0
꽝	꽝	1	100	1	0	0	0
어설픈홀리파나 30	어설픈홀리파나	0	10000	1	0	0	0
엠블럼128	어둠사랑엠블럼	1	100	0	0	0	0
흑판4	흑판조각	500	100	1	0	0	0
어설픈뤼케시온풀플레이트 30	어설픈뤼케시온풀플레이트	0	10000	1	0	0	0
보라십만전칩	보라십만전칩	1	100000	1	0	0	0
그린칩	그린칩	1	100	1	0	0	0
빈보온주머니	빈보온주머니	1	100000	1	0	0	0
엠블럼7	목도리	1	100	0	0	1	0
크리스마스선물상자1	크리스마스선물상자	1	15000	1	0	0	0
선장의보물상자	선장의보물상자	0	10	1	1	1	0
저장스크롤	저장스크롤	0	25000	1	0	0	0
어둠사랑엠블럼(B)	어둠사랑엠블럼(B)	1	100	0	0	0	0
터콰이즈염색제	터콰이즈염색제	0	20000	0	0	0	0
어설픈빨간노리개 10	어설픈빨간노리개	0	10000	1	0	0	0
끈끈이조각	끈끈이조각	0	1	1	0	0	0
엠블럼149	질주본능막대기인간	0	100	1	1	1	0
마도코어해스톤	마도코어해스톤	0	1000	1	0	0	0
메데니아마법의리콜(7일)	메데니아마법의리콜(7일)	0	100	0	0	0	0
어설픈라비린스투구수 30	어설픈라비린스투구수	0	10000	1	0	0	0
노랑십만전칩	노랑십만전칩	1	100000	1	0	0	0
빨간코	빨간코	1	200000	1	0	0	0
신록색염색제	신록색염색제	0	200	1	1	1	0
몬스터소환비서:블랙보스6	몬스터소환비서:데몬스파이터	0	1	1	1	1	0
슬라임조각	슬라임조각	1	100	1	0	0	0
켈베로스모피	켈베로스모피	1	100	1	0	0	0
마이소시아정식	마이소시아정식	1	1500	1	0	0	0
드래곤뉴트의뿔	드래곤뉴트의뿔	1	100	1	0	0	0
기다림의정수	기다림의정수	0	100	0	0	0	0
망각캡슐	망각캡슐	0	10	1	1	1	0
얼굴성형7	오똑코얼굴성형	0	100	1	1	1	0
보라구슬	보라구슬	1	5000	1	0	0	0
엠블럼141	어둠사랑엠블럼	1	100	0	0	0	0
엠블럼163	M엠블럼	0	100	1	1	1	0
옛날반지20	옛날반지20	1	100	1	0	0	0
블랙열쇠7	블랙열쇠7	1	1000	1	0	0	0
승마티켓	승마티켓	0	300000	1	0	0	0
대지의엠버	대지의엠버	2	10000	0	0	0	0
어설픈투핸드드래곤크로어토 15	어설픈투핸드드래곤크로어토	0	10000	1	0	0	0
어설픈루어스선풍도복토 30	어설픈루어스선풍도복토	0	10000	1	0	0	0
어설픈수오미코르스풍 30	어설픈수오미코르스풍	0	10000	1	0	0	0
올리브옐로우염색약	올리브옐로우염색약	1	500000	1	0	0	0
심볼7	심볼7	1	100	1	0	0	0
엠블럼34	어둠사랑엠블럼	1	100	0	0	0	0
어설픈화염의자수정목걸이 30	어설픈화염의자수정목걸이	0	10000	1	0	0	0
토의에센스	토의에센스	1	100	1	0	0	0
찌그러진보물조각[금]	찌그러진보물조각[금]	0	1500000	1	0	0	0
포크	포크	1	3000	1	0	0	0
어설픈루어스엘레맨틀 30	어설픈루어스엘레맨틀	0	10000	1	0	0	0
