팀배참가증20	팀배참가증20	1	100	1	0	0	0
어설픈축복의고무장갑 30	어설픈축복의고무장갑	0	10000	1	0	0	0
대지의피스	대지의피스	1	100000	1	0	0	0
고구려스타일-남성헤어	고구려스타일-남성헤어	0	10	1	1	1	0
포보스깨진방패	포보스깨진방패	2	300000	1	0	0	0
바틀그린염색약	바틀그린염색약	0	500000	1	1	1	0
블루피치	블루피치	1	60000	1	0	0	0
엠블럼177	랭커엠블럼6	0	100	1	1	1	0
엠블럼45	어둠사랑엠블럼	1	100	0	0	0	0
어설픈히야트디그 4	어설픈히야트디그	0	10000	1	0	0	0
레전드리무지개상자	레전드리무지개상자	0	200	1	1	1	0
플래티넘무지개상자	플래티넘무지개상자	0	200	1	1	1	0
골드무지개상자	골드무지개상자	0	200	1	1	1	0
실버무지개상자	실버무지개상자	0	200	1	1	1	0
브론즈무지개상자	브론즈무지개상자	0	200	1	1	1	0
그린무지개상자	그린무지개상자	0	200	1	1	1	0
추석복주머니	추석복주머니	0	200	1	1	1	0
무지개상자(4주)	무지개상자(4주)	0	200	1	1	1	0
블루굴이동스크롤	블루굴이동스크롤	0	25000	1	0	0	0
어설픈뤼케시온로럼풍 30	어설픈뤼케시온로럼풍	0	10000	1	0	0	0
천조각	천조각	1	100	1	0	0	0
캔디부케	캔디부케	1	800	1	0	0	0
어설픈홀리팬플룻 3	어설픈홀리팬플룻	0	10000	1	0	0	0
팀배참가증6	팀배참가증5	1	100	1	0	0	0
일반보물탐색렌즈	일반보물탐색렌즈	1	1000	1	0	0	0
적비현진의(여)조합서	적비현진의(여)조합서	0	100000	1	0	0	0
아스카론핸드폰줄	아스카론핸드폰줄	1	100	1	1	1	0
약도메모지	약도메모지	0	5000	0	0	0	0
정제된피에트의정수	정제된피에트의정수	0	1	1	0	0	0
어설픈연녹색부츠 30	어설픈연녹색부츠	0	10000	1	0	0	0
어설픈루어스코르스화 30	어설픈루어스코르스화	0	10000	1	0	0	0
크리스마스케이크	크리스마스케이크	1	500	1	0	0	0
오래된책의한페이지	오래된책의한페이지	0	2000	0	0	0	0
곤충21	곤충	1	100	1	0	0	0
어설픈수오미카스뮴플레이트풍 30	어설픈수오미카스뮴플레이트풍	0	10000	1	0	0	0
주황만전칩	주황만전칩	1	10000	1	0	0	0
E구역의기계파편	E구역의기계파편	0	100	0	0	0	0
닭2변신	꼬끼오변신주문서	0	100	1	1	1	0
홉고블린의무기	홉고블린의무기	0	1	1	0	0	0
어설픈숲의벽옥목걸이 30	어설픈숲의벽옥목걸이	0	10000	1	0	0	0
어설픈세토아의녹색신발 30	어설픈세토아의녹색신발	0	10000	1	0	0	0
와이키키해변조개	와이키키해변조개	1	51000	1	0	0	0
어설픈수오미풍전도복수 30	어설픈수오미풍전도복수	0	10000	1	0	0	0
백인바디페인팅쿠폰	백인바디페인팅쿠폰	0	100	1	1	1	0
통합슬롯연장권7일	통합슬롯연장권(7일)	0	100	1	1	1	0
진괘	진괘	0	1000	0	0	0	0
책6	책6	1	100	1	0	0	0
호엔리콜	호엔리콜	1	1000	1	0	0	0
루나사벨트	루나사벨트	1	12000	1	0	0	0
엠블럼60	어둠사랑엠블럼	1	100	0	0	0	0
보석20	보석20	1	100	1	0	0	0
호엔양계장주인의소포	호엔양계장주인의소포	0	5000	1	1	0	0
빨강폭죽T	빨강폭죽T	1	500	1	0	0	0
경험치보너스쿠폰	경험치보너스쿠폰	0	10	1	0	0	0
서약증표B	서약증표B	1	100	1	0	0	0
스페셜염색약6	스페셜염색약	0	500000	1	1	1	0
[강아지]소환캡슐	[강아지]소환캡슐	0	0	1	1	1	0
쪼기기술서	쪼기기술서	1	100000	1	0	0	0
돌아옴의붉은실	돌아옴의붉은실	1	50000	1	0	0	0
황색비단	황색비단	1	1000	1	0	0	0
몬스터소환비서:피에트관리자	몬스터소환비서:피에트관리자	0	1	1	1	1	0
곤충5	곤충	1	100	1	0	0	0
어설픈꿈의바다 30	어설픈꿈의바다	0	10000	1	0	0	0
등불의가호(SS)	등불의가호(SS)	0	100000	0	0	0	0
연어	연어	1	2000	1	0	0	0
연하늘색염색약	연하늘색염색약	0	500000	1	1	1	0
텐트개설허가서	텐트개설허가서	0	50000	1	0	0	0
가죽물통	가죽물통	2	100	1	0	0	0
3번거북티켓	3번거북티켓	1	200	0	0	0	0
어설픈뤼케시온키톤 30	어설픈뤼케시온키톤	0	10000	1	0	0	0
보석12	보석12	1	100	1	0	0	0
어설픈스페셜염색약9 15	어설픈스페셜염색약9	0	10000	1	0	0	0
회색돌맹이	회색돌맹이	1	100	1	0	0	0
스페셜염색약1	스페셜염색약	0	500000	1	1	1	0
박스18	오래된박스	1	15000	1	0	0	0
세오의가호(Lev2)	세오의가호(Lev2)	1	100000	1	0	0	0
세오의가호(SLev1)	세오의가호(SLev1)	1	100000	0	0	0	0
크리스마스가호(Lev1)	크리스마스가호(Lev1)	1	100000	0	0	0	0
대지의씰	대지의씰	1	100	1	0	0	0
꽃장식FX조합서	꽃장식FX조합서	0	10000	1	0	0	0
몬스터소환비서:GW-1기어워크6	몬스터소환비서:GW-1기어워크	0	1	1	1	1	0
천연염색약	인디고염색약	0	500000	1	0	1	0
엠블럼73	어둠사랑엠블럼	1	100	0	0	0	0
데포이의서신	데포이의서신	0	1	1	0	0	0
딸기맛사탕꾸러미	딸기맛사탕꾸러미	0	100000	0	0	0	0
전사열쇠	전사열쇠	1	100	0	0	0	0
악몽의조안1변신	악몽의조안	0	100	1	0	0	0
어설픈루어스위저드로브토 30	어설픈루어스위저드로브토	0	10000	1	0	0	0
파란베개	파란베게	1	100	1	0	0	0
진배움의서6	배움의서+6	0	3000000	1	1	1	0
남색오만전칩	남색오만전칩	1	50000	1	0	0	0
변신스크롤(고블린병사)	변신스크롤(고블린병사)	0	100000	1	0	0	0
세오의가호(Lev1)	세오의가호(Lev1)	1	100000	1	0	0	0
화산7변신	팡변신주문서	0	100	1	1	1	0
블루굴지역스크롤	블루굴지역스크롤	0	10	1	0	0	0
탈색제	탈색제	0	200	1	1	1	0
던져진윷2	던져진윷2	1	100	1	0	0	0
운챠챠	운챠챠	1	1	1	0	0	0
메뚜기	메뚜기	1	100	1	0	0	0
어설픈루어스스톨라 30	어설픈루어스스톨라	0	10000	1	0	0	0
스크롤(프라보)	스크롤(프라보)	0	2500	1	0	0	0
원격은행스크롤	원격은행스크롤	0	10	0	0	1	0
누군가의타액	누군가의타액	1	500	1	0	0	0
스페셜염색약22	스페셜염색약	0	500000	1	1	1	0
일반제조입문서	일반제조입문서	0	500	1	0	0	0
상점(천막)	상점(천막)	0	2000000	1	0	0	0
엠블럼86	어둠사랑엠블럼	1	100	0	0	0	0
길드망토패키지-10	길드망토패키지-10	0	100	1	0	0	0
프로그다리	프로그다리	1	100	1	0	0	0
블랙열쇠3	블랙열쇠3	1	1000	1	0	0	0
켓츠아이	캣츠아이	1	10000000	1	0	0	0
블랙캣99변신	블랙캣변신주문서	0	100	1	0	0	0
앤트자이언트의날개	앤트자이언트의날개	1	10000	1	0	0	0
포도	포도	1	1200	1	0	0	0
어설픈대지의홀디트링 30	어설픈대지의홀디트링	0	10000	1	0	0	0
어설픈셔스의사파이어반지 30	어설픈셔스의사파이어반지	0	10000	1	0	0	0
어설픈밀레스풍전도복토 30	어설픈밀레스풍전도복토	0	10000	1	0	0	0
뉴비시약FX	뉴비시약FX	0	1	1	0	0	0
레인져이펙트	레인져이펙트	1	10	1	0	0	0
마법사석상	마법사석상	1	100000	1	0	0	0
포스피스	포스피스	0	10000	0	0	0	0
세르네아스의상의	세르네아스의상의	2	1000000	1	0	0	0
화분4	화분	1	15000	1	0	0	0
배움의서10	포장된배움의서+10	0	3000000	1	1	1	0
빨간색염색제	빨간색염색제	0	200	1	1	1	0
어설픈큐어아룬다이트 15	어설픈큐어아룬다이트	0	10000	1	0	0	0
어설픈수오미풀플레이트수 30	어설픈수오미풀플레이트수	0	10000	1	0	0	0
트로피칼테트라	트로피칼테트라	1	250	1	0	0	0
블루굴저장티켓	블루굴저장티켓	0	10	1	0	0	0
풍뎅이	풍뎅이	1	100	1	0	0	0
열쇠3	파란열쇠	500	100	1	0	0	0
베노뭄	베노뭄	1	200	1	0	0	0
복권	복권	1	1000	1	0	0	0
안크뼈8	안크본의갈비	500	100	1	0	0	0
산타곰인형	산타곰인형	1	15000	1	0	0	0
엠블럼99	천하제일무한대전2위	1	100	0	0	0	0
갑옷강화석	갑옷강화석	0	0	1	0	0	0
흑판2	흑판조각	500	100	1	0	0	0
어설픈채집망 10	어설픈채집망	0	10000	1	0	0	0
조그만석상	조그만석상	1	1000000	0	0	0	0
옐로우토닉	옐로우토닉	1	700000	1	0	0	0
큐어프람베르그조합서	큐어프람베르그조합서	0	25000	1	0	0	0
터틀껍질	터틀껍질	1	100	1	0	0	0
리루오페	리루오페	1	100	1	0	0	0
펄스비트(봉인)	펄스비트(봉인)	0	100	1	0	0	0
왕의문장	왕의문장	1	100	1	0	0	0
어설픈검정두건 30	어설픈검정두건	0	10000	1	0	0	0
로지브라운염색제	로지브라운염색제	0	20000	1	0	0	0
히야트소환서	히야트소환서	0	100000	0	0	0	0
[A]추출석	[A]추출석	0	0	0	0	0	0
주황버섯	주황버섯	1	3000	1	0	0	0
어설픈뤼케시온선풍도복풍 30	어설픈뤼케시온선풍도복풍	0	10000	1	0	0	0
어설픈밀레스카스뮴플레이트화 30	어설픈밀레스카스뮴플레이트화	0	10000	1	0	0	0
변신스크롤(블랙스콜피온)	변신스크롤(블랙스콜피온)	0	100000	1	0	0	0
상큼한씨앗용화분	상큼한씨앗용화분	1	1000	1	0	0	0
아이템각인확인주문서	아이템각인확인주문서	0	50000	1	0	0	0
흑비화무투구(남)조합서	흑비화무투구(남)조합서	0	100000	1	0	0	0
어설픈홀리쥬피티아 30	어설픈홀리쥬피티아	0	10000	1	0	0	0
크리스탈	크리스탈	1	100	1	0	0	0
엠블럼112	어둠사랑엠블럼	1	100	0	0	0	0
하이라이트염색약	하이라이트염색약	0	500000	1	1	1	0
드라코의비늘	드라코의비늘	1	100	1	0	0	0
러브핑크색염색제	러브핑크색염색제	0	200	1	1	1	0
3갱도열쇠	3갱도열쇠	1	12000	1	0	0	0
어설픈뤼케시온엘레맨틀수 30	어설픈뤼케시온엘레맨틀수	0	10000	1	0	0	0
콘로우-남성헤어	콘로우-남성헤어	0	10	1	1	1	0
가디언소환스크롤15	마법공격형가디언소환스크롤	1	10	0	0	0	0
가위	가위	1	100000	1	0	0	0
블랙오피온의등껍질	블랙오피온의등껍질	1	100000	1	0	0	0
홀리코로나	홀리코로나	2	10000	0	0	0	0
후추	후추	1	10000	1	0	0	0
심볼4	심볼4	1	100	1	0	0	0
꽃3	아칸더스	1	10000	1	0	0	0
기가토닉	기가토닉	1	700000	1	0	0	0
적룡의결계리콜	적룡의결계리콜	1	100000	1	0	0	0
베이셔의노래집3	베이셔의노래집3	0	1	1	0	0	0
어설픈세토아의동장갑 30	어설픈세토아의동장갑	0	10000	1	0	0	0
어설픈유쾌한부츠 30	어설픈유쾌한부츠	0	10000	1	0	0	0
어설픈헬프리스트로브 15	어설픈헬프리스트로브	0	10000	1	0	0	0
어설픈데스나이트의방패 5	어설픈데스나이트의방패	0	10000	1	0	0	0
황동만능열쇠묶음	황동만능열쇠묶음	1	100	1	0	0	0
브론즈굴저장스크롤	브론즈굴저장스크롤	0	25000	1	0	0	0
몬스터소환비서:블랙보스3	몬스터소환비서:그랜드볼케노고렘	0	1	1	1	1	0
대지의륜의조각	대지의륜의조각	1	1000	1	0	0	0
롱롱스타일-여성헤어	롱롱스타일-여성헤어	0	10	1	1	1	0
엠블럼125	어둠사랑엠블럼	1	100	0	0	0	0
고대유물2	고대유물2	1	100	1	0	0	0
성스러운은반지	성스러운은반지	1	100000	1	0	0	0
럼주	럼주	1	100	1	0	0	0
브릴윙각반(봉인)	브릴윙각반(봉인)	1	100	1	0	0	0
보물2	블러드스켈	1	100	1	0	0	0
바틀그린염색제	바틀그린염색제	0	20000	1	0	0	0
비커7	비커7	1	100	1	0	0	0
푸른보석가루	푸른보석가루	0	1	1	0	0	0
상자1	빨간빈상자	0	10	0	0	0	0
어설픈밀레스풀플레이트토 30	어설픈밀레스풀플레이트토	0	10000	1	0	0	0
티나의편지	티나의편지	0	100	1	0	0	0
엠블럼17	어둠사랑엠블럼	1	100	0	0	0	0
파이어월마법서	파이어월마법서	1	100000	1	0	0	0
엠블럼3	하트	1	100	0	0	1	0
화이팅상자	화이팅상자	0	10	1	1	1	0
팀배참가증21	팀배참가증21	1	100	1	0	0	0
바베큐치킨	바베큐치킨	1	1000	1	0	0	0
어설픈풍요의고무장갑 30	어설픈풍요의고무장갑	0	10000	1	0	0	0
포보스방패진	포보스방패진	2	300000	1	0	0	0
이벤트의상교환키트	이벤트의상교환키트	0	20	1	1	1	0
팜팻의역습영수증2	팜팻의역습영수증2	1	10	1	0	0	0
꺄베르네쇼비뇽	꺄베르네쇼비뇽	0	1	1	0	0	0
애쉬오브로즈염색약	애쉬오브로즈염색약	0	500000	1	1	1	0
만물수리망치[50%]	만물수리망치[50%]	0	20	1	1	1	0
엠블럼6	스컬엠블럼	0	100	1	1	1	0
썩은 체리	썩은 체리	1	500	1	0	0	0
귤색염색제	귤색염색제	0	200	1	1	1	0
블루투스이어폰응모권	블루투스이어폰응모권	0	100	0	0	0	0
어설픈히야트스냅 4	어설픈히야트스냅	0	10000	1	0	0	0
옷조각3	옷조각3	1	100	1	0	0	0
팀배참가증7	팀배참가증7	1	100	1	0	0	0
얼굴성형4	큰눈망울얼굴성형	0	100	1	1	1	0
엠블럼138	어둠사랑엠블럼	1	100	0	0	0	0
어설픈뤼케시온로럼화 30	어설픈뤼케시온로럼화	0	10000	1	0	0	0
어설픈레드수염 3	어설픈레드수염	0	10000	1	0	0	0
바람의루브	바람의루브	1	100000	1	0	0	0
길드편지	길드편지	1	100	1	0	0	0
어설픈퓨어골드부츠 30	어설픈퓨어골드부츠	0	10000	1	0	0	0
행복한조합서(5써클)	행복한금장갑조합서	0	100000	1	0	0	0
곤충22	곤충	1	100	1	0	0	0
어설픈밀레스코르스 30	어설픈밀레스코르스	0	10000	1	0	0	0
엠블럼159	주먹밥엠블럼	0	100	1	1	1	0
럭셔리프린세스박스	럭셔리프린세스박스	0	500000000	1	0	0	0
별장비밀열쇠	별장비밀열쇠	1	1000	1	0	0	0
LOD수표	LOD수표	0	1	1	0	0	0
적태극현(여)조합서	적태극현(여)조합서	0	100000	1	0	0	0
알수없는염색약1	알수없는염색약	0	500000	1	1	1	0
일반제조책	일반제조책	0	25000	0	0	0	0
엠블럼31	어둠사랑엠블럼	1	100	0	0	0	0
책7	책7	1	100	1	0	0	0
루딘의창	루딘의창	0	100000	0	0	0	0
평민변신스크롤	평민변신스크롤	0	5000	0	0	0	0
사괘	사괘	0	1000	0	0	0	0
물고기비늘	물고기비늘	1	50000	1	0	0	0
어둠사랑엠블럼(CC)	어둠사랑엠블럼(CC)	0	1	1	0	0	0
어설픈화염의마기아목걸이 30	어설픈화염의마기아목걸이	0	10000	1	0	0	0
어설픈수오미카스뮴플레이트화 30	어설픈수오미카스뮴플레이트화	0	10000	1	0	0	0
윈드쉐이커기술서	윈드쉐이커기술서	1	100000	1	0	0	0
가디언소환스크롤27	마법공격형가디언소환스크롤	1	10	0	0	0	0
어설픈이아의녹색신발 30	어설픈이아의녹색신발	0	10000	1	0	0	0
마라디움	마라디움	1	5000	1	0	0	0
어설픈수오미풍전도복토 30	어설픈수오미풍전도복토	0	10000	1	0	0	0
보석21	보석21	1	100	1	0	0	0
정제가루	정제가루	0	1	1	0	0	0
비밀의열쇠조합서	비밀의열쇠조합서	0	50000	1	0	0	0
포이즌어택기술서	포이즌어택기술서	1	100000	1	0	0	0
왕폭죽	왕폭죽	1	500	1	0	0	0
고블린의조악한무기	고블린의조악한무기	0	1	1	0	0	0
셀레브스타일-여성헤어	셀레브스타일-여성헤어	0	10	1	1	1	0
얼굴성형17	새콤표정얼굴성형	0	100	1	1	1	0
주소가적힌쪽지	주소가적힌쪽지	0	100	1	1	1	0
서약증표G	서약증표G	1	100	1	0	0	0
F구역의기계파편	F구역의기계파편	0	100	0	0	0	0
스페셜염색약7	스페셜염색약	0	500000	1	1	1	0
곤충6	곤충	1	100	1	0	0	0
와이키키불가사리	와이키키불가사리	1	51000	1	0	0	0
어설픈가위 35	어설픈가위	0	10000	1	0	0	0
엠블럼178	랭커엠블럼7	0	100	1	1	1	0
노란물약	노란물약	1	2000	1	0	0	0
엠블럼46	어둠사랑엠블럼	1	100	0	0	0	0
에드의헤어쿠폰	에드의헤어쿠폰	0	100000	1	1	1	0
고구려스타일-여성헤어	고구려스타일-여성헤어	0	10	1	1	1	0
검정만전칩	검정만전칩	1	10000	1	0	0	0
천막개설허가서	천막개설허가서	0	70000	1	0	0	0
홍롱석	홍롱석	1	500000	1	0	0	0
검은돌맹이	검은돌맹이	1	100	1	0	0	0
순수승급이동	순수승급이동	0	25000	1	0	0	0
어설픈뤼케시온키톤수 30	어설픈뤼케시온키톤수	0	10000	1	0	0	0
바다의씰	바다의씰	1	100	1	0	0	0
포도주(큰병)	포도주(큰병)	1	800	1	0	0	0
어설픈스페셜염색약10 15	어설픈스페셜염색약10	0	10000	1	0	0	0
아조스핸드폰줄	아조스핸드폰줄	1	100	1	1	1	0
A급레드염색약	블로드레드염색약	0	500000	1	1	1	0
모래시계	모래시계	9	100	0	0	0	0
홀리데이-남성헤어	홀리데이-남성헤어	0	10	1	1	1	0
노란베개	노란베게	1	100	1	0	0	0
루어스의유적	루어스의유적	0	2000	0	0	0	0
진배움의서7	배움의서+7	0	3000000	1	1	1	0
소인간3변신	꼬마턱시도변신주문서	0	100	1	1	1	0
보석7	보석7	1	100	1	0	0	0
어설픈루어스위저드로브풍 30	어설픈루어스위저드로브풍	0	10000	1	0	0	0
흑인바디페인팅쿠폰	흑인바디페인팅쿠폰	0	100	1	1	1	0
통합슬롯연장권15일	통합슬롯연장권(15일)	0	100	1	1	1	0
우드랜드지역스크롤	우드랜드지역스크롤	0	10	1	0	0	0
엠블럼61	어둠사랑엠블럼	1	100	0	0	0	0
주황십만전칩	주황십만전칩	1	100000	1	0	0	0
아루스의머리	아루스의머리	2	1000000	1	0	0	0
앤트몸통	앤트자이언트의몸통	1	100	1	0	0	0
호랑나비	호랑나비	1	100	1	0	0	0
타고르리콜	타고르리콜	1	1000	1	0	0	0
어설픈루어스스톨라수 30	어설픈루어스스톨라수	0	10000	1	0	0	0
박스19	오래된박스	1	15000	1	0	0	0
[토깽이]소환캡슐	[토깽이]소환캡슐	0	0	1	1	1	0
바크비늘	바크비늘	1	100	1	0	0	0
스페셜염색약23	스페셜염색약	0	500000	1	1	1	0
적비화무갑주(남)조합서	적비화무갑주(남)조합서	0	100000	1	0	0	0
몬스터소환비서:뤼케시온관리자	몬스터소환비서:뤼케시온관리자	0	1	1	1	1	0
장어	장어	1	2000	1	0	0	0
백작부인의유품	백작부인의유품	1	100	1	0	0	0
오래된종이	오래된종이	0	10	1	0	0	0
무도가석상	무도가석상	1	100000	1	0	0	0
어설픈바람의홀디트링 30	어설픈바람의홀디트링	0	10000	1	0	0	0
어설픈세토아의호안석반지 30	어설픈세토아의호안석반지	0	10000	1	0	0	0
어설픈밀레스풍전도복풍 30	어설픈밀레스풍전도복풍	0	10000	1	0	0	0
세르네아스의옷장식	세르네아스의옷장식	2	1000000	1	0	0	0
파란구슬	파란구슬	1	25000	1	0	0	0
세오의가호(SS)	세오의가호(SS)	0	100000	1	0	0	0
블랙열쇠4	블랙열쇠4	1	1000	1	0	0	0
쥐며느리	쥐며느리	1	100	1	0	0	0
엠블럼74	어둠사랑엠블럼	1	100	0	0	0	0
파랑열쇠	파랑열쇠	1	100	1	0	0	0
어설픈매직아룬다이트 15	어설픈매직아룬다이트	0	10000	1	0	0	0
