어설픈수오미스톨라토 30	어설픈수오미스톨라토	0	10000	1	0	0	0
팜팻의역습입장권4	팜팻의역습입장권4	1	2000000	1	0	0	0
에나르뭄	에나르뭄	1	1000	1	0	0	0
퀴즈의열쇠	퀴즈의열쇠	0	1000	1	0	0	0
꽃23	엘란디스	1	100	1	0	0	0
연두색염색약	연두색염색약	0	500000	1	1	1	0
연녹색염색제	연녹색염색제	0	200	1	1	1	0
보리임씨앗(㉿)	보리임씨앗(㉿)	1	0	1	0	0	0
엠블럼165	니에엠블럼	0	100	1	1	1	0
월영석	월영석	0	10	1	0	0	0
어설픈이아의산호반지 30	어설픈이아의산호반지	0	10000	1	0	0	0
나겔링의스타	나겔링의스타	0	1000	1	0	0	0
엘로푸이열매	엘로푸이열매	1	1000	1	0	0	0
어설픈메투스의레더부츠 30	어설픈메투스의레더부츠	0	10000	1	0	0	0
엑스코마디움	엑스코마디움	0	100000	1	1	1	0
변신스크롤(일개미)	변신스크롤(일개미)	0	100000	1	0	0	0
스페셜염색약14	스페셜염색약	0	500000	1	1	1	0
하이매직히야트스톤	하이매직히야트스톤	0	1000	1	0	0	0
어설픈뤼케시온풍전도복화 30	어설픈뤼케시온풍전도복화	0	10000	1	0	0	0
죽음의마을던젼지역프레임	죽음의마을던젼지역프레임	0	25000	1	0	0	0
마법사의길	마법사의길	3	100	0	0	0	0
검은실	검은실	1	5000	1	0	0	0
엠블럼11	복마크	1	100	0	0	1	0
가디언소환스크롤20	기술공격형가디언소환스크롤	1	10	0	0	0	0
글루미데이-남여헤어	글루미데이-남여헤어	0	10	1	1	1	0
노랑나비	노랑나비	1	100	1	0	0	0
엠블럼131	어둠사랑엠블럼	1	100	0	0	0	0
어설픈그레이트소드토 30	어설픈그레이트소드토	0	10000	1	0	0	0
둠15	[15주년]둠	0	1	0	0	0	0
디텍트라이트	디텍트라이트	1	10	0	0	0	0
우드랜드리콜	우드랜드리콜	1	1000	1	0	0	0
엠블럼169	밤창문엠블럼	0	100	1	1	1	0
악바리해골	악바리해골	1	100	1	0	0	0
어설픈루어스카스뮴플레이트수 30	어설픈루어스카스뮴플레이트수	0	10000	1	0	0	0
박스6	오래된박스	1	15000	1	0	0	0
엠블럼23	어둠사랑엠블럼	1	100	0	0	0	0
문어다리	킹아크퍼스의다리	1	100	1	0	0	0
어설픈루어스키톤풍 30	어설픈루어스키톤풍	0	10000	1	0	0	0
나뭇가지	나뭇가지	1	1000	1	0	0	0
A급비취염색약	비취색염색약	0	500000	1	1	1	0
전사성석	전사성석	1	100000	1	0	0	0
유적트래커	유적트래커	0	1	1	0	0	0
쑥빵세트	쑥빵세트	1	10000	1	0	0	0
어설픈스페셜염색약17 15	어설픈스페셜염색약17	0	10000	1	0	0	0
날고기	날고기	1	100	1	0	0	0
켄토라우스의발	켄토라우스의발	2	1000000	1	0	0	0
물의크리스탈	물의크리스탈	1000	10	1	0	0	0
포테의숲저장스크롤	포테의숲저장스크롤	0	25000	1	0	0	0
엠블럼158	메리메리엠블럼	0	100	0	0	0	0
수상한검은액체	수상한검은액체	0	20000	1	0	0	0
테이마의소포	테이마의소포	0	5000	1	1	0	0
엠블럼144	묵찌빠(묵)	0	100	1	1	1	0
수수깨끼염색제(1일)	수수깨끼염색제(1일)	0	20	1	1	1	0
바다의륜의조각	바다의륜의조각	1	1000	1	0	0	0
모기	모기	1	100	1	0	0	0
얼굴성형10	길쭉눈홍조얼굴성형	0	100	1	1	1	0
청동열쇠	청동열쇠	1	100	1	0	0	0
대포알	대포알	20	1000000	1	0	0	0
섬세한마성해석기	섬세한마성해석기	0	1	1	0	0	0
어설픈수오미선풍도복 30	어설픈수오미선풍도복	0	10000	1	0	0	0
알수없는염색약5	알수없는염색약	0	500000	1	1	1	0
윷가락	윷가락	1	100	1	0	0	0
엠블럼38	어둠사랑엠블럼	1	100	0	0	0	0
로그인폭죽 E01	로그인폭죽 E01	0	200	1	1	1	0
가방슬롯변경스크롤	가방슬롯변경스크롤	0	10000000	1	1	1	0
고르데아의앞가리개	고르데아의앞가리개	2	1000000	1	0	0	0
어설픈밀레스스톨라풍 30	어설픈밀레스스톨라풍	0	10000	1	0	0	0
베레스6	베레스의머리카락	500	100	1	0	0	0
호러캐슬열쇠6	호러캐슬보석	1	1000	1	0	0	0
바나스	바나스	1	12000	1	0	0	0
몬스터소환비서:블루초9	몬스터소환비서:서펜트바룬스	0	1	1	1	1	0
병속의지도	병속의종이	500	100	1	0	0	0
적비화후관(여)조합서	적비화후관(여)조합서	0	100000	1	0	0	0
파랑폭죽T	파랑폭죽T	1	500	1	0	0	0
안크뼈	안크본의갈기	500	100	1	0	0	0
엠블럼168	비트박스엠블럼	0	100	1	1	1	0
어설픈연단검화 41	어설픈연단검화	0	10000	1	0	0	0
얼굴염색5	구리빛얼굴페인팅쿠폰	0	100	1	1	1	0
가디언소환스크롤7	마법공격형가디언소환스크롤	1	10	0	0	0	0
어설픈로오의가죽각반 30	어설픈로오의가죽각반	0	10000	1	0	0	0
어설픈뮤레칸의금제방패 40	어설픈뮤레칸의금제방패	0	10000	1	0	0	0
채집용설탕물	채집용설탕물	1	50000	1	0	0	0
레드수염조합서	레드수염조합서	0	50000	1	0	0	0
엠블럼53	어둠사랑엠블럼	1	100	0	0	0	0
어설픈팽이채 40	어설픈팽이채	0	10000	1	0	0	0
끈끈이수액	끈끈이수액	0	1	1	0	0	0
보로보로냥의껍질	보로보로냥의껍질	1	1000	1	0	0	0
어설픈대지의잼스톤목걸이 30	어설픈대지의잼스톤목걸이	0	10000	1	0	0	0
보석5	보석5	1	100	1	0	0	0
써큐버스머리칼	써큐버스머리칼	1	100	1	0	0	0
독거미알	독거미알	1	100	1	0	0	0
성수	성수	0	500000	1	0	0	0
노란장미	노란장미	1	500	1	0	0	0
어설픈뤼케시온풀플레이트화 30	어설픈뤼케시온풀플레이트화	0	10000	1	0	0	0
다크셀피어	다크셀피어	2	10000	0	0	0	0
A구역동력포션	A구역동력포션	0	50000	0	0	0	0
세토아의가호(SLev1)	세토아의가호(SLev1)	0	100000	1	0	0	0
옛날반지19	옛날반지19	1	100	1	0	0	0
레인헌트장갑(봉인)	레인헌트장갑(봉인)	1	100	1	0	0	0
어설픈세오의레더글러브 30	어설픈세오의레더글러브	0	10000	1	0	0	0
해안던젼이동스크롤	해안던젼이동스크롤	0	25000	1	0	0	0
화산3변신	파이어푸아변신주문서	0	100	1	1	1	0
비밀의황금열쇠	비밀의황금열쇠	1	100	1	0	0	0
밀가루	밀가루	1	10	1	0	0	0
백지수표	백지수표	0	1	1	0	0	0
붉은색바디페인팅쿠폰	붉은색바디페인팅쿠폰	0	100	1	1	1	0
엠블럼67	어둠사랑엠블럼	1	100	0	0	0	0
대지의에센스	대지의에센스	1	100	1	0	0	0
여의주2	여의주2	1	100	1	0	0	0
파랑십만전칩	파랑십만전칩	1	100000	1	0	0	0
개미화살+2	개미화살+2	1	100	1	0	0	0
비커15	비커15	1	100	1	0	0	0
언데드의증거	언데드의증거	0	1	1	0	0	0
벌꿀	벌꿀	1	1000	1	0	0	0
스틸그레이염색약	스틸그레이염색약	0	500000	1	1	1	0
키위	키위	1	500	1	0	0	0
어설픈밀레스선풍도복수 30	어설픈밀레스선풍도복수	0	10000	1	0	0	0
어설픈수오미로럼수 30	어설픈수오미로럼수	0	10000	1	0	0	0
어설픈뤼케시온코르스토 30	어설픈뤼케시온코르스토	0	10000	1	0	0	0
벨가모트	벨가모트	1	10000	1	0	0	0
회심의저격마법서	회심의저격마법서	1	100000	1	0	0	0
낡은일기장열쇠	낡은일기장열쇠	0	10	1	0	0	0
팀배참가증14	팀배참가증14	1	100	1	0	0	0
오전8시표	오전8시표	1	10000	1	0	0	0
적비류선후(남)조합서	적비류선후(남)조합서	0	100000	1	0	0	0
패치씨앗5	패치씨앗1	1	10	0	0	0	0
어설픈형광파랑색부츠 30	어설픈형광파랑색부츠	0	10000	1	0	0	0
어설픈강철의자수정목걸이 30	어설픈강철의자수정목걸이	0	10000	1	0	0	0
갈색십만전칩	갈색십만전칩	1	100000	1	0	0	0
어설픈루어스엘레맨틀화 30	어설픈루어스엘레맨틀화	0	10000	1	0	0	0
옷조각11	옷조각11	1	100	1	0	0	0
오피온의탈피껍질	오피온의탈피껍질	1	100000	1	0	0	0
진주	진주	1	80000	1	0	0	0
어설픈헬씨프투구 15	어설픈헬씨프투구	0	10000	1	0	0	0
랜덤이동티켓	랜덤이동티켓	0	10	0	0	0	0
엘리스세트	엘리스세트	1	2000	1	0	0	0
어설픈생명의벨트1 3	어설픈생명의벨트	0	10000	1	0	0	0
책15	책15	1	100	1	0	0	0
신병더블백	신병더블백	1	100	0	0	0	0
신규지원백	신규지원백	1	100	0	0	0	0
[주문서]PER+1%	[주문서]PER+1%	1	100	1	0	0	0
[주문서]UPGRADE+30%	[주문서]UPGRADE+30%	1	100	1	0	0	0
[주문서]UPGRADE+70%	[주문서]UPGRADE+70%	1	100	0	0	0	0
[주문서]파괴보호+100%	[주문서]파괴보호+100%	1	100	1	0	0	0
엠블럼80	어둠사랑엠블럼	1	100	0	0	0	0
혼돈의탑열쇠	혼돈의탑열쇠	0	1	1	0	0	0
엔도르퀸의채찍	엔도르퀸의채찍	1	15000	1	0	0	0
길드배틀우승티켓	길드배틀우승티켓	1	100000	1	0	0	0
곤충30	곤충	1	100	1	0	0	0
어설픈메투스의고무장갑 30	어설픈메투스의고무장갑	0	10000	1	0	0	0
좀비41변신	좀비41	0	100	1	0	0	0
목도리염료(B)	목도리염료(B)	0	25000	1	0	0	0
팀배참가증29	팀배참가증29	1	100	1	0	0	0
브레스럭아머(봉인)	브레스럭아머(봉인)	1	100	1	0	0	0
세토아업키트세트A	세토아업키트세트(Lev1)	0	100000	1	0	0	0
배움의서4	포장된배움의서+4	0	3000000	1	1	1	0
금무더기	금무더기	1	200000	1	0	0	0
보석29	보석29	1	100	1	0	0	0
녹색염색제	녹색염색제	0	20000	1	0	0	0
확인서1	확인서	1	1000000	0	0	0	0
남색보석	남색보석	1	100000	1	0	0	0
녹차맛사탕	녹차맛사탕	0	100000	0	0	0	0
피에트리콜	피에트리콜	1	1000	1	0	0	0
브레이시의초상화	브레이시의초상화	0	1	1	0	0	0
알렉산드라이트	알렉산드라이트	1	2000000	1	0	0	0
[C]어빌리티조각	[C]어빌리티조각	0	0	0	0	0	0
어설픈뤼케시온위저드로브 30	어설픈뤼케시온위저드로브	0	10000	1	0	0	0
케빈의신년편지	케빈의신년편지	0	1000	0	0	0	0
곤충14	곤충	1	100	1	0	0	0
엠블럼93	어둠사랑엠블럼	1	100	0	0	0	0
어설픈카키색부츠 30	어설픈카키색부츠	0	10000	1	0	0	0
사랑의음식	사랑의음식	0	5000	0	0	0	0
어설픈밀레스로럼토 30	어설픈밀레스로럼토	0	10000	1	0	0	0
어설픈스페셜염색약2 15	어설픈스페셜염색약2	0	10000	1	0	0	0
썸머스페셜박스	썸머스페셜박스	0	10	1	1	1	0
대지의돌	대지의돌	1	10000	1	0	0	0
목도리리폼키트	목도리리폼키트	0	200	1	0	0	0
어설픈에메랄드 30	어설픈에메랄드	0	10000	1	0	0	0
사방치기기술서	사방치기기술서	1	100000	1	0	0	0
도다리비늘	도다리비늘	1	1000	1	0	0	0
변신스크롤(독거미)	변신스크롤(독거미)	0	100000	1	0	0	0
엉망진창얼굴성형	엉망진창얼굴성형	0	100	1	0	0	0
부분콘로우-남성헤어	부분콘로우-남성헤어	0	10	1	1	1	0
몬스터소환비서:오렌보스3	몬스터소환비서:고르데아	0	1	1	1	1	0
B급레드염색약	퓨어레드염색약	0	500000	1	1	1	0
윌리아마법서	윌리아마법서	1	100000	1	0	0	0
금조각	금조각	1	100	1	0	0	0
히야트의부적	히야트의부적	0	1	1	0	0	0
람파파	람파파	1	100000	1	0	0	0
둠100	세오100년 둠	0	1	1	0	0	0
가디언소환스크롤1	방어형가디언소환스크롤	1	10	0	0	0	0
맥주	맥주	1	100	1	0	0	0
김치만두	김치만두	0	10000	0	0	0	0
어설픈수오미스톨라풍 30	어설픈수오미스톨라풍	0	10000	1	0	0	0
백호의증명서	백호의증명서	1	4000000	1	0	0	0
팜팻의역습입장권5	팜팻의역습입장권4	1	10000000	1	0	0	0
블루블랙염색제	블루블랙염색제	0	200	1	1	1	0
세오의각인3	세오의각인Lv3	0	20000	1	0	0	0
엠블럼147	시계엠블럼	0	100	1	1	1	0
도우미인형	퀴즈도우미인형	500	500000	1	0	0	0
흑태극의(남)조합서	흑태극의(남)조합서	0	100000	1	0	0	0
보리임씨앗	보리임씨앗	1	10	1	0	0	0
추석보따리A	추석보따리A	0	100	1	0	0	0
야채	야채	1	500	1	0	0	0
엠블럼106	어둠사랑엠블럼	1	100	0	0	0	0
과일바구니	과일바구니	1	700	1	0	0	0
경험치보너스카드4	경험치보너스카드	0	10	0	0	0	0
박스12	오래된박스	1	15000	1	0	0	0
쵸코막대조합서	쵸코막대조합서	0	10000	1	0	0	0
성직자의길	성직자의길	3	100	0	0	0	0
몬스터소환비서:AP-2알람클락6	몬스터소환비서:AP-2알람클락	0	1	1	1	1	0
어설픈로오의산호반지 30	어설픈로오의산호반지	0	10000	1	0	0	0
벨라룸	벨라룸	1	10000	1	0	0	0
스페셜염색약15	스페셜염색약	0	500000	1	1	1	0
양말2	크리스마스양말	1	15000	1	0	0	0
큐벡스조각	큐벡스조각	0	1	1	0	0	0
어설픈셔스의레더부츠 30	어설픈셔스의레더부츠	0	10000	1	0	0	0
어설픈루어스풍전도복 30	어설픈루어스풍전도복	0	10000	1	0	0	0
지역프레임	지역프레임	0	25000	1	0	0	0
보라색버섯	보라색버섯	1	3000	1	0	0	0
파리	파리	1	100	1	0	0	0
오리엔탈-여성헤어	오리엔탈-여성헤어	0	10	1	1	1	0
보석알[루비]	보석알[루비]	0	15000000	1	0	0	0
어설픈그레이트소드풍 30	어설픈그레이트소드풍	0	10000	1	0	0	0
악팅이해골	악팅이해골	1	100	1	0	0	0
탐사대장의황금깃털	탐사대장의황금깃털	1	10	0	0	0	0
생명의물A	생명의물A	1	1000	1	0	0	0
흰색실	흰색실	1	5000	1	0	0	0
마도코어	마도코어	0	100	0	0	0	0
엑스매직히야트스톤	엑스매직히야트스톤	0	1000	1	0	0	0
이펙트상자	이펙트상자	0	100	1	1	1	0
자이언트맨티스의앞다리	자이언트맨티스의앞다리	1	100	1	0	0	0
블루하이토닉	블루하이토닉	1	700000	1	0	0	0
포테의숲이동티켓	포테의숲이동티켓	0	10	1	0	0	0
백작부인의별장지도	백작부인의별장지도	0	10000	1	0	0	0
변환키트-승급의상	변환키트-승급의상	0	20	1	1	1	0
어설픈루어스키톤화 30	어설픈루어스키톤화	0	10000	1	0	0	0
오리엔탈염색제	오리엔탈염색제	0	20000	1	0	0	0
의15	[15주년]의	0	1	0	0	0	0
도적성석	도적성석	1	100000	1	0	0	0
C급옐로우그린염색약	바틀그린염색약	0	500000	1	1	1	0
어설픈루어스카스뮴플레이트토 30	어설픈루어스카스뮴플레이트토	0	10000	1	0	0	0
엠블럼119	어둠사랑엠블럼	1	100	0	0	0	0
왁스	왁스	1	100	1	0	0	0
2006복주머니	2006복주머니	0	10	1	1	1	0
레벨업쿠폰(51레벨)	레벨업쿠폰(51레벨)	0	100000	0	0	0	0
켄토라우스의뿔	켄토라우스의뿔	2	1000000	1	0	0	0
상한 고기	상한 고기	1	50	1	0	0	0
어설픈스페셜염색약18 15	어설픈스페셜염색약18	0	10000	1	0	0	0
개미	개미	1	100	1	0	0	0
열쇠8	초록열쇠	500	100	1	0	0	0
히네스유적	히네스유적	0	1	1	0	0	0
퓨어골드색염색제	퓨어골드색염색제	0	200	1	1	1	0
알수없는염색약6	알수없는염색약	0	500000	1	1	1	0
어설픈수오미선풍도복수 30	어설픈수오미선풍도복수	0	10000	1	0	0	0
도	도	1	100	1	0	0	0
엠블럼16	구름	1	100	0	0	1	0
변신스크롤(트렌트)	변신스크롤(트렌트)	0	100000	1	0	0	0
박스7	오래된박스	1	15000	1	0	0	0
륜	륜	1	1000	1	0	0	0
이동스크롤조합서	이동스크롤조합서	0	15000	1	0	0	0
고르데아의팔찌	고르데아의팔찌	2	1000000	1	0	0	0
가디언소환스크롤21	방어형가디언소환스크롤	1	10	0	0	0	0
엠블럼132	어둠사랑엠블럼	1	100	0	0	0	0
깔끔밴드-여성헤어	깔끔밴드-여성헤어	0	10	1	1	1	0
베레스7	베레스의천조각	500	100	1	0	0	0
고스트리더의편지	고스트리더의편지	5	100	1	0	0	0
강력한마성해석기	강력한마성해석기	0	1	1	0	0	0
흑비현진건(여)조합서	흑비현진건(여)조합서	0	100000	1	0	0	0
어설픈밀레스스톨라화 30	어설픈밀레스스톨라화	0	10000	1	0	0	0
발자니피쉬	발자니피쉬	1	900	1	0	0	0
안크뼈1	안크본의목	500	100	1	0	0	0
폭죽상자	의문의상자	1	500	1	0	0	0
엠블럼170	래빗엠블럼	0	100	1	1	1	0
어설픈세피라링(Lev7) 5	어설픈세피라링(Lev7)	0	10000	1	0	0	0
엑스체력포션	엑스체력포션	0	70000	1	0	0	0
펭귄가죽	펭귄가죽	1	1000	1	0	0	0
엠블럼24	어둠사랑엠블럼	1	100	0	0	0	0
어설픈매직루나 30	어설픈매직루나	0	10000	1	0	0	0
가방자물쇠	가방자물쇠	0	100000	1	1	1	0
니에의빨간열매	니에의빨간열매	1	30	1	0	0	0
루어스마을리콜	루어스마을리콜	1	1000	1	0	0	0
상자5	파랑빈항아리	0	10	0	0	0	0
엠블럼145	묵찌빠(빠)	0	100	1	1	1	0
어설픈메투스의가죽각반 30	어설픈메투스의가죽각반	0	10000	1	0	0	0
어설픈뮤레칸의플라늄방패 40	어설픈뮤레칸의플라늄방패	0	10000	1	0	0	0
어설픈미네르바반브레스 5	어설픈미네르바반브레스	0	10000	1	0	0	0
녹색만전칩	녹색만전칩	1	10000	1	0	0	0
검은호러캐슬보석	검은호러캐슬보석	1	1000	1	0	0	0
퐁퐁이조각	퐁퐁이조각	1	100	1	0	0	0
해안던젼저장스크롤	해안던젼저장스크롤	0	25000	1	0	0	0
어설픈바람의잼스톤목걸이 30	어설픈바람의잼스톤목걸이	0	10000	1	0	0	0
얼굴성형11	애니얼굴성형	0	100	1	1	1	0
갈색머리털묶음	갈색머리털묶음	1	100	1	0	0	0
이슬	이슬	0	100	1	0	0	0
수수깨끼염색제(7일)	수수깨끼염색제(7일)	0	20	1	1	1	0
뗄감	뗄감	0	0	1	0	0	0
홀리셀피어	홀리셀피어	2	10000	0	0	0	0
백장미	백장미	1	500	1	0	0	0
어설픈루어스풀플레이트 30	어설픈루어스풀플레이트	0	10000	1	0	0	0
싸이클롭스브레이서	싸이클롭스브레이서	1	100	1	0	0	0
보로보로의껍질	보로보로의껍질	1	1000	1	0	0	0
엠블럼39	어둠사랑엠블럼	1	100	0	0	0	0
로그인폭죽 E02	로그인폭죽 E02	0	200	1	1	1	0
브레스럭장갑(봉인)	브레스럭장갑(봉인)	1	100	1	0	0	0
좋은밀가루	좋은밀가루	1	10	1	0	0	0
카타콤성소열쇠	카타콤성소열쇠	0	1	1	0	0	0
어설픈로오의레더글러브 30	어설픈로오의레더글러브	0	10000	1	0	0	0
유폐왕의증표	유폐왕의증표	0	1	1	0	0	0
여의주	여의주	1	100	1	0	0	0
비커16	비커16	1	100	1	0	0	0
바다의에센스	바다의에센스	1	100	1	0	0	0
승급1	생명의구슬	1	200000	1	0	0	0
엠블럼172	랭커엠블럼1	0	100	1	1	1	0
파랑오만전칩	파랑오만전칩	1	50000	1	0	0	0
영지버섯	영지버섯	1	10000	1	0	0	0
몬스터소환비서:블루초10	몬스터소환비서:안크본드라곤	0	1	1	1	1	0
