뼈조각	뼈조각	1	100	1	0	0	0
스톤아이템	스톤아이템	0	100	1	0	0	0
마법서	마법서	3	300	0	0	0	0
블랙열쇠1	블랙열쇠1	1	1000	1	0	0	0
몬스터소환비서:블랙보스1	몬스터소환비서:스켈톤킹	0	1	1	1	1	0
에메랄드	에메랄드	1	60000	1	0	0	0
진배움의서4	배움의서+4	0	3000000	1	1	1	0
성직자열쇠	성직자열쇠	1	100	0	0	0	0
스켈톤해골	스켈톤해골	1	100	1	0	0	0
미미인형조합서	미미인형조합서	0	10000	1	0	0	0
큐트뱅업테일-여성헤어	큐트뱅업테일-여성헤어	0	10	1	1	1	0
레드굴지역스크롤	레드굴지역스크롤	0	10	1	0	0	0
뮤레칸의소환서	뮤레칸의소환서	0	10	1	0	0	0
어설픈뤼케시온스톨라풍 30	어설픈뤼케시온스톨라풍	0	10000	1	0	0	0
하이디움	하이디움	1	50000	1	0	0	0
엑스토닉	엑스토닉	1	700000	1	0	0	0
라쿠아트	라쿠아트	1	89000	1	0	0	0
스페셜염색약20	스페셜염색약	0	500000	1	1	1	0
엠블럼123	어둠사랑엠블럼	1	100	0	0	0	0
은전더미	은전더미	1	1000	1	0	0	0
빽도	빽도	1	100	1	0	0	0
인디고염색제	인디고염색제	0	20000	1	0	0	0
사슴벌레	사슴벌레	1	100	1	0	0	0
어설픈로오의사파이어반지 30	어설픈로오의사파이어반지	0	10000	1	0	0	0
어설픈셔스의마그마부츠 30	어설픈셔스의마그마부츠	0	10000	1	0	0	0
어설픈밀레스풍전도복 30	어설픈밀레스풍전도복	0	10000	1	0	0	0
상자3	파랑빈상자	0	10	0	0	0	0
각반강화석	각반강화석	0	0	1	0	0	0
서펜트바룬스의머리	서펜트바룬스의머리	1	100	1	0	0	0
몬스터소환비서:FS-R로열더스트6	몬스터소환비서:FS-R로열더스트	0	1	1	1	1	0
성별의상교환키트	성별의상교환키트	0	20	1	1	1	0
게다리	게다리	1	100	1	0	0	0
엠블럼51	어둠사랑엠블럼(A)	1	100	0	0	0	0
신학기가방	신학기가방	0	10	0	0	1	0
확인서6	확인서	1	1000000	0	0	0	0
인형	인형	1	100000	1	0	0	0
어설픈투핸드가이아두스화 30	어설픈투핸드가이아두스화	0	10000	1	0	0	0
수상한나무상자	수상한나무상자	0	1	0	0	0	0
어설픈밀레스키톤화 30	어설픈밀레스키톤화	0	10000	1	0	0	0
텔리포트랜덤	캐시아이템	0	20	1	1	1	0
세르네아스의머리	세르네아스의머리	2	1000000	1	0	0	0
엠블럼1	복주머니	1	100	1	0	1	0
진녹색염색제	진녹색염색제	0	200	1	1	1	0
5월의선물	5월의선물	0	2000	0	0	0	0
브라시카	브라시카	1	100	1	0	0	0
퇴마부적	퇴마부적	0	25000	1	0	0	0
회색보석가루	회색보석가루	0	1	1	0	0	0
얼굴성형2	발그레얼굴성형	0	100	1	1	1	0
변신스크롤(헬블루나이트)	변신스크롤(헬블루나이트)	0	100000	1	0	0	0
엠블럼136	어둠사랑엠블럼	1	100	0	0	0	0
장수풍뎅이	장수풍뎅이	1	100	1	0	0	0
은열쇠	은열쇠	1	100	1	0	0	0
백년상품응모권	백년상품응모권	0	10	0	0	0	0
방송쿠폰	방송쿠폰	1	100	1	0	0	0
어설픈스페셜염색약23 15	어설픈스페셜염색약23	0	10000	1	0	0	0
안크뼈6	안크본의꼬리	500	100	1	0	0	0
만능열쇠꾸러미	만능열쇠꾸러미	0	25000	1	0	0	0
엠블럼28	어둠사랑엠블럼	1	100	0	0	0	0
적비현진의(남)조합서	적비현진의(남)조합서	0	100000	1	0	0	0
가디언소환스크롤25	방어형가디언소환스크롤	1	10	0	0	0	0
스쿼시더아이언(봉인)	스쿼시더아이언(봉인)	0	100	1	0	0	0
어설픈밀레스카스뮴플레이트토 30	어설픈밀레스카스뮴플레이트토	0	10000	1	0	0	0
흑판1	흑판조각	500	100	1	0	0	0
리본레이스업-여성헤어	리본레이스업-여성헤어	0	10	1	1	1	0
어둠사랑엠블럼(AA)	어둠사랑엠블럼(AA)	0	1	1	0	0	0
어설픈뤼케시온선풍도복수 30	어설픈뤼케시온선풍도복수	0	10000	1	0	0	0
어설픈녹색두건 30	어설픈녹색두건	0	10000	1	0	0	0
선물상자1	선물상자	1	100	1	0	0	0
베이셔의노래집1	베이셔의노래집1	0	1	1	0	0	0
통뼈	데몬의척추	1	100	1	0	0	0
성냥	성냥	1	100	1	0	0	0
깜찍한선물상자	깜찍한선물상자	0	100000	0	0	0	0
어설픈홀리머큐리아 30	어설픈홀리머큐리아	0	10000	1	0	0	0
얼굴성형15	피곤한얼굴성형	0	100	1	1	1	0
꽃8	락스퍼	1	10000	1	0	0	0
캔디	캔디	1	100	1	0	0	0
파프리카	파프리카	1	35000	1	0	0	0
무한의파프리카	무한의파프리카	1	35000	1	0	0	0
어설픈수오미엘레맨틀화 30	어설픈수오미엘레맨틀화	0	10000	1	0	0	0
바이올렛염색약	바이올렛염색약	0	500000	1	1	1	0
백작부인의빗	백작부인의빗	0	1	1	0	0	0
솜뭉치	솜뭉치	1	1000	1	0	0	0
주술이걸린글래스조각	주술이걸린글래스조각	0	2000	0	0	0	0
독수리깃털	독수리깃털	1	100	1	0	0	0
브론즈굴이동스크롤	브론즈굴이동스크롤	0	25000	1	0	0	0
엠블럼43	어둠사랑엠블럼	1	100	0	0	0	0
베크나탑열쇠	베크나탑열쇠	1	12000	1	0	0	0
무지개상자(1주)	무지개상자(1주)	0	200	1	1	1	0
엠블럼176	랭커엠블럼5	0	100	1	1	1	0
오튜턱뼈	오튜턱뼈	1	100	1	0	0	0
염색연장캡슐(30일)	염색연장캡슐(30일)	0	20	1	1	1	0
어설픈메투스의동각반 30	어설픈메투스의동각반	0	10000	1	0	0	0
여의주6	여의주6	1	100	1	0	0	0
짜장곱배기	짜장곱배기	1	1000	1	0	0	0
LOD합격통지서	LOD합격통지서	0	100	1	0	0	0
어설픈헬소서러후드 15	어설픈헬소서러후드	0	10000	1	0	0	0
어설픈바다의루나사벨트 5	어설픈바다의루나사벨트	0	10000	1	0	0	0
빈코로나	빈코로나	2	100000	0	0	0	0
어설픈깜찍한부츠 30	어설픈깜찍한부츠	0	10000	1	0	0	0
도시락	식빵	1	500	1	0	0	0
2번거북티켓	2번거북티켓	1	200	0	0	0	0
심볼2	심볼2	1	100	1	0	0	0
오래된 식빵	썩은 식빵	1	500	1	0	0	0
운디네리콜	운디네리콜	1	1000	1	0	0	0
레벨1업쿠폰	레벨1업쿠폰	0	50000	0	0	0	0
놋쇠	놋쇠	1	100	1	0	0	0
통합슬롯연장권3일	통합슬롯연장권(3일)	0	100	1	1	1	0
기본바디페인팅쿠폰	기본바디페인팅쿠폰	0	100	1	1	1	0
데스나이트의투구	데스나이트의투구	1	100000	1	0	0	0
브레스럭각반(봉인)	브레스럭각반(봉인)	1	100	1	0	0	0
어설픈밀레스풀플레이트 30	어설픈밀레스풀플레이트	0	10000	1	0	0	0
귀마개조합서	귀마개조합서	0	10000	1	0	0	0
대지의루브	대지의루브	1	100000	1	0	0	0
분홍색염색약	분홍색염색약	0	500000	1	1	1	0
몬스터소환비서:엘리보스3	몬스터소환비서:봉인의주인	0	1	1	1	1	0
엠블럼59	어둠사랑엠블럼	1	100	0	0	0	0
고대유물1	고대유물1	1	100	1	0	0	0
델리초코렛	델리초코렛	1	400	1	0	0	0
[병아리]소환캡슐	[병아리]소환캡슐	0	0	1	1	1	0
Express표	Express표	1	10000	1	0	0	0
어설픈뮤레칸의고무장갑 30	어설픈뮤레칸의고무장갑	0	10000	1	0	0	0
비커5	비커5	1	100	1	0	0	0
정제된포테의정수	정제된포테의정수	0	1	1	0	0	0
아머크래쉬기술서	아머크래쉬기술서	1	100000	1	0	0	0
고급보물탐색렌즈	고급보물탐색렌즈	1	1000	0	0	1	0
리마의편지	리마의편지	0	100	1	0	0	0
팀배참가증2	팀배참가증2	1	100	1	0	0	0
GP보너스캅셀	GP보너스캅셀	1	2000	0	0	0	0
비취색염색약	비취색염색약	0	500000	1	1	1	0
고렘의돌조각	고렘의돌조각	2	1000000	1	0	0	0
전어	전어	1	2000	1	0	0	0
어설픈뤼케시온로럼토 30	어설픈뤼케시온로럼토	0	10000	1	0	0	0
어설픈히야트글러브 4	어설픈히야트글러브	0	10000	1	0	0	0
영자꺼2	바보인텔리지우기	1	10	0	0	0	0
D구역의기계파편	D구역의기계파편	0	100	0	0	0	0
카슈마나이트	카슈마나이트	1	1000	1	0	0	0
몬스터소환비서:엔도르킹퀘스트용	몬스터소환비서:엔도르킹	0	1	1	1	1	0
오크의투구	오크의투구	0	1	1	0	0	0
어설픈형광연두색부츠 30	어설픈형광연두색부츠	0	10000	1	0	0	0
어설픈루어스코르스풍 30	어설픈루어스코르스풍	0	10000	1	0	0	0
어설픈생명의시약 3	어설픈생명의시약	0	10000	1	0	0	0
이아의가호(SS)	이아의가호(SS)	0	100000	1	0	0	0
옷조각2	옷조각2	1	100	1	0	0	0
네기피쉬	네기피쉬	1	150	1	0	0	0
팀배참가증5	팀배참가증5	1	100	1	0	0	0
정말맛있는케익	정말맛있는케익	1	10000	1	0	0	0
어설픈수오미카스뮴플레이트토 30	어설픈수오미카스뮴플레이트토	0	10000	1	0	0	0
엠블럼72	어둠사랑엠블럼	1	100	0	0	0	0
악몽의엘리자벳1변신	악몽의엘리자벳	0	100	1	0	0	0
황홀한사탕	황홀한사탕	0	100000	0	0	0	0
어설픈강철의벽옥목걸이 30	어설픈강철의벽옥목걸이	0	10000	1	0	0	0
곤충20	곤충	1	100	1	0	0	0
가방슬롯변경권	가방슬롯변경권	0	10000000	1	0	0	0
이아의가호(Lev2)	이아의가호(Lev2)	1	100000	1	0	0	0
어설픈수오미풍전도복 30	어설픈수오미풍전도복	0	10000	1	0	0	0
보석2	보석2	1	100	1	0	0	0
챰릴리	챰릴리	1	1	1	0	0	0
어설픈셔스의신발 30	어설픈셔스의신발	0	10000	1	0	0	0
박스17	오래된박스	1	15000	1	0	0	0
이벤트쿠폰	이벤트쿠폰	1	1000	1	0	0	0
녹색비단	녹색비단	1	1000	1	0	0	0
묘괘	묘괘	0	1000	0	0	0	0
화산6변신	론변신주문서	0	100	1	1	1	0
알수없는리스트	알수없는리스트	5	12000	1	0	0	0
스크롤(바르도)	스크롤(바르도)	1	1500	1	0	0	0
책5	책5	1	100	1	0	0	0
빨강폭죽N	빨강폭죽N	1	500	1	0	0	0
스페셜염색약5	스페셜염색약	0	500000	1	1	1	0
후치의소포	후치의소포	0	5000	1	1	0	0
서약증표R	서약증표R	1	100	1	0	0	0
엘프의푸른가루	엘프의푸른가루	0	10	1	0	0	0
수수께끼의염료	수수께끼의염료	0	100000	1	1	1	0
지열참기술서	지열참기술서	1	100000	1	0	0	0
뜨개질입문서	뜨개질입문서	0	2000	1	0	0	0
엠블럼85	어둠사랑엠블럼	1	100	0	0	0	0
어설픈젤리오팔 30	어설픈젤리오팔	0	10000	1	0	0	0
곤충4	곤충	1	100	1	0	0	0
늑대인간왕1변신	늑대인간왕1	0	100	1	0	0	0
파이한조각	파이한조각	1	1000	1	0	0	0
큐어아룬다이트조합서	큐어아룬다이트조합서	0	25000	1	0	0	0
노점개설허가서	노점개설허가서	0	30000	1	0	0	0
한국베팅티켓	한국베팅티켓	0	10	1	0	0	0
어설픈수오미키톤화 30	어설픈수오미키톤화	0	10000	1	0	0	0
어설픈스페셜염색약8 15	어설픈스페셜염색약8	0	10000	1	0	0	0
청록오만전칩	청록오만전칩	1	50000	1	0	0	0
검은색염색제	검은색염색제	0	200	1	1	1	0
배움의서9	포장된배움의서+9	0	3000000	1	1	1	0
리베륨	리베륨	1	100	1	0	0	0
포션제조책	포션제조책	0	25000	0	0	0	0
C급퍼플염색약	라벤더염색약	0	500000	1	0	1	0
블루굴이동티켓	블루굴이동티켓	0	10	1	0	0	0
주술서	주술서	3	300	0	0	0	0
흑비화무갑주(여)조합서	흑비화무갑주(여)조합서	0	100000	1	0	0	0
어설픈루어스위저드로브수 30	어설픈루어스위저드로브수	0	10000	1	0	0	0
빨간깃발	빨간깃발	0	100	0	0	1	0
열쇠	열쇠	1	100	1	0	0	0
남색십만전칩	남색십만전칩	1	100000	1	0	0	0
진배움의서5	배움의서+5	0	3000000	1	1	1	0
빨간베개	빨간베게	1	100	1	0	0	0
화분3	화분	1	15000	1	0	0	0
F구역동력포션	F구역동력포션	0	50000	0	0	0	0
엠블럼98	천하제일무한대전3위	1	100	0	0	0	0
꼬끼오닭의경험치쿠폰	꼬끼오닭의경험치쿠폰	0	100	1	1	1	0
브론즈굴지역스크롤	브론즈굴지역스크롤	0	10	1	0	0	0
블랙열쇠2	블랙열쇠2	1	1000	1	0	0	0
어설픈뤼케시온스톨라화 30	어설픈뤼케시온스톨라화	0	10000	1	0	0	0
꿈의바다	꿈의바다	1	500000	1	0	0	0
레드엑스토닉	레드엑스토닉	1	700000	1	0	0	0
던져진윷1	던져진윷1	1	100	1	0	0	0
스페셜염색약21	스페셜염색약	0	500000	1	1	1	0
몬스터추출기	몬스터추출기	0	50000	0	0	0	0
하이라이트염색제	하이라이트염색제	0	20000	1	0	0	0
벌	벌	1	100	1	0	0	0
고급출석상자	고급출석상자	0	2000	0	0	0	0
상큼한화분용물	상큼한화분용물	1	1000	1	0	0	0
게껍질	게껍질	1	100	1	0	0	0
비지움	비지움	1	10000	1	0	0	0
변신스크롤(바크)	변신스크롤(바크)	0	100000	1	0	0	0
어설픈메투스의사파이어반지 30	어설픈메투스의사파이어반지	0	10000	1	0	0	0
어설픈화염의홀디트링 30	어설픈화염의홀디트링	0	10000	1	0	0	0
마그마바룬스의머리	마그마바룬스의머리	1	100	1	0	0	0
갈색버섯	갈색버섯	1	3000	1	0	0	0
아이템각인주문서	아이템각인주문서	0	5000000	1	0	0	0
어설픈밀레스풍전도복수 30	어설픈밀레스풍전도복수	0	10000	1	0	0	0
동전더미	동전더미	1	10	1	0	0	0
도적석상	도적석상	1	100000	1	0	0	0
블루메가토닉	블루메가토닉	1	700000	1	0	0	0
엠블럼111	어둠사랑엠블럼	1	100	0	0	0	0
동물가방랜덤상자(365일)	가방선물상자(365일)	0	10	1	1	1	0
세르네아스의발톱	세르네아스의발톱	2	1000000	1	0	0	0
어설픈커스아룬다이트 15	어설픈커스아룬다이트	0	10000	1	0	0	0
어설픈수오미풀플레이트 30	어설픈수오미풀플레이트	0	10000	1	0	0	0
형광파랑색염색제	형광파랑색염색제	0	200	1	1	1	0
빨간리본-여성헤어	빨간리본-여성헤어	0	10	1	1	1	0
가디언소환스크롤14	보호형가디언소환스크롤	1	10	0	0	0	0
투구강화석	투구강화석	0	0	1	0	0	0
바퀴벌레	바퀴벌레	1	100	1	0	0	0
열쇠2	빨간열쇠	500	100	1	0	0	0
인증도장	인증도장	1	1000000	0	0	0	0
수오미리콜	수오미리콜	1	1000	1	0	0	0
안크뼈7	안크본의머리	500	100	1	0	0	0
아즈카스	아즈카스	1	100	1	0	0	0
몬스터소환비서:블랙보스2	몬스터소환비서:바룬스코어	0	1	1	1	1	0
곰인형	곰인형	1	15000	1	0	0	0
메가토닉	메가토닉	1	700000	1	0	0	0
어설픈럭셔리썬글라스 1	어설픈럭셔리썬글라스	0	10000	1	0	0	0
고대의흙판조각2	고대의흙판조각2	1	100000	1	0	0	0
뮤레칸의악보	뮤레칸의악보	0	10	1	0	0	0
롱롱스타일-남성헤어	롱롱스타일-남성헤어	0	10	1	1	1	0
트라이프피쉬	트라이프피쉬	1	1300	1	0	0	0
블라인드아이즈(봉인)	블라인드아이즈(봉인)	0	100	1	0	0	0
엠블럼124	어둠사랑엠블럼	1	100	0	0	0	0
팜팻의역습영수증1	팜팻의역습영수증1	1	10	1	0	0	0
불량씨앗	불량씨앗	1	10	1	0	0	0
행복한조합서(4써클)	행복한은장갑조합서	0	100000	1	0	0	0
어설픈밀레스카스뮴플레이트풍 30	어설픈밀레스카스뮴플레이트풍	0	10000	1	0	0	0
어설픈갈색두건 30	어설픈갈색두건	0	10000	1	0	0	0
리치꼬리	리치꼬리	1	100	1	0	0	0
소고기스테이크	소고기스테이크	1	1000	1	0	0	0
어설픈뤼케시온선풍도복토 30	어설픈뤼케시온선풍도복토	0	10000	1	0	0	0
비취색염색제	비취색염색제	0	20000	1	0	0	0
금가위	금가위	1	100000	1	0	0	0
적태극현(남)조합서	적태극현(남)조합서	0	100000	1	0	0	0
상자4	파랑상자	0	10	0	0	0	0
엠블럼58	어둠사랑엠블럼(S)	1	100	0	0	0	0
어설픈매직쥬피티아 30	어설픈매직쥬피티아	0	10000	1	0	0	0
붉은상자	붉은상자	0	10	1	1	1	0
칭호의상교환키트	칭호의상교환키트	0	20	1	1	1	0
엠블럼2	황금돼지	1	100	1	0	1	0
퓨어레드염색약	퓨어레드염색약	0	500000	1	1	1	0
절인소고기	절인소고기	0	1	1	0	0	0
어설픈뤼케시온엘레맨틀 30	어설픈뤼케시온엘레맨틀	0	10000	1	0	0	0
만물수리망치[10%]	만물수리망치[10%]	0	20	1	1	1	0
수정구슬	수정구슬	1	100	1	0	0	0
블루수염조합서	블루수염조합서	0	50000	1	0	0	0
베이셔의노래집2	베이셔의노래집2	0	1	1	0	0	0
청회색염색제	청회색염색제	0	200	1	1	1	0
드라코발톱	드라코발톱	1	100	1	0	0	0
마스크박스	마스크박스	1	2000	1	0	0	0
삼성Yepp응모권	삼성Yepp응모권	0	100	0	0	0	0
에쿠스	에쿠스	0	2000	0	0	0	0
2갱도열쇠	2갱도열쇠	1	12000	1	0	0	0
꽃1	센트레아	1	10000	1	0	0	0
얼굴성형3	스마일얼굴성형	0	100	1	1	1	0
블랙오피온의비늘	블랙오피온의비늘	1	100000	1	0	0	0
엠블럼137	어둠사랑엠블럼	1	100	0	0	0	0
산타옷	산타옷	1	100	1	0	0	0
륜의조각	륜의조각	1	1000	1	0	0	0
짜장면	짜장면	1	100	1	0	0	0
코로나	코로나	2	100000	0	0	0	0
상점개설스킬스크롤	상점개설스킬스크롤	1	50000	1	0	0	0
붉은보석가루	붉은보석가루	0	1	1	0	0	0
세오100년선물상자	세오100년선물상자	0	100	1	0	0	0
어설픈셔스의동각반 30	어설픈셔스의동각반	0	10000	1	0	0	0
어설픈발랄한부츠 30	어설픈발랄한부츠	0	10000	1	0	0	0
어설픈헬클레릭후드 15	어설픈헬클레릭후드	0	10000	1	0	0	0
심볼3	심볼3	1	100	1	0	0	0
어설픈Effect-벚꽃 5	어설픈Effect-벚꽃	0	10000	1	0	0	0
이벤트러브에센스EX	이벤트러브에센스EX	1	10000	1	0	0	0
엠블럼29	어둠사랑엠블럼	1	100	0	0	0	0
철제만능열쇠	철제만능열쇠	1	100	1	0	0	0
가디언소환스크롤26	보호형가디언소환스크롤	1	10	0	0	0	0
어둠사랑엠블럼(BB)	어둠사랑엠블럼(BB)	0	1	1	0	0	0
유물반지	유물반지	1	100000	1	0	0	0
페이로브각반(봉인)	페이로브각반(봉인)	1	100	1	0	0	0
붉은모래	붉은모래	1	100	1	0	0	0
악세사리단련책	악세사리단련책	0	25000	0	0	0	0
셀레브샤기롱컷-남성헤어	셀레브샤기롱컷-남성헤어	0	10	1	1	1	0
어설픈밀레스풀플레이트수 30	어설픈밀레스풀플레이트수	0	10000	1	0	0	0
보물1	블러드스켈	1	100	1	0	0	0
썩은 사과	썩은 사과	1	100	1	0	0	0
비커6	비커6	1	100	1	0	0	0
얼굴성형16	땡글눈얼굴성형	0	100	1	1	1	0
미니의편지	미니의편지	0	100	1	0	0	0
슬로우몬스터마법서	슬로우몬스터마법서	1	100000	1	0	0	0
