고대유물5	고대유물5	1	100	1	0	0	0
어설픈멋쟁이부츠 30	어설픈멋쟁이부츠	0	10000	1	0	0	0
팀배참가증10	팀배참가증10	1	100	1	0	0	0
생명의시약	생명의시약	1	100	1	0	0	0
홀리팬플룻조합서	홀리팬플룻조합서	0	50000	1	0	0	0
가디언소환스크롤4	기술공격형가디언소환스크롤	1	10	0	0	0	0
얼굴염색2	흑인얼굴페인팅쿠폰	0	100	1	1	1	0
리호의편지	리호의편지	0	100	1	0	0	0
체리	체리	1	50	1	0	0	0
박스3	오래된박스	1	15000	1	0	0	0
어설픈셔스의동장갑 30	어설픈셔스의동장갑	0	10000	1	0	0	0
어설픈세피라링(Lev4) 10	어설픈세피라링(Lev4)	0	10000	1	0	0	0
안크본의갈비뼈	안크본의갈비뼈	2	100000	1	0	0	0
어설픈헬나이트아머 15	어설픈헬나이트아머	0	10000	1	0	0	0
통2	이끼묻은돌이든통	1	1000	0	0	0	0
사루루스	사루루스	1	100	1	0	0	0
쉘트라눔	쉘트라눔	1	1000	1	0	0	0
원격수리스크롤세트	원격수리스크롤세트	0	30	1	1	0	0
닭모이	닭모이	1	5000	1	0	0	0
엠블럼49	어둠사랑엠블럼	1	100	0	0	0	0
페이로브투구(봉인)	페이로브투구(봉인)	1	100	1	0	0	0
옷조각7	옷조각7	1	100	1	0	0	0
팀배참가증25	팀배참가증25	1	100	1	0	0	0
경마참가증2	경마참가증	1	1000	1	0	0	0
흑비화후관(여)조합서	흑비화후관(여)조합서	0	100000	1	0	0	0
[16주년]축복의물약	[16주년]축복의물약	0	1	0	0	0	0
책11	책11	1	100	1	0	0	0
죽음의마을던젼이동스크롤	죽음의마을던젼이동스크롤	0	25000	1	0	0	0
어설픈수오미위저드로브수 30	어설픈수오미위저드로브수	0	10000	1	0	0	0
곤충26	곤충	1	100	1	0	0	0
하이브레이질배틀핸드핸드폰줄	하이브레이질배틀핸드핸드폰줄	1	100	1	1	1	0
포인트상점리콜	포인트상점리콜	0	100	0	0	1	0
폭죽	폭죽	1	500	1	0	0	0
거대니에1변신	거대니에변신주문서	0	100	1	1	1	0
어설픈축복의레더글러브 30	어설픈축복의레더글러브	0	10000	1	0	0	0
샴피쉬	샴피쉬	1	600	1	0	0	0
어설픈암흑의벨트1 10	어설픈암흑의벨트	0	10000	1	0	0	0
구리빛바디페인팅쿠폰	구리빛바디페인팅쿠폰	0	100	1	1	1	0
무우	무우	1	700	1	0	0	0
어설픈루어스로럼풍 30	어설픈루어스로럼풍	0	10000	1	0	0	0
꽃잎	꽃잎	1	1000	1	0	0	0
어설픈진녹색부츠 30	어설픈진녹색부츠	0	10000	1	0	0	0
보석25	보석25	1	100	1	0	0	0
노란종이	노란종이	1	200	1	0	0	0
엠블럼64	어둠사랑엠블럼	1	100	0	0	0	0
요괘	요괘	0	1000	0	0	0	0
팜팻의역습입장권1	팜팻의역습입장권1	1	100000	1	0	0	0
서약조각G	서약조각G	1	100	1	0	0	0
퍼플팜팻의정수	퍼플팜팻의정수	0	1	1	0	0	0
어설픈밀레스코르스화 30	어설픈밀레스코르스화	0	10000	1	0	0	0
마구때리기기술서	마구때리기기술서	1	100000	1	0	0	0
곤충10	곤충	1	100	1	0	0	0
엑스쿠라눔	엑스쿠라눔	1	700000	1	0	0	0
화분용비료	화분용비료	1	1000	1	0	0	0
선물상자	선물상자	0	10	1	0	0	0
빙고스페셜-여성헤어	빙고스페셜-여성헤어	0	500000	1	0	0	0
가을밤	가을밤	1	2000	1	0	0	0
깃털날리기마법서	깃털날리기마법서	1	100000	1	0	0	0
큰열쇠꾸러미	큰열쇠꾸러미	1	100	1	0	0	0
어설픈강철의마기아목걸이 30	어설픈강철의마기아목걸이	0	10000	1	0	0	0
륜의조각(바람)	륜의조각(바람)	1	1000	1	0	0	0
어설픈세토아의레더부츠 30	어설픈세토아의레더부츠	0	10000	1	0	0	0
어설픈뤼케시온풍전도복수 30	어설픈뤼케시온풍전도복수	0	10000	1	0	0	0
스페셜염색약11	스페셜염색약	0	500000	1	1	1	0
서아벨리콜	서아벨리콜	1	5000	1	0	0	0
수상한버섯씨앗	수상한버섯씨앗	1	1000	1	0	0	0
엠블럼77	어둠사랑엠블럼	1	100	0	0	0	0
어설픈매직프람베르그 15	어설픈매직프람베르그	0	10000	1	0	0	0
MP메가포션	MP메가포션	0	100000	1	1	1	0
아기게일1변신	아기게일	0	100	1	0	0	0
어설픈뤼케시온카스뮴플레이트풍 30	어설픈뤼케시온카스뮴플레이트풍	0	10000	1	0	0	0
꽃0	꽃0	1	100	1	0	0	0
별의눈물	별의눈물	1	5000000	1	0	0	0
브론즈굴지역프레임	브론즈굴지역프레임	0	25000	1	0	0	0
쥐약	쥐약	1	50	1	0	0	0
마리아1변신	아줌마변신주문서	0	100	1	1	1	0
이아업키트A	이아업키트(Lev1)	0	100000	1	0	0	0
플룻	플룻	9	100	0	0	0	0
어쩐지수상한시약	어쩐지수상한시약	1	1000	1	0	0	0
몬스터소환비서:홀리루딘관리자	몬스터소환비서:홀리루된관리자	0	1	1	1	1	0
아만항구이동권(7일)	아만항구이동권(7일)	0	1	1	1	1	0
호러캐슬열쇠3	호러캐슬보석	1	1000	1	0	0	0
흑비류선후(남)조합서	흑비류선후(남)조합서	0	100000	1	0	0	0
배움의서1	포장된배움의서+1	0	3000000	1	1	0	0
모카맛사탕꾸러미	모카맛사탕꾸러미	0	100000	0	0	0	0
파란색염색제	파란색염색제	0	20000	1	0	0	0
대평원지도	대평원지도	1	10000	1	0	0	0
방아깨비	방아깨비	1	100	1	0	0	0
B급옐로우그린염색약	아이스그린염색약	0	500000	1	1	1	0
어설픈루어스키톤 30	어설픈루어스키톤	0	10000	1	0	0	0
어설픈스페셜염색약14 15	어설픈스페셜염색약14	0	10000	1	0	0	0
암흑의시약조합서	암흑의시약조합서	0	50000	1	0	0	0
노란보석	노란보석	1	100000	1	0	0	0
삐삐머리-여성헤어	삐삐머리-여성헤어	0	10	1	1	1	0
변신스크롤(다크클레릭)	변신스크롤(다크클레릭)	0	100000	1	0	0	0
방어구단련책	방어구단련책	0	25000	0	0	0	0
촌촌날개	촌촌날개	1	100	1	0	0	0
은빛늑대의갈기털	은빛늑대의갈기털	1	10000	1	0	0	0
엠블럼90	어둠사랑엠블럼	1	100	0	0	0	0
아루스의지팡이조각	아루스의지팡이조각	2	1000000	1	0	0	0
포탈저장스크롤	포탈저장스크롤	0	10	1	0	0	0
어설픈밀레스위저드로브토 30	어설픈밀레스위저드로브토	0	10000	1	0	0	0
어둠사랑(BB)교환권	어둠사랑(BB)교환권	0	10	0	0	1	0
몬스터소환비서:FT-1말티안6	몬스터소환비서:FT-1말티안	0	1	1	1	1	0
블루마린	블루마린	1	1000	1	0	0	0
엘리멘탈스톤소환서3	엘리멘탈스톤소환서	1	10	0	0	0	0
니에줄넘기	니에줄넘기	0	10	1	1	1	0
알수없는염색약2	알수없는염색약	0	500000	1	1	1	0
식당거미의다리	식당거미의다리	0	100	1	0	0	0
유니콘뿔	유니콘뿔	1	100	1	0	0	0
고스트스태프	고스트스태프	0	10	1	0	0	0
다이나마이트	다이나마이트	6	20000	1	0	0	0
경험치보너스카드1	경험치보너스카드	0	10	0	0	0	0
지네	지네	1	100	1	0	0	0
연두색염색제	연두색염색제	0	200	1	1	1	0
금열쇠	금열쇠	1	100	1	0	0	0
영류결계석D	영류결계석D	0	100	0	0	0	0
어설픈밀레스스톨라 30	어설픈밀레스스톨라	0	10000	1	0	0	0
감	감	1	600	1	0	0	0
기본바디변경여2변신	기본바디변경여2주문서	0	100	1	1	1	0
액체가담긴병	액체가담긴병	1	100	1	0	0	0
고르데아의링	고르데아의링	2	1000000	1	0	0	0
실크	실크	1	1000000	1	0	0	0
파랑폭죽H	파랑폭죽H	1	500	1	0	0	0
엠블럼103	어둠사랑엠블럼	1	100	0	0	0	0
엠블럼12	음양엠블럼	0	100	1	1	1	0
보석14	보석14	1	100	1	0	0	0
이벤트쿠키믹스	이벤트쿠키믹스	1	10000	1	0	0	0
레몬색염색약	레몬색염색약	0	500000	1	1	1	0
오전12시표	오전12시표	1	10000	1	0	0	0
데몬4	러스터데몬의뿔	500	100	1	0	0	0
로얄왁스	로얄왁스	1	1000	1	0	0	0
부서진보물조각[동]	부서진보물조각[동]	0	17500000	1	0	0	0
죽음의마을던젼저장티켓	죽음의마을던젼저장티켓	0	10	1	0	0	0
어설픈셔스의호안석반지 30	어설픈셔스의호안석반지	0	10000	1	0	0	0
어설픈뮤레칸의구리방패 40	어설픈뮤레칸의구리방패	0	10000	1	0	0	0
고대의흙판	고대의흙판	1	400000	1	0	0	0
어설픈바람의크리스탈목걸이 30	어설픈바람의크리스탈목걸이	0	10000	1	0	0	0
어설픈연단검수 38	어설픈연단검수	0	10000	1	0	0	0
계약서2	계약서2	0	1	1	0	0	0
축구공	축구공	500	100	1	0	0	0
보라오만전칩	보라오만전칩	1	50000	1	0	0	0
어설픈뤼케시온풀플레이트수 30	어설픈뤼케시온풀플레이트수	0	10000	1	0	0	0
그린하이토닉	그린하이토닉	1	700000	1	0	0	0
스틸그레이염색제	스틸그레이염색제	0	20000	1	0	0	0
[E]추출석	[E]추출석	0	0	0	0	0	0
어설픈노란노리개 10	어설픈노란노리개	0	10000	1	0	0	0
쿠션볼세트당첨쿠폰	쿠션볼세트당첨쿠폰	0	100	0	0	1	0
엠블럼116	어둠사랑엠블럼	1	100	0	0	0	0
[15주년]축하선물	[15주년]축하선물	0	1	0	0	0	0
노랑오만전칩	노랑오만전칩	1	50000	1	0	0	0
어설픈라비린스투구토 30	어설픈라비린스투구토	0	10000	1	0	0	0
아이리스꽃	아이리스꽃	1	100000	1	0	0	0
뱀알	뱀알	1	100	1	0	0	0
적비화무투구(여)조합서	적비화무투구(여)조합서	0	100000	1	0	0	0
브론즈오피온의수염	브론즈오피온의수염	1	100	1	0	0	0
페리도트	페리도트	1	200000	1	0	0	0
무우조각	무우조각	0	1	1	0	0	0
하늘색염색제	하늘색염색제	0	20000	1	0	0	0
옛날반지21	옛날반지21	1	100	1	0	0	0
백의엠버	백의엠버	2	10000	0	0	0	0
이상한잉크	이상한잉크	0	100	0	0	0	0
변신스크롤(오크가드)	변신스크롤(오크가드)	0	100000	1	0	0	0
시장리콜	시장리콜	1	1000	1	0	0	0
샤기미듐컷-남성헤어	샤기미듐컷-남성헤어	0	10	1	1	1	0
히야트의결정	히야트의결정	0	20000	1	0	0	0
심볼8	심볼8	1	100	1	0	0	0
가디언소환스크롤19	마법공격형가디언소환스크롤	1	10	0	0	0	0
소울드레이너	소울드레이너	0	2000	0	0	0	0
어설픈루어스선풍도복풍 30	어설픈루어스선풍도복풍	0	10000	1	0	0	0
박스1	오래된박스	1	15000	1	0	0	0
어설픈투핸드드래곤크로어풍 15	어설픈투핸드드래곤크로어풍	0	10000	1	0	0	0
어설픈수오미코르스화 30	어설픈수오미코르스화	0	10000	1	0	0	0
C급그린염색약	다크터콰이즈염색약	0	500000	1	1	1	0
라벤더염색약	라벤더염색약	1	500000	1	0	0	0
수의에센스	수의에센스	1	100	1	0	0	0
골든아쿠아스톤	골든아쿠아스톤	1	1000000	1	0	0	0
함정	함정	1	100	1	0	0	0
리폼키트-풍선	리폼키트-풍선	0	300000	1	1	1	0
대지의인장	대지의인장	1	100	1	0	0	0
엠블럼129	어둠사랑엠블럼	1	100	0	0	0	0
엠블럼8	털모자	1	100	0	0	1	0
어설픈대지의자수정목걸이 30	어설픈대지의자수정목걸이	0	10000	1	0	0	0
찌그러진보물조각[은]	찌그러진보물조각[은]	0	750000	1	0	0	0
어설픈차분한부츠 30	어설픈차분한부츠	0	10000	1	0	0	0
어설픈루어스엘레맨틀수 30	어설픈루어스엘레맨틀수	0	10000	1	0	0	0
비커12	비커12	1	100	1	0	0	0
팀배참가증11	팀배참가증11	1	100	1	0	0	0
스피크쿠폰	스피크쿠폰	1	200	0	0	0	0
복숭아만두	복숭아만두	1	10000	1	0	0	0
리루의편지	리루의편지	0	100	1	0	0	0
뉴트뿔조합서	뉴트뿔조합서	0	50000	1	0	0	0
어둠사랑엠블럼(A)	어둠사랑엠블럼(A)	1	100	0	0	0	0
방송쿠폰세트	방송쿠폰세트	0	10	1	1	0	0
퓨어블랙염색제	퓨어블랙염색제	0	20000	1	0	0	0
엠블럼164	야광나비엠블럼	0	100	1	1	1	0
다크틸의지팡이	다크틸의지팡이	1	100000	1	0	0	0
어설픈세토아의고무장갑 30	어설픈세토아의고무장갑	0	10000	1	0	0	0
파란코	파란코	1	200000	1	0	0	0
어설픈헬나이트투구 15	어설픈헬나이트투구	0	10000	1	0	0	0
어설픈블랙수염 10	어설픈블랙수염	0	10000	1	0	0	0
왈츠재상의편지1	왈츠재상의편지	0	20000	1	0	0	0
메데니아마법의리콜(3일)	메데니아마법의리콜(3일)	0	100	0	0	0	0
회남색염색제	회남색염색제	0	200	1	1	1	0
옷조각8	옷조각8	1	100	1	0	0	0
섬세한몬스터결정추출기	섬세한몬스터결정추출기	0	20000	1	0	0	0
잼스톤보상	잼스톤보상	0	500	0	0	0	0
브릴윙투구(봉인)	브릴윙투구(봉인)	1	100	1	0	0	0
세계 지도	세계 지도	0	10	1	1	1	0
얼굴성형8	흰수염얼굴성형	0	100	1	1	1	0
팀배참가증26	팀배참가증26	1	100	1	0	0	0
경마참가증3	경마참가증	1	1000	1	0	0	0
사과	사과	1	200	1	0	0	0
레드키와노	레드키와노	1	100000	1	0	0	0
엠블럼142	어둠사랑엠블럼	1	100	0	0	0	0
책12	책12	1	100	1	0	0	0
이끼묻은돌이든통	이끼묻은돌이든통	1	1000	0	0	0	0
단델리온	단델리온	1	100	1	0	0	0
몬스터소환비서:블랙최종보스0	몬스터소환비서:아이언카이사르	0	1	1	1	1	0
곤충27	곤충	1	100	1	0	0	0
당근모이	당근모이	1	5000	1	0	0	0
호르라뭄	호르라뭄	1	1000	1	0	0	0
어설픈수오미위저드로브토 30	어설픈수오미위저드로브토	0	10000	1	0	0	0
엠블럼35	어둠사랑엠블럼	1	100	0	0	0	0
박스4	오래된박스	1	15000	1	0	0	0
적비류선의(남)조합서	적비류선의(남)조합서	0	100000	1	0	0	0
어설픈풍요의레더글러브 30	어설픈풍요의레더글러브	0	10000	1	0	0	0
보석26	보석26	1	100	1	0	0	0
마도코어달스톤	마도코어달스톤	0	1000	1	0	0	0
출력제한동력원	출력제한동력원	0	100	0	0	0	0
어설픈다크크로어 10	어설픈다크크로어	0	10000	1	0	0	0
어설픈자주색부츠 30	어설픈자주색부츠	0	10000	1	0	0	0
어설픈루어스로럼화 30	어설픈루어스로럼화	0	10000	1	0	0	0
술괘	술괘	0	1000	0	0	0	0
사악한MP캅셀	사악한MP캅셀	0	10	1	1	1	0
얼굴염색3	오크얼굴페인팅쿠폰	0	100	1	1	1	0
곤충11	곤충	1	100	1	0	0	0
팜팻의역습입장권2	팜팻의역습입장권2	1	500000	1	0	0	0
서약조각Y	서약조각Y	1	100	1	0	0	0
가디언소환스크롤5	방어형가디언소환스크롤	1	10	0	0	0	0
매의위상기술서	매의위상기술서	1	100000	1	0	0	0
코바늘	코바늘	1	10000	1	0	0	0
어설픈수오미스톨라 30	어설픈수오미스톨라	0	10000	1	0	0	0
엠블럼50	어둠사랑엠블럼	1	100	0	0	0	0
마이소시아지도종합세트	마이소시아지도종합세트	0	30	1	1	0	0
라세마법서	라세마법서	1	100000	1	0	0	0
마권	마권	1	300	1	0	0	0
볼테늄	볼테늄	1	100	1	0	0	0
어설픈숲의마기아목걸이 30	어설픈숲의마기아목걸이	0	10000	1	0	0	0
실버팜팻의정수	실버팜팻의정수	0	1	1	0	0	0
어설픈이아의레더부츠 30	어설픈이아의레더부츠	0	10000	1	0	0	0
어설픈뤼케시온풍전도복토 30	어설픈뤼케시온풍전도복토	0	10000	1	0	0	0
꽃21	딜라타타	1	100	1	0	0	0
판티카씨앗(㉿)	판티카씨앗(㉿)	1	0	1	0	0	0
스페셜염색약12	스페셜염색약	0	500000	1	1	1	0
어둠의등불	어둠의등불	0	1	0	0	0	0
파손된탐사장비	파손된탐사장비	1	1000	1	0	0	0
블루굴지역프레임	블루굴지역프레임	0	25000	1	0	0	0
지하던젼이동스크롤	지하던젼이동스크롤	0	25000	1	0	0	0
어설픈홀리프람베르그 15	어설픈홀리프람베르그	0	10000	1	0	0	0
로오의잉크병	로오의잉크병	3	100	0	0	0	0
바람의륜의조각	바람의륜의조각	1	1000	1	0	0	0
홀리프람베르그조합서	홀리프람베르그조합서	0	25000	1	0	0	0
화산1변신	불꽃슛통카변신주문서	0	100	1	1	1	0
어설픈뤼케시온카스뮴플레이트화 30	어설픈뤼케시온카스뮴플레이트화	0	10000	1	0	0	0
회색바디페인팅쿠폰	회색바디페인팅쿠폰	0	100	1	1	1	0
밀레스역사서1	밀레스의역사	0	2000	0	0	0	0
파	파	1	400	1	0	0	0
무당벌레	무당벌레	1	100	1	0	0	0
엠블럼65	어둠사랑엠블럼	1	100	0	0	0	0
가방기간연장권(단기)	가방기간연장권(단기)	0	10	1	1	1	0
어설픈루어스키톤수 30	어설픈루어스키톤수	0	10000	1	0	0	0
B급블루염색약	아이스블루염색약	0	500000	1	1	1	0
붉은장미	붉은장미	1	500	1	0	0	0
어설픈스페셜염색약15 15	어설픈스페셜염색약15	0	10000	1	0	0	0
오튜팔	오튜팔	1	100	1	0	0	0
여우뼈	여우뼈	1	100	1	0	0	0
호러캐슬열쇠4	호러캐슬보석	1	1000	1	0	0	0
스포센	스포센	2	50000	1	0	0	0
흑비화후의(남)조합서	흑비화후의(남)조합서	0	100000	1	0	0	0
켄토라우스의가죽	켄토라우스의가죽	2	1000000	1	0	0	0
포테의숲지역스크롤	포테의숲지역스크롤	0	10	1	0	0	0
빈성냥갑	빈성냥갑	0	25000	1	0	0	0
버섯용양분	버섯용양분	1	500	1	0	0	0
가을사과	가을사과	1	2000	1	0	0	0
어둠사랑(CC)교환권	어둠사랑(CC)교환권	0	10	0	0	1	0
어설픈밀레스위저드로브풍 30	어설픈밀레스위저드로브풍	0	10000	1	0	0	0
박쥐날개	박쥐날개	1	100	1	0	0	0
광산이동티켓	광산이동티켓	0	10	1	0	0	0
메카경품응모권	메카경품응모권	0	100	1	0	0	0
알수없는염색약3	알수없는염색약	0	500000	1	1	1	0
뮤레칸의해독약	뮤레칸의해독약	0	10	1	0	0	0
하늘소	하늘소	1	100	1	0	0	0
열쇠6	금열쇠	500	100	1	0	0	0
엠블럼78	어둠사랑엠블럼	1	100	0	0	0	0
게일라스의눈1변신	게일라스의눈	0	100	1	0	0	0
로열사파이어	로열사파이어	1	1000	1	0	0	0
홀리루딘성리콜	홀리루딘성리콜	1	1000	1	0	0	0
어설픈밀레스스톨라수 30	어설픈밀레스스톨라수	0	10000	1	0	0	0
살충제B형	살충제B형	1	1000	1	0	0	0
천연진주목걸이	천연진주목걸이	0	1	1	0	0	0
이아업키트B	이아업키트(Lev2)	0	100000	1	0	0	0
보석15	보석15	1	100	1	0	0	0
디오람	디오람	1	100	1	0	0	0
고르데아의부츠	고르데아의부츠	2	1000000	1	0	0	0
파랑폭죽I	파랑폭죽I	1	500	1	0	0	0
배움의서2	포장된배움의서+2	0	3000000	1	1	1	0
아슬론초원지도	아슬론초원지도	1	10000	1	0	0	0
길드전보상박스	길드전보상박스	1	1000	1	0	0	0
