승급11	벼	1	100	1	0	0	0
엠블럼83	어둠사랑엠블럼	1	100	0	0	0	0
토고베팅티켓	토고베팅티켓	0	10	1	0	0	0
스켈톤70변신	스켈톤70	0	100	1	0	0	0
할로윈박스	할로윈박스	0	2000	1	1	1	0
보물상자열쇠1	보물상자열쇠	1	12000	0	0	0	0
빨간머리털묶음	빨간머리털묶음	1	100	1	0	0	0
바다의루브	바다의루브	1	100000	1	0	0	0
브론즈굴이동티켓	브론즈굴이동티켓	0	10	1	0	0	0
포테의정수	포테의정수	0	1	1	0	0	0
어설픈이아의동각반 30	어설픈이아의동각반	0	10000	1	0	0	0
어설픈풀플레이트투구풍 40	어설픈풀플레이트투구풍	0	10000	1	0	0	0
어설픈바람의루나사벨트 5	어설픈바람의루나사벨트	0	10000	1	0	0	0
박스15	오래된박스	1	15000	1	0	0	0
배움의서7	포장된배움의서+7	0	3000000	1	1	1	0
눈의소결정	눈의소결정	0	10	1	0	0	0
어설픈숲의잼스톤목걸이 30	어설픈숲의잼스톤목걸이	0	10000	1	0	0	0
퀴즈상품	퀴즈상품	1	10	1	0	0	0
회색염색제	회색염색제	0	20000	1	0	0	0
세잎클로버	세잎클로버	1	1000	1	0	0	0
골드크리스탈	골드크리스탈	1	120000	1	0	0	0
B구역의기계파편	B구역의기계파편	0	100	0	0	0	0
도장카드	도장카드	0	100	0	0	1	0
빈스페어	빈스페어	2	100000	1	0	0	0
양말5	크리스마스양말	1	15000	1	0	0	0
푸른모래	푸른모래	1	100	1	0	0	0
행복한조합서(2써클)	행복한가죽장갑조합서	0	100000	1	0	0	0
D구역동력포션	D구역동력포션	0	50000	0	0	0	0
어설픈루어스풀플레이트풍 30	어설픈루어스풀플레이트풍	0	10000	1	0	0	0
이아업키트세트B	이아업키트세트(Lev2)	0	100000	1	0	0	0
청동만능열쇠	청동만능열쇠	1	100	1	0	0	0
심볼1	심볼1	1	100	1	0	0	0
윌화이어각반(봉인)	윌화이어각반(봉인)	1	100	1	0	0	0
상큼한씨앗	상큼한씨앗	1	10	0	0	0	0
강력한몬스터의결정	강력한몬스터의결정	0	1	1	0	0	0
보석18	보석18	1	100	1	0	0	0
은바늘	은바늘	1	100000	1	0	0	0
적태극의(남)조합서	적태극의(남)조합서	0	100000	1	0	0	0
엠블럼96	천하제일무한대전5위	1	100	0	0	0	0
어설픈셔스의레더글러브 30	어설픈셔스의레더글러브	0	10000	1	0	0	0
가방기간연장(단기)	가방기간연장(단기)	0	10	1	0	0	0
빈가죽물통	빈가죽물통	1	10000	1	0	0	0
레드토닉	레드토닉	1	700000	1	0	0	0
바이올렛염색제	바이올렛염색제	0	20000	1	0	0	0
오후7시표	오후7시표	1	10000	1	0	0	0
옷조각15	옷조각15	1	100	1	0	0	0
매직프람베르그조합서	매직프람베르그조합서	0	25000	1	0	0	0
세오의손길마법서	세오의손길마법서	1	100000	1	0	0	0
아이스블루염색약	아이스블루염색약	0	500000	1	1	1	0
청록만전칩	청록만전칩	1	10000	1	0	0	0
팀배참가증18	팀배참가증18	1	100	1	0	0	0
어설픈뤼케시온로럼 30	어설픈뤼케시온로럼	0	10000	1	0	0	0
비커3	암흑의시약	1	100	1	0	0	0
변신스크롤(말)	변신스크롤(말)	0	100000	1	0	0	0
북밀레스리콜	북밀레스리콜	1	1000	1	0	0	0
야채만두	야채만두	0	10000	0	0	0	0
큐티올림단발-여성헤어	큐티올림단발-여성헤어	0	10	1	1	1	0
뉴트의혀	뉴트의혀	1	100	1	0	0	0
홍색비단	홍색비단	1	1000	1	0	0	0
어설픈수오미카스뮴플레이트 30	어설픈수오미카스뮴플레이트	0	10000	1	0	0	0
어설픈루어스코르스수 30	어설픈루어스코르스수	0	10000	1	0	0	0
레드메가토닉	레드메가토닉	1	700000	1	0	0	0
어설픈연주황색부츠 30	어설픈연주황색부츠	0	10000	1	0	0	0
가디언소환스크롤12	기술공격형가디언소환스크롤	1	10	0	0	0	0
어설픈블루수염 3	어설픈블루수염	0	10000	1	0	0	0
자주보라색염색제	자주보라색염색제	0	200	1	1	1	0
분홍버섯	분홍버섯	1	3000	1	0	0	0
크리스마스폭죽	크리스마스폭죽	1	500	1	0	0	0
엠블럼109	어둠사랑엠블럼	1	100	0	0	0	0
화분1	화분	1	15000	1	0	0	0
보석6	보석6	1	100	1	0	0	0
몬스터소환비서:상급중보스3	몬스터소환비서:드래곤뉴트	0	1	1	1	1	0
어설픈바람의벽옥목걸이 30	어설픈바람의벽옥목걸이	0	10000	1	0	0	0
팀배참가증32	팀배참가증32	1	100	1	0	0	0
어설픈밀레스엘레맨틀풍 30	어설픈밀레스엘레맨틀풍	0	10000	1	0	0	0
보석32	보석32	1	100	1	0	0	0
플라워캡슐	플라워캡슐	0	10	1	0	0	0
어설픈로오의신발 30	어설픈로오의신발	0	10000	1	0	0	0
짧은삐쭉머리-남성헤어	짧은삐쭉머리-남성헤어	0	10	1	1	1	0
빨강십만전칩	빨강십만전칩	1	100000	1	0	0	0
레드굴저장스크롤	레드굴저장스크롤	0	25000	1	0	0	0
피크닉샌드위치	피크닉샌드위치	1	800	1	0	0	0
곤충18	곤충	1	100	1	0	0	0
Yepp선물상자	Yepp선물상자	0	100	0	0	0	0
빨강폭죽H	빨강폭죽H	1	500	1	0	0	0
축괘	축괘	0	1000	0	0	0	0
밀단	밀단	1	10	1	0	0	0
스페셜염색약3	스페셜염색약	0	500000	1	1	1	0
하이토닉	하이토닉	1	700000	1	0	0	0
엠블럼122	어둠사랑엠블럼	1	100	0	0	0	0
생명의돌	생명의돌	1	10000	1	0	0	0
크림슨염색제	크림슨염색제	0	20000	1	0	0	0
몬스터소환비서:AS-R킹피셔6	몬스터소환비서:AS-R킹피셔	0	1	1	1	1	0
타인의소포	타인의소포	0	5000	1	1	0	0
해안던젼저장티켓	해안던젼저장티켓	0	10	1	0	0	0
어설픈페리도트 30	어설픈페리도트	0	10000	1	0	0	0
천상의달걀	천상의달걀	0	1	1	0	0	0
책3	책3	1	100	1	0	0	0
연주기술서	연주기술서	1	100000	1	0	0	0
적비현진건(여)조합서	적비현진건(여)조합서	0	100000	1	0	0	0
변환키트-전통의상	변환키트-전통의상	0	20	1	1	1	0
어설픈수오미키톤토 30	어설픈수오미키톤토	0	10000	1	0	0	0
어설픈스페셜염색약6 15	어설픈스페셜염색약6	0	10000	1	0	0	0
돌쇠헤어스타일	돌쇠헤어스타일	0	10	1	1	1	0
Charge마법서	Charge마법서	1	100000	1	0	0	0
곤충2	곤충	1	100	1	0	0	0
엠블럼44	어둠사랑엠블럼(B)	1	100	0	0	0	0
어설픈뤼케시온위저드로브화 30	어설픈뤼케시온위저드로브화	0	10000	1	0	0	0
흑진주	흑진주	1	1000000	1	0	0	0
메투스의선물	메투스의선물	0	2000	0	0	0	0
B급옐로우염색약	옐로우오커염색약	0	500000	1	0	1	0
세오의깃털	세오의깃털	0	20	1	1	1	0
진빨강색염색제	진빨강색염색제	0	200	1	1	1	0
디베노뭄	디베노뭄	1	1000	1	0	0	0
의문의편지	의문의편지	1	100	1	0	0	0
트라멜의일기장3	트라멜의일기장3	0	20000	1	0	0	0
변신스크롤(퐁퐁이)	변신스크롤(퐁퐁이)	0	100000	1	0	0	0
얼굴성형1	기본얼굴성형	0	100	1	1	1	0
황금모래	황금모래	9	100	0	0	0	0
엠블럼135	어둠사랑엠블럼	1	100	0	0	0	0
진배움의서3	수련의서	0	3000000	1	1	1	0
어설픈뤼케시온스톨라토 30	어설픈뤼케시온스톨라토	0	10000	1	0	0	0
문열쇠	문열쇠	1	100	1	0	0	0
금전더미	금전더미	1	100000	1	0	0	0
스켈톤뼈	스켈톤뼈	1	100	1	0	0	0
광산지역스크롤	광산지역스크롤	0	10	1	0	0	0
텔리포트의깃털(1시간)	텔리포트의깃털(1시간)	1	30	1	0	1	0
가디언소환스크롤24	기술공격형가디언소환스크롤	1	10	0	0	0	0
엠블럼27	어둠사랑엠블럼	1	100	0	0	0	0
롤롤-여성헤어	롤롤-여성헤어	0	10	1	1	1	0
스페셜염색약19	스페셜염색약	0	500000	1	1	1	0
장갑강화석	장갑강화석	0	0	1	0	0	0
데몬의가죽	데몬의가죽	1	100000	1	0	0	0
어둠사랑엠블럼(SS)	어둠사랑엠블럼(SS)	0	1	1	0	0	0
확인서5	확인서	1	1000000	0	0	0	0
어설픈이아의사파이어반지 30	어설픈이아의사파이어반지	0	10000	1	0	0	0
어설픈메투스의마그마부츠 30	어설픈메투스의마그마부츠	0	10000	1	0	0	0
특제정식	특제정식	0	1	1	0	0	0
어설픈루어스풍전도복화 30	어설픈루어스풍전도복화	0	10000	1	0	0	0
1번거북티켓	1번거북티켓	1	200	0	0	0	0
마스카트베일리	마스카트베일리	1	22000	1	0	0	0
데몬의턱뼈	데몬의턱뼈	1	100	1	0	0	0
모	모	1	100	1	0	0	0
거미	거미	1	100	1	0	0	0
꼬꼬알	꼬꼬알	0	100000	0	0	0	0
블루하콘의무기	블루하콘의무기	1	100	1	0	0	0
스틸피아	스틸피아	1	100	1	0	0	0
비금속가공책	비금속가공책	0	25000	0	0	0	0
얼굴성형14	여우눈얼굴성형	0	100	1	1	1	0
길드배틀경계몹	길드배틀경계몹	1	100000	1	0	0	0
어설픈투핸드가이아두스풍 30	어설픈투핸드가이아두스풍	0	10000	1	0	0	0
로톤축제용의상	로톤축제용의상	0	1000	1	0	0	0
일비늘	일비늘	1	100	1	0	0	0
어설픈밀레스키톤풍 30	어설픈밀레스키톤풍	0	10000	1	0	0	0
세르네아스의깃털	세르네아스의깃털	2	1000000	1	0	0	0
흑태극현(여)조합서	흑태극현(여)조합서	0	100000	1	0	0	0
A급블랙염색약	퓨어블랙염색약	0	500000	1	1	1	0
레드굴이동스크롤	레드굴이동스크롤	0	25000	1	0	0	0
필루룸	필루룸	1	100000	1	0	0	0
엠블럼42	어둠사랑엠블럼	1	100	0	0	0	0
무지개상자(1일)	무지개상자(1일)	0	200	1	1	1	0
염색연장캡슐(7일)	염색연장캡슐(7일)	0	20	1	1	1	0
세오100년폭죽	세오100년폭죽	1	500	1	0	0	0
엠블럼175	랭커엠블럼4	0	100	1	1	1	0
서뤼케시온리콜	서뤼케시온리콜	1	1000	1	0	0	0
어설픈스페셜염색약22 15	어설픈스페셜염색약22	0	10000	1	0	0	0
사마귀	사마귀	1	100	1	0	0	0
스승의날카네이션	스승의날카네이션	1	10000	1	0	0	0
열쇠1	회색열쇠	500	100	1	0	0	0
어설픈밀레스카스뮴플레이트수 30	어설픈밀레스카스뮴플레이트수	0	10000	1	0	0	0
흰색염색약	흰색염색약	0	500000	1	1	1	0
안크뼈5	안크본의뿔	500	100	1	0	0	0
주석	주석	0	25000	1	0	0	0
돌친선물상자	돌친선물상자	0	50000	0	0	0	0
고대의흙판조각1	고대의흙판조각1	1	100000	1	0	0	0
화론촌장손녀의편지	화론촌장손녀의편지	1	1000000	0	0	0	0
초코렛	초코렛	1	100	1	0	0	0
어설픈뤼케시온선풍도복 30	어설픈뤼케시온선풍도복	0	10000	1	0	0	0
얼굴염색9	악마얼굴페인팅쿠폰	0	100	1	1	1	0
푸석한인형	푸석한인형	0	1	1	0	0	0
몬스터소환상자	몬스터소환상자	0	1	1	1	1	0
어설픈노랑두건 30	어설픈노랑두건	0	10000	1	0	0	0
낡은선물상자	낡은선물상자	1	100	1	0	0	0
루딘의부러진칼조각	루딘의부러진칼조각	1	1000	1	0	0	0
엠블럼57	어둠사랑엠블럼	1	100	0	0	0	0
낚시입문서	낚시입문서	0	2000	1	0	0	0
녹색실	녹색실	1	5000	1	0	0	0
어설픈매직마르시아 30	어설픈매직마르시아	0	10000	1	0	0	0
용가리통뼈	용가리통뼈	1	100	1	0	0	0
승급12	볏단	1	100	1	0	0	0
뮬칸의선물	뮤레칸의선물	0	100000	0	0	0	0
왕지렁이	떡밥	1	10000	1	0	1	0
어설픈수오미엘레맨틀풍 30	어설픈수오미엘레맨틀풍	0	10000	1	0	0	0
라운그린염색약	라운그린염색약	0	500000	1	1	1	0
[15주년]축복의물약	[15주년]축복의물약	0	1	0	0	0	0
GM의물약	GM의물약	0	100000	0	0	0	0
MP보너스캅셀	MP보너스캅셀	1	2000	0	0	0	0
케라코라가시	케라코라가시	0	1000	1	0	0	0
몬스터소환비서:레드뉴트	몬스터소환비서:드래곤뉴트	0	1	1	1	1	0
영자꺼1	바보몬스터지우기	1	10	0	0	0	0
물의신전열쇠	물의신전열쇠	1	12000	1	0	0	0
디바인마크	디바인마크	1	100	1	0	0	0
썩은 토마토	썩은 토마토	1	200	1	0	0	0
원한의에센스	원한의에센스	1	100	1	0	0	0
이아의가호(SLev2)	이아의가호(SLev2)	0	100000	1	0	0	0
어설픈로오의동각반 30	어설픈로오의동각반	0	10000	1	0	0	0
고디바초코렛	고디바초코렛	1	800	1	0	0	0
어설픈풀플레이트투구화 40	어설픈풀플레이트투구화	0	10000	1	0	0	0
어설픈대지의루나사벨트 5	어설픈대지의루나사벨트	0	10000	1	0	0	0
커스프람베르그조합서	커스프람베르그조합서	0	25000	1	0	0	0
엠블럼71	어둠사랑엠블럼	1	100	0	0	0	0
실지렁이	실지렁이	1	10000	1	0	0	0
화이트스페어	화이트스페어	2	100000	1	0	0	0
탱크여1변신	캐터캐논변신주문서(여)	0	100	1	1	1	0
어설픈새끈한부츠 30	어설픈새끈한부츠	0	10000	1	0	0	0
여의주5	여의주5	1	100	1	0	0	0
바다의피스	바다의피스	1	100000	1	0	0	0
이아의가호(Lev1)	이아의가호(Lev1)	1	100000	1	0	0	0
해저의펜던트	해저의펜던트	1	100	1	0	0	0
피에트의정수	피에트의정수	0	1	1	0	0	0
보석19	보석19	1	100	1	0	0	0
철제만능열쇠묶음	철제만능열쇠묶음	1	100	1	0	0	0
레인헌트각반(봉인)	레인헌트각반(봉인)	1	100	1	0	0	0
흑비화무갑주(남)조합서	흑비화무갑주(남)조합서	0	100000	1	0	0	0
스크롤(렌토)	스크롤(렌토)	1	1000	1	0	0	0
어설픈루어스풀플레이트화 30	어설픈루어스풀플레이트화	0	10000	1	0	0	0
드라코의눈	드라코의눈	1	100000	1	0	0	0
네잎클로버	네잎클로버	1	1000	1	0	0	0
화산5변신	링변신주문서	0	100	1	1	1	0
C구역의기계파편	C구역의기계파편	0	100	0	0	0	0
고대유물	고대유물	1	2000	1	0	0	0
어설픈메투스의레더글러브 30	어설픈메투스의레더글러브	0	10000	1	0	0	0
옷조각16	옷조각16	1	100	1	0	0	0
오후9시표	오후9시표	1	10000	1	0	0	0
용왕의선물	용왕의선물	0	10	1	0	0	0
대평원마법의열쇠	대평원마법의열쇠	0	1	1	0	0	0
라이트닝트랩기술서	라이트닝트랩기술서	1	100000	1	0	0	0
박스16	오래된박스	1	15000	1	0	0	0
비커4	비커4	1	100	1	0	0	0
버섯용화분	버섯용화분	1	100	1	0	0	0
크림슨염색약	크림슨염색약	0	500000	1	1	1	0
팀배참가증19	팀배참가증19	1	100	1	0	0	0
도이치맥주	도이치맥주	1	500	1	0	0	0
엠블럼84	어둠사랑엠블럼	1	100	0	0	0	0
카벙클의꼬리	카벙클의꼬리	1	1000000	1	0	0	0
어설픈뤼케시온로럼수 30	어설픈뤼케시온로럼수	0	10000	1	0	0	0
도깨비불99변신	도깨비불99	0	100	1	0	0	0
프랑스베팅티켓	프랑스베팅티켓	0	10	1	0	0	0
어설픈나겔링파워 2	어설픈나겔링파워	0	10000	1	0	0	0
양말6	크리스마스양말	1	15000	1	0	0	0
가방기간연장(장기)	가방기간연장(장기)	0	10	1	0	0	0
어설픈루어스코르스토 30	어설픈루어스코르스토	0	10000	1	0	0	0
어설픈수오미카스뮴플레이트수 30	어설픈수오미카스뮴플레이트수	0	10000	1	0	0	0
어설픈하늘색부츠 30	어설픈하늘색부츠	0	10000	1	0	0	0
어설픈암흑의시약 3	어설픈암흑의시약	0	10000	1	0	0	0
남색만전칩	남색만전칩	1	10000	1	0	0	0
브론즈굴저장티켓	브론즈굴저장티켓	0	10	1	0	0	0
크리스마스리스	크리스마스리스	1	10000	1	0	0	0
배움의서8	포장된배움의서+8	0	3000000	1	1	1	0
눈의결정	눈의결정	0	10	1	0	0	0
남색염색제	남색염색제	0	20000	1	0	0	0
옷조각1	옷조각1	1	100	1	0	0	0
청색비단	청색비단	1	1000	1	0	0	0
맛있는케익	맛있는케익	1	10000	1	0	0	0
해그리드의주머니	해그리드의주머니	0	1	1	1	1	0
팀배참가증4	팀배참가증4	1	100	1	0	0	0
어설픈바다의벽옥목걸이 30	어설픈바다의벽옥목걸이	0	10000	1	0	0	0
어설픈밀레스엘레맨틀화 30	어설픈밀레스엘레맨틀화	0	10000	1	0	0	0
무기구단련책	무기구단련책	0	25000	0	0	0	0
어설픈메투스의신발 30	어설픈메투스의신발	0	10000	1	0	0	0
빨강오만전칩	빨강오만전칩	1	50000	1	0	0	0
곤충19	곤충	1	100	1	0	0	0
E구역동력포션	E구역동력포션	0	50000	0	0	0	0
얼굴성형18	여자발그레얼굴성형	0	100	1	1	1	0
엠블럼97	천하제일무한대전4위	1	100	0	0	0	0
세오업키트세트A	세오업키트세트(Lev1)	0	100000	1	0	0	0
인괘	인괘	0	1000	0	0	0	0
알수없는블레이드	알수없는블레이드	11	12000	1	0	0	0
상점(노점)	상점(노점)	0	510000	1	0	0	0
빨강폭죽I	빨강폭죽I	1	500	1	0	0	0
코리도라스	코리도라스	0	0	1	0	0	0
스페셜염색약4	스페셜염색약	0	500000	1	1	1	0
레드하이토닉	레드하이토닉	1	700000	1	0	0	0
[AB]특급추출기	[AB]특급추출기	0	0	0	0	0	1
책4	책4	1	100	1	0	0	0
블랙오피온의수염	블랙오피온의수염	1	100	1	0	0	0
퓨어레드염색제	퓨어레드염색제	0	20000	1	0	0	0
리타의소포	리타의소포	0	5000	1	1	0	0
일일출석상자	일일출석상자	0	2000	0	0	0	0
저격기술서	저격기술서	1	100000	1	0	0	0
화분2	화분	1	15000	1	0	0	0
어설픈레드자스퍼 30	어설픈레드자스퍼	0	10000	1	0	0	0
변신스크롤(맨티스)	변신스크롤(맨티스)	0	100000	1	0	0	0
동물가방랜덤상자	가방선물상자	0	10	1	1	1	0
곤충3	곤충	1	100	1	0	0	0
어설픈수오미키톤풍 30	어설픈수오미키톤풍	0	10000	1	0	0	0
화룡의인장기술서	화룡의인장기술서	1	100000	1	0	0	0
그린메가토닉	그린메가토닉	1	700000	1	0	0	0
어설픈스페셜염색약7 15	어설픈스페셜염색약7	0	10000	1	0	0	0
노랑버섯	노랑버섯	1	3000	1	0	0	0
검정레이스밴드-여성헤어	검은머리띠-여성헤어	0	10	1	1	1	0
청록십만전칩	청록십만전칩	1	100000	1	0	0	0
행복한조합서(3써클)	행복한동장갑조합서	0	100000	1	0	0	0
엠블럼110	어둠사랑엠블럼	1	100	0	0	0	0
진분홍색염색제	진분홍색염색제	0	200	1	1	1	0
산타의선물쿠폰	산타의선물쿠폰	0	1	1	0	0	0
가디언소환스크롤13	방어형가디언소환스크롤	1	10	0	0	0	0
서밀레스리콜	서밀레스리콜	1	1000	1	0	0	0
C급옐로우염색약	올리브옐로우염색약	0	500000	1	0	1	0
적태극의(여)조합서	적태극의(여)조합서	0	100000	1	0	0	0
어설픈루어스위저드로브 30	어설픈루어스위저드로브	0	10000	1	0	0	0
