흑비현진의(남)조합서	흑비현진의(남)조합서	0	100000	1	0	0	0
팀배참가증30	팀배참가증30	1	100	1	0	0	0
엠블럼40	어둠사랑엠블럼	1	100	0	0	0	0
회중시계	회중시계	1	10	1	0	0	0
어설픈세토아의신발 30	어설픈세토아의신발	0	10000	1	0	0	0
왕벌꿀	왕벌꿀	1	1000	1	0	0	0
보석30	보석30	1	100	1	0	0	0
브릴윙아머(봉인)	브릴윙아머(봉인)	1	100	1	0	0	0
안의정교한만능열쇠	안의정교한만능열쇠	0	1	1	0	0	0
엠블럼173	랭커엠블럼2	0	100	1	1	1	0
혼돈의탑증표	혼돈의탑증표	0	20000	0	0	0	0
디소루뭄	디소루뭄	1	1000	1	0	0	0
골드시클리드	골드시클리드	1	1000	1	0	0	0
문스톤	문스톤	1	2000000	1	0	0	0
폭탄2	폭탄2	1	200	1	0	0	0
곤충16	곤충	1	100	1	0	0	0
요정의구슬	요정의구슬	0	100000	0	0	0	0
텔리포트의깃털(15일)	텔리포트의깃털(15일)	0	20	0	0	0	0
얼굴염색7	창백한얼굴페인팅쿠폰	0	100	1	1	1	0
생선구이	생선구이	1	1500	1	0	0	0
몬스터소환비서:블루초11	몬스터소환비서:드래곤뉴트	0	1	1	1	1	0
어설픈청회색부츠 30	어설픈청회색부츠	0	10000	1	0	0	0
채집용꿀	채집용꿀	1	100	1	1	1	0
암흑의돌	암흑의돌	1	10000	1	0	0	0
양손공격기술서	양손공격기술서	1	100000	1	0	0	0
엠블럼55	어둠사랑엠블럼	1	100	0	0	0	0
어설픈루비 30	어설픈루비	0	10000	1	0	0	0
어설픈뤼케시온위저드로브토 30	어설픈뤼케시온위저드로브토	0	10000	1	0	0	0
가죽조각	가죽조각	1	100	1	0	0	0
어설픈수오미키톤 30	어설픈수오미키톤	0	10000	1	0	0	0
어설픈스페셜염색약4 15	어설픈스페셜염색약4	0	10000	1	0	0	0
가디언소환스크롤9	방어형가디언소환스크롤	1	10	0	0	0	0
산타의지팡이	산타의지팡이	0	100000	0	0	0	0
은전	은전	1	100	1	0	0	0
카운터마법서	카운터마법서	1	100000	1	0	0	0
A급브라운염색약	로지브라운염색약	0	500000	1	1	1	0
물	물	1	100	1	0	0	0
확인서3	확인서	1	1000000	0	0	0	0
해괴한도자기	해괴한도자기	0	1	1	0	0	0
세토아의가호(SS)	세토아의가호(SS)	0	100000	1	0	0	0
어설픈뤼케시온스톨라 30	어설픈뤼케시온스톨라	0	10000	1	0	0	0
황동만능열쇠	황동만능열쇠	9	100	0	0	0	0
여성용메뉴얼	여성용메뉴얼	1	100	1	0	0	0
칼룸텔트	칼룸텔트	1	100000	1	0	0	0
블랙최종보스0변신	아이언카이사르변신주문서	0	100	1	1	1	0
[E]경험치조각	[E]경험치조각	0	0	0	0	0	0
세토아의가호(Lev1)	세토아의가호(Lev1)	1	100000	1	0	0	0
머쳔다이즈의시약	머쳔다이즈의시약	1	200000	1	0	0	0
엠블럼69	어둠사랑엠블럼	1	100	0	0	0	0
진배움의서1	배움의서+1	0	3000000	1	1	0	0
포테의숲지역프레임	포테의숲지역프레임	0	25000	1	0	0	0
스페셜염색약17	스페셜염색약	0	500000	1	1	1	0
마법사열쇠	마법사열쇠	1	100	0	0	0	0
어설픈셔스의산호반지 30	어설픈셔스의산호반지	0	10000	1	0	0	0
드라코눈알	드라코눈알	1	100	1	0	0	0
마쉬롬	마쉬롬	1	100000	1	0	0	0
어설픈이아의마그마부츠 30	어설픈이아의마그마부츠	0	10000	1	0	0	0
보석알[에메랄드]	보석알[에메랄드]	0	5000000	1	0	0	0
어설픈루어스풍전도복토 30	어설픈루어스풍전도복토	0	10000	1	0	0	0
전100	세오100년 전	0	1	1	0	0	0
흑룡의그림	2012호랑이그림	0	1	0	0	0	0
스켈톤의뼈	스켈톤의뼈	1	100000	1	0	0	0
동상	동상	1	100000	1	0	0	0
과일술	과일술	1	1250	1	0	0	0
어설픈투핸드가이아두스수 30	어설픈투핸드가이아두스수	0	10000	1	0	0	0
뮤레칸의피리	뮤레칸의피리	0	10	1	0	0	0
은빛늑대의가죽	은빛늑대의가죽	1	10000	1	0	0	0
청룡의통행증	청룡의통행증	1	1000000	1	0	0	0
승급옷리폼키트	승급옷리폼키트	0	200	1	1	1	0
야생화	야생화	1	100	1	0	0	0
적비화후의(여)조합서	적비화후의(여)조합서	0	100000	1	0	0	0
패치씨앗6	패치씨앗2	1	10	0	0	0	0
성직자성석	성직자성석	1	100000	1	0	0	0
어설픈밀레스키톤수 30	어설픈밀레스키톤수	0	10000	1	0	0	0
빵	빵	1	30	1	0	0	0
독나방	독나방	1	100	1	0	0	0
D급레드염색약	올드로즈염색약	0	500000	1	1	1	0
리타의목걸이	리타의목걸이	1	100	1	0	0	0
스위스베팅티켓	스위스베팅티켓	0	10	1	0	0	0
켄토라우스의침	켄토라우스의침	2	1000000	1	0	0	0
인증쿠폰	인증쿠폰	1	100	1	0	0	0
큐레스조각	큐레스타조각	0	1	1	0	0	0
엠블럼82	어둠사랑엠블럼	1	100	0	0	0	0
걸	걸	1	100	1	0	0	0
광부좀비53변신	광부좀비53	0	100	1	0	0	0
레드굴저장티켓	레드굴저장티켓	0	10	1	0	0	0
수상한버섯	수상한버섯	1	20000	1	0	0	0
무한의수상한버섯	무한의수상한버섯	1	20000	1	0	0	0
매직아룬다이트조합서	매직아룬다이트조합서	0	25000	1	0	0	0
어설픈루어스카스뮴플레이트화 30	어설픈루어스카스뮴플레이트화	0	10000	1	0	0	0
어설픈스페셜염색약20 15	어설픈스페셜염색약20	0	10000	1	0	0	0
생명의물C	생명의물C	1	1000	1	0	0	0
노랑실	노랑실	1	5000	1	0	0	0
목도리염료(A)	목도리염료(A)	0	25000	1	0	0	0
배움의서6	포장된배움의서+6	0	3000000	1	1	1	0
알수없는염색약8	알수없는염색약	0	500000	1	1	1	0
무지개보석	무지개보석	1	100000	1	0	0	0
설15	[15주년]설	0	1	0	0	0	0
루칸의모자	루칸의모자	0	1000	1	0	0	0
갈색염색제	갈색염색제	0	20000	1	0	0	0
C구역동력포션	C구역동력포션	0	50000	0	0	0	0
어설픈수오미선풍도복풍 30	어설픈수오미선풍도복풍	0	10000	1	0	0	0
이아업키트세트A	이아업키트세트(Lev1)	0	100000	1	0	0	0
베레스의발톱	베레스의발톱	1	100	1	0	0	0
찢어진책장2	페이지	500	100	1	0	0	0
안크뼈3	안크본의앞발	500	100	1	0	0	0
고르데아의허리띠	고르데아의허리띠	2	1000000	1	0	0	0
모카맛사탕	모카맛사탕	0	100000	0	0	0	0
장미꽃바구니	장미꽃바구니	1	50000	1	0	0	0
오래된 빵	오래된 빵	1	50	1	0	0	0
염색약제조책	염색약제조책	0	25000	0	0	0	0
엠블럼95	천하제일무한대전6위	1	100	0	0	0	0
박스14	오래된박스	1	15000	1	0	0	0
어설픈수오미엘레맨틀수 30	어설픈수오미엘레맨틀수	0	10000	1	0	0	0
양말4	크리스마스양말	1	15000	1	0	0	0
펫업그레이드키트	펫업그레이드키트	0	0	1	1	1	0
어설픈매직가이아 40	어설픈매직가이아	0	10000	1	0	0	0
동밀레스리콜	동밀레스리콜	1	1000	1	0	0	0
엉망진창페인팅쿠폰	엉망진창페인팅쿠폰	0	100	1	0	0	0
포테정령의하얀뿔	포테정령의하얀뿔	0	1	1	0	0	0
라운그린염색제	라운그린염색제	0	20000	1	0	0	0
오래된도면	오래된도면	1	1000	1	0	0	0
변신스크롤(레드하콘)	변신스크롤(레드하콘)	0	100000	1	0	0	0
옆묶음웨이브-여성헤어	옆묶음웨이브-여성헤어	0	10	1	1	1	0
전갈꼬리	전갈꼬리	1	100	1	0	0	0
보리단	보리단	1	100	1	0	0	0
A구역의기계파편	A구역의기계파편	0	100	0	0	0	0
일회용히야트탐험허가권	일회용히야트탐험허가권	0	100	1	1	1	0
석탄	석탄	1	200	1	0	0	0
평양만두	평양만두	0	10000	0	0	0	0
여관길드연하장	여관길드연하장	0	1	1	0	0	0
보물상자열쇠	보물상자열쇠	1	12000	0	0	0	0
병술년떡국	병술년떡국	1	1000	1	0	0	0
검은머리털묶음	검은머리털묶음	1	100	1	0	0	0
가디언소환스크롤11	마법공격형가디언소환스크롤	1	10	0	0	0	0
추석보따리C	추석보따리C	0	100	1	0	0	0
몬스터소환비서:오렌보스5	몬스터소환비서:라미아	0	1	1	1	1	0
어설픈세토아의동각반 30	어설픈세토아의동각반	0	10000	1	0	0	0
어설픈풀플레이트투구토 40	어설픈풀플레이트투구토	0	10000	1	0	0	0
어설픈화염의루나사벨트 5	어설픈화염의루나사벨트	0	10000	1	0	0	0
연보라색염색제	연보라색염색제	0	200	1	1	1	0
다크클레릭의책	다크클레릭의책	0	1	1	0	0	0
적비현진건(남)조합서	적비현진건(남)조합서	0	100000	1	0	0	0
엠블럼108	어둠사랑엠블럼	1	100	0	0	0	0
어설픈강철의잼스톤목걸이 30	어설픈강철의잼스톤목걸이	0	10000	1	0	0	0
빨강만전칩	빨강만전칩	1	10000	1	0	0	0
남색버섯	남색버섯	1	3000	1	0	0	0
상점(간이상점)	상점(간이상점)	0	10000000	1	0	0	0
자괘	자괘	0	1000	0	0	0	0
스테이크용고기	스테이크용고기	1	1000	1	0	0	0
어설픈루어스풀플레이트토 30	어설픈루어스풀플레이트토	0	10000	1	0	0	0
블랙스페어	블랙스페어	2	100000	1	0	0	0
브릴윙팔찌(봉인)	브릴윙팔찌(봉인)	1	100	1	0	0	0
광산저장스크롤	광산저장스크롤	0	25000	1	0	0	0
청동만능열쇠묶음	청동만능열쇠묶음	1	100	1	0	0	0
여의주4	여의주4	1	100	1	0	0	0
관리자	관리자	0	0	0	0	0	0
개먹이	개먹이	1	10	1	0	0	0
방망이세트1	도깨비방망이세트	0	10	0	0	1	0
도우미증	도우미증	1	100	0	0	0	0
보석17	보석17	1	100	1	0	0	0
박스9	오래된박스	1	15000	1	0	0	0
어설픈이아의레더글러브 30	어설픈이아의레더글러브	0	10000	1	0	0	0
바늘	바늘	1	100000	1	0	0	0
몬스터소환비서:AS-A쉘드앤트6	몬스터소환비서:AS-A쉘드앤트	0	1	1	1	1	0
토닉	토닉	1	700000	1	0	0	0
폐	폐	1	10	1	0	0	0
칸의눈동자기술서	칸의눈동자기술서	1	100000	1	0	0	0
엠블럼121	어둠사랑엠블럼	1	100	0	0	0	0
아이스그린염색약	아이스그린염색약	0	500000	1	1	1	0
아이스블루염색제	아이스블루염색제	0	20000	1	0	0	0
텔깃(운영자)	텔리포트의깃털	0	30	1	1	1	0
오후5시표	오후5시표	1	10000	1	0	0	0
해안던젼이동티켓	해안던젼이동티켓	0	10	1	0	0	0
변환키트-캐시의상	변환키트-캐시의상	0	20	1	1	1	0
옷조각14	옷조각14	1	100	1	0	0	0
어설픈수오미로럼화 30	어설픈수오미로럼화	0	10000	1	0	0	0
팀배참가증17	팀배참가증17	1	100	1	0	0	0
보석11	보석11	1	100	1	0	0	0
어설픈밀레스선풍도복화 30	어설픈밀레스선풍도복화	0	10000	1	0	0	0
어설픈루어스코르스 30	어설픈루어스코르스	0	10000	1	0	0	0
향단헤어스타일	향단헤어스타일	0	10	1	1	1	0
염료	염료	1	100	1	0	0	0
러스터데몬의꼬리	러스터데몬의꼬리	2	1000000	1	0	0	0
잘찍히는포크	잘찍히는포크	1	5000	1	0	0	0
어설픈청보라색부츠 30	어설픈청보라색부츠	0	10000	1	0	0	0
놀이동산입장권	놀이동산입장권	1	200	1	0	0	0
어떤엘프의회고록	어떤엘프의회고록	0	10000	0	0	0	0
어설픈스컬나이트방패 1	어설픈스컬나이트방패	0	10000	1	0	0	0
엠블럼37	어둠사랑엠블럼(C)	1	100	0	0	0	0
어설픈대지의벽옥목걸이 30	어설픈대지의벽옥목걸이	0	10000	1	0	0	0
어설픈여의주 1	어설픈여의주	0	10000	1	0	0	0
진갈색염색제	진갈색염색제	0	200	1	1	1	0
녹색오만전칩	녹색오만전칩	1	50000	1	0	0	0
어설픈밀레스엘레맨틀토 30	어설픈밀레스엘레맨틀토	0	10000	1	0	0	0
팀배참가증31	팀배참가증31	1	100	1	0	0	0
엠플럼159	루딘보상엠블럼	0	100	0	0	0	0
트라멜의일기장2	트라멜의일기장2	0	20000	1	0	0	0
변신스크롤(포오와)	변신스크롤(포오와)	0	100000	1	0	0	0
보석31	보석31	1	100	1	0	0	0
엠블럼134	어둠사랑엠블럼	1	100	0	0	0	0
어설픈이아의신발 30	어설픈이아의신발	0	10000	1	0	0	0
엠블럼179	세오100년엠블럼	0	100	0	0	0	0
흑태극현(남)조합서	흑태극현(남)조합서	0	100000	1	0	0	0
가디언소환스크롤23	마법공격형가디언소환스크롤	1	10	0	0	0	0
빨강폭죽G	빨강폭죽G	1	500	1	0	0	0
곤충17	곤충	1	100	1	0	0	0
큐티핀업-여성헤어	큐티핀업-여성헤어	0	10	1	1	1	0
엠블럼26	어둠사랑엠블럼	1	100	0	0	0	0
텔리포트의깃털	텔리포트의깃털	0	30	1	1	1	0
바닐라풀	바닐라풀	1	10	1	0	0	0
아프리코트	아프리코트	1	15000	1	0	0	0
엠블럼151	날개무늬장식(우)	0	100	1	1	1	0
태양의돌	태양의돌	1	10000	1	0	0	0
로즈마리의소포	로즈마리의소포	0	5000	1	1	0	0
루비	루비	1	100000	1	0	0	0
어설픈사파이어 30	어설픈사파이어	0	10000	1	0	0	0
연주공격기술서	연주공격기술서	1	100000	1	0	0	0
푸른색의깃털	푸른색의깃털	1	2000	1	0	0	0
하얀색의깃털	하얀색의깃털	1	2000	1	0	0	0
일루메눔	일루메눔	1	1000	1	0	0	0
어설픈수오미키톤수 30	어설픈수오미키톤수	0	10000	1	0	0	0
드럼통	드럼통	1	100	1	0	0	0
어설픈스페셜염색약5 15	어설픈스페셜염색약5	0	10000	1	0	0	0
어설픈뤼케시온위저드로브풍 30	어설픈뤼케시온위저드로브풍	0	10000	1	0	0	0
얼굴성형13	애니얼굴-Ver2	0	100	1	1	1	0
화이라마법서	화이라마법서	1	100000	1	0	0	0
어버이날카네이션	어버이날카네이션	1	10000	1	0	0	0
곤충1	곤충	1	100	1	0	0	0
C급레드염색약	오리엔탈레드염색약	0	500000	1	0	1	0
대왕의초대장	대왕의초대장	0	10	1	0	0	0
뤼케시온리콜	뤼케시온리콜	1	1000	1	0	0	0
금속제련책	금속제련책	0	25000	0	0	0	0
가방기간연장권(1일)	가방기간연장권(1일)	1	10	1	0	0	0
염색연장캡슐(1일)	염색연장캡슐(1일)	0	20	1	1	1	0
엠블럼41	어둠사랑엠블럼	1	100	0	0	0	0
갑옷직업변환키트	갑옷직업변환키트	0	20	1	1	1	0
동전	동전	1	1	1	0	0	0
스페셜염색약2	스페셜염색약	0	500000	1	1	1	0
확성기	확성기	0	10	1	1	1	0
대장장이망치	대장장이망치	9	100	0	0	0	0
꽃11	꽃	1	100	1	0	0	0
어설픈뤼케시온스톨라수 30	어설픈뤼케시온스톨라수	0	10000	1	0	0	0
엠블럼174	랭커엠블럼3	0	100	1	1	1	0
확인서4	확인서	1	1000000	0	0	0	0
진배움의서2	배움의서+2	0	3000000	1	1	1	0
해안던젼지역프레임	해안던젼지역프레임	0	25000	1	0	0	0
무도가열쇠	무도가열쇠	1	100	0	0	0	0
후치의술통	후치의술통	0	1	1	0	0	0
좀비살점	좀비살점	1	100	1	0	0	0
혼돈의탑증표S	혼돈의탑증표	0	20000	0	0	0	0
체리캔디	체리캔디	1	400	1	0	0	0
스페셜염색약18	스페셜염색약	0	500000	1	1	1	0
시원한물	시원한물	0	100	1	0	0	0
블루벨	블루벨	1	100000	1	0	0	0
경험치변환스크롤	경험치변환스크롤	0	1	1	1	1	0
어설픈세토아의사파이어반지 30	어설픈세토아의사파이어반지	0	10000	1	0	0	0
얼굴염색8	붉은색얼굴페인팅쿠폰	0	100	1	1	1	0
커스아룬다이트조합서	커스아룬다이트조합서	0	25000	1	0	0	0
어설픈로오의마그마부츠 30	어설픈로오의마그마부츠	0	10000	1	0	0	0
고렘의발톱	고렘의발톱	1	100000	1	0	0	0
어설픈루어스풍전도복풍 30	어설픈루어스풍전도복풍	0	10000	1	0	0	0
낚시퀘스트스크롤	낚시퀘스트스크롤	0	10000	0	0	0	0
[어설픈]원격수리비서	[어설픈]원격수리비서	0	0	1	0	1	0
엠블럼56	어둠사랑엠블럼	1	100	0	0	0	0
켈베로스털가죽	켈베로스털가죽	1	100	1	0	0	0
크라이릴	크라이릴	1	100000	1	0	0	0
몬스터소환비서:레드오피온1	몬스터소환비서:그랜드레드오피온	0	1	1	1	1	0
어설픈투핸드가이아두스토 30	어설픈투핸드가이아두스토	0	10000	1	0	0	0
레드하콘의다리	레드하콘의다리	1	100	1	0	0	0
흑비현진의(여)조합서	흑비현진의(여)조합서	0	100000	1	0	0	0
대공선전용대포소환서	대공선전용대포소환서	50	3000000	1	0	0	0
무도가성석	무도가성석	1	100000	1	0	0	0
노린재	노린재	1	100	1	0	0	0
이아의선물	이아의선물	0	100000	0	0	0	0
설100	세오100년 설	0	1	1	0	0	0
어설픈밀레스키톤토 30	어설픈밀레스키톤토	0	10000	1	0	0	0
윷	윷	1	100	1	0	0	0
HP보너스캅셀	HP보너스캅셀	1	2000	0	0	0	0
묘목	묘목	1	100	1	0	0	0
A급그린염색약	터콰이즈염색약	0	500000	1	1	1	0
루어스의쓰레기	루어스의쓰레기	0	100	0	0	0	0
그렘린귀	그렘린귀	1	100	1	0	0	0
켄토라우스의털	켄토라우스의털	2	1000000	1	0	0	0
주작의증명서1	주작의증명서	1	16000000	1	0	0	0
고기	고기	1	50	1	0	0	0
이아의가호(SLev1)	이아의가호(SLev1)	0	100000	1	0	0	0
어설픈스페셜염색약21 15	어설픈스페셜염색약21	0	10000	1	0	0	0
어설픈밀레스카스뮴플레이트 30	어설픈밀레스카스뮴플레이트	0	10000	1	0	0	0
탱크남1변신	캐터캐논변신주문서(남)	0	100	1	1	1	0
큐립스조각	큐립스조각	0	1	1	0	0	0
엠블럼70	어둠사랑엠블럼	1	100	0	0	0	0
알수없는염색약9	알수없는염색약	0	500000	1	1	1	0
세토아의가호(Lev2)	세토아의가호(Lev2)	1	100000	1	0	0	0
이벤트가호	이벤트가호	1	100000	1	0	0	0
찢어진책장3	페이지	500	100	1	0	0	0
스크롤(데프레코)	스크롤(데프레코)	1	2000	1	0	0	0
생명의물D	생명의물D	1	1000	1	0	0	0
안크뼈4	안크본의뒷발	500	100	1	0	0	0
베레스9	포보스의발톱	500	100	1	0	0	0
파란실	파란실	1	5000	1	0	0	0
어설픈수오미선풍도복화 30	어설픈수오미선풍도복화	0	10000	1	0	0	0
포보스의글러브	포보스의글러브	2	1000000	1	0	0	0
제브라브룬디	제브라브룬디	1	1100	1	0	0	0
와인꽃바구니	와인꽃바구니	1	70000	1	0	0	0
15주년	[15주년]15	0	1	0	0	0	0
어설픈하양두건 30	어설픈하양두건	0	10000	1	0	0	0
케라코라혀	케라코라혀	0	1000	1	0	0	0
어설픈홀리가이아 40	어설픈홀리가이아	0	10000	1	0	0	0
어설픈수오미엘레맨틀토 30	어설픈수오미엘레맨틀토	0	10000	1	0	0	0
마법의깃털펜	마법의깃털펜	0	10	1	0	0	0
다크터콰이즈염색약	다크터콰이즈염색약	0	500000	1	1	1	0
사슴뿔	사슴뿔	1	100	1	0	0	0
썩은야채	썩은야채	1	500	1	0	0	0
와인한잔	와인한잔	1	500	1	0	0	0
화분용물	화분용물	1	1000	1	0	0	0
