109	킨로이	1	3	
112	세바스찬	5	10	페이슨	5	8	피스러버	5	12	
115	슬레이터	8	1	지그프리트	11	4	스누피	13	3	조커	7	4	왈츠재상	4	4	
118	다드	5	4	
122	허드슨	5	4	
124	에스프리	2	5	
186	세토아	3	4	
211	칸	3	4	
212	로오	3	4	
213	세오	3	4	
288	도다리	2	2	
300	우라바	4	4	
345	성직자장	6	2	
346	도적장	6	2	
347	전사장	2	5	
348	무도가장	2	5	
349	배틀링도미	5	5	
378	제프	27	3	
379	경마도우미	17	17	
390	미용사에드벅	3	10	
393	선진	5	5		
394	선미	7	7	
398	마법사장	6	2	
402	란부	4	4	
418	배틀링도미	5	5	
425	지하묘지도우미	2	2	
426	피에트던젼도우미	3	21	
435	무치	4	4	
436	무시	4	4	
437	데이미	4	4	
438	델마	4	4	
439	캐슬롯	4	4	
440	캐넌	4	4	
506	배틀도우미	48	24	
507	밀레스배틀도미	44	12	밀레스배틀도미	12	44	밀레스배틀도미	44	44	밀레스배틀도미	12	12	
508	수오미동팀도미	44	12	수오미서팀도미	12	44	수오미남팀도미	44	44	수오미북팀도미	12	12	
509	루어스동팀도미	44	12	루어스서팀도미	12	44	루어스남팀도미	44	44	루어스북팀도미	12	12	
598	암흑성지점	26	18	
662	투르크	18	72	수행자	56	55	신권파기사	20	37	신권파기사	86	56	신권파기사	57	78	신권파기사	14	54	황권파기사	17	24	황권파기사	80	87	황권파기사	34	78	황권파기사	37	52	이벤트룸등록	42	16	
667	샤프	56	48	로지	42	53	모바일	41	49	길드성입장도우미	46	44	
910	지하도미	14	16	
991	백원만	9	4	
994	길레노아	2	7	세리카	8	2	시장도우미	12	2	
995	플로라	10	16	
996	라멜라	3	5	
997	아이템자동지급설정도우미	15	5	서플라네스	7	7	
1001	배틀도우미	3	15	
1002	배틀도우미	48	24	
1003	배틀도우미	4	23	
1016	포인티	8	3	포인티아	6	3	프레젠티아	2	3	
1201	빛의여신	24	26	
1202	칭호배틀관람퇴장	0	0	
1203	칭호배틀관람퇴장	0	0	
1204	칭호배틀관람퇴장	0	0	
1205	칭호배틀관람퇴장	0	0	
1206	칭호배틀관람퇴장	0	0	
1207	칭호배틀관람퇴장	0	0	
1208	칭호배틀관람퇴장	0	0	
1209	칭호배틀관람퇴장	0	0	
1210	칭호배틀관람퇴장	0	0	
1211	칭호배틀관람퇴장	0	0	
1212	칭호배틀관람퇴장	0	0	
1213	칭호배틀관람퇴장	0	0	
1214	칭호배틀관람퇴장	0	0	
1215	칭호배틀관람퇴장	0	0	
1216	칭호배틀관람퇴장	0	0	
1229	빛의여신	24	26	칭호배틀관람이동	24	25	
1240	수련장주인	3	7	
1241	기초수련	14	15	
1242	메뉴수련	7	7	
1243	상태수련	5	4	
1244	배틀수련	7	6	
1245	주인장	1	3	
1246	밭주인	7	7	
1248	문지기	9	3	
1301	   	2	2	
1540	에드	3	3	퇴장	7	18	
1965	리홀	3	3	
1966	길레노아	3	4	
1967	멀린	7	6	
1976	길레노아	3	4	
1977	멀린	7	6	
1990	타인	7	7	개조도우미	10	7	
1995	홀링	7	7	
1997	홀리데이	3	3	
1999	배틀도우미	27	13	
2015	리프트삼	10	6	
2016	리프트사	10	6	
2017	리프트오	10	6	
2052	적룡굴이동	4	5	백작부인별장입장	14	6	호러캐슬입장	14	12	킨에스린	25	10	
2141	링	92	22	
2151	링	92	22	
2152	링	92	22	
2153	링	92	22	
2221	디오	40	53	
2226	디바	25	19	
2231	디아	24	30	
2300	수오미지하묘지도우미	2	2	
2500	로톤지하묘지도우미	2	2	
2668	길드퇴장	18	14	
2801	방랑자	42	63	뤼케물고기	2	2	
2802	밀밭아줌마	9	3	
2804	닭장아줌마	12	3	
2805	샘의어머니	3	2	
2899	별장지기	26	29	
2900	슈와츠	14	12	
2938	별장퀘스트도우미	3	6	
2939	별장지킴이	9	10	
3017	디스	40	53	
3031	죽리	19	15	
3036	문짝	26	2	
3047	문짝	21	1	
3049	문짝	1	22	
3200	길드퇴장	36	57	
3207	길레노아	5	3	수리	5	15	루메스	14	3	
3208	길드퇴장	36	57	
3215	길드퇴장	36	57	
3222	길드퇴장	36	57	
3229	길드퇴장	36	57	
3243	길드성농부	43	26	검증자판기	39	20	
3244	루어스길드관리원	4	4	시입	8	1	서플라이	12	13	
3247	길레노아	5	3	수리	5	15	루메스	14	3	
3255	길드성농부	43	26	검증자판기	39	20	
3256	아벨길드관리원	4	4	시입	8	1	서플라이	12	13	
3259	길레노아	5	3	수리	5	15	루메스	14	3	
3267	길드성농부	43	26	검증자판기	39	20	
3268	수오미길드관리원	4	4	시입	8	1	서플라이	12	13	
3278	길레노아	5	3	수리	5	15	루메스	14	3	
3405	문짝	26	2	
3416	문짝	21	1	
3418	문짝	1	22	
3435	문짝	26	2	
3446	문짝	21	1	
3448	문짝	1	22	
3465	문짝	26	2	
3476	문짝	21	1	
3478	문짝	1	22	
3495	문짝	26	2	
3506	문짝	21	1	
3508	문짝	1	22	
3520	전승	5	3	
3521	도승	5	3	
3522	마승	5	3	
3523	성승	5	3	
3524	무승	5	3	
3530	승급세토아	6	4	
3531	승급셔스	6	4	
3532	승급로오	6	4	
3533	승급이아	6	4	
3534	승급메투스	6	4	
3535	전직세토아	6	4	
3536	전직셔스	6	4	
3537	전직로오	6	4	
3538	전직이아	6	4	
3539	전직메투스	6	4	
3608	사일러	11	9	
3634	스테일러	16	9	
3700	분수	49	59	서플라미	47	61	파워스톰	44	73	전사하벨	44	76	전사일형	44	81	타락천사	44	84	알테나	44	87	
3701	분수	7	21	
3704	아테메	13	13	
3771	OX도우미	8	18	OX도우미1	17	17	OX도우미2	18	8	
3772	길드퇴장	17	5	오리온	15	5	
3900	속성서적	22	14	상점서적	16	14	전설서적	10	14	신화서적	4	14	
3901	마법서적	6	15	기술서적	12	15	아이템서적	18	15	사냥서적	24	15	
3902	몬스터관일	23	17	몬스터관이	15	23	몬스터관삼	5	14	몬스터관사	23	9	몬스터관오	16	2	몬스터관육	11	14	몬스터관칠	8	14	몬스터관팔	23	13	
3903	역사관일	22	5	역사관이	20	12	역사관삼	15	12	역사관사	12	12	역사관오	12	15	역사관육	12	19	역사관칠	5	25	역사관팔	5	2	
3904	유물관일	27	20	유물관이	27	16	유물관삼	27	12	유물관사	27	8	유물관오	15	12	유물관육	27	4	유물관칠	5	25	유물관팔	9	25	유물관구	13	25	유물관십	5	9	유물관십일	9	9	유물관십이	13	9	
3905	인물관일	3	18	인물관이	13	6	인물관삼	3	4	인물관사	23	17	인물관오	3	12	인물관육	13	17	인물관칠	3	21	인물관팔	23	6	
3910	로날드	4	4	
3926	길드퇴장	19	11	
4000	길드퇴장	36	57	
4010	에드라	3	3	
4011	마가레타	2	2	
4012	루그	7	5	
4201	간수장	5	10	
4203	간수	22	6	
4218	홀리루딘길드관리원	4	4	시입	8	1	서플라이	12	13	
4219	길레노아	5	3	수리	5	15	루메스	14	3	
4227	길드성농부	43	26	검증자판기	39	20	
4228	뤼케시온길드관리원	4	4	시입	8	1	서플라이	12	13	
4231	길레노아	5	3	수리	5	15	루메스	14	3	
4239	길드성농부	43	26	검증자판기	39	20	
4240	밀레스길드관리원	4	4	시입	8	1	서플라이	12	13	
4243	길레노아	5	3	수리	5	15	루메스	14	3	
4251	길드성농부	43	26	검증자판기	39	20	
4252	연합길드관리원	4	4	시입	8	1	
4261	시종장	4	7	시퇴	11	1	
4262	시종장	4	7	시퇴	11	1	
4301	레드캠프탐사대장	17	16	
4411	브론즈캠프기사	32	28	브론즈캠프병사	28	33	
4500	 	11	9	
4600	써클전용던전방송	20	20	
4614	루레카	6	6	
4620	루니아	11	8	
4621	루니아	3	2	
4622	루니아	4	7	
4623	루니아	8	9	지엔	4	3	
4624	루니아	4	8	걸인	9	2	
4625	루니아	3	9	수련사범	8	10	피터	12	12	카알	12	10	루카	12	8	
4627	루카스	5	5	
4628	루니아	12	26	허수아비	16	34	허수아비	11	34	
4629	더글라스	8	8	
4630	수위	41	31	
4631	앤디	3	1	
4632	앤디	3	1	
4633	앤디	2	4	
4634	앤디	3	2	
4635	앤디	3	2	
4636	앤디	3	1	
4637	앤디	3	1	
4639	알프레드	6	9	
4640	대장장이	4	6		
4644	식당아줌마를 통해 기본적인 퀘스트진행에 대해 배워보자.	4	7	
4647	시험관	8	10	
4720	써클전용던전방송	20	20	
4732	써클전용던전방송	20	20	
4745	아벨던젼도우미	20	31	마리네	19	9	
4746	브라토	7	5	
4760	미레	7	5	
4773	마레	8	5	
5007	아레나심판	4	0	
5008	아레나심판	4	0	
5009	아레나심판	4	0	
5010	아레나심판	4	0	
5011	아레나심판	4	0	
5012	아레나심판	4	0	
5013	아레나심판	4	0	
5014	아레나심판	4	0	
5015	아레나심판	4	0	
5016	아레나심판	4	0	
5017	아레나심판	4	0	
5018	아레나심판	4	0	
5019	아레나심판	4	0	
5020	아레나심판	4	0	
5021	아레나심판	4	0	
5022	아레나심판	4	0	
5023	아레나심판	4	0	
5024	아레나심판	4	0	
5025	아레나심판	4	0	
5026	아레나심판	4	0	
5027	아레나심판	4	0	
5028	아레나심판	4	0	
5029	아레나심판	4	0	
5030	아레나심판	4	0	
5031	아레나심판	4	0	
5032	아레나심판	4	0	
5033	아레나심판	4	0	
5034	아레나심판	4	0	
5035	아레나심판	4	0	
5036	아레나심판	4	0	
5037	아레나입장	11	25	아레나안내	19	25	
5039	아레나심판	4	0	
5040	아레나심판	4	0	
5041	아레나심판	4	0	
5042	아레나심판	4	0	
5043	아레나심판	4	0	
5044	아레나심판	4	0	
5100	백작부인의전령	26	29	별장지점	32	27	
5300	혼돈의탑지존도우미	11	11	
5361	혼돈의탑승급도우미	11	11	
5400	이아	7	2	
5401	이아	7	2	
5402	이아	7	2	
5403	이아	7	2	
5404	이아	7	2	
5405	이아	7	2	
5406	이아	7	2	
5407	이아	7	2	
5408	이아	7	2	
5409	이아	7	2	
5410	이아	7	2	
5411	거지	9	6	튜토리얼퇴장	14	5	
5412	도사	11	6	세토아신상	6	15	셔스신상	6	13	로오신상	6	11	이아신상	6	9	메투스신상	6	7	튜토리얼퇴장	15	8	
5413	사범	8	10	수련생	16	8	수련생	16	11	튜토리얼퇴장	8	3	
5414	농부	13	20	허수아비	11	22	튜토리얼퇴장	21	19	
5415	뉴비걸	2	5	뉴비보이	4	3	
5500	이벤트룸관리	3	4	
5501	이벤트룸관리	3	4	
6228	오렌항구선원	58	174	오렌기사	52	166	오렌기사일	86	94	오렌기사이	33	99	오렌기사삼	51	56	오렌방송국	51	54	
6400	샤론	12	4	
6500	오렌마을주민	11	3	오렌마을주민	23	10	
6501	오렌마을주민	11	3	오렌마을주민	23	10	
6502	오렌마을아줌마	3	5	
6509	오렌마을주민	3	5	
6512	오렌국왕	7	2	
6513	허드슨	3	4	파울	7	2	
6516	아줌마	1	12	멀린	1	6	
6518	아줌마	11	2	로레타	3	8	
6520	길레노아	2	7	
6521	아줌마	12	2	레나	3	5	
6524	아줌마	7	9	마르가리타	2	4	
6526	뒷카프리오	29	32	
6533	묘실라미아	33	44	
6591	묘실정리	1	33	
6592	묘실정리	33	1	
6593	묘실정리	1	8	
6594	묘실정리	8	1	
6595	로스트	3	26	
6596	로스트	3	26	
6597	로스트	3	36	
6598	로스트	3	36	
6599	로스트	3	36	
6600	오렌기사이	6	17	
6621	프레드	3	11	
6622	피엘	3	5	
6624	오렌기사이	6	17	
6700	멜로린	40	34	마라메	21	50	듀크투	33	28	초비	26	28	
6716	델란	3	7	드보이	7	2	
6718	노베스	5	3	바르쿠스	3	13	
6719	데포이	14	7	프리크	14	13	
6721	메넘할머니	2	14	허즈	5	2	
6723	직업도우미	6	3	
6724	아나크	25	15	
6735	아나크	25	15	
6746	애나크	25	15	
6757	룸바호선원	28	13	
6758	귀화한해적	24	12	
6759	룸바	3	5	
6760	문지기선원	17	3	여행중인은행장	5	3	
6800	광부	16	10	
6806	유폐왕	6	2	
6807	호러상품지급	5	5	
6823	선물의방도우미	2	1	
6900	서바이벌퇴장	10	9	
6901	서바이벌퇴장	10	9	
6902	서바이벌퇴장	10	9	
6903	서바이벌퇴장	10	9	
6904	서바이벌퇴장	10	9	
6967	아이리스	11	5	
6998	폭리	4	10	
6999	돌고래	13	3	돌고래다	24	3	
7000	죽리	16	9	
7012	화염의기둥	15	24	대지의기둥	24	15	바람의기둥	24	24	바다의기둥	15	15	
7050	크리스마스트리	15	15	승급산타이동	26	14	
7051	크리스마스요정1	6	3	크리스마스요정2	4	6	크리스마스요정3	4	4	
7052	산타클로스	5	3	
7053	크리스마스요정4	4	5	크리스마스요정5	9	2	크리스마스요정	4	2	
7054	루돌프1	2	2	루돌프2	14	2	
7055	리프트도우미	2	1	
7108	봉인수호자	7	5	
7110	사진사	20	20	팜팻잡기입장도우미	17	32	스피크입장도우미	17	45	폭탄빵입장도우미	46	18	달리기입장도우미	33	18	아이템먹기입장도우미	60	32	터틀레이싱입장도우미	60	45	엔도르개미몰기입장도우미	34	59	놀이동산도우미	40	39	점술사1	27	27	점술사2	52	50	펀치볼입장도우미1	52	58	펀치볼입장도우미2	57	58	펀치볼입장도우미3	62	58	
7111	놀이동산도우미	40	39	낚시도우미	15	7	길드배틀	37	52	
7120	팜팻잡기대기실도우미	2	2	
7122	스피크대기실도우미	2	2	
7124	달리기대기실도우미	2	2	
7126	아이템먹기대기실도우미	2	2	
7128	폭탄빵대기실도우미	2	2	
7130	터틀레이싱대기실도우미	2	2	
7132	찍기게임대기실도우미	2	2	
7136	엔도르개미몰기대기실도우미	2	2	
7200	에듀프	15	14	놀이동산입장도우미	15	12	OX입장도우미	14	16	이벤트도미	18	11	
7241	배틀토너먼트대기실도우미	12	17	
7242	배틀토너먼트경기장도우미	25	35	
7243	배틀토너먼트판정방도우미	14	14	
7244	배틀토너먼트보상방도우미	14	14	
7245	배틀토너먼트퇴장방도우미	14	14	
7246	배틀토너먼트경기장도우미	12	17	
7247	배틀토너먼트경기장도우미	10	12	
7248	배틀토너먼트경기장도우미	8	8	
7300	꼬마가고일	47	42	
7302	봉인관리인	0	0	
7401	지하수로도우미	7	1	
7402	지하수로도우미	35	12	
7403	지하수로도우미	9	15	
7404	지하수로도우미	1	18	
7405	지하수로도우미	17	1	
7450	지하수로B도우미	7	1	
7451	지하수로B도우미	35	12	
7452	지하수로B도우미	9	15	
7453	지하수로B도우미	1	18	
7454	지하수로B도우미	17	1	
7500	지하수로C도우미	7	1	
7501	지하수로C도우미	35	12	
7502	지하수로C도우미	9	15	
7503	지하수로C도우미	1	18	
7504	지하수로C도우미	17	1	
7550	지하수로D도우미	7	1	
7551	지하수로D도우미	35	12	
7552	지하수로D도우미	9	15	
7553	지하수로D도우미	1	18	
7554	지하수로D도우미	17	1	
7600	지하수로S도우미	7	1	
7601	지하수로S도우미	35	12	
7602	지하수로S도우미	9	15	
7603	지하수로S도우미	1	18	
7604	지하수로S도우미	17	1	
7900	구리구리	61	22	
7902	필리아	19	10	
7903	필리아	19	10	
7904	필리아	19	10	
7905	필리아	19	10	
7906	필리아	19	10	
7907	필리아	19	10	
7908	필리아	19	10	
7909	필리아	19	10	
7910	필리아	19	10	
7911	필리아	19	10	
7912	필리아	19	10	
7913	필리아	19	10	
7914	필리아	19	10	
7915	필리아	19	10	
7916	필리아	19	10	
7917	필리아	19	10	
7918	필리아	19	10	
7919	필리아	19	10	
7920	필리아	19	10	
7921	필리아	19	10	
7983	폭탄대전보상도우미	8	8	
7984	폭탄대전보상도우미	8	8	
8000	마린	21	23	
8065	루프	8	8	씰리	13	10	
8099	구피	3	2	
8122	루씬	8	11	
10000	레노아	30	29	베르민	9	36	모르윈	20	72	작은메핏	63	8	제다스	47	51	젤루스	28	40	
10001	쥬얼	14	9	아쿰	3	4	
10002	카베터	1	7	셀리나	2	7	
10006	은행직원	4	5	
10007	브레이시	3	5	
10028	지도상인	39	7	
10054	대지의세계수	14	17	
10055	포이	39	40	무에타할머니	35	44	푸이	35	51	아사히	61	43	카스	66	38	카보크	45	62	
10056	마리마리에	4	10	
10059	노엠여관주인	5	8	
10061	은행직원	2	5	
10062	마담노아	6	3	노엠촌장	5	10	
10065	이냐	9	4	
10066	셀라	9	4	
10067	비스크	7	4	
10068	타쿠	4	2	
10069	네아	4	2	
10076	무타이포	4	2	
10077	무타이조	4	2	
10078	무타이파	4	2	
10079	윈섬	4	2	
10101	엔도르던젼입장	36	36	
10252	엔도르가디언석상	5	22	엔도르점프콘트롤러	6	23	
10253	엔도르이동블록스위치	22	8	
10254	엔도르4스위치	7	24	엔도르점프콘트롤러	3	2	
10256	엔도르6스위치	4	5	엔도르6스위치2	15	5	
10257	엔도르7가디언	7	19	엔도르무궁화몹1	2	11	엔도르무궁화몹2	3	11	엔도르무궁화몹3	4	11	엔도르무궁화몹4	5	11	엔도르무궁화몹5	6	11	엔도르무궁화몹6	2	14	엔도르무궁화몹7	3	14	엔도르무궁화몹8	4	14	엔도르무궁화몹9	5	14	엔도르무궁화몹10	6	14	
10258	엔도르8점프	2	2	
10259	엔도르9블록	7	7	
10265	화론경비병	83	45	화론떠돌이	54	50	흉가거지	8	63	화론마을주민A	65	37	화론마을주민B	63	70	화론마을주민C	66	50	화론마을주민E	43	38	화론마을주민F	35	48	화론마을주민G	74	61	
10266	화론촌장	16	4	화론촌장손녀	14	23	화론마을주민D	23	23	
10270	장금	7	5	
10271	무기점주인	4	5	연무관종업원	5	3	
10272	상약국주인	3	5	상약국종업원	5	3	
10273	천의방주인	4	5	
10274	은행직원	5	5	
10283	화염의장인	2	3	
10284	화염의세계수	12	12	
10304	화론환전소	4	9	
10308	수호토템A	23	9	
10309	수호토템B	23	32	
10310	수호토템C	12	17	
10311	수호토템D	16	27	
11000	아실리움	37	37	미셸루	55	65	
11001	릴리루	13	4	빌리칸	17	14	
11002	케이셔	7	7	폐이칸	5	10	
11004	머니루	9	9	
11005	브레이스	9	4	
11008	게르칸	9	4	
11021	꽃놀이퇴장도우미	23	23	
11300	로리에	47	69	셀라임근위병	51	47	코이시	83	19	셀라임스톤	56	60	
11302	베이셔	29	30	
11310	케라수	7	2	케라시	4	20	그루이	9	2	
11311	다이메	8	3	
11312	유로세	9	15	
11313	엔시	5	16	
11315	말보	2	4	레존	2	28	
11320	시리아	7	4	
11321	코세	3	8	
11323	세이아	3	8	
15000	스잔나	3	3	
15001	티나	3	3	자비츠	10	11	
15002	미니	3	3	토미	13	1	
15003	소피아	3	15	쉬리	3	3	
15004	리타	3	3	
15005	라미	3	3	판	8	6	피셔	13	1	
15006	리로	3	3	
15007	리루	3	3	
15008	리호	6	4	
15009	리마	3	3	
15010	셔트	2	3	로건	2	11	
15011	멀린	7	2	
15012	길레노아	3	5	
15013	죠지	3	7	
15014	로레타	3	3	밀레스식당아가씨	2	3	아줌마	1	6	피터팬	8	12	특제정식	4	2	
15015	안젤라	6	6	라나	11	5	세이나	1	9	
15016	로드러버	6	6	
15017	죠지	3	7	
15020	히로	2	1	트랄보타	2	11	
15021	멤피스	7	6	
15022	브레드	7	2	
15023	윌리	5	4	아줌마	2	7	기든스	8	7	
15024	싱크	4	5	
15025	코시리크	4	4	움바라크	4	10	특수기술사범	10	10	전투기술사범	10	4	
15026	메리사아	5	6	흑마법사범	10	6	로오스롬	3	17	백마법사범	3	25	
15027	아레스	5	5	
15028	아이작	5	5	
15029	페이	5	5	
15030	키튼	5	5	
15031	메사라	5	5	
15032	윈슬렛	5	5	
15033	시나	5	5	
15034	사리	5	5	
15035	피어스	3	3	패리스	8	2	
15036	해리슨	7	2	윌든	3	2	
15038	오즈	7	4	
15039	브레한	7	4	
15041	레온	6	5	아줌마	3	8	
15042	가젤	6	5	
15043	가젤	6	5	
15044	마르린	1	8	세어	12	2	베이브	5	2	
15045	오리온	3	4	
15046	레토	3	4	
15047	제너스	3	4	
15048	커넬주교	9	2	란셀주교	2	2	
15049	에드워드	3	3	
15050	가이	3	2	
15051	아돌	3	6	로딘	13	2	고철군	15	2	하이넬	18	4	
15052	멀린	7	6	
15053	길레노아	10	3	
15054	길레노아	7	3	
15055	폴라	6	3	
15056	보석상여주인	6	4	
15057	티파니	6	3	에이미	5	5	
15058	로드러버	6	6	
15059	브레이크	3	4	
15060	바알	4	7	오딘	7	7	
15061	멀린	7	6	
15062	케이트	6	4	셜리반	14	8	아줌마	2	7	
15063	리디아	13	3	맥스	8	12	
15064	다카프	3	7	
15065	나르도	7	7	
15070	제이	4	3	프리드	4	10	
15071	멀린	7	6	
15072	레인	3	5	
15073	레인	3	5	
15074	시라노	7	7	
15075	마리	11	3	
15080	로톤수선공	3	3	천재루이	2	11	
15081	케이트	6	4	헬렌	2	7	
15082	길레노아	7	3	
15083	로티아	3	7	
15090	제이	2	6	프리드	9	2	
15091	멀린	6	6	
15092	케이트	6	5	셜리반	6	2	
15093	길레노아	6	3	
15094	길레노아	6	3	
15095	루스	6	7	
15096	루스	7	7	
15097	버몬트	2	6	캐롯	3	3	
15100	프리드	3	3	제이	3	10	
15101	호엔수선공	12	1	마크	6	7	
15102	길레노아	7	2	
15103	길레노아	7	2	
15104	호로	7	7	
15110	데카	2	1	마이어	2	11	
15111	멀린	5	7	
15112	길레노아	8	2	
15113	마시	7	6	
15500	듀크	28	86	모디아	78	27	텔리도아	58	104	케빈	59	69	로즈마리	81	42	길드성입장도우미	104	104	안	55	12	베인	102	27	칸다나	105	86	네리어	22	21	메투스	63	55		
15501	전직기술마법복구도우미	45	83	테이마	96	71	피에트학자	19	19	피에트마법사	19	20	피에트마법사2	20	19	피에트마법사3	19	21	피에트마법사4	21	19	필라인	8	60	폴	12	43	탈리	91	40	
15502	딜란	16	18	제조기술도우미	46	41	에드벅	63	32	길드성입장도우미	40	48	캘러스	94	34	콜린	25	83	크리스틴	94	72	
15503	데비	24	84	길드성입장도우미	86	83	케인즈	17	14	스니퍼	9	58	칼로멘	63	39	
15504	성수상인	29	35	마리아	42	14	에반	83	22	쥬드	66	75	
15505	후치	9	8	누다	16	58	둘라코스	26	69	체리	40	16	길드성입장도우미	81	69	꼬끼오닭	61	55	꼬끼오닭1	61	54	꼬끼오닭2	61	53	꼬끼오닭3	61	52	예키	72	17	제나	64	104	로드세이퍼	39	24	
15506	테레	17	17	라스	25	17	
15507	쉐폰	8	7	유론	13	7
15510	아교	94	47	애교	43	46	
15511	케이트	6	4	셜리반	3	7	
15663	링고	29	15	파벨	62	99	
15664	에듀	54	52	길드성입장도우미	15	73	와이키키해변입장도우미	44	77	쉴소러스	43	44	클룬	90	84	헤쉬	69	39	카이로	61	12	아벨로	80	75	혼돈의탑도우미	35	37	
15665	호엔목장젖소	50	92	호엔목장양치기	33	88	플레타	5	73	암닭	4	73	호엔양계장주인	14	59	버니	123	63	샤비	23	87	
15666	광산감독관	86	26	플룬	80	46	실베스터	20	75	백원만	7	6	
20001	하데스	5	5	
20002	하데스	5	5	
20003	하데스	5	5	
20004	하데스	5	5	
20005	하데스	5	5	
20006	하데스	5	5	
20007	하데스	5	5	
20008	하데스	5	5	
20009	하데스	5	5	
20010	하데스	5	5	
20011	하데스	5	5	
20012	하데스	5	5	
20013	하데스	5	5	
20014	하데스	5	5	
20015	하데스	5	5	
20016	하데스	5	5	
20017	하데스	5	5	
20018	하데스	5	5	
20019	하데스	5	5	
20020	하데스	5	5	
20021	하데스	5	5	
20022	하데스	5	5	
20023	하데스	5	5	
20024	하데스	5	5	
20025	하데스	5	5	
20026	하데스	5	5	
20027	하데스	5	5	
20028	하데스	5	5	
20029	하데스	5	5	
20030	하데스	5	5	
20031	하데스	5	5	
20032	하데스	5	5	
20033	하데스	5	5	
20034	하데스	5	5	
20035	하데스	5	5	
20036	하데스	5	5	
20037	하데스	5	5	
20038	하데스	5	5	
20039	하데스	5	5	
20040	하데스	5	5	
20041	하데스	5	5	
20042	하데스	5	5	
20043	하데스	5	5	
20044	하데스	5	5	
20045	하데스	5	5	
20046	하데스	5	5	
20047	하데스	5	5	
20048	하데스	5	5	
20049	하데스	5	5	
20050	하데스	5	5	
20051	하데스	5	5	
20052	하데스	5	5	
20053	하데스	5	5	
20054	하데스	5	5	
20055	하데스	5	5	
20056	하데스	5	5	
20057	하데스	5	5	
20058	하데스	5	5	
20059	하데스	5	5	
20060	하데스	5	5	
20061	하데스	5	5	
20062	하데스	5	5	
20063	하데스	5	5	
20064	하데스	5	5	
20065	하데스	5	5	
20066	하데스	5	5	
20067	하데스	5	5	
20068	하데스	5	5	
20069	하데스	5	5	
20070	하데스	5	5	
20071	하데스	5	5	
20072	하데스	5	5	
20073	하데스	5	5	
20074	하데스	5	5	
20075	하데스	5	5	
20076	하데스	5	5	
20077	하데스	5	5	
20078	하데스	5	5	
20079	하데스	5	5	
20080	하데스	5	5	
20081	하데스	5	5	
20082	하데스	5	5	
20083	하데스	5	5	
20084	하데스	5	5	
20085	하데스	5	5	
20086	하데스	5	5	
20087	하데스	5	5	
20088	하데스	5	5	
20089	하데스	5	5	
20090	하데스	5	5	
20091	하데스	5	5	
20092	하데스	5	5	
20093	하데스	5	5	
20094	하데스	5	5	
20095	하데스	5	5	
20096	하데스	5	5	
20097	하데스	5	5	
20098	하데스	5	5	
20099	하데스	5	5	
20100	하데스	5	5	
21001	젠1	5	5	원격수리	11	11	원격은행	11	10	만능원격상점	11	9	 	5	11	
21002	젠1	5	5	친치니	3	9	원격수리	11	11	원격은행	11	10	만능원격상점	11	10	
21004	젠1	5	5	
21005	젠1	5	5	
21006	젠1	5	5	
21100	젠1	5	5	
23003	뮤레칸	18	11	
23004	뮤레칸	18	11	
23005	뮤레칸	18	11	
23006	뮤레칸	18	11	
23007	뮤레칸	18	11	
23008	뮤레칸	18	11	
23009	뮤레칸	18	11	
23010	뮤레칸	18	11	
24001	빛의여신	17	12	
24002	빛의여신	17	12	
24003	빛의여신	17	12	
24004	빛의여신	17	12	
24005	빛의여신	17	12	
24010	빛의여신	17	12