0,공식길드전용던전대기실,49,10,공식길드전용던전1-1,4,80,1,99,362
0,공식길드전용던전1-1,2,80,공식길드전용던전대기실,47,10,1,99,362

0,공식길드전용던전1-1,88,1,공식길드전용던전2-1,3,55,1,99,362
0,공식길드전용던전2-1,1,55,공식길드전용던전1-1,88,3,1,99,362

0,공식길드전용던전1-1,24,92,공식길드전용던전2-2,16,6,1,99,362
0,공식길드전용던전2-2,16,4,공식길드전용던전1-1,26,92,1,99,362

0,공식길드전용던전2-1,67,87,공식길드전용던전3-1,58,4,1,99,362
0,공식길드전용던전3-1,58,2,공식길드전용던전2-1,69,87,1,99,362

0,공식길드전용던전2-2,50,56,공식길드전용던전3-2,14,35,1,99,362
0,공식길드전용던전3-2,13,34,공식길드전용던전2-2,52,56,1,99,362
0,공식길드전용던전3-2,13,35,공식길드전용던전2-2,52,56,1,99,362

0,공식길드전용던전3-1,13,32,공식길드전용던전2-2,91,3,1,99,362
0,공식길드전용던전2-2,91,1,공식길드전용던전3-1,15,32,1,99,362

0,공식길드전용던전3-1,59,83,공식길드전용던전4-1,14,53,1,99,362

0,공식길드전용던전4-1,13,52,공식길드전용던전3-1,60,83,1,99,362
0,공식길드전용던전4-1,13,53,공식길드전용던전3-1,61,83,1,99,362

0,공식길드전용던전3-2,39,0,공식길드전용던전4-1,46,98,1,99,362
0,공식길드전용던전3-2,40,0,공식길드전용던전4-1,47,98,1,99,362

0,공식길드전용던전4-1,46,99,공식길드전용던전3-2,39,2,1,99,362
0,공식길드전용던전4-1,47,99,공식길드전용던전3-2,40,2,1,99,362

0,공식길드전용던전4-1,67,14,공식길드전용던전5-1,3,52,1,99,362
0,공식길드전용던전4-1,68,14,공식길드전용던전5-1,3,52,1,99,362

0,공식길드전용던전5-1,1,52,공식길드전용던전4-1,68,15,1,99,362

0,공식길드전용던전5-1,58,2,공식길드전용던전6-1,52,56,1,99,362
0,공식길드전용던전6-1,50,56,공식길드전용던전5-1,58,4,1,99,362

0,공식길드전용던전5-1,56,92,공식길드전용던전6-2,4,80,1,99,362
0,공식길드전용던전6-2,2,80,공식길드전용던전5-1,58,92,1,99,362

0,공식길드전용던전6-1,58,2,공식길드전용던전7-1,26,90,1,99,362
0,공식길드전용던전7-1,24,90,공식길드전용던전6-1,58,4,1,99,362

0,공식길드전용던전6-2,58,2,공식길드전용던전7-2,26,92,1,99,362
0,공식길드전용던전7-2,24,92,공식길드전용던전6-2,58,4,1,99,362

0,공식길드전용던전7-1,91,1,카스마늄제4광산8-1,3,52,1,99,362

//8-1은7-2로 간다. 구광산 8-1 맵을 구해오자.

0,공식길드전용던전7-2,92,44,공식길드전용던전8-2,12,9,1,99,362
0,공식길드전용던전8-2,10,9,공식길드전용던전7-2,92,46,1,99,362

0,공식길드전용던전8-2,50,56,공식길드전용던전9-1,88,3,1,99,362
0,공식길드전용던전9-1,88,1,공식길드전용던전8-2,52,56,1,99,362

0,공식길드전용던전9-1,24,92,공식길드전용던전10-1,27,4,1,99,362
0,공식길드전용던전10-1,27,2,공식길드전용던전9-1,26,92,1,99,362

0,공식길드전용던전10-1,92,44,공식길드전용던전11-1,47,98,1,99,362
0,공식길드전용던전11-1,46,99,공식길드전용던전10-1,92,46,1,99,362
0,공식길드전용던전11-1,47,99,공식길드전용던전10-1,92,46,1,99,362

0,공식길드전용던전11-1,39,0,공식길드전용던전12-1,47,98,1,99,362
0,공식길드전용던전11-1,40,0,공식길드전용던전12-1,47,98,1,99,362
0,공식길드전용던전12-1,46,99,공식길드전용던전11-1,39,1,1,99,362
0,공식길드전용던전12-1,47,99,공식길드전용던전11-1,40,1,1,99,362

0,공식길드전용던전12-1,64,14,공식길드전용던전13-1,3,52,1,99,362
0,공식길드전용던전12-1,65,14,공식길드전용던전13-1,3,52,1,99,362
0,공식길드전용던전13-1,1,52,공식길드전용던전12-1,65,16,1,99,362

0,공식길드전용던전13-1,58,2,공식길드전용던전14-1,52,56,1,99,362
0,공식길드전용던전14-1,50,56,공식길드전용던전13-1,58,4,1,99,362

0,공식길드전용던전14-1,1,55,공식길드전용던전15-1,91,3,1,99,362
0,공식길드전용던전15-1,91,1,공식길드전용던전14-1,3,55,1,99,362

0,공식길드전용던전15-1,1,55,공식길드전용던전16-1,93,59,1,99,362
0,공식길드전용던전16-1,93,57,공식길드전용던전15-1,3,55,1,99,362

0,공식길드전용던전16-1,58,2,공식길드전용던전17-1,69,87,1,99,362
0,공식길드전용던전17-1,67,87,공식길드전용던전16-1,58,4,1,99,362

0,공식길드전용던전17-1,91,1,공식길드전용던전18-1,3,52,1,99,362
0,공식길드전용던전18-1,1,52,공식길드전용던전17-1,91,3,1,99,362

0,공식길드전용던전18-1,91,1,공식길드전용던전19-1,4,80,1,99,362
0,공식길드전용던전19-1,2,80,공식길드전용던전18-1,91,3,1,99,362

0,공식길드전용던전19-1,91,1,공식길드전용던전20-1,11,41,1,99,362
0,공식길드전용던전20-1,9,41,공식길드전용던전19-1,91,3,1,99,362

0,공식길드전용던전20-1,50,56,공식길드전용던전21-1,58,4,1,99,362
0,공식길드전용던전21-1,58,2,공식길드전용던전20-1,52,56,1,99,362

0,공식길드전용던전21-1,24,93,공식길드전용던전22-1,15,34,1,99,362
0,공식길드전용던전22-1,13,34,공식길드전용던전21-1,26,93,1,99,362
0,공식길드전용던전22-1,13,35,공식길드전용던전21-1,26,93,1,99,362

0,공식길드전용던전22-1,39,0,공식길드전용던전23-1,46,98,1,99,362
0,공식길드전용던전22-1,40,0,공식길드전용던전23-1,47,98,1,99,362
0,공식길드전용던전23-1,46,99,공식길드전용던전22-1,39,1,1,99,362
0,공식길드전용던전23-1,47,99,공식길드전용던전22-1,40,1,1,99,362

0,공식길드전용던전23-1,13,52,공식길드전용던전24-1,69,87,1,99,362
0,공식길드전용던전23-1,13,53,공식길드전용던전24-1,69,87,1,99,362
0,공식길드전용던전24-1,67,87,공식길드전용던전23-1,14,53,1,99,362

0,공식길드전용던전24-1,91,1,공식길드전용던전25-1,26,92,1,99,362
0,공식길드전용던전25-1,24,92,공식길드전용던전24-1,91,3,1,99,362

0,공식길드전용던전25-1,92,44,공식길드전용던전26-1,3,52,1,99,362
0,공식길드전용던전26-1,1,52,공식길드전용던전25-1,92,46,1,99,362

0,공식길드전용던전26-1,88,1,공식길드전용던전27-1,4,80,1,99,362
0,공식길드전용던전27-1,2,80,공식길드전용던전26-1,88,3,1,99,362

0,공식길드전용던전26-1,56,92,공식길드전용던전27-2,27,4,1,99,362
0,공식길드전용던전27-2,27,2,공식길드전용던전26-1,58,92,1,99,362

0,공식길드전용던전28-1,91,1,공식길드전용던전27-1,69,87,1,99,362
0,공식길드전용던전27-1,67,87,공식길드전용던전28-1,91,3,1,99,362

0,공식길드전용던전27-2,91,1,공식길드전용던전28-1,4,80,1,99,362
0,공식길드전용던전28-1,2,80,공식길드전용던전27-2,91,3,1,99,362

0,공식길드전용던전27-2,26,85,공식길드전용던전28-2,27,4,1,99,362
0,공식길드전용던전28-2,27,2,공식길드전용던전27-2,28,85,1,99,362

0,공식길드전용던전28-2,92,44,공식길드전용던전29-1,3,52,1,99,362
0,공식길드전용던전29-1,1,52,공식길드전용던전28-2,92,46,1,99,362