4,홀리루딘길드성-외각,30,0,공식길드선발전,0,0,1,99,362
4,홀리루딘길드성-외각,31,0,공식길드선발전,0,0,1,99,362
4,홀리루딘길드성-외각,32,0,공식길드선발전,0,0,1,99,362
4,홀리루딘길드성-외각,33,0,공식길드선발전,0,0,1,99,362
4,홀리루딘길드성-외각,34,0,공식길드선발전,0,0,1,99,362

0,홀리루딘길드성-내각,31,76,홀리루딘길드성-외각,32,2,1,99,362
0,홀리루딘길드성-내각,32,76,홀리루딘길드성-외각,32,2,1,99,362
0,홀리루딘길드성-내각,33,76,홀리루딘길드성-외각,32,2,1,99,362

4,홀리루딘길드성-내각,28,36,공식길드선발전,14,28,1,99,362
4,홀리루딘길드성-내각,29,36,공식길드선발전,15,28,1,99,362
4,홀리루딘길드성-내각,30,36,공식길드선발전,16,28,1,99,362

0,홀리루딘길드성-1층로비,12,29,홀리루딘길드성-내각,28,37,1,99,362
0,홀리루딘길드성-1층로비,13,29,홀리루딘길드성-내각,28,37,1,99,362
0,홀리루딘길드성-1층로비,14,29,홀리루딘길드성-내각,29,37,1,99,362
0,홀리루딘길드성-1층로비,15,29,홀리루딘길드성-내각,29,37,1,99,362
0,홀리루딘길드성-1층로비,16,29,홀리루딘길드성-내각,30,37,1,99,362
0,홀리루딘길드성-1층로비,17,29,홀리루딘길드성-내각,30,37,1,99,362

0,홀리루딘길드성-1층로비,0,3,홀리루딘길드성-수련장,27,12,1,99,0
0,홀리루딘길드성-1층로비,0,4,홀리루딘길드성-수련장,27,12,1,99,0
0,홀리루딘길드성-1층로비,0,5,홀리루딘길드성-수련장,27,12,1,99,0
0,홀리루딘길드성-1층로비,0,6,홀리루딘길드성-수련장,27,12,1,99,0
0,홀리루딘길드성-1층로비,0,7,홀리루딘길드성-수련장,27,12,1,99,0
0,홀리루딘길드성-1층로비,0,8,홀리루딘길드성-수련장,27,12,1,99,0
0,홀리루딘길드성-1층로비,0,9,홀리루딘길드성-수련장,27,12,1,99,0
0,홀리루딘길드성-1층로비,0,10,홀리루딘길드성-수련장,27,12,1,99,0

0,홀리루딘길드성-1층로비,0,18,홀리루딘길드성-수련장,27,13,1,99,0
0,홀리루딘길드성-1층로비,0,19,홀리루딘길드성-수련장,27,13,1,99,0
0,홀리루딘길드성-1층로비,0,20,홀리루딘길드성-수련장,27,13,1,99,0
0,홀리루딘길드성-1층로비,0,21,홀리루딘길드성-수련장,27,13,1,99,0
0,홀리루딘길드성-1층로비,0,22,홀리루딘길드성-수련장,27,13,1,99,0
0,홀리루딘길드성-1층로비,0,23,홀리루딘길드성-수련장,27,13,1,99,0
0,홀리루딘길드성-1층로비,0,24,홀리루딘길드성-수련장,27,13,1,99,0
0,홀리루딘길드성-1층로비,0,25,홀리루딘길드성-수련장,27,13,1,99,0

0,홀리루딘길드성-수련장,29,10,홀리루딘길드성-1층로비,7,19,1,99,362
0,홀리루딘길드성-수련장,29,11,홀리루딘길드성-1층로비,7,19,1,99,362
0,홀리루딘길드성-수련장,29,12,홀리루딘길드성-1층로비,7,19,1,99,362
0,홀리루딘길드성-수련장,29,13,홀리루딘길드성-1층로비,7,19,1,99,362
0,홀리루딘길드성-수련장,29,14,홀리루딘길드성-1층로비,7,19,1,99,362

0,홀리루딘길드성-1층로비,29,15,홀리루딘길드성-물류관,2,9,1,99,0
0,홀리루딘길드성-1층로비,29,16,홀리루딘길드성-물류관,2,9,1,99,0
0,홀리루딘길드성-1층로비,29,17,홀리루딘길드성-물류관,2,9,1,99,0
0,홀리루딘길드성-1층로비,29,18,홀리루딘길드성-물류관,2,9,1,99,0
0,홀리루딘길드성-1층로비,29,19,홀리루딘길드성-물류관,2,9,1,99,0

0,홀리루딘길드성-물류관,0,7,홀리루딘길드성-1층로비,24,17,1,99,362
0,홀리루딘길드성-물류관,0,8,홀리루딘길드성-1층로비,24,17,1,99,362
0,홀리루딘길드성-물류관,0,9,홀리루딘길드성-1층로비,24,17,1,99,362
0,홀리루딘길드성-물류관,0,10,홀리루딘길드성-1층로비,24,17,1,99,362
0,홀리루딘길드성-물류관,0,11,홀리루딘길드성-1층로비,24,17,1,99,362

0,홀리루딘길드성-물류관,13,17,공식길드전용던전대기실,17,43,41,99,362
0,홀리루딘길드성-물류관,14,17,공식길드전용던전대기실,18,43,41,99,362

0,홀리루딘길드성-1층로비,6,0,홀리루딘길드성-2층로비,12,28,1,99,362
0,홀리루딘길드성-1층로비,7,0,홀리루딘길드성-2층로비,13,28,1,99,362

0,홀리루딘길드성-1층로비,12,0,홀리루딘길드성-2층로비,14,28,1,99,362
0,홀리루딘길드성-1층로비,13,0,홀리루딘길드성-2층로비,15,28,1,99,362

0,홀리루딘길드성-1층로비,18,0,홀리루딘길드성-2층로비,16,28,1,99,362
0,홀리루딘길드성-1층로비,19,0,홀리루딘길드성-2층로비,17,28,1,99,362

0,홀리루딘길드성-2층로비,12,29,홀리루딘길드성-1층로비,6,1,1,99,362
0,홀리루딘길드성-2층로비,13,29,홀리루딘길드성-1층로비,7,1,1,99,362

0,홀리루딘길드성-2층로비,14,29,홀리루딘길드성-1층로비,12,1,1,99,362
0,홀리루딘길드성-2층로비,15,29,홀리루딘길드성-1층로비,13,1,1,99,362

0,홀리루딘길드성-2층로비,16,29,홀리루딘길드성-1층로비,18,1,1,99,362
0,홀리루딘길드성-2층로비,17,29,홀리루딘길드성-1층로비,19,1,1,99,362

0,홀리루딘길드성-2층로비,0,9,홀리루딘길드성-회의실,17,6,1,99,362
0,홀리루딘길드성-2층로비,0,10,홀리루딘길드성-회의실,17,7,1,99,362
0,홀리루딘길드성-2층로비,0,11,홀리루딘길드성-회의실,17,8,1,99,362
0,홀리루딘길드성-2층로비,0,12,홀리루딘길드성-회의실,17,9,1,99,362
0,홀리루딘길드성-2층로비,0,13,홀리루딘길드성-회의실,17,10,1,99,362
0,홀리루딘길드성-2층로비,0,14,홀리루딘길드성-회의실,17,11,1,99,362
0,홀리루딘길드성-2층로비,0,15,홀리루딘길드성-회의실,17,12,1,99,362
0,홀리루딘길드성-2층로비,0,16,홀리루딘길드성-회의실,17,13,1,99,362

0,홀리루딘길드성-회의실,18,6,홀리루딘길드성-2층로비,1,9,1,99,362
0,홀리루딘길드성-회의실,18,7,홀리루딘길드성-2층로비,1,10,1,99,362
0,홀리루딘길드성-회의실,18,8,홀리루딘길드성-2층로비,1,11,1,99,362
0,홀리루딘길드성-회의실,18,9,홀리루딘길드성-2층로비,1,12,1,99,362
0,홀리루딘길드성-회의실,18,10,홀리루딘길드성-2층로비,1,13,1,99,362
0,홀리루딘길드성-회의실,18,11,홀리루딘길드성-2층로비,1,14,1,99,362
0,홀리루딘길드성-회의실,18,12,홀리루딘길드성-2층로비,1,15,1,99,362
0,홀리루딘길드성-회의실,18,13,홀리루딘길드성-2층로비,1,16,1,99,362

0,홀리루딘길드성-2층로비,29,14,홀리루딘길드성-서고,1,12,1,99,362
0,홀리루딘길드성-2층로비,29,15,홀리루딘길드성-서고,1,13,1,99,362
0,홀리루딘길드성-2층로비,29,16,홀리루딘길드성-서고,1,14,1,99,362
0,홀리루딘길드성-2층로비,29,17,홀리루딘길드성-서고,1,15,1,99,362
0,홀리루딘길드성-2층로비,29,18,홀리루딘길드성-서고,1,16,1,99,362
0,홀리루딘길드성-2층로비,29,19,홀리루딘길드성-서고,1,16,1,99,362

0,홀리루딘길드성-서고,0,12,홀리루딘길드성-2층로비,28,14,1,99,362
0,홀리루딘길드성-서고,0,13,홀리루딘길드성-2층로비,28,15,1,99,362
0,홀리루딘길드성-서고,0,14,홀리루딘길드성-2층로비,28,16,1,99,362
0,홀리루딘길드성-서고,0,15,홀리루딘길드성-2층로비,28,17,1,99,362
0,홀리루딘길드성-서고,0,16,홀리루딘길드성-2층로비,28,18,1,99,362

0,홀리루딘길드성-서고,6,0,홀리루딘길드성-정원,10,47,1,99,362
0,홀리루딘길드성-서고,7,0,홀리루딘길드성-정원,10,47,1,99,362

0,홀리루딘길드성-서고,12,0,홀리루딘길드성-정원,10,47,1,99,362
0,홀리루딘길드성-서고,13,0,홀리루딘길드성-정원,10,47,1,99,362

0,홀리루딘길드성-서고,18,0,홀리루딘길드성-정원,10,47,1,99,362
0,홀리루딘길드성-서고,19,0,홀리루딘길드성-정원,10,47,1,99,362

0,홀리루딘길드성-서고,24,0,홀리루딘길드성-정원,10,47,1,99,362
0,홀리루딘길드성-서고,25,0,홀리루딘길드성-정원,10,47,1,99,362

0,홀리루딘길드성-정원,9,49,홀리루딘길드성-서고,13,2,1,99,362
0,홀리루딘길드성-정원,10,49,홀리루딘길드성-서고,13,2,1,99,362
0,홀리루딘길드성-정원,11,49,홀리루딘길드성-서고,13,2,1,99,362

0,홀리루딘길드성-정원,49,8,홀리루딘길드성-주방,2,21,1,99,362
0,홀리루딘길드성-정원,49,9,홀리루딘길드성-주방,2,22,1,99,362
0,홀리루딘길드성-정원,49,10,홀리루딘길드성-주방,2,23,1,99,362

4,홀리루딘길드성-2층로비,6,0,공식길드선발전,0,0,1,99,362
4,홀리루딘길드성-2층로비,7,0,공식길드선발전,0,0,1,99,362

4,홀리루딘길드성-2층로비,12,0,공식길드선발전,0,0,1,99,362
4,홀리루딘길드성-2층로비,13,0,공식길드선발전,0,0,1,99,362

4,홀리루딘길드성-2층로비,18,0,공식길드선발전,0,0,1,99,362
4,홀리루딘길드성-2층로비,19,0,공식길드선발전,0,0,1,99,362

0,홀리루딘길드성-알현실,6,18,홀리루딘길드성-2층로비,6,1,1,99,362
0,홀리루딘길드성-알현실,7,18,홀리루딘길드성-2층로비,7,1,1,99,362
0,홀리루딘길드성-알현실,8,18,홀리루딘길드성-2층로비,7,1,1,99,362
0,홀리루딘길드성-알현실,9,18,홀리루딘길드성-2층로비,12,1,1,99,362
0,홀리루딘길드성-알현실,10,18,홀리루딘길드성-2층로비,13,1,1,99,362
0,홀리루딘길드성-알현실,11,18,홀리루딘길드성-2층로비,18,1,1,99,362
0,홀리루딘길드성-알현실,12,18,홀리루딘길드성-2층로비,19,1,1,99,362
0,홀리루딘길드성-알현실,13,18,홀리루딘길드성-2층로비,19,1,1,99,362

3,홀리루딘길드성-알현실,0,9,길드성이동R,0,0,0,99,0
3,홀리루딘길드성-알현실,0,10,길드성이동R,0,0,0,99,0

0,홀리루딘길드성-직무실,18,9,홀리루딘길드성-알현실,2,9,0,99,0
0,홀리루딘길드성-직무실,18,10,홀리루딘길드성-알현실,2,10,0,99,0

0,홀리루딘길드성-알현실,18,7,홀리루딘길드성-복도,1,1,1,99,362
0,홀리루딘길드성-알현실,18,8,홀리루딘길드성-복도,1,2,1,99,362
0,홀리루딘길드성-알현실,18,9,홀리루딘길드성-복도,1,3,1,99,362
0,홀리루딘길드성-알현실,18,10,홀리루딘길드성-복도,1,4,1,99,362
0,홀리루딘길드성-알현실,18,11,홀리루딘길드성-복도,1,5,1,99,362
0,홀리루딘길드성-알현실,18,12,홀리루딘길드성-복도,1,6,1,99,362

0,홀리루딘길드성-복도,0,1,홀리루딘길드성-알현실,17,7,1,99,362
0,홀리루딘길드성-복도,0,2,홀리루딘길드성-알현실,17,8,1,99,362
0,홀리루딘길드성-복도,0,3,홀리루딘길드성-알현실,17,9,1,99,362
0,홀리루딘길드성-복도,0,4,홀리루딘길드성-알현실,17,10,1,99,362
0,홀리루딘길드성-복도,0,5,홀리루딘길드성-알현실,17,11,1,99,362
0,홀리루딘길드성-복도,0,6,홀리루딘길드성-알현실,17,12,1,99,362

0,홀리루딘길드성-복도,19,1,홀리루딘길드성-식당,1,6,1,99,362
0,홀리루딘길드성-복도,19,2,홀리루딘길드성-식당,1,7,1,99,362
0,홀리루딘길드성-복도,19,3,홀리루딘길드성-식당,1,8,1,99,362
0,홀리루딘길드성-복도,19,4,홀리루딘길드성-식당,1,9,1,99,362
0,홀리루딘길드성-복도,19,5,홀리루딘길드성-식당,1,10,1,99,362
0,홀리루딘길드성-복도,19,6,홀리루딘길드성-식당,1,10,1,99,362

0,홀리루딘길드성-식당,0,6,홀리루딘길드성-복도,18,1,1,99,362
0,홀리루딘길드성-식당,0,7,홀리루딘길드성-복도,18,2,1,99,362
0,홀리루딘길드성-식당,0,8,홀리루딘길드성-복도,18,3,1,99,362
0,홀리루딘길드성-식당,0,9,홀리루딘길드성-복도,18,4,1,99,362
0,홀리루딘길드성-식당,0,10,홀리루딘길드성-복도,18,5,1,99,362

0,홀리루딘길드성-식당,8,29,홀리루딘길드성-주방,17,1,1,99,362
0,홀리루딘길드성-식당,9,29,홀리루딘길드성-주방,18,1,1,99,362
0,홀리루딘길드성-식당,10,29,홀리루딘길드성-주방,19,1,1,99,362
0,홀리루딘길드성-식당,11,29,홀리루딘길드성-주방,20,1,1,99,362
0,홀리루딘길드성-식당,12,29,홀리루딘길드성-주방,20,1,1,99,362

0,홀리루딘길드성-주방,17,0,홀리루딘길드성-식당,8,28,1,99,362
0,홀리루딘길드성-주방,18,0,홀리루딘길드성-식당,9,28,1,99,362
0,홀리루딘길드성-주방,19,0,홀리루딘길드성-식당,10,28,1,99,362
0,홀리루딘길드성-주방,20,0,홀리루딘길드성-식당,11,28,1,99,362

0,홀리루딘길드성-주방,0,20,홀리루딘길드성-정원,48,8,1,99,362
0,홀리루딘길드성-주방,0,21,홀리루딘길드성-정원,48,9,1,99,362
0,홀리루딘길드성-주방,0,22,홀리루딘길드성-정원,48,10,1,99,362
0,홀리루딘길드성-주방,0,23,홀리루딘길드성-정원,48,11,1,99,362
0,홀리루딘길드성-주방,0,24,홀리루딘길드성-정원,48,11,1,99,362

0,홀리루딘길드성-주방,15,25,홀리루딘길드성-지하통로,3,1,1,99,362
0,홀리루딘길드성-주방,16,25,홀리루딘길드성-지하통로,4,1,1,99,362
0,홀리루딘길드성-주방,17,25,홀리루딘길드성-지하통로,5,1,1,99,362
0,홀리루딘길드성-주방,18,25,홀리루딘길드성-지하통로,6,1,1,99,362
0,홀리루딘길드성-주방,19,25,홀리루딘길드성-지하통로,7,1,1,99,362

0,홀리루딘길드성-지하통로,1,0,홀리루딘길드성-주방,15,24,1,99,362
0,홀리루딘길드성-지하통로,2,0,홀리루딘길드성-주방,15,24,1,99,362
0,홀리루딘길드성-지하통로,3,0,홀리루딘길드성-주방,16,24,1,99,362
0,홀리루딘길드성-지하통로,4,0,홀리루딘길드성-주방,16,24,1,99,362
0,홀리루딘길드성-지하통로,5,0,홀리루딘길드성-주방,17,24,1,99,362
0,홀리루딘길드성-지하통로,6,0,홀리루딘길드성-주방,17,24,1,99,362
0,홀리루딘길드성-지하통로,7,0,홀리루딘길드성-주방,18,24,1,99,362
0,홀리루딘길드성-지하통로,8,0,홀리루딘길드성-주방,18,24,1,99,362
0,홀리루딘길드성-지하통로,9,0,홀리루딘길드성-주방,19,24,1,99,362
0,홀리루딘길드성-지하통로,10,0,홀리루딘길드성-주방,19,24,1,99,362

0,홀리루딘길드성-지하통로,1,16,홀리루딘길드성-지하창고,8,1,1,99,362
0,홀리루딘길드성-지하통로,2,16,홀리루딘길드성-지하창고,8,1,1,99,362
0,홀리루딘길드성-지하통로,3,16,홀리루딘길드성-지하창고,9,1,1,99,362
0,홀리루딘길드성-지하통로,4,16,홀리루딘길드성-지하창고,10,1,1,99,362
0,홀리루딘길드성-지하통로,5,16,홀리루딘길드성-지하창고,11,1,1,99,362
0,홀리루딘길드성-지하통로,6,16,홀리루딘길드성-지하창고,11,1,1,99,362
0,홀리루딘길드성-지하통로,7,16,홀리루딘길드성-지하창고,12,1,1,99,362
0,홀리루딘길드성-지하통로,8,16,홀리루딘길드성-지하창고,12,1,1,99,362
0,홀리루딘길드성-지하통로,9,16,홀리루딘길드성-지하창고,13,1,1,99,362
0,홀리루딘길드성-지하통로,10,16,홀리루딘길드성-지하창고,13,1,1,99,362

0,홀리루딘길드성-지하창고,8,0,홀리루딘길드성-지하통로,3,15,1,99,362
0,홀리루딘길드성-지하창고,9,0,홀리루딘길드성-지하통로,4,15,1,99,362
0,홀리루딘길드성-지하창고,10,0,홀리루딘길드성-지하통로,5,15,1,99,362
0,홀리루딘길드성-지하창고,11,0,홀리루딘길드성-지하통로,6,15,1,99,362
0,홀리루딘길드성-지하창고,12,0,홀리루딘길드성-지하통로,7,15,1,99,362
0,홀리루딘길드성-지하창고,13,0,홀리루딘길드성-지하통로,8,15,1,99,362