0 -1 -1 Mileth Crypt 31
-1
9 9
100
9 19 10 19
136
1 15

1 -1 -1 Mileth Crypt 1
2
3 4

2 -1 -1
5
11 23

5 -1 -1
8
29 45

8 -1 -1
11
6 40

11 -1 -1
13
6 27

13 -1 -1
17
22 17

17 -1 -1
22
38 39

22 -1 -1
26
43 29

26 -1 -1
30
17 20

30 -1 -1
34
45 35

34 -1 -1
37
45 35

37 -1 -1
40
3 42

40 -1 -1
44
32 39

44 -1 -1
48
4 28

48 -1 -1
51
9 1

51 -1 -1
55
29 12

55 -1 -1
60
43 29

60 -1 -1
63
28 33

63 -1 -1
66
11 23

66 -1 -1
68
2 20

68 -1 -1
72
11 23

72 -1 -1
77
21 2

77 -1 -1
81
6 27

81 -1 -1
86
9 1

86 -1 -1
91
31 1

91 -1 -1
94
10 36

94 -1 -1
96
35 27

96 -1 -1
97
13 31

97 -1 -1
99
3 42

99 -1 -1
0
28 28

100 -1 -1
0
11 1

109 -1 -1
110
5 0
3271
5 15

110 -1 -1
109
6 15
120
8 0

120 -1 -1
110
6 9
122
8 0

122 -1 -1
120
6 9
378
9 5

-1 135 -1 -1 Mileth Bank
500
5 11 6 11 7 11

-1 136 -1 -1 Mileth Inn
500
11 2 11 3 6 11 5 11

-1 378 30 10 Loures Dungeon
-1 568 189 528 315 -1
14 8
122
1 8

421 -1 -1
505
11 8 11 9

-1 422 -1 -1 Rucesion Bank
505
5 14 6 14

425 -1 -1
1
9 7
500
6 15 7 15 8 15 9 15

449 -1 -1 West Woods 8-1
452
25 49 26 49

452 -1 -1 West Woods 10-1
453
0 23 0 24

453 -1 -1 West Woods 11-1
454
0 24

454 -1 -1 West Woods 12-1
456
0 23 0 24

456 -1 -1 West Woods 14-1
457
23 0 24 0

-1 457 -1 -1 West Woods 15-1
-1
24 24

-1 498 -1 -1 Rucesion Inn
-1
4 7
505
4 11 5 11 6 11 7 11

-1 500 -1 -1 Mileth Altar
-1
33 52
135
54 69 55 69
136
28 43 27 43 32 37 32 38
425
90 55 91 54
3006
99 31 99 30 99 29 99 28 99 27 99 26

502 70 78 Abel
3008 111 107
14 67 15 67
3014
28 0 29 0 30 0
3081 494 207
14 67 15 67
6228 550 385
14 67 15 67

503 -1 -1 Suomi
-1
27 51
3016
39 0 40 0 41 0

504 -1 -1 Undine
2120 56 165
8 86 8 87 9 35 9 34
3008
99 49 99 50 99 51
3016 71 191
8 86 8 87 9 35 9 34

505 -1 -1 Rucesion
421
37 28
422
42 11
498
41 41
502 306 77
28 44 27 44 22 44 21 44
3012 343 250
28 44 27 44 22 44 21 44
3271 323 236
28 44 27 44 22 44 21 44
6228 550 385
28 44 27 44 22 44 21 44
6925 404 295
28 44 27 44 22 44 21 44

542 -1 -1 Shinewood Enterance
565
7 0 8 0 9 0
2052 101 274
14 24 15 24
3012 344 250
14 24 15 24
3020 298 188
14 24 15 24
3071 364 215
14 24 15 24
3081 494 205
14 24 15 24
3271 328 233
14 24 15 24
6925 404 295
14 24 15 24

543 -1 -1
544
76 0 77 0 78 0
564
58 99 57 99

544 -1 -1
543
88 99 87 99
545
99 24 99 23 99 22

545 -1 -1
544
0 34 0 35
546
99 50 99 51 99 52

546 -1 -1
545
0 11 0 10
547
26 0 27 0 28 0

547 -1 -1
546
30 49 29 49
551
0 11 0 10 0 9

548 -1 -1
553
19 0 18 0 17 0
554
27 49 26 49

550 -1 -1
547
30 49 29 49
554
19 0 18 0 17 0

551 -1 -1
547
49 24 49 25
550
8 0 7 0 6 0

552 -1 -1
553
49 29 49 28
558
32 49 31 49 30 49

553 -1 -1
548
22 49 21 49
552
0 11 0 10 0 9

554 -1 -1
548
19 0 18 0 17 0
550
30 49 29 49

556 -1 -1
560
25 49 26 49 27 49
561
18 0 19 0

557 -1 -1
560
49 31 49 30 49 29
1007
16 20 16 19

558 -1 -1
552
28 0 29 0 27 0
559
32 49 33 49 34 49

559 -1 -1
-1
44 27
558
33 0 32 0
562
49 29 49 30 49 31

560 -1 -1
556
12 0 13 0
557
0 9 0 10 0 11

561 -1 -1
556
33 49 34 49 35 49
562
26 0 27 0

562 -1 -1
559
0 10 0 11
561
24 49 25 49

564 -1 -1
543
42 0 43 0 44 0
565
43 99 44 99

565 -1 -1
542
40 99 39 99 75 99 76 99
564
26 0 27 0 28 0

662 -1 -1 Tagor
1960
40 50 41 50
3012 344 250
23 99 22 99 21 99
3081 494 207
23 99 22 99 21 99
3271 328 233
23 99 22 99 21 99

706 -1 -1 Oren Tower
710
0 16
6228
9 19 10 19 19 8 19 9

707 -1 -1
711
0 3

708 -1 -1
712
16 0

709 -1 -1
713
0 3

710 -1 -1
707
5 7

711 -1 -1
708
9 0

712 -1 -1
709
5 7

713 -1 -1
714
9 0

714 -1 -1
715
36 38 0 4

-1 715 -1 -1 Oren Tower Maze
-1
28 1

1007 -1 -1
-1
7 8
557
9 6 9 5

1960 -1 -1
662
6 13 7 13

2046 -1 -1
2049
99 42
2052
58 99

2049 -1 -1
2046
0 42
5098
93 12

-1 2052 -1 -1 House Macreb
542 54 356
9 19 10 19 11 19 12 19 13 19
2046
9 0 10 0 8 0
3012 344 250
9 19 10 19 11 19 12 19 13 19
3020 298 188
9 19 10 19 11 19 12 19 13 19
3071 364 215
9 19 10 19 11 19 12 19 13 19
3081 494 205
9 19 10 19 11 19 12 19 13 19
3271 328 233
9 19 10 19 11 19 12 19 13 19
6925 404 295
9 19 10 19 11 19 12 19 13 19

2088 15 40
2089
6 0 7 0 8 0
2120
14 36 14 35 14 34

2089 -1 -1 Mount Gigaran 3
-1
14 9
2088
11 19 12 19
2090
19 10 19 9 19 8

2090 -1 -1
2089
0 15 0 14
2091
99 82 99 83 99 84

2091 -1 -1
2090
0 50 0 49
2092
99 22 99 23 99 21 99 20

2092 -1 -1
2091
0 50 0 51 0 49
2093
99 68 99 69 99 70 99 71

2093 -1 -1
2092
0 77 0 76
2094
99 47 99 46 99 45

2094 -1 -1
2093
0 44 0 43 0 42
2095
99 47 99 46 99 45

2095 -1 -1
2094
0 41 0 40
2096
48 0 49 0 50 0 51 0
2099
54 99 55 99 56 99

2096 15 40
-1
6 7
2095
6 39 7 39 8 39

2099 15 40
-1
6 33
2095
4 0 5 0 6 0

2120 40 15 Mount Gigaran Enterance
504 112 109
39 6 39 7 39 8 39 9
2088
0 5 0 6 0 7 0 8
3016 71 191
39 6 39 7 39 8 39 9

-1 2140 -1 -1 Loures Garden
-1
11 22
2141
0 15 0 16

2141 100 50
2140
99 24 99 23
3271
0 5 0 6

2900 20 22 Veltain Mines Enterance
2901
3 10 3 9 3 8
11021 -1
19 11 19 10

2901 -1 -1 Veltain Mines
-1
18 11
2900
26 12 26 13

2908 -1 -1
2909
0 5 0 4 4 0 5 0 19 12 19 13
11021
5 19 6 19

2909 -1 -1
2910
0 5 0 4 4 0 5 0 19 12 19 13 10 19 11 19

2910 -1 -1
2911
0 5 0 4 4 0 5 0 19 12 19 13 10 19 11 19

2911 -1 -1
2912
0 5 0 4 4 0 5 0 19 12 19 13 10 19 11 19

2912 -1 -1
2913
0 5 0 4 4 0 5 0 19 12 19 13 10 19 11 19

2913 -1 -1
2914
0 5 0 4 4 0 5 0 19 12 19 13 10 19 11 19

2914 -1 -1
2915
0 5 0 4 4 0 5 0 19 12 19 13 10 19 11 19

2915 -1 -1
2916
0 5 0 4 4 0 5 0 19 12 19 13 10 19 11 19

2916 -1 -1
2900
0 5 0 4 4 0 5 0 19 12 19 13 10 19 11 19

3006 16 24
449 218 99
15 6 15 7 15 8 15 9 15 10
500
0 4 0 5 0 6 0 7 0 8 0 9
3014 306 77
15 6 15 7 15 8 15 9 15 10
3052 279 139
15 6 15 7 15 8 15 9 15 10

3008 16 24 Undine Outskirts
502 307 97
15 16 15 15 15 14
504
0 17 0 18 0 19

3012 16 24 Loures
542 54 356
15 9 15 8 15 7
662 135 300
15 9 15 8 15 7
2052 101 274
15 9 15 8 15 7
3020 298 188
15 9 15 8 15 7
3071 364 215
15 9 15 8 15 7
3081 494 205
15 9 15 8 15 7
3271 328 233
15 9 15 8 15 7
6925 404 295
15 9 15 8 15 7

3014 16 24 Abel Outskirts
449 218 99
15 12 15 13 15 14
502
9 21 10 21 11 21
3052 279 139
15 12 15 13 15 14
3079 258 87
15 12 15 13 15 14

3016 24 16 Suomi Outskirts
503
15 15 16 15 17 15
504 112 109
16 0 17 0 18 0
2120 56 165
16 0 17 0 18 0

3020 24 16 Piet
3012 344 250
15 0 16 0 17 0
3052 279 139
15 0 16 0 17 0
3071 364 215
15 0 16 0 17 0
3271 328 233
15 0 16 0 17 0
6925 404 295
15 0 16 0 17 0

3052 40 26 Pravat Cave
-1
28 19
449 218 99
24 25 25 25 26 25 27 25
3012 344 250
33 25 34 25 35 25 36 25
3014 306 77
24 25 25 25 26 25 27 25
3020 298 188
33 25 34 25 35 25 36 25
3059
11 18 11 19 11 20
3071 364 215
24 25 25 25 26 25 27 25
3079 258 87
24 25 25 25 26 25 27 25
3271 328 233
33 25 34 25 35 25 36 25
6925 404 295
33 25 34 25 35 25 36 25

3056 -1 -1
3058
14 0 15 0 16 0
3059
0 25 0 26

3058 -1 -1
3056
3 23 4 23
3635
8 1 9 1

3059 14 21
3052
5 0 6 0
3056
13 0 13 1 13 2 13 3

3071 8 16
3012 344 250
0 6 0 7 0 8
3072
7 10 7 11 7 12 7 13 7 3 7 2 7 1

3072 -1 -1
3071
0 9 0 10
3073
31 5 31 4

3073 -1 -1
3072
0 18 0 17
3075
5 0 6 0

3075 -1 -1
3073
0 29 1 29
3076
28 31 29 31

3076 -1 -1
3075
5 0 6 0
4000
11 31 12 31

-1 3078 12 18 Mehadi Swamp
-1
8 13
4003
0 1 0 4 0 3 0 2

3079 14 7 Mileth Gateway
449 218 99
0 0 1 0 2 0 3 0 4 0 5 0 6 0 7 0 8 0 10 0 9 0 11 0 12 0 13 0
3006
0 2 1 2 2 2 3 2 4 2 5 2 6 2 0 6 1 6 2 6 3 6 4 6 5 6 6 6 7 6 8 6 9 6 10 6 11 6 12 6 13 6 7 2 9 2 8 2 10 2 11 2 12 2 13 2
3014 306 77
0 0 1 0 2 0 3 0 4 0 5 0 6 0 7 0 8 0 10 0 9 0 11 0 12 0 13 0
3052 279 139
0 0 1 0 2 0 3 0 4 0 5 0 6 0 7 0 8 0 10 0 9 0 11 0 12 0 13 0

3081 14 7 Rucesion Gateway
502 306 77
0 0 1 0 2 0 3 0 4 0 5 0 6 0 7 0 8 0 10 0 9 0 11 0 12 0 13 0
505
0 2 1 2 2 2 3 2 4 2 5 2 6 2 0 6 1 6 2 6 3 6 4 6 5 6 6 6 7 6 8 6 9 6 11 6 10 6 12 6 13 6 7 2 8 2 9 2 10 2 12 2 11 2 13 2
3012 344 250
0 0 1 0 2 0 3 0 4 0 5 0 6 0 7 0 8 0 10 0 9 0 11 0 12 0 13 0
3271 323 236
0 0 1 0 2 0 3 0 4 0 5 0 6 0 7 0 8 0 10 0 9 0 11 0 12 0 13 0
6228 550 385
0 0 1 0 2 0 3 0 4 0 5 0 6 0 7 0 8 0 10 0 9 0 11 0 12 0 13 0
6925 404 295
0 0 1 0 2 0 3 0 4 0 5 0 6 0 7 0 8 0 10 0 9 0 11 0 12 0 13 0

3271 65 77 Loures Castle
109
28 37 29 37 30 37
2141
14 35 13 35
3012 344 250
64 61 64 60 64 59
3020 295 188
64 61 64 60 64 59
3052 279 139
64 61 64 60 64 59
3071 364 215
64 61 64 60 64 59
3926
32 76 33 76
6925 404 295
64 61 64 60 64 59

3601 -1 -1 Chaos 2
3602
68 33

3602 -1 -1
3603
26 77

3603 -1 -1
3605
48 25

3605 -1 -1
3606
68 48

3606 -1 -1
3607
78 39

3607 -1 -1
3608
69 20 69 19

3608 -1 -1
3609
6 59 5 59

3609 -1 -1
3610
29 69 30 69

3610 -1 -1
3611
16 79 15 79

3611 -1 -1
3612
18 99

3612 -1 -1 Chaos 13
3613
4 79
3622
79 38 79 39

3613 -1 -1
3615
69 39 69 40

3615 -1 -1
3616
26 49 27 49

3616 -1 -1
3617
32 79 31 79

3617 -1 -1
3618
79 19 79 18

3618 -1 -1
3619
79 46 79 47

3619 -1 -1
3620
69 59 69 60

3620 -1 -1
3621
99 55 99 54

3621 -1 -1
3622
69 29

3622 -1 -1 Chaos 23
3623
99 50

3623 -1 -1
3624
30 79 29 79

3624 -1 -1
3626
69 6

3626 -1 -1
3627
31 49 30 49

3627 -1 -1
3628
56 79 57 79

3628 -1 -1
3629
29 69 30 69

3629 -1 -1
3630
3 40 3 39

3630 -1 -1
3631
5 49 4 49

3631 -1 -1
3632
0 63 0 62

3632 -1 -1 Chaos 33
4335
25 0 26 0

3634 -1 -1 Chaos Enterance
-1
20 13
3601
28 16
3635
1 14

3635 -1 -1
3058
10 19
3634
6 2

3926 78 80 Loures Market
3271
38 0 39 0
3935
66 21
3938
14 18
3940
67 65

3935 -1 -1 Loures Canal - Skrull Enterance
-1
6 16
3926
10 19 9 19

3938 -1 -1 Loures Canal Enterance
-1
9 16
3926
19 13 19 12

3940 -1 -1 Loures Canal - Blob Enterance
-1
8 17
3926
19 13

4000 -1 -1
3076
11 0 12 0 13 0 14 0
4002
31 14 31 13

4002 -1 -1
4000
0 14 0 13
4003
14 31 13 31

4003 -1 -1
3078
31 11 31 12 31 14
4002
13 0 14 0

4335 -1 -1 Chaos 34 Portals
-1
68 85 5 33 19 44 6 3 90 74 93 12 76 54 61 64 42 64 54 30 3 68 8 93

5001 -1 -1 Cthonic Remains 1
-1
67 23
5002
73 45
5101
63 18

5002 -1 -1
5003
51 37

5003 -1 -1
5004
38 63

5004 -1 -1
5005
7 81

5005 -1 -1
5006
37 63

5006 -1 -1
5007
45 34

5007 -1 -1
5008
46 53

5008 -1 -1
5009
73 43

5009 -1 -1
5010
59 15

5010 -1 -1 Cthonic Remains 10
-1
64 19
5011
56 47

5011 -1 -1
5012
69 30

5012 -1 -1
5013
84 5

5013 -1 -1
5014
60 5

5014 -1 -1
5015
78 8

5015 -1 -1
5016
50 9

5016 -1 -1
5017
9 85

5017 -1 -1
5018
6 47

5018 -1 -1
5019
6 45

5019 -1 -1
5020
37 16

5020 -1 -1
5021
12 24

5021 -1 -1
5022
4 53

5022 -1 -1
5023
26 57

5023 -1 -1
5024
68 54

5024 -1 -1
5025
56 73

5025 -1 -1
5026
66 33

5026 -1 -1
5027
30 30

5027 -1 -1
5028
60 63

5028 -1 -1
5029
50 13 13 72

5029 -1 -1
5030
71 45 46 40 28 7

5030 -1 -1
5031
77 22 3 53

5031 -1 -1 Cthonic Remains 30
-1
7 36

5098 -1 -1
2049
19 4
5101
2 2

5101 -1 -1
5001
0 4
5098
2 1

-1 6228 133 200 Oren
502 306 77
58 174 57 174
706
35 50 36 49
3081 494 205
58 174 57 174
6520
76 91
6525
48 0 49 0 50 0 51 0 67 0 68 0 69 0 70 0 71 0 72 0

-1 6520 -1 -1 Oren Bank
-1
9 6
6228
19 9 19 8 19 10 19 11

6525 100 150
6228
35 149 32 149 33 149 34 149 59 149 60 149 61 149 62 149 63 149 64 149
6924 10 10
34 34

6700 -1 -1 Nobis
-1
37 28
6701
69 27

6701 -1 -1
6700
0 10 0 11 0 12

6924 -1 -1
6525
28 49
6701
22 31

-1 6925 50 75 Loures Harbour
-1
16 8
3012 344 250
33 0 34 0 35 0
3020 298 188
33 0 34 0 35 0
3052 279 139
33 0 34 0 35 0
3071 364 215
33 0 34 0 35 0
3271 328 233
33 0 34 0 35 0
6926
20 30 19 30

6926 -1 -1
6925
8 13 7 13
10028 368 15 527 332 -1 -1
8 10

6997 -1 -1 Water Temple Entrance
6998
15 9 16 9 17 9
10055 494 286
16 34 17 34
10265 274 301
16 34 17 34

6998 -1 -1 Water Spirit Temple
-1
11 7
6997
12 26 11 26

-1 10000 90 80 Asilon
-1
28 31
10004
49 50 50 50 51 50
10014
25 0 26 0 27 0 24 0
10999 455 151 522 332 -1 -1 -1
28 32

10004 21 16
10000
8 14 9 14 10 14

10008 -1 -1
10009
44 0 43 0 42 0 41 0 40 0 39 0 38 0 37 0

10009 -1 -1
10000
33 12

10014 -1 -1
10000
15 49 16 49 17 49 14 49
10017
0 38 0 37 0 36 0 35

10016 -1 -1
10017
3 0 4 0 5 0
10018
0 5 0 6 0 7 0 8

10017 -1 -1
10014
49 38 49 37 49 36
10016
3 49 4 49 5 49

10018 -1 -1
10000
12 12
10016
49 6 49 7 49 8
10021
0 6 0 7 0 8

10021 -1 -1
10018
49 6 49 7 49 8
10022
40 0 39 0 38 0

10022 -1 -1
10021
37 49 36 49 35 49
10025
0 35 0 34 0 33

10025 -1 -1
10022
49 33 49 32 49 31
10026
0 16 0 15 0 14

10026 -1 -1
10025
49 16 49 15 49 14
10027
39 0 38 0 37 0

10027 -1 -1
10026
37 49 38 49 39 49
10029
15 0 14 0 13 0

10028 55 33
10008
38 0 39 0 40 0 41 0 42 0 43 0

10029 -1 -1
10026
12 49 13 49 14 49
10032
10 0 11 0 12 0

10031 -1 -1
10032
49 38 49 37 49 39
10033
33 0 34 0 35 0

10032 -1 -1
10029
10 49 11 49 12 49
10031
0 39 0 38 0 37

10033 -1 -1
10031
33 49 34 49 35 49
10049
0 15 0 14 0 13

10034 -1 -1
10038
37 0 36 0 35 0 34 0 33 0 32 0 31 0
10055
49 8

10038 -1 -1
10034
22 49
10101
20 38 21 38

10049 -1 -1
10033
49 15 49 14 49 13
10055
42 0 41 0 40 0 39 0

10054 -1 -1 Earth Spirit
10055
14 29 15 29 16 29

-1 10055 -1 -1 Noam
1960 485 62 528 314 -1 -1 -1 -1
45 24
10034
0 19 0 22 0 23 0 25 0 27 0 33 0 35
10049
53 99 52 99 40 99
10054
85 0 86 0 87 0 89 0 88 0 90 0 91 0
10056
33 22
10999 485 62 523 333 -1 -1 -1
45 24

10056 -1 -1
10055
4 17

10101 -1 -1 Andor
-1
20 18
10038
20 38
10102
22 1 23 1

10102 -1 -1
10105
1 7 1 6

10105 -1 -1
10106
14 1 15 1

10106 -1 -1
10107
14 1 15 1

10107 -1 -1
10108
22 1 23 1

10108 -1 -1
10115
1 7 1 6

10115 -1 -1
10116
14 1 15 1

10116 -1 -1
10117
14 1 15 1

10117 -1 -1
10124
1 7 1 6

10124 -1 -1
10125
14 1 15 1

10125 -1 -1
10130
1 15 1 14

10130 -1 -1
10133
1 22 1 23

10133 -1 -1
10136
1 22 1 23

10136 -1 -1
10137
14 1 15 1

10137 -1 -1
10138
22 1 23 1

10138 -1 -1
10145
1 7 1 6

10139 -1 -1
10140
22 1 23 1

10140 -1 -1
10147
1 23 1 22

10145 -1 -1
10146
14 1 15 1

10146 -1 -1
10139
30 9 30 8

10147 -1 -1
10151
1 22 1 23

10151 -1 -1
10152
14 1 15 1

10152 -1 -1
10155
1 7 1 6

10155 -1 -1
10161
1 22 1 23

10161 -1 -1
10171
1 22 1 23

10170 -1 -1
10180
1 22 1 23

10171 -1 -1
10170
17 30 18 30

10180 -1 -1
-1
18 18

-1 10265 -1 -1 Hwarone
-1
10 73
10996
46 98 47 98 48 98 49 98
10998 145 65 521 304 -1 -1 -1
90 44
11021
18 0 17 0 16 0 15 0

10996 -1 -1 Fire Sprit
-1
16 11
10265
18 0 19 0 20 0 21 0

10998 -1 -1 Hwarone Caravan
6997 264 386
5 6
10055 494 286
5 6

10999 -1 -1 Noes Caravan
6997 264 386
5 6
10000 551 382
5 6
10055 494 286
5 6
10265 274 301
5 6

11021 -1 -1 Blossom Garden
2908
18 0 19 0
10265
7 46
