4,직업퀘스트룸대기실,23,0,죽음의마을이동1,0,0,0,99,362
4,직업퀘스트룸대기실,13,0,죽음의마을이동1,0,0,0,99,362
4,직업퀘스트룸대기실,4,0,죽음의마을이동1,0,0,0,99,362
4,직업퀘스트룸대기실,0,4,죽음의마을이동1,0,0,0,99,362
4,직업퀘스트룸대기실,0,13,죽음의마을이동1,0,0,0,99,362

4,직업퀘스트룸대기실,19,12,죽음의마을이동1,0,0,0,99,362
4,직업퀘스트룸대기실,20,12,죽음의마을이동1,0,0,0,99,362
4,직업퀘스트룸대기실,19,13,죽음의마을이동1,0,0,0,99,362
4,직업퀘스트룸대기실,20,13,죽음의마을이동1,0,0,0,99,362

4,화염의엘리멘탈대기실,8,3,죽음의마을이동1,0,0,0,99,362
4,화염의엘리멘탈대기실,9,3,죽음의마을이동1,0,0,0,99,362

4,화염의엘리멘탈룸,1,9,죽음의마을이동1,0,0,0,99,362

4,바람의엘리멘탈대기실,8,3,죽음의마을이동1,0,0,0,99,362
4,바람의엘리멘탈대기실,9,3,죽음의마을이동1,0,0,0,99,362

4,바람의엘리멘탈룸,10,1,죽음의마을이동1,0,0,0,99,362

4,대지의엘리멘탈대기실,8,3,죽음의마을이동1,0,0,0,99,362
4,대지의엘리멘탈대기실,9,3,죽음의마을이동1,0,0,0,99,362

4,대지의엘리멘탈룸,10,1,죽음의마을이동1,0,0,0,99,362

4,바다의엘리멘탈대기실,8,3,죽음의마을이동1,0,0,0,99,362
4,바다의엘리멘탈대기실,9,3,죽음의마을이동1,0,0,0,99,362

4,바다의엘리멘탈룸,1,9,죽음의마을이동1,0,0,0,99,362

4,적룡의척추,23,3,죽음의마을이동1,0,0,0,99,362
4,적룡의척추,24,3,죽음의마을이동1,0,0,0,99,362