0,뤼케시온해안대기실,41,42,뤼케시온마을,78,14,99,99,362
0,뤼케시온해안대기실,41,43,뤼케시온마을,79,14,99,99,362

0,뤼케시온마을,78,11,뤼케시온해안대기실,27,25,99,99,362
0,뤼케시온마을,79,11,뤼케시온해안대기실,28,25,99,99,362

0,뤼케시온해안대기실,14,0,뤼케시온해안2-C,9,47,99,99,362
0,뤼케시온해안대기실,15,0,뤼케시온해안2-C,10,47,99,99,362
0,뤼케시온해안대기실,16,0,뤼케시온해안2-C,11,47,99,99,362
0,뤼케시온해안대기실,17,0,뤼케시온해안2-C,12,47,99,99,362

0,뤼케시온해안2-C,9,49,뤼케시온해안대기실,14,2,99,99,362
0,뤼케시온해안2-C,10,49,뤼케시온해안대기실,15,2,99,99,362
0,뤼케시온해안2-C,11,49,뤼케시온해안대기실,16,2,99,99,362
0,뤼케시온해안2-C,12,49,뤼케시온해안대기실,17,2,99,99,362

0,뤼케시온해안2-C,0,7,뤼케시온해안2-B,47,14,99,99,362
0,뤼케시온해안2-C,0,8,뤼케시온해안2-B,47,15,99,99,362
0,뤼케시온해안2-C,0,9,뤼케시온해안2-B,47,16,99,99,362
0,뤼케시온해안2-C,0,10,뤼케시온해안2-B,47,17,99,99,362

0,뤼케시온해안2-B,49,14,뤼케시온해안2-C,2,7,99,99,362
0,뤼케시온해안2-B,49,15,뤼케시온해안2-C,2,8,99,99,362
0,뤼케시온해안2-B,49,16,뤼케시온해안2-C,2,9,99,99,362
0,뤼케시온해안2-B,49,17,뤼케시온해안2-C,2,10,99,99,362

0,뤼케시온해안2-B,36,49,뤼케시온해안1-B,22,2,99,99,362
0,뤼케시온해안2-B,37,49,뤼케시온해안1-B,23,2,99,99,362
0,뤼케시온해안2-B,38,49,뤼케시온해안1-B,24,2,99,99,362
0,뤼케시온해안2-B,39,49,뤼케시온해안1-B,25,2,99,99,362

0,뤼케시온해안1-B,22,0,뤼케시온해안2-B,36,47,99,99,362
0,뤼케시온해안1-B,23,0,뤼케시온해안2-B,37,47,99,99,362
0,뤼케시온해안1-B,24,0,뤼케시온해안2-B,38,47,99,99,362
0,뤼케시온해안1-B,25,0,뤼케시온해안2-B,39,47,99,99,362

0,뤼케시온해안1-B,49,17,뤼케시온해안대기실,2,31,99,99,362
0,뤼케시온해안1-B,49,18,뤼케시온해안대기실,2,32,99,99,362
0,뤼케시온해안1-B,49,19,뤼케시온해안대기실,2,33,99,99,362
0,뤼케시온해안1-B,49,20,뤼케시온해안대기실,2,34,99,99,362

0,뤼케시온해안대기실,0,31,뤼케시온해안1-B,47,17,99,99,362
0,뤼케시온해안대기실,0,32,뤼케시온해안1-B,47,18,99,99,362
0,뤼케시온해안대기실,0,33,뤼케시온해안1-B,47,19,99,99,362
0,뤼케시온해안대기실,0,34,뤼케시온해안1-B,47,20,99,99,362

0,뤼케시온해안2-B,13,0,뤼케시온해안3-B,26,47,99,99,362
0,뤼케시온해안2-B,14,0,뤼케시온해안3-B,27,47,99,99,362
0,뤼케시온해안2-B,15,0,뤼케시온해안3-B,28,47,99,99,362
0,뤼케시온해안2-B,16,0,뤼케시온해안3-B,29,47,99,99,362

0,뤼케시온해안3-B,26,49,뤼케시온해안2-B,13,2,99,99,362
0,뤼케시온해안3-B,27,49,뤼케시온해안2-B,14,2,99,99,362
0,뤼케시온해안3-B,28,49,뤼케시온해안2-B,15,2,99,99,362
0,뤼케시온해안3-B,29,49,뤼케시온해안2-B,16,2,99,99,362

0,뤼케시온해안3-B,22,0,뤼케시온해안4-B,36,47,99,99,362
0,뤼케시온해안3-B,23,0,뤼케시온해안4-B,37,47,99,99,362
0,뤼케시온해안3-B,24,0,뤼케시온해안4-B,38,47,99,99,362

0,뤼케시온해안4-B,36,49,뤼케시온해안3-B,22,2,99,99,362
0,뤼케시온해안4-B,37,49,뤼케시온해안3-B,23,2,99,99,362
0,뤼케시온해안4-B,38,49,뤼케시온해안3-B,24,2,99,99,362

0,뤼케시온해안1-B,0,9,뤼케시온해안1-A,47,12,99,99,362
0,뤼케시온해안1-B,0,10,뤼케시온해안1-A,47,13,99,99,362
0,뤼케시온해안1-B,0,11,뤼케시온해안1-A,47,14,99,99,362
0,뤼케시온해안1-B,0,12,뤼케시온해안1-A,47,15,99,99,362

0,뤼케시온해안1-A,49,12,뤼케시온해안1-B,2,9,99,99,362
0,뤼케시온해안1-A,49,13,뤼케시온해안1-B,2,10,99,99,362
0,뤼케시온해안1-A,49,14,뤼케시온해안1-B,2,11,99,99,362
0,뤼케시온해안1-A,49,15,뤼케시온해안1-B,2,12,99,99,362

0,뤼케시온해안1-A,12,0,뤼케시온해안2-A,26,47,99,99,362
0,뤼케시온해안1-A,13,0,뤼케시온해안2-A,27,47,99,99,362
0,뤼케시온해안1-A,14,0,뤼케시온해안2-A,28,47,99,99,362
0,뤼케시온해안1-A,15,0,뤼케시온해안2-A,29,47,99,99,362

0,뤼케시온해안2-A,26,49,뤼케시온해안1-A,12,2,99,99,362
0,뤼케시온해안2-A,27,49,뤼케시온해안1-A,13,2,99,99,362
0,뤼케시온해안2-A,28,49,뤼케시온해안1-A,14,2,99,99,362
0,뤼케시온해안2-A,29,49,뤼케시온해안1-A,15,2,99,99,362

0,뤼케시온해안2-A,29,0,뤼케시온해안3-A,29,47,99,99,362
0,뤼케시온해안2-A,30,0,뤼케시온해안3-A,30,47,99,99,362
0,뤼케시온해안2-A,31,0,뤼케시온해안3-A,31,47,99,99,362
0,뤼케시온해안2-A,32,0,뤼케시온해안3-A,32,47,99,99,362

0,뤼케시온해안3-A,29,49,뤼케시온해안2-A,29,2,99,99,362
0,뤼케시온해안3-A,30,49,뤼케시온해안2-A,30,2,99,99,362
0,뤼케시온해안3-A,31,49,뤼케시온해안2-A,31,2,99,99,362
0,뤼케시온해안3-A,32,49,뤼케시온해안2-A,32,2,99,99,362

0,뤼케시온해안3-A,13,0,뤼케시온해안4-A,37,47,99,99,362
0,뤼케시온해안3-A,14,0,뤼케시온해안4-A,38,47,99,99,362
0,뤼케시온해안3-A,15,0,뤼케시온해안4-A,39,47,99,99,362
0,뤼케시온해안3-A,16,0,뤼케시온해안4-A,40,47,99,99,362

0,뤼케시온해안4-A,37,49,뤼케시온해안3-A,13,2,99,99,362
0,뤼케시온해안4-A,38,49,뤼케시온해안3-A,14,2,99,99,362
0,뤼케시온해안4-A,39,49,뤼케시온해안3-A,15,2,99,99,362
0,뤼케시온해안4-A,40,49,뤼케시온해안3-A,16,2,99,99,362

0,뤼케시온해안4-A,49,23,뤼케시온해안4-B,2,10,99,99,362
0,뤼케시온해안4-A,49,24,뤼케시온해안4-B,2,11,99,99,362
0,뤼케시온해안4-A,49,25,뤼케시온해안4-B,2,12,99,99,362
0,뤼케시온해안4-A,49,26,뤼케시온해안4-B,2,13,99,99,362

0,뤼케시온해안4-B,0,10,뤼케시온해안4-A,47,23,99,99,362
0,뤼케시온해안4-B,0,11,뤼케시온해안4-A,47,24,99,99,362
0,뤼케시온해안4-B,0,12,뤼케시온해안4-A,47,25,99,99,362
0,뤼케시온해안4-B,0,13,뤼케시온해안4-A,47,26,99,99,362

0,뤼케시온해안3-A,49,35,뤼케시온해안3-B,2,11,99,99,362
0,뤼케시온해안3-A,49,36,뤼케시온해안3-B,2,12,99,99,362
0,뤼케시온해안3-A,49,37,뤼케시온해안3-B,2,13,99,99,362

0,뤼케시온해안3-B,0,11,뤼케시온해안3-A,47,35,99,99,362
0,뤼케시온해안3-B,0,12,뤼케시온해안3-A,47,36,99,99,362
0,뤼케시온해안3-B,0,13,뤼케시온해안3-A,47,37,99,99,362

0,뤼케시온해안2-A,49,22,뤼케시온해안2-B,2,22,99,99,362
0,뤼케시온해안2-A,49,23,뤼케시온해안2-B,2,23,99,99,362
0,뤼케시온해안2-A,49,24,뤼케시온해안2-B,2,24,99,99,362
0,뤼케시온해안2-A,49,25,뤼케시온해안2-B,2,25,99,99,362

0,뤼케시온해안2-B,0,22,뤼케시온해안2-A,47,22,99,99,362
0,뤼케시온해안2-B,0,23,뤼케시온해안2-A,47,23,99,99,362
0,뤼케시온해안2-B,0,24,뤼케시온해안2-A,47,24,99,99,362
0,뤼케시온해안2-B,0,25,뤼케시온해안2-A,47,25,99,99,362

0,뤼케시온해안2-C,17,0,뤼케시온해안3-C,21,47,99,99,362
0,뤼케시온해안2-C,18,0,뤼케시온해안3-C,22,47,99,99,362
0,뤼케시온해안2-C,19,0,뤼케시온해안3-C,23,47,99,99,362
0,뤼케시온해안2-C,20,0,뤼케시온해안3-C,24,47,99,99,362

0,뤼케시온해안3-C,21,49,뤼케시온해안2-C,17,2,99,99,362
0,뤼케시온해안3-C,22,49,뤼케시온해안2-C,18,2,99,99,362
0,뤼케시온해안3-C,23,49,뤼케시온해안2-C,19,2,99,99,362
0,뤼케시온해안3-C,24,49,뤼케시온해안2-C,20,2,99,99,362

0,뤼케시온해안3-C,0,18,뤼케시온해안3-B,47,20,99,99,362
0,뤼케시온해안3-C,0,19,뤼케시온해안3-B,47,21,99,99,362
0,뤼케시온해안3-C,0,20,뤼케시온해안3-B,47,22,99,99,362
0,뤼케시온해안3-C,0,21,뤼케시온해안3-B,47,23,99,99,362

0,뤼케시온해안3-B,49,20,뤼케시온해안3-C,2,18,99,99,362
0,뤼케시온해안3-B,49,21,뤼케시온해안3-C,2,19,99,99,362
0,뤼케시온해안3-B,49,22,뤼케시온해안3-C,2,20,99,99,362
0,뤼케시온해안3-B,49,23,뤼케시온해안3-C,2,21,99,99,362

0,뤼케시온해안3-C,19,0,뤼케시온해안4-C,9,47,99,99,362
0,뤼케시온해안3-C,20,0,뤼케시온해안4-C,10,47,99,99,362
0,뤼케시온해안3-C,21,0,뤼케시온해안4-C,11,47,99,99,362

0,뤼케시온해안4-C,9,49,뤼케시온해안3-C,19,2,99,99,362
0,뤼케시온해안4-C,10,49,뤼케시온해안3-C,20,2,99,99,362
0,뤼케시온해안4-C,11,49,뤼케시온해안3-C,21,2,99,99,362

0,뤼케시온해안4-C,0,30,뤼케시온해안4-B,47,29,99,99,362
0,뤼케시온해안4-C,0,31,뤼케시온해안4-B,47,30,99,99,362
0,뤼케시온해안4-C,0,32,뤼케시온해안4-B,47,31,99,99,362

0,뤼케시온해안4-B,49,29,뤼케시온해안4-C,2,30,99,99,362
0,뤼케시온해안4-B,49,30,뤼케시온해안4-C,2,31,99,99,362
0,뤼케시온해안4-B,49,31,뤼케시온해안4-C,2,32,99,99,362