0,만남의광장,59,39,만남의광장여관,8,16,99,99,362
0,만남의광장,59,39,만남의광장여관,9,16,99,99,362
0,만남의광장여관,6,19,만남의광장,60,39,99,99,362
0,만남의광장여관,7,19,만남의광장,60,39,99,99,362
0,만남의광장여관,8,19,만남의광장,60,39,99,99,362
0,만남의광장여관,9,19,만남의광장,60,39,99,99,362

0,만남의광장,14,8,만남의광장은행,8,15,99,99,362
0,만남의광장은행,6,19,만남의광장,14,9,99,99,362
0,만남의광장은행,7,19,만남의광장,14,9,99,99,362
0,만남의광장은행,8,19,만남의광장,14,9,99,99,362
0,만남의광장은행,9,19,만남의광장,14,9,99,99,362
0,만남의광장은행,10,19,만남의광장,14,9,99,99,362
0,만남의광장은행,11,19,만남의광장,14,9,99,99,362
0,만남의광장은행,12,19,만남의광장,14,9,99,99,362

0,만남의광장무기점,12,0,만남의광장방어구점,1,10,99,99,362
0,만남의광장방어구점,0,9,만남의광장무기점,13,1,99,99,362

0,만남의광장,14,8,만남의광장은행,8,15,99,99,362
0,만남의광장은행,19,7,만남의광장,14,9,99,99,362

0,만남의광장,60,12,만남의광장방어구점,10,8,99,99,362
0,만남의광장,60,11,만남의광장방어구점,10,8,99,99,362
0,만남의광장방어구점,11,8,만남의광장,62,12,99,99,362

0,만남의광장,55,18,만남의광장무기점,6,13,99,99,362
0,만남의광장무기점,6,14,만남의광장,55,19,99,99,362

0,만남의광장,24,8,만남의광장리콜상점,6,13,99,99,362
0,만남의광장리콜상점,6,14,만남의광장,25,9,99,99,362
0,만남의광장리콜상점,7,14,만남의광장,25,9,99,99,362

0,만남의광장,44,10,만남의광장시약상점,7,12,99,99,362
0,만남의광장시약상점,10,14,만남의광장,44,12,99,99,362
0,만남의광장시약상점,11,14,만남의광장,44,12,99,99,362

0,만남의광장,24,30,차원의틈1-1,3,6,99,99,362

0,만남의광장,44,67,해안가가는길,5,1,99,99,362
0,만남의광장,45,67,해안가가는길,4,1,99,99,362

0,해안가가는길,2,14,아벨해안대기실,27,25,99,99,362
0,해안가가는길,6,14,뤼케시온해안대기실,28,25,99,99,362

0,만남의광장여관,0,9,만남의광장여관복도,8,13,99,99,362
0,만남의광장여관,0,9,만남의광장여관복도,8,12,99,99,362

0,만남의광장여관복도,9,13,만남의광장여관,1,10,99,99,362
0,만남의광장여관복도,9,12,만남의광장여관,2,10,99,99,362

0,만남의광장여관복도,0,22,101호,6,5,99,99,362
0,만남의광장여관복도,0,22,101호,6,4,99,99,362
0,101호,7,5,만남의광장여관복도,2,22,99,99,362
0,101호,7,4,만남의광장여관복도,2,21,99,99,362

0,만남의광장여관복도,0,18,102호,6,5,99,99,362
0,만남의광장여관복도,0,18,102호,6,4,99,99,362
0,102호,7,5,만남의광장여관복도,2,18,99,99,362
0,102호,7,4,만남의광장여관복도,2,17,99,99,362

0,만남의광장여관복도,0,14,103호,6,5,99,99,362
0,만남의광장여관복도,0,14,103호,6,4,99,99,362
0,103호,7,5,만남의광장여관복도,2,14,99,99,362
0,103호,7,4,만남의광장여관복도,2,13,99,99,362

0,만남의광장여관복도,0,10,104호,6,5,99,99,362
0,만남의광장여관복도,0,10,104호,6,4,99,99,362
0,104호,7,5,만남의광장여관복도,2,10,99,99,362
0,104호,7,4,만남의광장여관복도,2,9,99,99,362

0,만남의광장여관복도,0,6,105호,6,5,99,99,362
0,만남의광장여관복도,0,6,105호,6,4,99,99,362
0,105호,7,5,만남의광장여관복도,2,6,99,99,362
0,105호,7,4,만남의광장여관복도,2,5,99,99,362

0,만남의광장여관복도,0,2,106호,6,5,99,99,362
0,만남의광장여관복도,0,2,106호,6,4,99,99,362
0,106호,7,5,만남의광장여관복도,2,2,99,99,362
0,106호,7,4,만남의광장여관복도,2,1,99,99,362

0,만남의광장,43,48,이아길드성궁,38,15,99,99,362
0,만남의광장,44,48,이아길드성궁,38,16,99,99,362
0,만남의광장,45,48,이아길드성궁,38,17,99,99,362
0,이아길드성궁,39,16,만남의광장,43,50,99,99,362
0,이아길드성궁,39,17,만남의광장,44,50,99,99,362

0,해안가가는길,4,0,만남의광장,44,61,99,99,362
0,해안가가는길,5,0,만남의광장,45,61,99,99,362

0,106호,1,4,오염된우드랜드,45,24,99,99,362
0,106호,1,4,오염된우드랜드,45,25,99,99,362

0,오염된우드랜드,36,18,버려진제단1-1,8,20,99,99,362
0,오염된우드랜드,36,18,버려진제단1-1,10,20,99,99,362
0,버려진제단1-1,8,21,오염된우드랜드,36,19,99,99,362
0,버려진제단1-1,10,21,오염된우드랜드,35,19,99,99,362
0,버려진제단1-1,13,1,버려진제단1-2,8,20,99,99,362
0,버려진제단1-1,13,1,버려진제단1-2,10,20,99,99,362

0,버려진제단1-2,8,21,버려진제단1-1,12,3,99,99,362
0,버려진제단1-2,10,21,버려진제단1-1,13,3,99,99,362
0,버려진제단1-2,13,1,버려진제단1-3,8,20,99,99,362
0,버려진제단1-2,13,1,버려진제단1-3,10,20,99,99,362
0,버려진제단1-3,8,21,버려진제단1-2,12,4,99,99,362
0,버려진제단1-3,10,21,버려진제단1-2,13,4,99,99,362

0,오염된우드랜드,18,16,[우드랜드]아캐른작전회의실,18,10,99,99,362
0,오염된우드랜드,18,17,[우드랜드]아캐른작전회의실,18,9,99,99,362
0,[우드랜드]아캐른작전회의실,19,10,오염된우드랜드,20,16,99,99,362
0,[우드랜드]아캐른작전회의실,19,9,오염된우드랜드,20,17,99,99,362

0,만남의광장,26,46,만남의광장제조실,13,7,99,99,362
0,만남의광장,26,46,만남의광장제조실,23,6,99,99,362
0,만남의광장제조실,14,7,만남의광장,30,47,99,99,362
0,만남의광장제조실,14,6,만남의광장,30,46,99,99,362
