//시련의탑
3,시련의탑대기실,12,0,시련의탑입장,0,0,99,99,362
3,시련의탑대기실,13,0,시련의탑입장,0,0,99,99,362
3,시련의탑대기실,14,0,시련의탑입장,0,0,99,99,362
3,시련의탑대기실,15,0,시련의탑입장,0,0,99,99,362
3,시련의탑대기실,16,0,시련의탑입장,0,0,99,99,362
3,시련의탑대기실,17,0,시련의탑입장,0,0,99,99,362
3,시련의탑대기실,18,0,시련의탑입장,0,0,99,99,362
//1층
3,시련의탑1층1,12,0,시련의탑2층가기,0,0,99,99,362
3,시련의탑1층2,12,0,시련의탑2층가기,0,0,99,99,362
3,시련의탑1층3,12,0,시련의탑2층가기,0,0,99,99,362
3,시련의탑1층4,12,0,시련의탑2층가기,0,0,99,99,362
3,시련의탑1층5,12,0,시련의탑2층가기,0,0,99,99,362
3,시련의탑1층1,13,0,시련의탑2층가기,0,0,99,99,362
3,시련의탑1층2,13,0,시련의탑2층가기,0,0,99,99,362
3,시련의탑1층3,13,0,시련의탑2층가기,0,0,99,99,362
3,시련의탑1층4,13,0,시련의탑2층가기,0,0,99,99,362
3,시련의탑1층5,13,0,시련의탑2층가기,0,0,99,99,362
3,시련의탑1층1,14,0,시련의탑2층가기,0,0,99,99,362
3,시련의탑1층2,14,0,시련의탑2층가기,0,0,99,99,362
3,시련의탑1층3,14,0,시련의탑2층가기,0,0,99,99,362
3,시련의탑1층4,14,0,시련의탑2층가기,0,0,99,99,362
3,시련의탑1층5,14,0,시련의탑2층가기,0,0,99,99,362
3,시련의탑1층1,15,0,시련의탑2층가기,0,0,99,99,362
3,시련의탑1층2,15,0,시련의탑2층가기,0,0,99,99,362
3,시련의탑1층3,15,0,시련의탑2층가기,0,0,99,99,362
3,시련의탑1층4,15,0,시련의탑2층가기,0,0,99,99,362
3,시련의탑1층5,15,0,시련의탑2층가기,0,0,99,99,362
3,시련의탑1층1,16,0,시련의탑2층가기,0,0,99,99,362
3,시련의탑1층2,16,0,시련의탑2층가기,0,0,99,99,362
3,시련의탑1층3,16,0,시련의탑2층가기,0,0,99,99,362
3,시련의탑1층4,16,0,시련의탑2층가기,0,0,99,99,362
3,시련의탑1층5,16,0,시련의탑2층가기,0,0,99,99,362
3,시련의탑1층1,17,0,시련의탑2층가기,0,0,99,99,362
3,시련의탑1층2,17,0,시련의탑2층가기,0,0,99,99,362
3,시련의탑1층3,17,0,시련의탑2층가기,0,0,99,99,362
3,시련의탑1층4,17,0,시련의탑2층가기,0,0,99,99,362
3,시련의탑1층5,17,0,시련의탑2층가기,0,0,99,99,362
3,시련의탑1층1,18,0,시련의탑2층가기,0,0,99,99,362
3,시련의탑1층2,18,0,시련의탑2층가기,0,0,99,99,362
3,시련의탑1층3,18,0,시련의탑2층가기,0,0,99,99,362
3,시련의탑1층4,18,0,시련의탑2층가기,0,0,99,99,362
3,시련의탑1층5,18,0,시련의탑2층가기,0,0,99,99,362
//2층
3,시련의탑2층1,12,0,시련의탑3층가기,0,0,99,99,362
3,시련의탑2층2,12,0,시련의탑3층가기,0,0,99,99,362
3,시련의탑2층3,12,0,시련의탑3층가기,0,0,99,99,362
3,시련의탑2층4,12,0,시련의탑3층가기,0,0,99,99,362
3,시련의탑2층5,12,0,시련의탑3층가기,0,0,99,99,362
3,시련의탑2층1,13,0,시련의탑3층가기,0,0,99,99,362
3,시련의탑2층2,13,0,시련의탑3층가기,0,0,99,99,362
3,시련의탑2층3,13,0,시련의탑3층가기,0,0,99,99,362
3,시련의탑2층4,13,0,시련의탑3층가기,0,0,99,99,362
3,시련의탑2층5,13,0,시련의탑3층가기,0,0,99,99,362
3,시련의탑2층1,14,0,시련의탑3층가기,0,0,99,99,362
3,시련의탑2층2,14,0,시련의탑3층가기,0,0,99,99,362
3,시련의탑2층3,14,0,시련의탑3층가기,0,0,99,99,362
3,시련의탑2층4,14,0,시련의탑3층가기,0,0,99,99,362
3,시련의탑2층5,14,0,시련의탑3층가기,0,0,99,99,362
3,시련의탑2층1,15,0,시련의탑3층가기,0,0,99,99,362
3,시련의탑2층2,15,0,시련의탑3층가기,0,0,99,99,362
3,시련의탑2층3,15,0,시련의탑3층가기,0,0,99,99,362
3,시련의탑2층4,15,0,시련의탑3층가기,0,0,99,99,362
3,시련의탑2층5,15,0,시련의탑3층가기,0,0,99,99,362
3,시련의탑2층1,16,0,시련의탑3층가기,0,0,99,99,362
3,시련의탑2층2,16,0,시련의탑3층가기,0,0,99,99,362
3,시련의탑2층3,16,0,시련의탑3층가기,0,0,99,99,362
3,시련의탑2층4,16,0,시련의탑3층가기,0,0,99,99,362
3,시련의탑2층5,16,0,시련의탑3층가기,0,0,99,99,362
3,시련의탑2층1,17,0,시련의탑3층가기,0,0,99,99,362
3,시련의탑2층2,17,0,시련의탑3층가기,0,0,99,99,362
3,시련의탑2층3,17,0,시련의탑3층가기,0,0,99,99,362
3,시련의탑2층4,17,0,시련의탑3층가기,0,0,99,99,362
3,시련의탑2층5,17,0,시련의탑3층가기,0,0,99,99,362
3,시련의탑2층1,18,0,시련의탑3층가기,0,0,99,99,362
3,시련의탑2층2,18,0,시련의탑3층가기,0,0,99,99,362
3,시련의탑2층3,18,0,시련의탑3층가기,0,0,99,99,362
3,시련의탑2층4,18,0,시련의탑3층가기,0,0,99,99,362
3,시련의탑2층5,18,0,시련의탑3층가기,0,0,99,99,362
//3층
3,시련의탑3층1,12,0,시련의탑4층가기,0,0,99,99,362
3,시련의탑3층2,12,0,시련의탑4층가기,0,0,99,99,362
3,시련의탑3층3,12,0,시련의탑4층가기,0,0,99,99,362
3,시련의탑3층4,12,0,시련의탑4층가기,0,0,99,99,362
3,시련의탑3층5,12,0,시련의탑4층가기,0,0,99,99,362
3,시련의탑3층1,13,0,시련의탑4층가기,0,0,99,99,362
3,시련의탑3층2,13,0,시련의탑4층가기,0,0,99,99,362
3,시련의탑3층3,13,0,시련의탑4층가기,0,0,99,99,362
3,시련의탑3층4,13,0,시련의탑4층가기,0,0,99,99,362
3,시련의탑3층5,13,0,시련의탑4층가기,0,0,99,99,362
3,시련의탑3층1,14,0,시련의탑4층가기,0,0,99,99,362
3,시련의탑3층2,14,0,시련의탑4층가기,0,0,99,99,362
3,시련의탑3층3,14,0,시련의탑4층가기,0,0,99,99,362
3,시련의탑3층4,14,0,시련의탑4층가기,0,0,99,99,362
3,시련의탑3층5,14,0,시련의탑4층가기,0,0,99,99,362
3,시련의탑3층1,15,0,시련의탑4층가기,0,0,99,99,362
3,시련의탑3층2,15,0,시련의탑4층가기,0,0,99,99,362
3,시련의탑3층3,15,0,시련의탑4층가기,0,0,99,99,362
3,시련의탑3층4,15,0,시련의탑4층가기,0,0,99,99,362
3,시련의탑3층5,15,0,시련의탑4층가기,0,0,99,99,362
3,시련의탑3층1,16,0,시련의탑4층가기,0,0,99,99,362
3,시련의탑3층2,16,0,시련의탑4층가기,0,0,99,99,362
3,시련의탑3층3,16,0,시련의탑4층가기,0,0,99,99,362
3,시련의탑3층4,16,0,시련의탑4층가기,0,0,99,99,362
3,시련의탑3층5,16,0,시련의탑4층가기,0,0,99,99,362
3,시련의탑3층1,17,0,시련의탑4층가기,0,0,99,99,362
3,시련의탑3층2,17,0,시련의탑4층가기,0,0,99,99,362
3,시련의탑3층3,17,0,시련의탑4층가기,0,0,99,99,362
3,시련의탑3층4,17,0,시련의탑4층가기,0,0,99,99,362
3,시련의탑3층5,17,0,시련의탑4층가기,0,0,99,99,362
3,시련의탑3층1,18,0,시련의탑4층가기,0,0,99,99,362
3,시련의탑3층2,18,0,시련의탑4층가기,0,0,99,99,362
3,시련의탑3층3,18,0,시련의탑4층가기,0,0,99,99,362
3,시련의탑3층4,18,0,시련의탑4층가기,0,0,99,99,362
3,시련의탑3층5,18,0,시련의탑4층가기,0,0,99,99,362
//4층
3,시련의탑4층1,12,0,시련의탑5층가기,0,0,99,99,362
3,시련의탑4층2,12,0,시련의탑5층가기,0,0,99,99,362
3,시련의탑4층3,12,0,시련의탑5층가기,0,0,99,99,362
3,시련의탑4층4,12,0,시련의탑5층가기,0,0,99,99,362
3,시련의탑4층5,12,0,시련의탑5층가기,0,0,99,99,362
3,시련의탑4층1,13,0,시련의탑5층가기,0,0,99,99,362
3,시련의탑4층2,13,0,시련의탑5층가기,0,0,99,99,362
3,시련의탑4층3,13,0,시련의탑5층가기,0,0,99,99,362
3,시련의탑4층4,13,0,시련의탑5층가기,0,0,99,99,362
3,시련의탑4층5,13,0,시련의탑5층가기,0,0,99,99,362
3,시련의탑4층1,14,0,시련의탑5층가기,0,0,99,99,362
3,시련의탑4층2,14,0,시련의탑5층가기,0,0,99,99,362
3,시련의탑4층3,14,0,시련의탑5층가기,0,0,99,99,362
3,시련의탑4층4,14,0,시련의탑5층가기,0,0,99,99,362
3,시련의탑4층5,14,0,시련의탑5층가기,0,0,99,99,362
3,시련의탑4층1,15,0,시련의탑5층가기,0,0,99,99,362
3,시련의탑4층2,15,0,시련의탑5층가기,0,0,99,99,362
3,시련의탑4층3,15,0,시련의탑5층가기,0,0,99,99,362
3,시련의탑4층4,15,0,시련의탑5층가기,0,0,99,99,362
3,시련의탑4층5,15,0,시련의탑5층가기,0,0,99,99,362
3,시련의탑4층1,16,0,시련의탑5층가기,0,0,99,99,362
3,시련의탑4층2,16,0,시련의탑5층가기,0,0,99,99,362
3,시련의탑4층3,16,0,시련의탑5층가기,0,0,99,99,362
3,시련의탑4층4,16,0,시련의탑5층가기,0,0,99,99,362
3,시련의탑4층5,16,0,시련의탑5층가기,0,0,99,99,362
3,시련의탑4층1,17,0,시련의탑5층가기,0,0,99,99,362
3,시련의탑4층2,17,0,시련의탑5층가기,0,0,99,99,362
3,시련의탑4층3,17,0,시련의탑5층가기,0,0,99,99,362
3,시련의탑4층4,17,0,시련의탑5층가기,0,0,99,99,362
3,시련의탑4층5,17,0,시련의탑5층가기,0,0,99,99,362
3,시련의탑4층1,18,0,시련의탑5층가기,0,0,99,99,362
3,시련의탑4층2,18,0,시련의탑5층가기,0,0,99,99,362
3,시련의탑4층3,18,0,시련의탑5층가기,0,0,99,99,362
3,시련의탑4층4,18,0,시련의탑5층가기,0,0,99,99,362
3,시련의탑4층5,18,0,시련의탑5층가기,0,0,99,99,362
//5층
3,시련의탑5층1,12,0,시련의탑6층가기,0,0,99,99,362
3,시련의탑5층2,12,0,시련의탑6층가기,0,0,99,99,362
3,시련의탑5층3,12,0,시련의탑6층가기,0,0,99,99,362
3,시련의탑5층4,12,0,시련의탑6층가기,0,0,99,99,362
3,시련의탑5층5,12,0,시련의탑6층가기,0,0,99,99,362
3,시련의탑5층1,13,0,시련의탑6층가기,0,0,99,99,362
3,시련의탑5층2,13,0,시련의탑6층가기,0,0,99,99,362
3,시련의탑5층3,13,0,시련의탑6층가기,0,0,99,99,362
3,시련의탑5층4,13,0,시련의탑6층가기,0,0,99,99,362
3,시련의탑5층5,13,0,시련의탑6층가기,0,0,99,99,362
3,시련의탑5층1,14,0,시련의탑6층가기,0,0,99,99,362
3,시련의탑5층2,14,0,시련의탑6층가기,0,0,99,99,362
3,시련의탑5층3,14,0,시련의탑6층가기,0,0,99,99,362
3,시련의탑5층4,14,0,시련의탑6층가기,0,0,99,99,362
3,시련의탑5층5,14,0,시련의탑6층가기,0,0,99,99,362
3,시련의탑5층1,15,0,시련의탑6층가기,0,0,99,99,362
3,시련의탑5층2,15,0,시련의탑6층가기,0,0,99,99,362
3,시련의탑5층3,15,0,시련의탑6층가기,0,0,99,99,362
3,시련의탑5층4,15,0,시련의탑6층가기,0,0,99,99,362
3,시련의탑5층5,15,0,시련의탑6층가기,0,0,99,99,362
3,시련의탑5층1,16,0,시련의탑6층가기,0,0,99,99,362
3,시련의탑5층2,16,0,시련의탑6층가기,0,0,99,99,362
3,시련의탑5층3,16,0,시련의탑6층가기,0,0,99,99,362
3,시련의탑5층4,16,0,시련의탑6층가기,0,0,99,99,362
3,시련의탑5층5,16,0,시련의탑6층가기,0,0,99,99,362
3,시련의탑5층1,17,0,시련의탑6층가기,0,0,99,99,362
3,시련의탑5층2,17,0,시련의탑6층가기,0,0,99,99,362
3,시련의탑5층3,17,0,시련의탑6층가기,0,0,99,99,362
3,시련의탑5층4,17,0,시련의탑6층가기,0,0,99,99,362
3,시련의탑5층5,17,0,시련의탑6층가기,0,0,99,99,362
3,시련의탑5층1,18,0,시련의탑6층가기,0,0,99,99,362
3,시련의탑5층2,18,0,시련의탑6층가기,0,0,99,99,362
3,시련의탑5층3,18,0,시련의탑6층가기,0,0,99,99,362
3,시련의탑5층4,18,0,시련의탑6층가기,0,0,99,99,362
3,시련의탑5층5,18,0,시련의탑6층가기,0,0,99,99,362
//6층
3,시련의탑6층1,12,0,시련의탑7층가기,0,0,99,99,362
3,시련의탑6층2,12,0,시련의탑7층가기,0,0,99,99,362
3,시련의탑6층3,12,0,시련의탑7층가기,0,0,99,99,362
3,시련의탑6층4,12,0,시련의탑7층가기,0,0,99,99,362
3,시련의탑6층5,12,0,시련의탑7층가기,0,0,99,99,362
3,시련의탑6층1,13,0,시련의탑7층가기,0,0,99,99,362
3,시련의탑6층2,13,0,시련의탑7층가기,0,0,99,99,362
3,시련의탑6층3,13,0,시련의탑7층가기,0,0,99,99,362
3,시련의탑6층4,13,0,시련의탑7층가기,0,0,99,99,362
3,시련의탑6층5,13,0,시련의탑7층가기,0,0,99,99,362
3,시련의탑6층1,14,0,시련의탑7층가기,0,0,99,99,362
3,시련의탑6층2,14,0,시련의탑7층가기,0,0,99,99,362
3,시련의탑6층3,14,0,시련의탑7층가기,0,0,99,99,362
3,시련의탑6층4,14,0,시련의탑7층가기,0,0,99,99,362
3,시련의탑6층5,14,0,시련의탑7층가기,0,0,99,99,362
3,시련의탑6층1,15,0,시련의탑7층가기,0,0,99,99,362
3,시련의탑6층2,15,0,시련의탑7층가기,0,0,99,99,362
3,시련의탑6층3,15,0,시련의탑7층가기,0,0,99,99,362
3,시련의탑6층4,15,0,시련의탑7층가기,0,0,99,99,362
3,시련의탑6층5,15,0,시련의탑7층가기,0,0,99,99,362
3,시련의탑6층1,16,0,시련의탑7층가기,0,0,99,99,362
3,시련의탑6층2,16,0,시련의탑7층가기,0,0,99,99,362
3,시련의탑6층3,16,0,시련의탑7층가기,0,0,99,99,362
3,시련의탑6층4,16,0,시련의탑7층가기,0,0,99,99,362
3,시련의탑6층5,16,0,시련의탑7층가기,0,0,99,99,362
3,시련의탑6층1,17,0,시련의탑7층가기,0,0,99,99,362
3,시련의탑6층2,17,0,시련의탑7층가기,0,0,99,99,362
3,시련의탑6층3,17,0,시련의탑7층가기,0,0,99,99,362
3,시련의탑6층4,17,0,시련의탑7층가기,0,0,99,99,362
3,시련의탑6층5,17,0,시련의탑7층가기,0,0,99,99,362
3,시련의탑6층1,18,0,시련의탑7층가기,0,0,99,99,362
3,시련의탑6층2,18,0,시련의탑7층가기,0,0,99,99,362
3,시련의탑6층3,18,0,시련의탑7층가기,0,0,99,99,362
3,시련의탑6층4,18,0,시련의탑7층가기,0,0,99,99,362
3,시련의탑6층5,18,0,시련의탑7층가기,0,0,99,99,362
//7층
3,시련의탑7층1,12,0,시련의탑8층가기,0,0,99,99,362
3,시련의탑7층2,12,0,시련의탑8층가기,0,0,99,99,362
3,시련의탑7층3,12,0,시련의탑8층가기,0,0,99,99,362
3,시련의탑7층4,12,0,시련의탑8층가기,0,0,99,99,362
3,시련의탑7층5,12,0,시련의탑8층가기,0,0,99,99,362
3,시련의탑7층1,13,0,시련의탑8층가기,0,0,99,99,362
3,시련의탑7층2,13,0,시련의탑8층가기,0,0,99,99,362
3,시련의탑7층3,13,0,시련의탑8층가기,0,0,99,99,362
3,시련의탑7층4,13,0,시련의탑8층가기,0,0,99,99,362
3,시련의탑7층5,13,0,시련의탑8층가기,0,0,99,99,362
3,시련의탑7층1,14,0,시련의탑8층가기,0,0,99,99,362
3,시련의탑7층2,14,0,시련의탑8층가기,0,0,99,99,362
3,시련의탑7층3,14,0,시련의탑8층가기,0,0,99,99,362
3,시련의탑7층4,14,0,시련의탑8층가기,0,0,99,99,362
3,시련의탑7층5,14,0,시련의탑8층가기,0,0,99,99,362
3,시련의탑7층1,15,0,시련의탑8층가기,0,0,99,99,362
3,시련의탑7층2,15,0,시련의탑8층가기,0,0,99,99,362
3,시련의탑7층3,15,0,시련의탑8층가기,0,0,99,99,362
3,시련의탑7층4,15,0,시련의탑8층가기,0,0,99,99,362
3,시련의탑7층5,15,0,시련의탑8층가기,0,0,99,99,362
3,시련의탑7층1,16,0,시련의탑8층가기,0,0,99,99,362
3,시련의탑7층2,16,0,시련의탑8층가기,0,0,99,99,362
3,시련의탑7층3,16,0,시련의탑8층가기,0,0,99,99,362
3,시련의탑7층4,16,0,시련의탑8층가기,0,0,99,99,362
3,시련의탑7층5,16,0,시련의탑8층가기,0,0,99,99,362
3,시련의탑7층1,17,0,시련의탑8층가기,0,0,99,99,362
3,시련의탑7층2,17,0,시련의탑8층가기,0,0,99,99,362
3,시련의탑7층3,17,0,시련의탑8층가기,0,0,99,99,362
3,시련의탑7층4,17,0,시련의탑8층가기,0,0,99,99,362
3,시련의탑7층5,17,0,시련의탑8층가기,0,0,99,99,362
3,시련의탑7층1,18,0,시련의탑8층가기,0,0,99,99,362
3,시련의탑7층2,18,0,시련의탑8층가기,0,0,99,99,362
3,시련의탑7층3,18,0,시련의탑8층가기,0,0,99,99,362
3,시련의탑7층4,18,0,시련의탑8층가기,0,0,99,99,362
3,시련의탑7층5,18,0,시련의탑8층가기,0,0,99,99,362
//8층
3,시련의탑8층1,12,0,시련의탑9층가기,0,0,99,99,362
3,시련의탑8층2,12,0,시련의탑9층가기,0,0,99,99,362
3,시련의탑8층3,12,0,시련의탑9층가기,0,0,99,99,362
3,시련의탑8층4,12,0,시련의탑9층가기,0,0,99,99,362
3,시련의탑8층5,12,0,시련의탑9층가기,0,0,99,99,362
3,시련의탑8층1,13,0,시련의탑9층가기,0,0,99,99,362
3,시련의탑8층2,13,0,시련의탑9층가기,0,0,99,99,362
3,시련의탑8층3,13,0,시련의탑9층가기,0,0,99,99,362
3,시련의탑8층4,13,0,시련의탑9층가기,0,0,99,99,362
3,시련의탑8층5,13,0,시련의탑9층가기,0,0,99,99,362
3,시련의탑8층1,14,0,시련의탑9층가기,0,0,99,99,362
3,시련의탑8층2,14,0,시련의탑9층가기,0,0,99,99,362
3,시련의탑8층3,14,0,시련의탑9층가기,0,0,99,99,362
3,시련의탑8층4,14,0,시련의탑9층가기,0,0,99,99,362
3,시련의탑8층5,14,0,시련의탑9층가기,0,0,99,99,362
3,시련의탑8층1,15,0,시련의탑9층가기,0,0,99,99,362
3,시련의탑8층2,15,0,시련의탑9층가기,0,0,99,99,362
3,시련의탑8층3,15,0,시련의탑9층가기,0,0,99,99,362
3,시련의탑8층4,15,0,시련의탑9층가기,0,0,99,99,362
3,시련의탑8층5,15,0,시련의탑9층가기,0,0,99,99,362
3,시련의탑8층1,16,0,시련의탑9층가기,0,0,99,99,362
3,시련의탑8층2,16,0,시련의탑9층가기,0,0,99,99,362
3,시련의탑8층3,16,0,시련의탑9층가기,0,0,99,99,362
3,시련의탑8층4,16,0,시련의탑9층가기,0,0,99,99,362
3,시련의탑8층5,16,0,시련의탑9층가기,0,0,99,99,362
3,시련의탑8층1,17,0,시련의탑9층가기,0,0,99,99,362
3,시련의탑8층2,17,0,시련의탑9층가기,0,0,99,99,362
3,시련의탑8층3,17,0,시련의탑9층가기,0,0,99,99,362
3,시련의탑8층4,17,0,시련의탑9층가기,0,0,99,99,362
3,시련의탑8층5,17,0,시련의탑9층가기,0,0,99,99,362
3,시련의탑8층1,18,0,시련의탑9층가기,0,0,99,99,362
3,시련의탑8층2,18,0,시련의탑9층가기,0,0,99,99,362
3,시련의탑8층3,18,0,시련의탑9층가기,0,0,99,99,362
3,시련의탑8층4,18,0,시련의탑9층가기,0,0,99,99,362
3,시련의탑8층5,18,0,시련의탑9층가기,0,0,99,99,362
//9층
3,시련의탑9층1,12,0,시련의탑10층가기,0,0,99,99,362
3,시련의탑9층2,12,0,시련의탑10층가기,0,0,99,99,362
3,시련의탑9층3,12,0,시련의탑10층가기,0,0,99,99,362
3,시련의탑9층4,12,0,시련의탑10층가기,0,0,99,99,362
3,시련의탑9층5,12,0,시련의탑10층가기,0,0,99,99,362
3,시련의탑9층1,13,0,시련의탑10층가기,0,0,99,99,362
3,시련의탑9층2,13,0,시련의탑10층가기,0,0,99,99,362
3,시련의탑9층3,13,0,시련의탑10층가기,0,0,99,99,362
3,시련의탑9층4,13,0,시련의탑10층가기,0,0,99,99,362
3,시련의탑9층5,13,0,시련의탑10층가기,0,0,99,99,362
3,시련의탑9층1,14,0,시련의탑10층가기,0,0,99,99,362
3,시련의탑9층2,14,0,시련의탑10층가기,0,0,99,99,362
3,시련의탑9층3,14,0,시련의탑10층가기,0,0,99,99,362
3,시련의탑9층4,14,0,시련의탑10층가기,0,0,99,99,362
3,시련의탑9층5,14,0,시련의탑10층가기,0,0,99,99,362
3,시련의탑9층1,15,0,시련의탑10층가기,0,0,99,99,362
3,시련의탑9층2,15,0,시련의탑10층가기,0,0,99,99,362
3,시련의탑9층3,15,0,시련의탑10층가기,0,0,99,99,362
3,시련의탑9층4,15,0,시련의탑10층가기,0,0,99,99,362
3,시련의탑9층5,15,0,시련의탑10층가기,0,0,99,99,362
3,시련의탑9층1,16,0,시련의탑10층가기,0,0,99,99,362
3,시련의탑9층2,16,0,시련의탑10층가기,0,0,99,99,362
3,시련의탑9층3,16,0,시련의탑10층가기,0,0,99,99,362
3,시련의탑9층4,16,0,시련의탑10층가기,0,0,99,99,362
3,시련의탑9층5,16,0,시련의탑10층가기,0,0,99,99,362
3,시련의탑9층1,17,0,시련의탑10층가기,0,0,99,99,362
3,시련의탑9층2,17,0,시련의탑10층가기,0,0,99,99,362
3,시련의탑9층3,17,0,시련의탑10층가기,0,0,99,99,362
3,시련의탑9층4,17,0,시련의탑10층가기,0,0,99,99,362
3,시련의탑9층5,17,0,시련의탑10층가기,0,0,99,99,362
3,시련의탑9층1,18,0,시련의탑10층가기,0,0,99,99,362
3,시련의탑9층2,18,0,시련의탑10층가기,0,0,99,99,362
3,시련의탑9층3,18,0,시련의탑10층가기,0,0,99,99,362
3,시련의탑9층4,18,0,시련의탑10층가기,0,0,99,99,362
3,시련의탑9층5,18,0,시련의탑10층가기,0,0,99,99,362
//10층
3,시련의탑10층1,12,0,시련의탑11층가기,0,0,99,99,362
3,시련의탑10층2,12,0,시련의탑11층가기,0,0,99,99,362
3,시련의탑10층3,12,0,시련의탑11층가기,0,0,99,99,362
3,시련의탑10층4,12,0,시련의탑11층가기,0,0,99,99,362
3,시련의탑10층5,12,0,시련의탑11층가기,0,0,99,99,362
3,시련의탑10층1,13,0,시련의탑11층가기,0,0,99,99,362
3,시련의탑10층2,13,0,시련의탑11층가기,0,0,99,99,362
3,시련의탑10층3,13,0,시련의탑11층가기,0,0,99,99,362
3,시련의탑10층4,13,0,시련의탑11층가기,0,0,99,99,362
3,시련의탑10층5,13,0,시련의탑11층가기,0,0,99,99,362
3,시련의탑10층1,14,0,시련의탑11층가기,0,0,99,99,362
3,시련의탑10층2,14,0,시련의탑11층가기,0,0,99,99,362
3,시련의탑10층3,14,0,시련의탑11층가기,0,0,99,99,362
3,시련의탑10층4,14,0,시련의탑11층가기,0,0,99,99,362
3,시련의탑10층5,14,0,시련의탑11층가기,0,0,99,99,362
3,시련의탑10층1,15,0,시련의탑11층가기,0,0,99,99,362
3,시련의탑10층2,15,0,시련의탑11층가기,0,0,99,99,362
3,시련의탑10층3,15,0,시련의탑11층가기,0,0,99,99,362
3,시련의탑10층4,15,0,시련의탑11층가기,0,0,99,99,362
3,시련의탑10층5,15,0,시련의탑11층가기,0,0,99,99,362
3,시련의탑10층1,16,0,시련의탑11층가기,0,0,99,99,362
3,시련의탑10층2,16,0,시련의탑11층가기,0,0,99,99,362
3,시련의탑10층3,16,0,시련의탑11층가기,0,0,99,99,362
3,시련의탑10층4,16,0,시련의탑11층가기,0,0,99,99,362
3,시련의탑10층5,16,0,시련의탑11층가기,0,0,99,99,362
3,시련의탑10층1,17,0,시련의탑11층가기,0,0,99,99,362
3,시련의탑10층2,17,0,시련의탑11층가기,0,0,99,99,362
3,시련의탑10층3,17,0,시련의탑11층가기,0,0,99,99,362
3,시련의탑10층4,17,0,시련의탑11층가기,0,0,99,99,362
3,시련의탑10층5,17,0,시련의탑11층가기,0,0,99,99,362
3,시련의탑10층1,18,0,시련의탑11층가기,0,0,99,99,362
3,시련의탑10층2,18,0,시련의탑11층가기,0,0,99,99,362
3,시련의탑10층3,18,0,시련의탑11층가기,0,0,99,99,362
3,시련의탑10층4,18,0,시련의탑11층가기,0,0,99,99,362
3,시련의탑10층5,18,0,시련의탑11층가기,0,0,99,99,362
//11층
3,시련의탑11층1,12,0,시련의탑12층가기,0,0,99,99,362
3,시련의탑11층2,12,0,시련의탑12층가기,0,0,99,99,362
3,시련의탑11층3,12,0,시련의탑12층가기,0,0,99,99,362
3,시련의탑11층4,12,0,시련의탑12층가기,0,0,99,99,362
3,시련의탑11층5,12,0,시련의탑12층가기,0,0,99,99,362
3,시련의탑11층1,13,0,시련의탑12층가기,0,0,99,99,362
3,시련의탑11층2,13,0,시련의탑12층가기,0,0,99,99,362
3,시련의탑11층3,13,0,시련의탑12층가기,0,0,99,99,362
3,시련의탑11층4,13,0,시련의탑12층가기,0,0,99,99,362
3,시련의탑11층5,13,0,시련의탑12층가기,0,0,99,99,362
3,시련의탑11층1,14,0,시련의탑12층가기,0,0,99,99,362
3,시련의탑11층2,14,0,시련의탑12층가기,0,0,99,99,362
3,시련의탑11층3,14,0,시련의탑12층가기,0,0,99,99,362
3,시련의탑11층4,14,0,시련의탑12층가기,0,0,99,99,362
3,시련의탑11층5,14,0,시련의탑12층가기,0,0,99,99,362
3,시련의탑11층1,15,0,시련의탑12층가기,0,0,99,99,362
3,시련의탑11층2,15,0,시련의탑12층가기,0,0,99,99,362
3,시련의탑11층3,15,0,시련의탑12층가기,0,0,99,99,362
3,시련의탑11층4,15,0,시련의탑12층가기,0,0,99,99,362
3,시련의탑11층5,15,0,시련의탑12층가기,0,0,99,99,362
3,시련의탑11층1,16,0,시련의탑12층가기,0,0,99,99,362
3,시련의탑11층2,16,0,시련의탑12층가기,0,0,99,99,362
3,시련의탑11층3,16,0,시련의탑12층가기,0,0,99,99,362
3,시련의탑11층4,16,0,시련의탑12층가기,0,0,99,99,362
3,시련의탑11층5,16,0,시련의탑12층가기,0,0,99,99,362
3,시련의탑11층1,17,0,시련의탑12층가기,0,0,99,99,362
3,시련의탑11층2,17,0,시련의탑12층가기,0,0,99,99,362
3,시련의탑11층3,17,0,시련의탑12층가기,0,0,99,99,362
3,시련의탑11층4,17,0,시련의탑12층가기,0,0,99,99,362
3,시련의탑11층5,17,0,시련의탑12층가기,0,0,99,99,362
3,시련의탑11층1,18,0,시련의탑12층가기,0,0,99,99,362
3,시련의탑11층2,18,0,시련의탑12층가기,0,0,99,99,362
3,시련의탑11층3,18,0,시련의탑12층가기,0,0,99,99,362
3,시련의탑11층4,18,0,시련의탑12층가기,0,0,99,99,362
3,시련의탑11층5,18,0,시련의탑12층가기,0,0,99,99,362
//12층
3,시련의탑12층1,12,0,시련의탑13층가기,0,0,99,99,362
3,시련의탑12층2,12,0,시련의탑13층가기,0,0,99,99,362
3,시련의탑12층3,12,0,시련의탑13층가기,0,0,99,99,362
3,시련의탑12층4,12,0,시련의탑13층가기,0,0,99,99,362
3,시련의탑12층5,12,0,시련의탑13층가기,0,0,99,99,362
3,시련의탑12층1,13,0,시련의탑13층가기,0,0,99,99,362
3,시련의탑12층2,13,0,시련의탑13층가기,0,0,99,99,362
3,시련의탑12층3,13,0,시련의탑13층가기,0,0,99,99,362
3,시련의탑12층4,13,0,시련의탑13층가기,0,0,99,99,362
3,시련의탑12층5,13,0,시련의탑13층가기,0,0,99,99,362
3,시련의탑12층1,14,0,시련의탑13층가기,0,0,99,99,362
3,시련의탑12층2,14,0,시련의탑13층가기,0,0,99,99,362
3,시련의탑12층3,14,0,시련의탑13층가기,0,0,99,99,362
3,시련의탑12층4,14,0,시련의탑13층가기,0,0,99,99,362
3,시련의탑12층5,14,0,시련의탑13층가기,0,0,99,99,362
3,시련의탑12층1,15,0,시련의탑13층가기,0,0,99,99,362
3,시련의탑12층2,15,0,시련의탑13층가기,0,0,99,99,362
3,시련의탑12층3,15,0,시련의탑13층가기,0,0,99,99,362
3,시련의탑12층4,15,0,시련의탑13층가기,0,0,99,99,362
3,시련의탑12층5,15,0,시련의탑13층가기,0,0,99,99,362
3,시련의탑12층1,16,0,시련의탑13층가기,0,0,99,99,362
3,시련의탑12층2,16,0,시련의탑13층가기,0,0,99,99,362
3,시련의탑12층3,16,0,시련의탑13층가기,0,0,99,99,362
3,시련의탑12층4,16,0,시련의탑13층가기,0,0,99,99,362
3,시련의탑12층5,16,0,시련의탑13층가기,0,0,99,99,362
3,시련의탑12층1,17,0,시련의탑13층가기,0,0,99,99,362
3,시련의탑12층2,17,0,시련의탑13층가기,0,0,99,99,362
3,시련의탑12층3,17,0,시련의탑13층가기,0,0,99,99,362
3,시련의탑12층4,17,0,시련의탑13층가기,0,0,99,99,362
3,시련의탑12층5,17,0,시련의탑13층가기,0,0,99,99,362
3,시련의탑12층1,18,0,시련의탑13층가기,0,0,99,99,362
3,시련의탑12층2,18,0,시련의탑13층가기,0,0,99,99,362
3,시련의탑12층3,18,0,시련의탑13층가기,0,0,99,99,362
3,시련의탑12층4,18,0,시련의탑13층가기,0,0,99,99,362
3,시련의탑12층5,18,0,시련의탑13층가기,0,0,99,99,362
//13층
3,시련의탑13층1,12,0,시련의탑14층가기,0,0,99,99,362
3,시련의탑13층2,12,0,시련의탑14층가기,0,0,99,99,362
3,시련의탑13층3,12,0,시련의탑14층가기,0,0,99,99,362
3,시련의탑13층4,12,0,시련의탑14층가기,0,0,99,99,362
3,시련의탑13층5,12,0,시련의탑14층가기,0,0,99,99,362
3,시련의탑13층1,13,0,시련의탑14층가기,0,0,99,99,362
3,시련의탑13층2,13,0,시련의탑14층가기,0,0,99,99,362
3,시련의탑13층3,13,0,시련의탑14층가기,0,0,99,99,362
3,시련의탑13층4,13,0,시련의탑14층가기,0,0,99,99,362
3,시련의탑13층5,13,0,시련의탑14층가기,0,0,99,99,362
3,시련의탑13층1,14,0,시련의탑14층가기,0,0,99,99,362
3,시련의탑13층2,14,0,시련의탑14층가기,0,0,99,99,362
3,시련의탑13층3,14,0,시련의탑14층가기,0,0,99,99,362
3,시련의탑13층4,14,0,시련의탑14층가기,0,0,99,99,362
3,시련의탑13층5,14,0,시련의탑14층가기,0,0,99,99,362
3,시련의탑13층1,15,0,시련의탑14층가기,0,0,99,99,362
3,시련의탑13층2,15,0,시련의탑14층가기,0,0,99,99,362
3,시련의탑13층3,15,0,시련의탑14층가기,0,0,99,99,362
3,시련의탑13층4,15,0,시련의탑14층가기,0,0,99,99,362
3,시련의탑13층5,15,0,시련의탑14층가기,0,0,99,99,362
3,시련의탑13층1,16,0,시련의탑14층가기,0,0,99,99,362
3,시련의탑13층2,16,0,시련의탑14층가기,0,0,99,99,362
3,시련의탑13층3,16,0,시련의탑14층가기,0,0,99,99,362
3,시련의탑13층4,16,0,시련의탑14층가기,0,0,99,99,362
3,시련의탑13층5,16,0,시련의탑14층가기,0,0,99,99,362
3,시련의탑13층1,17,0,시련의탑14층가기,0,0,99,99,362
3,시련의탑13층2,17,0,시련의탑14층가기,0,0,99,99,362
3,시련의탑13층3,17,0,시련의탑14층가기,0,0,99,99,362
3,시련의탑13층4,17,0,시련의탑14층가기,0,0,99,99,362
3,시련의탑13층5,17,0,시련의탑14층가기,0,0,99,99,362
3,시련의탑13층1,18,0,시련의탑14층가기,0,0,99,99,362
3,시련의탑13층2,18,0,시련의탑14층가기,0,0,99,99,362
3,시련의탑13층3,18,0,시련의탑14층가기,0,0,99,99,362
3,시련의탑13층4,18,0,시련의탑14층가기,0,0,99,99,362
3,시련의탑13층5,18,0,시련의탑14층가기,0,0,99,99,362
//14층
3,시련의탑14층1,12,0,시련의탑보상층가기,0,0,99,99,362
3,시련의탑14층2,12,0,시련의탑보상층가기,0,0,99,99,362
3,시련의탑14층3,12,0,시련의탑보상층가기,0,0,99,99,362
3,시련의탑14층4,12,0,시련의탑보상층가기,0,0,99,99,362
3,시련의탑14층5,12,0,시련의탑보상층가기,0,0,99,99,362
3,시련의탑14층1,13,0,시련의탑보상층가기,0,0,99,99,362
3,시련의탑14층2,13,0,시련의탑보상층가기,0,0,99,99,362
3,시련의탑14층3,13,0,시련의탑보상층가기,0,0,99,99,362
3,시련의탑14층4,13,0,시련의탑보상층가기,0,0,99,99,362
3,시련의탑14층5,13,0,시련의탑보상층가기,0,0,99,99,362
3,시련의탑14층1,14,0,시련의탑보상층가기,0,0,99,99,362
3,시련의탑14층2,14,0,시련의탑보상층가기,0,0,99,99,362
3,시련의탑14층3,14,0,시련의탑보상층가기,0,0,99,99,362
3,시련의탑14층4,14,0,시련의탑보상층가기,0,0,99,99,362
3,시련의탑14층5,14,0,시련의탑보상층가기,0,0,99,99,362
3,시련의탑14층1,15,0,시련의탑보상층가기,0,0,99,99,362
3,시련의탑14층2,15,0,시련의탑보상층가기,0,0,99,99,362
3,시련의탑14층3,15,0,시련의탑보상층가기,0,0,99,99,362
3,시련의탑14층4,15,0,시련의탑보상층가기,0,0,99,99,362
3,시련의탑14층5,15,0,시련의탑보상층가기,0,0,99,99,362
3,시련의탑14층1,16,0,시련의탑보상층가기,0,0,99,99,362
3,시련의탑14층2,16,0,시련의탑보상층가기,0,0,99,99,362
3,시련의탑14층3,16,0,시련의탑보상층가기,0,0,99,99,362
3,시련의탑14층4,16,0,시련의탑보상층가기,0,0,99,99,362
3,시련의탑14층5,16,0,시련의탑보상층가기,0,0,99,99,362
3,시련의탑14층1,17,0,시련의탑보상층가기,0,0,99,99,362
3,시련의탑14층2,17,0,시련의탑보상층가기,0,0,99,99,362
3,시련의탑14층3,17,0,시련의탑보상층가기,0,0,99,99,362
3,시련의탑14층4,17,0,시련의탑보상층가기,0,0,99,99,362
3,시련의탑14층5,17,0,시련의탑보상층가기,0,0,99,99,362
3,시련의탑14층1,18,0,시련의탑보상층가기,0,0,99,99,362
3,시련의탑14층2,18,0,시련의탑보상층가기,0,0,99,99,362
3,시련의탑14층3,18,0,시련의탑보상층가기,0,0,99,99,362
3,시련의탑14층4,18,0,시련의탑보상층가기,0,0,99,99,362
3,시련의탑14층5,18,0,시련의탑보상층가기,0,0,99,99,362