5,밀레스마을,61,47,마이소시아,0,0,0,99,0
5,밀레스마을,62,47,마이소시아,0,0,0,99,0
5,밀레스마을,63,47,마이소시아,0,0,0,99,0
5,밀레스마을,61,48,마이소시아,0,0,0,99,0
5,밀레스마을,62,48,마이소시아,0,0,0,99,0
5,밀레스마을,63,48,마이소시아,0,0,0,99,0
5,밀레스마을,61,49,마이소시아,0,0,0,99,0
5,밀레스마을,62,49,마이소시아,0,0,0,99,0
5,밀레스마을,63,49,마이소시아,0,0,0,99,0

5,피에트마을,18,61,마이소시아,0,0,0,99,0
5,피에트마을,19,61,마이소시아,0,0,0,99,0
5,피에트마을,20,61,마이소시아,0,0,0,99,0
5,피에트마을,18,62,마이소시아,0,0,0,99,0
5,피에트마을,19,62,마이소시아,0,0,0,99,0
5,피에트마을,20,62,마이소시아,0,0,0,99,0
5,피에트마을,18,63,마이소시아,0,0,0,99,0
5,피에트마을,19,63,마이소시아,0,0,0,99,0
5,피에트마을,20,63,마이소시아,0,0,0,99,0

5,수오미마을,84,36,마이소시아,0,0,0,99,0
5,수오미마을,85,36,마이소시아,0,0,0,99,0
5,수오미마을,86,36,마이소시아,0,0,0,99,0
5,수오미마을,84,37,마이소시아,0,0,0,99,0
5,수오미마을,85,37,마이소시아,0,0,0,99,0
5,수오미마을,86,37,마이소시아,0,0,0,99,0
5,수오미마을,84,38,마이소시아,0,0,0,99,0
5,수오미마을,85,38,마이소시아,0,0,0,99,0
5,수오미마을,86,38,마이소시아,0,0,0,99,0

5,동의우드랜드입구,9,23,마이소시아,0,0,0,99,0
5,동의우드랜드입구,10,23,마이소시아,0,0,0,99,0
5,동의우드랜드입구,11,23,마이소시아,0,0,0,99,0

5,로톤마을,52,55,마이소시아,0,0,0,99,0
5,로톤마을,53,55,마이소시아,0,0,0,99,0
5,로톤마을,54,55,마이소시아,0,0,0,99,0
5,로톤마을,52,56,마이소시아,0,0,0,99,0
5,로톤마을,53,56,마이소시아,0,0,0,99,0
5,로톤마을,54,56,마이소시아,0,0,0,99,0
5,로톤마을,52,57,마이소시아,0,0,0,99,0
5,로톤마을,53,57,마이소시아,0,0,0,99,0
5,로톤마을,54,57,마이소시아,0,0,0,99,0

5,아벨마을,107,19,마이소시아,0,0,0,99,0
5,아벨마을,108,19,마이소시아,0,0,0,99,0
5,아벨마을,109,19,마이소시아,0,0,0,99,0
5,아벨마을,107,20,마이소시아,0,0,0,99,0
5,아벨마을,108,20,마이소시아,0,0,0,99,0
5,아벨마을,109,20,마이소시아,0,0,0,99,0
5,아벨마을,107,21,마이소시아,0,0,0,99,0
5,아벨마을,108,21,마이소시아,0,0,0,99,0
5,아벨마을,109,21,마이소시아,0,0,0,99,0

5,아벨마을,11,48,마이소시아,0,0,0,99,0
5,아벨마을,12,48,마이소시아,0,0,0,99,0
5,아벨마을,10,49,마이소시아,0,0,0,99,0
5,아벨마을,11,49,마이소시아,0,0,0,99,0
5,아벨마을,12,49,마이소시아,0,0,0,99,0
5,아벨마을,10,50,마이소시아,0,0,0,99,0
5,아벨마을,11,50,마이소시아,0,0,0,99,0
5,아벨마을,12,50,마이소시아,0,0,0,99,0

5,마인마을,56,78,마이소시아,0,0,0,99,0
5,마인마을,57,78,마이소시아,0,0,0,99,0
5,마인마을,58,78,마이소시아,0,0,0,99,0
5,마인마을,56,79,마이소시아,0,0,0,99,0
5,마인마을,57,79,마이소시아,0,0,0,99,0
5,마인마을,58,79,마이소시아,0,0,0,99,0
5,마인마을,56,80,마이소시아,0,0,0,99,0
5,마인마을,57,80,마이소시아,0,0,0,99,0
5,마인마을,58,80,마이소시아,0,0,0,99,0

5,루어스마을,88,8,마이소시아,0,0,0,99,0
5,루어스마을,89,8,마이소시아,0,0,0,99,0
5,루어스마을,90,8,마이소시아,0,0,0,99,0
5,루어스마을,88,9,마이소시아,0,0,0,99,0
5,루어스마을,89,9,마이소시아,0,0,0,99,0
5,루어스마을,90,9,마이소시아,0,0,0,99,0
5,루어스마을,88,10,마이소시아,0,0,0,99,0
5,루어스마을,89,10,마이소시아,0,0,0,99,0
5,루어스마을,90,10,마이소시아,0,0,0,99,0

5,뤼케시온마을,49,59,마이소시아,0,0,0,99,0
5,뤼케시온마을,50,59,마이소시아,0,0,0,99,0
5,뤼케시온마을,51,59,마이소시아,0,0,0,99,0
5,뤼케시온마을,49,60,마이소시아,0,0,0,99,0
5,뤼케시온마을,50,60,마이소시아,0,0,0,99,0
5,뤼케시온마을,51,60,마이소시아,0,0,0,99,0
5,뤼케시온마을,49,61,마이소시아,0,0,0,99,0
5,뤼케시온마을,50,61,마이소시아,0,0,0,99,0
5,뤼케시온마을,51,61,마이소시아,0,0,0,99,0

5,뤼케시온항구,51,25,마이소시아,0,0,0,99,0
5,뤼케시온항구,52,25,마이소시아,0,0,0,99,0
5,뤼케시온항구,53,25,마이소시아,0,0,0,99,0
5,뤼케시온항구,51,26,마이소시아,0,0,0,99,0
5,뤼케시온항구,52,26,마이소시아,0,0,0,99,0
5,뤼케시온항구,53,26,마이소시아,0,0,0,99,0
5,뤼케시온항구,51,27,마이소시아,0,0,0,99,0
5,뤼케시온항구,52,27,마이소시아,0,0,0,99,0
5,뤼케시온항구,53,27,마이소시아,0,0,0,99,0

5,호엔마을,85,39,마이소시아,0,0,0,99,0
5,호엔마을,86,39,마이소시아,0,0,0,99,0
5,호엔마을,87,39,마이소시아,0,0,0,99,0
5,호엔마을,85,40,마이소시아,0,0,0,99,0
5,호엔마을,86,40,마이소시아,0,0,0,99,0
5,호엔마을,87,40,마이소시아,0,0,0,99,0
5,호엔마을,85,41,마이소시아,0,0,0,99,0
5,호엔마을,86,41,마이소시아,0,0,0,99,0
5,호엔마을,87,41,마이소시아,0,0,0,99,0

5,호엔마을,69,113,마이소시아,0,0,0,99,0
5,호엔마을,70,113,마이소시아,0,0,0,99,0
5,호엔마을,71,113,마이소시아,0,0,0,99,0
5,호엔마을,69,114,마이소시아,0,0,0,99,0
5,호엔마을,70,114,마이소시아,0,0,0,99,0
5,호엔마을,71,114,마이소시아,0,0,0,99,0
5,호엔마을,69,115,마이소시아,0,0,0,99,0
5,호엔마을,70,115,마이소시아,0,0,0,99,0
5,호엔마을,71,115,마이소시아,0,0,0,99,0

5,운디네마을,24,54,마이소시아,0,0,0,99,0
5,운디네마을,25,54,마이소시아,0,0,0,99,0
5,운디네마을,26,54,마이소시아,0,0,0,99,0
5,운디네마을,24,55,마이소시아,0,0,0,99,0
5,운디네마을,25,55,마이소시아,0,0,0,99,0
5,운디네마을,26,55,마이소시아,0,0,0,99,0
5,운디네마을,24,56,마이소시아,0,0,0,99,0
5,운디네마을,25,56,마이소시아,0,0,0,99,0
5,운디네마을,26,56,마이소시아,0,0,0,99,0

5,타고르마을,21,99,마이소시아,0,0,0,99,0
5,타고르마을,22,99,마이소시아,0,0,0,99,0
5,타고르마을,23,99,마이소시아,0,0,0,99,0

2,마이소시아콜로세움,11,24,마이소시아,0,0,0,99,0
2,마이소시아콜로세움,12,24,마이소시아,0,0,0,99,0
2,마이소시아콜로세움,13,24,마이소시아,0,0,0,99,0
2,마이소시아콜로세움,14,24,마이소시아,0,0,0,99,0

2,시장2,13,0,마이소시아,0,0,0,99,0
2,시장2,14,0,마이소시아,0,0,0,99,0
2,시장2,15,0,마이소시아,0,0,0,99,0
2,시장2,16,0,마이소시아,0,0,0,99,0

5,가상계,4,5,마이소시아,0,0,0,99,0
5,가상계,4,4,마이소시아,0,0,0,99,0
5,가상계,4,3,마이소시아,0,0,0,99,0
5,가상계,4,6,마이소시아,0,0,0,99,0
5,가상계,5,4,마이소시아,0,0,0,99,0
5,가상계,5,5,마이소시아,0,0,0,99,0
5,가상계,5,6,마이소시아,0,0,0,99,0
5,가상계,5,3,마이소시아,0,0,0,99,0
5,가상계,3,4,마이소시아,0,0,0,99,0
5,가상계,3,5,마이소시아,0,0,0,99,0
5,가상계,3,3,마이소시아,0,0,0,99,0

5,뤼케시온항구,44,47,뤼케시온항구,0,0,0,99,0
5,뤼케시온항구,45,47,뤼케시온항구,0,0,0,99,0

5,만남의광장,69,24,마이소시아,0,0,0,99,0
5,만남의광장,69,23,마이소시아,0,0,0,99,0
5,만남의광장,69,22,마이소시아,0,0,0,99,0
5,만남의광장,69,21,마이소시아,0,0,0,99,0