0,밀레스마을,37,36,차원의틈1-1,3,6,99,99,362

0,차원의틈1-1,24,13,차원의틈1-2,2,11,99,99,362
0,차원의틈1-1,24,12,차원의틈1-2,2,10,99,99,362

0,차원의틈1-2,1,11,차원의틈1-1,22,13,99,99,362
0,차원의틈1-2,1,10,차원의틈1-1,22,12,99,99,362
0,차원의틈1-2,24,13,차원의틈1-3,1,11,99,99,362
0,차원의틈1-2,24,12,차원의틈1-3,1,10,99,99,362

0,차원의틈1-3,1,11,차원의틈1-2,23,13,99,99,362
0,차원의틈1-3,1,10,차원의틈1-2,23,12,99,99,362
0,차원의틈1-3,24,13,차원의틈1-4,1,11,99,99,362
0,차원의틈1-3,24,12,차원의틈1-4,1,10,99,99,362

0,차원의틈1-4,1,11,차원의틈1-3,23,13,99,99,362
0,차원의틈1-4,1,10,차원의틈1-3,23,12,99,99,362

0,차원의틈1-4,11,2,망자의쉼터,6,12,99,99,362
0,차원의틈1-4,12,2,망자의쉼터,7,12,99,99,362
0,차원의틈1-4,13,2,망자의쉼터,8,12,99,99,362

0,망자의쉼터,6,14,차원의틈1-4,11,6,99,99,362
0,망자의쉼터,7,14,차원의틈1-4,12,6,99,99,362
0,망자의쉼터,8,14,차원의틈1-4,13,6,99,99,362

0,차원의틈1-4,24,13,차원의틈1-5,1,11,99,99,362
0,차원의틈1-4,24,12,차원의틈1-5,1,10,99,99,362

0,차원의틈1-5,1,11,차원의틈1-4,23,13,99,99,362
0,차원의틈1-5,1,10,차원의틈1-4,23,12,99,99,362

0,차원의틈1-5,14,1,?????,9,18,99,99,362
0,차원의틈1-5,15,1,?????,10,18,99,99,362

0,?????,9,19,차원의틈1-5,14,3,99,99,362
0,?????,10,19,차원의틈1-5,15,3,99,99,362

0,사이비성당,8,24,차원의틈1-4,16,20,99,99,362
0,차원의틈1-4,16,19,사이비성당,9,22,99,99,362



