0,난파선1층,12,7,난파선2층,1,11,71,99,362
0,난파선2층,0,11,난파선1층,14,6,71,99,362
0,난파선2층,12,7,난파선3층,1,11,71,99,362
0,난파선3층,0,11,난파선2층,14,6,71,99,362
0,난파선3층,12,7,난파선4층,1,11,71,99,362
0,난파선4층,0,11,난파선3층,14,6,71,99,362
0,난파선4층,12,7,난파선5층,1,11,71,99,362
0,난파선5층,0,11,난파선4층,14,6,71,99,362
0,난파선5층,54,10,해저4-5,31,17,71,99,362
0,난파선4층,25,19,해저4-6,7,1,71,99,362
0,해저4-6,7,0,난파선4층,24,18,71,99,362
0,난파선4층,23,2,난파선1-1,18,28,71,99,362
0,난파선1-1,18,29,난파선4층,23,3,71,99,362
0,난파선4층,30,2,난파선1-2,15,28,71,99,362
0,난파선1-2,15,29,난파선4층,30,3,71,99,362
0,난파선4층,41,2,난파선1-3,15,28,71,99,362
0,난파선1-3,15,29,난파선4층,41,3,71,99,362
0,난파선3층,16,2,난파선2-1,15,28,71,99,362
0,난파선2-1,15,29,난파선3층,16,3,71,99,362
0,난파선3층,23,2,난파선2-2,15,28,71,99,362
0,난파선2-2,15,29,난파선3층,23,3,71,99,362
0,난파선3층,30,2,난파선2-3,13,28,71,99,362
0,난파선2-3,13,29,난파선3층,30,3,71,99,362
0,난파선3층,41,2,난파선2-4,15,28,71,99,362
0,난파선2-4,15,29,난파선3층,41,3,71,99,362
0,난파선3층,25,19,난파선1-5,17,1,71,99,362
0,난파선1-5,17,0,난파선3층,25,18,71,99,362
0,난파선3층,32,19,난파선1-6,15,1,71,99,362
0,난파선1-6,15,0,난파선3층,32,18,71,99,362
0,난파선2층,23,2,난파선3-2,18,28,71,99,362
0,난파선3-2,18,29,난파선2층,23,3,71,99,362
0,난파선2층,30,2,난파선3-3,13,28,71,99,362
0,난파선3-3,13,29,난파선2층,30,3,71,99,362
0,난파선2층,41,2,난파선3-4,18,28,71,99,362
0,난파선3-4,18,29,난파선2층,41,3,71,99,362
0,난파선2층,18,19,난파선2-5,19,1,71,99,362
0,난파선2-5,19,0,난파선2층,18,18,71,99,362
0,난파선2층,27,19,난파선2-6,19,1,71,99,362
0,난파선2-6,19,0,난파선2층,27,18,71,99,362
0,난파선1층,16,2,난파선3-6,15,28,71,99,362
0,난파선3-6,15,29,난파선1층,16,3,71,99,362
0,난파선1층,23,2,난파선4-1,15,28,71,99,362
0,난파선4-1,15,29,난파선1층,23,3,71,99,362
0,난파선1층,30,2,난파선4-2,15,28,71,99,362
0,난파선4-2,15,29,난파선1층,30,3,71,99,362
0,난파선1층,35,2,난파선4-3,15,28,71,99,362
0,난파선4-3,15,29,난파선1층,23,3,71,99,362
0,난파선1층,41,2,난파선4-4,15,28,71,99,362
0,난파선4-4,15,29,난파선1층,41,3,71,99,362
0,난파선1층,32,19,난파선3-5,16,1,71,99,362
0,난파선3-5,16,0,난파선1층,32,18,71,99,362
0,난파선5층,23,2,난파선5-2,15,28,71,99,362
0,난파선5-2,15,29,난파선5층,23,3,71,99,362
0,난파선5층,30,2,난파선5-3,13,28,71,99,362
0,난파선5-3,13,29,난파선5층,30,3,71,99,362
0,난파선5층,41,2,난파선5-4,15,28,71,99,362
0,난파선5-4,15,29,난파선5층,41,3,71,99,362
0,난파선5층,32,19,난파선4-7,19,1,71,99,362
0,난파선4-7,19,0,난파선5층,32,18,71,99,362
0,난파선5층,43,19,난파선5-1,13,1,71,99,362
0,난파선5-1,13,0,난파선5층,43,18,71,99,362

0,해저4-5,29,18,난파선5층,48,10,71,99,362
0,해저4-5,29,17,난파선5층,48,10,71,99,362

0,해저4-5,1,20,해저4-4,46,30,11,99,362
0,해저4-4,48,32,해저4-5,3,19,11,99,362

0,해저4-4,1,29,해저4-3,46,26,11,99,362
0,해저4-3,48,28,해저4-4,2,28,11,99,362

0,해저4-3,29,48,해저4-2,34,2,11,99,362
0,해저4-2,32,1,해저4-3,31,46,11,99,362

0,해저4-2,1,29,해저4-1,46,26,11,99,362
0,해저4-1,48,28,해저4-2,3,28,11,99,362

0,해저4-1,1,20,해저던전대기실,27,22,11,99,362

0,해저던전대기실,29,23,해저4-1,4,20,11,99,362
0,해저던전대기실,29,24,해저4-1,4,20,11,99,362

0,해저던전대기실,27,41,밀레스마을,116,81,0,99,362
0,해저던전대기실,27,42,밀레스마을,117,82,0,99,362

0,밀레스마을,119,81,해저던전대기실,25,35,0,99,362
0,밀레스마을,119,82,해저던전대기실,25,35,0,99,362
0,밀레스마을,119,83,해저던전대기실,25,35,0,99,362
0,밀레스마을,119,84,해저던전대기실,25,35,0,99,362