0,노비스직업신전,6,11,노비스마을,28,1,0,99,362
0,노비스직업신전,7,11,노비스마을,28,1,0,99,362

4,노비스마을,27,0,이동R,0,0,0,99,362
4,노비스마을,28,0,이동R,0,0,0,99,362
4,노비스마을,29,0,이동R,0,0,0,99,362

0,팜팻의둥지,4,4,노비스마을,42,31,0,99,362

0,노비스마을,44,25,노비스잡화상점,9,18,1,99,362
0,노비스마을,50,25,노비스무기방어구상점,9,18,1,99,362
0,노비스마을,31,25,노비스민가1,28,10,1,99,362
0,노비스마을,28,26,노비스민가1,13,13,1,99,362
0,노비스마을,32,42,노비스주점,18,9,1,99,362
0,노비스마을,29,49,노비스마을식당,18,4,1,99,362
0,노비스마을,48,51,노비스민가2,11,6,1,99,362
0,노비스민가2,12,6,노비스마을,49,51,1,99,362
0,노비스민가2,12,5,노비스마을,49,51,1,99,362
0,노비스무기방어구상점,9,19,노비스마을,50,26,1,99,362
0,노비스무기방어구상점,10,19,노비스마을,50,26,1,99,362
0,노비스잡화상점,9,19,노비스마을,44,26,1,99,362
0,노비스잡화상점,10,19,노비스마을,44,26,1,99,362
0,노비스민가1,29,10,노비스마을,32,25,1,99,362
0,노비스민가1,29,11,노비스마을,32,25,1,99,362
0,노비스민가1,13,14,노비스마을,28,27,1,99,362
0,노비스민가1,14,14,노비스마을,28,27,1,99,362
0,노비스주점,19,9,노비스마을,33,42,1,99,362
0,노비스주점,19,10,노비스마을,33,42,1,99,362
0,노비스마을식당,19,4,노비스마을,30,49,1,99,362
0,노비스마을식당,19,5,노비스마을,30,49,1,99,362

0,노비스마을,69,30,노비스평원A,1,13,0,99,362
0,노비스마을,69,29,노비스평원A,1,12,0,99,362
0,노비스마을,69,28,노비스평원A,1,11,0,99,362
0,노비스마을,69,27,노비스평원A,1,10,0,99,362
0,노비스마을,69,26,노비스평원A,1,9,0,99,362

0,노비스평원A,36,9,노비스지하던전A1,9,32,0,99,362

0,노비스지하던전A1,6,32,노비스평원A,36,12,0,99,362
0,노비스지하던전A1,6,33,노비스평원A,36,12,0,99,362
0,노비스지하던전A1,7,32,노비스평원A,36,12,0,99,362
0,노비스지하던전A1,7,33,노비스평원A,36,12,0,99,362

0,노비스지하던전A1,13,0,노비스지하던전A2,14,38,0,99,362
0,노비스지하던전A1,12,0,노비스지하던전A2,13,38,0,99,362

0,노비스지하던전A2,13,0,노비스지하던전A3,14,38,0,99,362
0,노비스지하던전A2,12,0,노비스지하던전A3,13,38,0,99,362

0,노비스지하던전A3,13,39,노비스지하던전A2,12,1,0,99,362
0,노비스지하던전A3,14,39,노비스지하던전A2,13,1,0,99,362

0,노비스평원A,0,10,노비스마을,68,28,1,99,362
0,노비스평원A,0,11,노비스마을,68,28,1,99,362
0,노비스평원A,0,12,노비스마을,68,28,1,99,362
0,노비스평원A,0,13,노비스마을,68,28,1,99,362

0,노비스마을,63,49,피에트마을,52,89,0,99,362

0,피에트마을,49,99,노비스마을,59,45,0,42,362
0,피에트마을,50,99,노비스마을,59,45,0,42,362
0,피에트마을,51,99,노비스마을,59,45,0,42,362
0,피에트마을,52,99,노비스마을,59,45,0,42,362
0,피에트마을,53,99,노비스마을,59,45,0,42,362
0,피에트마을,54,99,노비스마을,59,45,0,42,362
0,피에트마을,55,99,노비스마을,59,45,0,42,362

