0,오렌,30,0,라미아의숲대기실,9,22,0,99,362
0,오렌,31,0,라미아의숲대기실,9,22,0,99,362

0,라미아의숲대기실,7,24,오렌,30,2,0,99,362
0,라미아의숲대기실,8,24,오렌,30,2,0,99,362
0,라미아의숲대기실,9,24,오렌,31,2,0,99,362
0,라미아의숲대기실,10,24,오렌,31,2,0,99,362
0,라미아의숲대기실,11,24,오렌,31,1,0,99,362

0,라미아의숲대기실,29,13,라미아의숲1-1,2,30,0,99,362
0,라미아의숲대기실,29,14,라미아의숲1-1,2,31,0,99,362
0,라미아의숲대기실,29,15,라미아의숲1-1,2,32,0,99,362

0,라미아의숲1-1,0,29,라미아의숲대기실,27,13,0,99,362
0,라미아의숲1-1,0,30,라미아의숲대기실,27,14,0,99,362
0,라미아의숲1-1,0,31,라미아의숲대기실,27,14,0,99,362
0,라미아의숲1-1,0,32,라미아의숲대기실,27,15,0,99,362

0,라미아의숲1-1,69,31,라미아의숲1-2,2,12,0,99,362
0,라미아의숲1-1,69,32,라미아의숲1-2,2,13,0,99,362
0,라미아의숲1-1,69,33,라미아의숲1-2,2,13,0,99,362
0,라미아의숲1-1,69,34,라미아의숲1-2,2,14,0,99,362

0,라미아의숲1-2,0,11,라미아의숲1-1,68,31,0,99,362
0,라미아의숲1-2,0,12,라미아의숲1-1,68,32,0,99,362
0,라미아의숲1-2,0,13,라미아의숲1-1,68,33,0,99,362
0,라미아의숲1-2,0,14,라미아의숲1-1,68,34,0,99,362

0,라미아의숲대기실,0,13,라미아의숲2-1,67,26,0,99,362
0,라미아의숲대기실,0,14,라미아의숲2-1,67,27,0,99,362

0,라미아의숲2-1,69,26,라미아의숲대기실,1,13,0,99,362
0,라미아의숲2-1,69,27,라미아의숲대기실,1,14,0,99,362
0,라미아의숲2-1,69,28,라미아의숲대기실,1,14,0,99,362

0,라미아의숲2-1,0,31,라미아의숲2-2,67,18,0,99,362
0,라미아의숲2-1,0,32,라미아의숲2-2,67,18,0,99,362
0,라미아의숲2-1,0,33,라미아의숲2-2,67,19,0,99,362

0,라미아의숲대기실,6,0,라미아의숲3-1,51,67,0,99,362
0,라미아의숲대기실,7,0,라미아의숲3-1,52,67,0,99,362
0,라미아의숲대기실,8,0,라미아의숲3-1,53,67,0,99,362

0,라미아의숲3-1,51,69,라미아의숲대기실,6,1,0,99,362
0,라미아의숲3-1,52,69,라미아의숲대기실,7,1,0,99,362
0,라미아의숲3-1,53,69,라미아의숲대기실,8,1,0,99,362

0,라미아의숲3-1,0,21,라미아의숲3-2,48,24,0,99,362
0,라미아의숲3-1,0,22,라미아의숲3-2,48,25,0,99,362
0,라미아의숲3-1,0,23,라미아의숲3-2,48,26,0,99,362

0,라미아의숲3-2,49,24,라미아의숲3-1,1,21,0,99,362
0,라미아의숲3-2,49,25,라미아의숲3-1,1,22,0,99,362
0,라미아의숲3-2,49,26,라미아의숲3-1,1,23,0,99,362

0,라미아의숲대기실,15,0,라미아의숲4-1,44,67,0,99,362
0,라미아의숲대기실,16,0,라미아의숲4-1,44,67,0,99,362

0,라미아의숲4-1,43,69,라미아의숲대기실,15,1,0,99,362
0,라미아의숲4-1,44,69,라미아의숲대기실,15,1,0,99,362
0,라미아의숲4-1,45,69,라미아의숲대기실,16,1,0,99,362

0,라미아의숲4-1,27,0,라미아의숲4-2,46,67,0,99,362
0,라미아의숲4-1,28,0,라미아의숲4-2,47,67,0,99,362
0,라미아의숲4-1,29,0,라미아의숲4-2,47,67,0,99,362

0,라미아의숲4-2,46,69,라미아의숲4-1,28,1,0,99,362
0,라미아의숲4-2,47,69,라미아의숲4-1,29,1,0,99,362

0,라미아의숲4-2,0,12,라미아의숲4-3,68,48,0,99,362
0,라미아의숲4-2,0,13,라미아의숲4-3,68,49,0,99,362

0,라미아의숲4-3,69,48,라미아의숲4-2,1,12,0,99,362
0,라미아의숲4-3,69,49,라미아의숲4-2,1,13,0,99,362

0,라미아의숲4-3,0,18,라미아의숲4-4,68,49,0,99,362
0,라미아의숲4-3,0,19,라미아의숲4-4,68,50,0,99,362

0,라미아의숲4-4,69,49,라미아의숲4-3,1,18,0,99,362
0,라미아의숲4-4,69,50,라미아의숲4-3,1,19,0,99,362

0,라미아의숲4-4,17,0,라미아의숲4-6,21,48,0,99,362
0,라미아의숲4-4,18,0,라미아의숲4-6,22,48,0,99,362
0,라미아의숲4-4,19,0,라미아의숲4-6,23,48,0,99,362

0,라미아의숲4-6,21,49,라미아의숲4-4,17,1,0,99,362
0,라미아의숲4-6,22,49,라미아의숲4-4,18,1,0,99,362
0,라미아의숲4-6,23,49,라미아의숲4-4,19,1,0,99,362

0,라미아의숲4-4,0,23,라미아의숲4-5,48,25,0,99,362
0,라미아의숲4-4,0,24,라미아의숲4-5,48,26,0,99,362
0,라미아의숲4-4,0,25,라미아의숲4-5,48,27,0,99,362

0,라미아의숲4-5,49,25,라미아의숲4-4,1,23,0,99,362
0,라미아의숲4-5,49,26,라미아의숲4-4,1,24,0,99,362
0,라미아의숲4-5,49,27,라미아의숲4-4,1,25,0,99,362

0,라미아의숲4-5,25,11,라미아의숲수리점1,16,10,0,99,362

0,라미아의숲수리점1,19,10,라미아의숲4-5,27,11,0,99,362
0,라미아의숲수리점1,19,11,라미아의숲4-5,27,11,0,99,362

0,라미아의숲대기실,22,0,라미아의숲5-1,33,47,0,99,362
0,라미아의숲대기실,23,0,라미아의숲5-1,33,47,0,99,362

0,라미아의숲5-1,33,49,라미아의숲대기실,23,2,0,99,362

0,라미아의숲5-1,26,0,라미아의숲5-2,22,47,0,99,362
0,라미아의숲5-1,27,0,라미아의숲5-2,22,47,0,99,362
0,라미아의숲5-1,28,0,라미아의숲5-2,23,47,0,99,362

0,라미아의숲5-2,22,49,라미아의숲5-1,27,2,0,99,362
0,라미아의숲5-2,23,49,라미아의숲5-1,27,2,0,99,362

0,라미아의숲5-2,8,0,라미아의숲5-3,25,47,0,99,362
0,라미아의숲5-2,9,0,라미아의숲5-3,25,47,0,99,362
0,라미아의숲5-2,10,0,라미아의숲5-3,25,47,0,99,362

0,라미아의숲5-3,25,49,라미아의숲5-2,9,2,0,99,362
0,라미아의숲5-3,26,49,라미아의숲5-2,9,2,0,99,362

0,라미아의숲5-3,0,16,라미아의숲5-4,47,35,0,99,362
0,라미아의숲5-3,0,17,라미아의숲5-4,47,36,0,99,362

0,라미아의숲5-4,49,35,라미아의숲5-3,2,16,0,99,362
0,라미아의숲5-4,49,36,라미아의숲5-3,2,17,0,99,362

0,라미아의숲5-4,9,43,라미아의숲수리점2,16,10,0,99,362

0,라미아의숲수리점2,19,10,라미아의숲5-4,12,44,0,99,362
0,라미아의숲수리점2,19,11,라미아의숲5-4,11,44,0,99,362

0,라미아의숲5-4,0,53,라미아의숲5-5,67,14,0,99,362
0,라미아의숲5-4,0,54,라미아의숲5-5,67,15,0,99,362

0,라미아의숲5-5,69,13,라미아의숲5-4,2,53,0,99,362
0,라미아의숲5-5,69,14,라미아의숲5-4,2,53,0,99,362

0,라미아의숲5-3,49,22,라미아의숲5-6,1,12,0,99,362
0,라미아의숲5-3,49,23,라미아의숲5-6,1,13,0,99,362

0,라미아의숲5-6,0,12,라미아의숲5-3,48,22,0,99,362
0,라미아의숲5-6,0,13,라미아의숲5-3,48,23,0,99,362

0,라미아의숲5-6,19,0,라미아의숲5-8,24,28,0,99,362
0,라미아의숲5-6,20,0,라미아의숲5-8,24,28,0,99,362

0,라미아의숲5-8,24,30,라미아의숲5-6,19,1,0,99,362
0,라미아의숲5-8,25,30,라미아의숲5-6,20,1,0,99,362

0,라미아의숲5-6,40,9,라미아의숲5-7,2,14,0,99,362
0,라미아의숲5-6,40,10,라미아의숲5-7,2,15,0,99,362

0,라미아의숲5-7,0,14,라미아의숲5-6,38,9,0,99,362
0,라미아의숲5-7,0,15,라미아의숲5-6,38,10,0,99,362
