0,뤼케시온마을,36,44,뤼케시온여관,17,8,0,99,362
0,뤼케시온여관,19,7,뤼케시온마을,38,44,0,99,362
0,뤼케시온여관,19,8,뤼케시온마을,38,44,0,99,362
0,뤼케시온여관,19,9,뤼케시온마을,38,44,0,99,362
0,뤼케시온마을,28,51,뤼케시온여관,5,17,0,99,362
0,뤼케시온여관,3,19,뤼케시온마을,28,53,0,99,362
0,뤼케시온여관,4,19,뤼케시온마을,28,53,0,99,362
0,뤼케시온여관,5,19,뤼케시온마을,28,53,0,99,362
0,뤼케시온여관,6,19,뤼케시온마을,28,53,0,99,362
0,뤼케시온여관,7,19,뤼케시온마을,28,53,0,99,362

0,뤼케시온여관,15,4,뤼케시온주점,3,11,0,99,362
0,뤼케시온여관,16,4,뤼케시온주점,4,11,0,99,362
0,뤼케시온주점,3,14,뤼케시온여관,16,6,0,99,362
0,뤼케시온주점,4,14,뤼케시온여관,15,6,0,99,362

0,뤼케시온마을,13,61,뤼케시온잡화상점,7,12,0,99,362
0,뤼케시온잡화상점,6,14,뤼케시온마을,14,63,0,99,362
0,뤼케시온잡화상점,7,14,뤼케시온마을,14,63,0,99,362
0,뤼케시온잡화상점,8,14,뤼케시온마을,14,63,0,99,362

0,뤼케시온마을,13,99,뤼케시온대장간,12,7,0,99,362
0,뤼케시온대장간,14,6,뤼케시온마을,15,99,0,99,362
0,뤼케시온대장간,14,7,뤼케시온마을,15,99,0,99,362
0,뤼케시온대장간,14,8,뤼케시온마을,15,99,0,99,362
0,뤼케시온대장간,14,9,뤼케시온마을,15,99,0,99,362

0,뤼케시온마을,76,61,뤼케시온시약상점,7,12,0,99,362
0,뤼케시온시약상점,6,14,뤼케시온마을,76,63,0,99,362
0,뤼케시온시약상점,7,14,뤼케시온마을,76,63,0,99,362
0,뤼케시온시약상점,8,14,뤼케시온마을,76,63,0,99,362

0,뤼케시온마을,92,69,뤼케시온은행B,9,16,0,99,362
0,뤼케시온은행B,7,19,뤼케시온마을,92,71,0,99,362
0,뤼케시온은행B,8,19,뤼케시온마을,92,71,0,99,362
0,뤼케시온은행B,9,19,뤼케시온마을,92,71,0,99,362
0,뤼케시온은행B,10,19,뤼케시온마을,92,71,0,99,362
0,뤼케시온은행B,11,19,뤼케시온마을,92,71,0,99,362
0,뤼케시온은행B,12,19,뤼케시온마을,92,71,0,99,362

0,뤼케시온마을,12,29,뤼케시온은행A,9,16,0,99,362
0,뤼케시온은행A,7,19,뤼케시온마을,12,31,0,99,362
0,뤼케시온은행A,8,19,뤼케시온마을,12,31,0,99,362
0,뤼케시온은행A,9,19,뤼케시온마을,12,31,0,99,362
0,뤼케시온은행A,10,19,뤼케시온마을,12,31,0,99,362
0,뤼케시온은행A,11,19,뤼케시온마을,12,31,0,99,362
0,뤼케시온은행A,12,19,뤼케시온마을,12,31,0,99,362

0,뤼케시온항구,74,29,뤼케시온항구식당,16,14,0,99,362
0,뤼케시온항구식당,19,12,뤼케시온항구,77,29,0,99,362
0,뤼케시온항구식당,19,13,뤼케시온항구,77,29,0,99,362
0,뤼케시온항구식당,19,14,뤼케시온항구,77,29,0,99,362
0,뤼케시온항구식당,19,15,뤼케시온항구,77,29,0,99,362
0,뤼케시온항구식당,19,16,뤼케시온항구,77,29,0,99,362