0,마인마을,42,64,마인시약상점,12,12,0,99,362
0,마인마을,42,63,마인시약상점,12,12,0,99,362
0,마인시약상점,14,11,마인마을,44,63,0,99,362
0,마인시약상점,14,12,마인마을,44,63,0,99,362
0,마인시약상점,14,13,마인마을,44,63,0,99,362

0,마인마을,67,69,마인은행,6,17,0,99,362
0,마인마을,68,69,마인은행,7,17,0,99,362
0,마인은행,6,19,마인마을,68,71,0,99,362
0,마인은행,7,19,마인마을,68,71,0,99,362
0,마인은행,8,19,마인마을,68,71,0,99,362

0,마인마을,58,42,마인여관,5,17,0,99,362
0,마인마을,59,42,마인여관,6,17,0,99,362
0,마인여관,3,19,마인마을,59,45,0,99,362
0,마인여관,4,19,마인마을,59,45,0,99,362
0,마인여관,5,19,마인마을,59,45,0,99,362
0,마인여관,6,19,마인마을,59,45,0,99,362
0,마인여관,7,19,마인마을,59,45,0,99,362
0,마인여관,8,19,마인마을,59,45,0,99,362

0,마인마을,75,46,마인잡화상점,7,12,0,99,362
0,마인마을,76,46,마인잡화상점,7,12,0,99,362
0,마인잡화상점,6,14,마인마을,76,48,0,99,362
0,마인잡화상점,7,14,마인마을,76,48,0,99,362
0,마인잡화상점,8,14,마인마을,76,48,0,99,362

0,마인마을,27,30,마인대장간,8,17,0,99,362
0,마인마을,28,30,마인대장간,9,17,0,99,362
0,마인대장간,8,19,마인마을,27,32,0,99,362
0,마인대장간,9,19,마인마을,28,32,0,99,362
0,마인대장간,10,19,마인마을,29,32,0,99,362

0,마인마을,9,0,죽음의마을입구5,9,18,99,99,362
0,마인마을,10,0,죽음의마을입구5,10,18,99,99,362
0,마인마을,11,0,죽음의마을입구5,11,18,99,99,362
0,마인마을,12,0,죽음의마을입구5,12,18,99,99,362
0,마인마을,13,0,죽음의마을입구5,13,18,99,99,362
0,마인마을,14,0,죽음의마을입구5,13,18,99,99,362
0,죽음의마을입구5,9,19,마인마을,10,1,99,99,362
0,죽음의마을입구5,10,19,마인마을,11,1,99,99,362
0,죽음의마을입구5,11,19,마인마을,12,1,99,99,362
0,죽음의마을입구5,12,19,마인마을,13,1,99,99,362