4,로톤마을,104,0,이동R,0,0,99,99,362
4,로톤마을,105,0,이동R,0,0,99,99,362
4,로톤마을,106,0,이동R,0,0,99,99,362
4,로톤마을,107,0,이동R,0,0,99,99,362

0,루프의캠프,12,19,로톤마을,105,2,0,99,362
0,루프의캠프,13,19,로톤마을,105,2,0,99,362
0,루프의캠프,14,19,로톤마을,106,2,0,99,362

3,루프의캠프,4,0,이동R,0,0,0,99,362
3,루프의캠프,5,0,이동R,0,0,0,99,362
3,루프의캠프,6,0,이동R,0,0,0,99,362
3,루프의캠프,7,0,이동R,0,0,0,99,362
3,루프의캠프,8,0,이동R,0,0,0,99,362

0,북로톤A구역-1,27,49,루프의캠프,4,2,0,99,362
0,북로톤A구역-1,28,49,루프의캠프,5,2,0,99,362
0,북로톤A구역-1,29,49,루프의캠프,6,2,0,99,362
0,북로톤A구역-1,30,49,루프의캠프,7,2,0,99,362
0,북로톤A구역-1,31,49,루프의캠프,8,2,0,99,362

3,북로톤A구역-1,14,0,이동R,0,0,0,99,362
3,북로톤A구역-1,15,0,이동R,0,0,0,99,362
3,북로톤A구역-1,16,0,이동R,0,0,0,99,362
3,북로톤A구역-1,17,0,이동R,0,0,0,99,362
3,북로톤A구역-1,18,0,이동R,0,0,0,99,362

0,북로톤B구역-2,30,49,북로톤A구역-1,14,2,0,99,362
0,북로톤B구역-2,31,49,북로톤A구역-1,15,2,0,99,362
0,북로톤B구역-2,32,49,북로톤A구역-1,16,2,0,99,362
0,북로톤B구역-2,33,49,북로톤A구역-1,17,2,0,99,362
0,북로톤B구역-2,34,49,북로톤A구역-1,18,2,0,99,362

0,북로톤B구역-2,0,19,북로톤B구역-1,47,27,0,99,362
0,북로톤B구역-2,0,20,북로톤B구역-1,47,28,0,99,362
0,북로톤B구역-2,0,21,북로톤B구역-1,47,29,0,99,362
0,북로톤B구역-2,0,22,북로톤B구역-1,47,30,0,99,362
0,북로톤B구역-2,0,23,북로톤B구역-1,47,31,0,99,362

0,북로톤B구역-1,49,27,북로톤B구역-2,2,19,0,99,362
0,북로톤B구역-1,49,28,북로톤B구역-2,2,20,0,99,362
0,북로톤B구역-1,49,29,북로톤B구역-2,2,21,0,99,362
0,북로톤B구역-1,49,30,북로톤B구역-2,2,22,0,99,362
0,북로톤B구역-1,49,31,북로톤B구역-2,2,23,0,99,362

0,북로톤B구역-2,49,14,북로톤B구역-3,2,16,0,99,362
0,북로톤B구역-2,49,15,북로톤B구역-3,2,17,0,99,362
0,북로톤B구역-2,49,16,북로톤B구역-3,2,18,0,99,362
0,북로톤B구역-2,49,17,북로톤B구역-3,2,19,0,99,362
0,북로톤B구역-2,49,18,북로톤B구역-3,2,20,0,99,362

0,북로톤B구역-3,0,16,북로톤B구역-2,47,14,0,99,362
0,북로톤B구역-3,0,17,북로톤B구역-2,47,15,0,99,362
0,북로톤B구역-3,0,18,북로톤B구역-2,47,16,0,99,362
0,북로톤B구역-3,0,19,북로톤B구역-2,47,17,0,99,362
0,북로톤B구역-3,0,20,북로톤B구역-2,47,18,0,99,362

3,북로톤B구역-2,22,0,이동R,0,0,0,99,362
3,북로톤B구역-2,23,0,이동R,0,0,0,99,362
3,북로톤B구역-2,24,0,이동R,0,0,0,99,362
3,북로톤B구역-2,25,0,이동R,0,0,0,99,362
3,북로톤B구역-2,26,0,이동R,0,0,0,99,362

0,북로톤C구역-2,21,49,북로톤B구역-2,22,2,0,99,362
0,북로톤C구역-2,22,49,북로톤B구역-2,23,2,0,99,362
0,북로톤C구역-2,23,49,북로톤B구역-2,24,2,0,99,362
0,북로톤C구역-2,24,49,북로톤B구역-2,25,2,0,99,362
0,북로톤C구역-2,25,49,북로톤B구역-2,26,2,0,99,362

0,북로톤C구역-1,49,18,북로톤C구역-2,2,16,0,99,362
0,북로톤C구역-1,49,19,북로톤C구역-2,2,17,0,99,362
0,북로톤C구역-1,49,20,북로톤C구역-2,2,18,0,99,362
0,북로톤C구역-1,49,21,북로톤C구역-2,2,19,0,99,362

0,북로톤C구역-2,0,16,북로톤C구역-1,47,18,0,99,362
0,북로톤C구역-2,0,17,북로톤C구역-1,47,19,0,99,362
0,북로톤C구역-2,0,18,북로톤C구역-1,47,20,0,99,362
0,북로톤C구역-2,0,19,북로톤C구역-1,47,21,0,99,362

0,북로톤C구역-2,49,27,북로톤C구역-3,2,20,0,99,362
0,북로톤C구역-2,49,28,북로톤C구역-3,2,21,0,99,362
0,북로톤C구역-2,49,29,북로톤C구역-3,2,22,0,99,362
0,북로톤C구역-2,49,30,북로톤C구역-3,2,23,0,99,362

0,북로톤C구역-3,0,20,북로톤C구역-2,47,27,0,99,362
0,북로톤C구역-3,0,21,북로톤C구역-2,47,28,0,99,362
0,북로톤C구역-3,0,22,북로톤C구역-2,47,29,0,99,362
0,북로톤C구역-3,0,23,북로톤C구역-2,47,30,0,99,362

3,북로톤C구역-2,18,0,이동R,0,0,0,99,362
3,북로톤C구역-2,19,0,이동R,0,0,0,99,362
3,북로톤C구역-2,20,0,이동R,0,0,0,99,362
3,북로톤C구역-2,21,0,이동R,0,0,0,99,362

0,북로톤D구역-3,16,54,북로톤C구역-2,18,2,0,99,362
0,북로톤D구역-3,17,54,북로톤C구역-2,19,2,0,99,362
0,북로톤D구역-3,18,54,북로톤C구역-2,20,2,0,99,362
0,북로톤D구역-3,19,54,북로톤C구역-2,21,2,0,99,362

0,북로톤D구역-1,49,27,북로톤D구역-2,2,19,0,99,362
0,북로톤D구역-1,49,28,북로톤D구역-2,2,19,0,99,362
0,북로톤D구역-1,49,29,북로톤D구역-2,2,19,0,99,362
0,북로톤D구역-1,49,30,북로톤D구역-2,2,19,0,99,362

0,북로톤D구역-2,0,19,북로톤D구역-1,47,27,0,99,362
0,북로톤D구역-2,0,20,북로톤D구역-1,47,28,0,99,362
0,북로톤D구역-2,0,21,북로톤D구역-1,47,29,0,99,362
0,북로톤D구역-2,0,22,북로톤D구역-1,47,30,0,99,362

0,북로톤D구역-2,54,25,북로톤D구역-3,2,21,0,99,362
0,북로톤D구역-2,54,26,북로톤D구역-3,2,22,0,99,362
0,북로톤D구역-2,54,27,북로톤D구역-3,2,23,0,99,362
0,북로톤D구역-2,54,28,북로톤D구역-3,2,24,0,99,362

0,북로톤D구역-3,0,21,북로톤D구역-2,52,25,0,99,362
0,북로톤D구역-3,0,22,북로톤D구역-2,52,26,0,99,362
0,북로톤D구역-3,0,23,북로톤D구역-2,52,27,0,99,362
0,북로톤D구역-3,0,24,북로톤D구역-2,52,28,0,99,362

3,북로톤D구역-3,25,0,이동R,0,0,0,99,362
3,북로톤D구역-3,26,0,이동R,0,0,0,99,362
3,북로톤D구역-3,27,0,이동R,0,0,0,99,362
3,북로톤D구역-3,28,0,이동R,0,0,0,99,362

0,북로톤D구역-3,54,25,북로톤D구역-4,2,26,0,99,362
0,북로톤D구역-3,54,26,북로톤D구역-4,2,27,0,99,362
0,북로톤D구역-3,54,27,북로톤D구역-4,2,28,0,99,362
0,북로톤D구역-3,54,28,북로톤D구역-4,2,29,0,99,362

0,북로톤D구역-4,0,26,북로톤D구역-3,52,25,0,99,362
0,북로톤D구역-4,0,27,북로톤D구역-3,52,26,0,99,362
0,북로톤D구역-4,0,28,북로톤D구역-3,52,27,0,99,362
0,북로톤D구역-4,0,29,북로톤D구역-3,52,28,0,99,362

0,북로톤D구역-4,54,27,북로톤D구역-5,2,20,0,99,362
0,북로톤D구역-4,54,28,북로톤D구역-5,2,21,0,99,362
0,북로톤D구역-4,54,29,북로톤D구역-5,2,22,0,99,362
0,북로톤D구역-4,54,30,북로톤D구역-5,2,23,0,99,362

0,북로톤D구역-5,0,20,북로톤D구역-4,52,27,0,99,362
0,북로톤D구역-5,0,21,북로톤D구역-4,52,28,0,99,362
0,북로톤D구역-5,0,22,북로톤D구역-4,52,29,0,99,362
0,북로톤D구역-5,0,23,북로톤D구역-4,52,30,0,99,362

0,북로톤E구역-3,26,59,북로톤D구역-3,25,2,0,99,362
0,북로톤E구역-3,27,59,북로톤D구역-3,26,2,0,99,362
0,북로톤E구역-3,28,59,북로톤D구역-3,27,2,0,99,362
0,북로톤E구역-3,29,59,북로톤D구역-3,28,2,0,99,362

0,북로톤E구역-1,49,18,북로톤E구역-2,2,19,0,99,362
0,북로톤E구역-1,49,19,북로톤E구역-2,2,20,0,99,362
0,북로톤E구역-1,49,20,북로톤E구역-2,2,21,0,99,362
0,북로톤E구역-1,49,21,북로톤E구역-2,2,22,0,99,362

0,북로톤E구역-2,0,19,북로톤E구역-1,47,18,0,99,362
0,북로톤E구역-2,0,20,북로톤E구역-1,47,19,0,99,362
0,북로톤E구역-2,0,21,북로톤E구역-1,47,20,0,99,362
0,북로톤E구역-2,0,22,북로톤E구역-1,47,21,0,99,362

0,북로톤E구역-2,59,26,북로톤E구역-3,2,18,0,99,362
0,북로톤E구역-2,59,27,북로톤E구역-3,2,19,0,99,362
0,북로톤E구역-2,59,28,북로톤E구역-3,2,20,0,99,362
0,북로톤E구역-2,59,29,북로톤E구역-3,2,21,0,99,362

0,북로톤E구역-3,0,18,북로톤E구역-2,57,26,0,99,362
0,북로톤E구역-3,0,19,북로톤E구역-2,57,27,0,99,362
0,북로톤E구역-3,0,20,북로톤E구역-2,57,28,0,99,362
0,북로톤E구역-3,0,21,북로톤E구역-2,57,29,0,99,362

3,북로톤E구역-3,18,0,이동R,0,0,0,99,362
3,북로톤E구역-3,19,0,이동R,0,0,0,99,362
3,북로톤E구역-3,20,0,이동R,0,0,0,99,362
3,북로톤E구역-3,21,0,이동R,0,0,0,99,362

0,북로톤E구역-3,59,17,북로톤E구역-4,2,17,0,99,362
0,북로톤E구역-3,59,18,북로톤E구역-4,2,18,0,99,362
0,북로톤E구역-3,59,19,북로톤E구역-4,2,19,0,99,362
0,북로톤E구역-3,59,20,북로톤E구역-4,2,20,0,99,362

0,북로톤E구역-4,0,17,북로톤E구역-3,57,17,0,99,362
0,북로톤E구역-4,0,18,북로톤E구역-3,57,18,0,99,362
0,북로톤E구역-4,0,19,북로톤E구역-3,57,19,0,99,362
0,북로톤E구역-4,0,20,북로톤E구역-3,57,20,0,99,362

0,북로톤E구역-4,59,29,북로톤E구역-5,2,24,0,99,362
0,북로톤E구역-4,59,30,북로톤E구역-5,2,25,0,99,362
0,북로톤E구역-4,59,31,북로톤E구역-5,2,26,0,99,362
0,북로톤E구역-4,59,32,북로톤E구역-5,2,27,0,99,362

0,북로톤E구역-5,0,24,북로톤E구역-4,57,29,0,99,362
0,북로톤E구역-5,0,25,북로톤E구역-4,57,30,0,99,362
0,북로톤E구역-5,0,26,북로톤E구역-4,57,31,0,99,362
0,북로톤E구역-5,0,27,북로톤E구역-4,57,32,0,99,362

0,북로톤F구역-3,30,64,북로톤E구역-3,18,2,0,99,362
0,북로톤F구역-3,31,64,북로톤E구역-3,19,2,0,99,362
0,북로톤F구역-3,32,64,북로톤E구역-3,20,2,0,99,362
0,북로톤F구역-3,33,64,북로톤E구역-3,21,2,0,99,362

0,북로톤F구역-1,49,27,북로톤F구역-2,2,18,0,99,362
0,북로톤F구역-1,49,28,북로톤F구역-2,2,19,0,99,362
0,북로톤F구역-1,49,29,북로톤F구역-2,2,20,0,99,362
0,북로톤F구역-1,49,30,북로톤F구역-2,2,21,0,99,362
0,북로톤F구역-1,49,31,북로톤F구역-2,2,22,0,99,362

0,북로톤F구역-2,0,18,북로톤F구역-1,47,27,0,99,362
0,북로톤F구역-2,0,19,북로톤F구역-1,47,28,0,99,362
0,북로톤F구역-2,0,20,북로톤F구역-1,47,29,0,99,362
0,북로톤F구역-2,0,21,북로톤F구역-1,47,30,0,99,362
0,북로톤F구역-2,0,22,북로톤F구역-1,47,31,0,99,362

0,북로톤F구역-2,49,27,북로톤F구역-3,2,15,0,99,362
0,북로톤F구역-2,49,28,북로톤F구역-3,2,16,0,99,362
0,북로톤F구역-2,49,29,북로톤F구역-3,2,17,0,99,362
0,북로톤F구역-2,49,30,북로톤F구역-3,2,18,0,99,362
0,북로톤F구역-2,49,31,북로톤F구역-3,2,19,0,99,362

0,북로톤F구역-3,0,15,북로톤F구역-2,47,27,0,99,362
0,북로톤F구역-3,0,16,북로톤F구역-2,47,28,0,99,362
0,북로톤F구역-3,0,17,북로톤F구역-2,47,29,0,99,362
0,북로톤F구역-3,0,18,북로톤F구역-2,47,30,0,99,362
0,북로톤F구역-3,0,19,북로톤F구역-2,47,31,0,99,362

0,북로톤F구역-3,59,31,북로톤F구역-4,2,22,0,99,362
0,북로톤F구역-3,59,32,북로톤F구역-4,2,23,0,99,362
0,북로톤F구역-3,59,33,북로톤F구역-4,2,24,0,99,362
0,북로톤F구역-3,59,34,북로톤F구역-4,2,25,0,99,362
0,북로톤F구역-3,59,35,북로톤F구역-4,2,26,0,99,362

0,북로톤F구역-4,0,22,북로톤F구역-3,57,31,0,99,362
0,북로톤F구역-4,0,23,북로톤F구역-3,57,32,0,99,362
0,북로톤F구역-4,0,24,북로톤F구역-3,57,33,0,99,362
0,북로톤F구역-4,0,25,북로톤F구역-3,57,34,0,99,362
0,북로톤F구역-4,0,26,북로톤F구역-3,57,35,0,99,362

0,북로톤F구역-4,54,24,북로톤F구역-5,2,17,0,99,362
0,북로톤F구역-4,54,25,북로톤F구역-5,2,18,0,99,362
0,북로톤F구역-4,54,26,북로톤F구역-5,2,19,0,99,362
0,북로톤F구역-4,54,27,북로톤F구역-5,2,20,0,99,362
0,북로톤F구역-4,54,28,북로톤F구역-5,2,21,0,99,362

0,북로톤F구역-5,0,17,북로톤F구역-4,52,24,0,99,362
0,북로톤F구역-5,0,18,북로톤F구역-4,52,25,0,99,362
0,북로톤F구역-5,0,19,북로톤F구역-4,52,26,0,99,362
0,북로톤F구역-5,0,20,북로톤F구역-4,52,27,0,99,362
0,북로톤F구역-5,0,21,북로톤F구역-4,52,28,0,99,362