0,룸바호,18,14,룸바호-선실,3,11,0,99,362
0,룸바호-선실,0,11,룸바호,20,14,0,99,362

0,룸바호-선실,16,2,룸바호-선장실,10,15,0,99,362
0,룸바호-선장실,9,18,룸바호-선실,16,5,0,99,362

0,룸바호-선실,12,7,룸바호-지하,21,10,0,99,362
0,룸바호-지하,29,10,룸바호-선실,14,6,0,99,362

4,물의신전,15,9,물의신전R,0,0,0,99,362
4,물의신전,16,9,물의신전R,0,0,0,99,362
4,물의신전,17,9,물의신전R,0,0,0,99,362

4,물의신전1,6,37,물의신전R,0,0,0,99,0
4,물의신전1,7,37,물의신전R,0,0,0,99,0

4,물의신전1,27,44,물의신전R,0,0,0,99,0
4,물의신전1,27,45,물의신전R,0,0,0,99,0

4,물의신전1,23,3,물의신전R,0,0,0,99,0
4,물의신전1,23,4,물의신전R,0,0,0,99,0

4,물의신전1,39,5,물의신전R,0,0,0,99,0
4,물의신전1,39,6,물의신전R,0,0,0,99,0

4,물의신전1,27,21,물의신전R,0,0,0,99,0
4,물의신전1,28,21,물의신전R,0,0,0,99,0

4,물의신전1,36,27,물의신전R,0,0,0,99,0
4,물의신전1,36,28,물의신전R,0,0,0,99,0

4,물의신전1,46,46,물의신전R,0,0,0,99,0
4,물의신전1,47,46,물의신전R,0,0,0,99,0