3,[뮤레칸]피에트던전(1),0,49,입장2,117,39,99,99,362
3,[뮤레칸]피에트던전(1),0,50,입장2,117,39,99,99,362
3,[뮤레칸]피에트던전(1),0,51,입장2,117,39,99,99,362
3,[뮤레칸]피에트던전(1),0,52,입장2,117,40,99,99,362

3,[뮤레칸]뤼케시온던전(1),4,0,입장3,65,117,99,99,362
3,[뮤레칸]뤼케시온던전(1),5,0,입장3,66,117,99,99,362
3,[뮤레칸]뤼케시온던전(1),6,0,입장3,67,117,99,99,362
3,[뮤레칸]뤼케시온던전(1),7,0,입장3,68,117,99,99,362

3,[뮤레칸]밀레스던전(1),102,16,입장4,97,46,99,99,362

0,[뮤레칸]루어스던전(1),13,90,[뮤레칸]루어스던전(1),61,43,99,99,362

3,[뮤레칸]루어스던전(1),33,42,입장5,98,49,99,99,362
3,[뮤레칸]루어스던전(1),33,41,입장5,98,50,99,99,362
3,[뮤레칸]루어스던전(1),33,40,입장5,98,51,99,99,362

3,[뮤레칸]피에트던전(2),0,49,입장2,117,39,99,99,362
3,[뮤레칸]피에트던전(2),0,50,입장2,117,39,99,99,362
3,[뮤레칸]피에트던전(2),0,51,입장2,117,39,99,99,362
3,[뮤레칸]피에트던전(2),0,52,입장2,117,40,99,99,362

3,[뮤레칸]뤼케시온던전(2),4,0,입장3,65,117,99,99,362
3,[뮤레칸]뤼케시온던전(2),5,0,입장3,66,117,99,99,362
3,[뮤레칸]뤼케시온던전(2),6,0,입장3,67,117,99,99,362
3,[뮤레칸]뤼케시온던전(2),7,0,입장3,68,117,99,99,362

3,[뮤레칸]밀레스던전(2),102,16,입장4,97,46,99,99,362

0,[뮤레칸]루어스던전(2),13,90,[뮤레칸]루어스던전(2),61,43,99,99,362

3,[뮤레칸]루어스던전(2),33,42,입장5,98,49,99,99,362
3,[뮤레칸]루어스던전(2),33,41,입장5,98,50,99,99,362
3,[뮤레칸]루어스던전(2),33,40,입장5,98,51,99,99,362

3,[뮤레칸]홀리루딘던전(1),34.49,마인마을,50,56,99,99,362
3,[뮤레칸]홀리루딘던전(1),34.48,마인마을50,57,99,99,362