0,밀레스마을,67,22,밀레스여관,6,15,0,99,362
0,밀레스마을,68,22,밀레스여관,6,16,0,99,362
0,밀레스여관,4,19,밀레스마을,67,24,0,99,362
0,밀레스여관,5,19,밀레스마을,67,24,0,99,362
0,밀레스여관,6,19,밀레스마을,67,24,0,99,362
0,밀레스여관,7,19,밀레스마을,68,24,0,99,362
0,밀레스여관,8,19,밀레스마을,68,24,0,99,362
0,밀레스여관,9,19,밀레스마을,68,24,0,99,362

0,밀레스큰연습장,0,2,밀레스여관,11,11,0,99,362
0,밀레스작은연습장,0,9,밀레스여관,11,11,0,99,362

0,밀레스마을,13,19,밀레스은행A,17,10,0,99,362
0,밀레스마을,13,20,밀레스은행A,17,11,0,99,362
0,밀레스은행A,19,7,밀레스마을,15,19,0,99,362
0,밀레스은행A,19,8,밀레스마을,15,19,0,99,362
0,밀레스은행A,19,9,밀레스마을,15,19,0,99,362
0,밀레스은행A,19,10,밀레스마을,15,20,0,99,362
0,밀레스은행A,19,11,밀레스마을,15,20,0,99,362
0,밀레스은행A,19,12,밀레스마을,15,20,0,99,362
0,밀레스은행A,19,13,밀레스마을,15,20,0,99,362

0,밀레스마을,31,75,밀레스잡화상점B,12,6,0,99,362
0,밀레스마을,31,76,밀레스잡화상점B,12,6,0,99,362
0,밀레스잡화상점B,14,4,밀레스마을,33,75,0,99,362
0,밀레스잡화상점B,14,5,밀레스마을,33,75,0,99,362
0,밀레스잡화상점B,14,6,밀레스마을,33,75,0,99,362
0,밀레스잡화상점B,14,7,밀레스마을,33,76,0,99,362
0,밀레스잡화상점B,14,8,밀레스마을,33,76,0,99,362
0,밀레스잡화상점B,14,9,밀레스마을,33,76,0,99,362

0,밀레스마을,29,99,Emblem상점A,12,7,0,99,362
0,밀레스마을,29,100,Emblem상점A,12,8,0,99,362
0,Emblem상점A,14,7,밀레스마을,31,99,0,99,362
0,Emblem상점A,14,8,밀레스마을,31,100,0,99,362

0,밀레스마을,43,78,밀레스시약상점,6,11,0,99,362
0,밀레스마을,44,78,밀레스시약상점,7,11,0,99,362
0,밀레스시약상점,5,14,밀레스마을,43,80,0,99,362
0,밀레스시약상점,6,14,밀레스마을,43,80,0,99,362
0,밀레스시약상점,7,14,밀레스마을,43,80,0,99,362
0,밀레스시약상점,8,14,밀레스마을,44,80,0,99,362
0,밀레스시약상점,9,14,밀레스마을,44,80,0,99,362

0,밀레스마을,51,75,밀레스대장간,7,17,0,99,362
0,밀레스마을,52,75,밀레스대장간,8,17,0,99,362
0,밀레스대장간,6,19,밀레스마을,51,77,0,99,362
0,밀레스대장간,7,19,밀레스마을,51,77,0,99,362
0,밀레스대장간,8,19,밀레스마을,52,77,0,99,362
0,밀레스대장간,9,19,밀레스마을,52,77,0,99,362

0,밀레스마을,91,86,밀레스식당,11,12,0,99,362
0,밀레스마을,92,86,밀레스식당,12,12,0,99,362
0,밀레스식당,11,14,밀레스마을,91,88,0,99,362
0,밀레스식당,12,14,밀레스마을,92,88,0,99,362
0,밀레스식당,11,4,밀레스주점,11,12,0,99,362
0,밀레스식당,12,4,밀레스주점,12,12,0,99,362
0,밀레스주점,11,14,밀레스식당,11,6,0,99,362
0,밀레스주점,12,14,밀레스식당,12,6,0,99,362

0,밀레스마을,119,48,밀레스성,2,26,0,99,362
0,밀레스마을,119,49,밀레스성,2,27,0,99,362
0,밀레스마을,119,50,밀레스성,2,28,0,99,362
0,밀레스마을,119,51,밀레스성,2,29,0,99,362

0,밀레스성,0,26,밀레스마을,117,48,0,99,362
0,밀레스성,0,27,밀레스마을,117,49,0,99,362
0,밀레스성,0,28,밀레스마을,117,50,0,99,362
0,밀레스성,0,29,밀레스마을,117,51,0,99,362
0,밀레스성,20,12,밀레스성홀,7,29,0,99,362
0,밀레스성,21,12,밀레스성홀,8,29,0,99,362
0,밀레스성,22,12,밀레스성홀,9,29,0,99,362

0,밀레스성홀,7,31,밀레스성,20,14,0,99,362
0,밀레스성홀,8,31,밀레스성,21,14,0,99,362
0,밀레스성홀,9,31,밀레스성,22,14,0,99,362

0,밀레스마을,101,16,밀레스신전,9,5,99,99,362
0,밀레스마을,102,16,밀레스신전,9,5,99,99,362
0,밀레스마을,103,16,밀레스신전,9,5,99,99,362

0,밀레스신전,11,5,밀레스마을,97,20,99,99,362
0,밀레스신전,11,6,밀레스마을,97,20,99,99,362

0,밀레스마을,52,10,지하묘지대기실,7,12,0,99,362
0,밀레스마을,52,11,지하묘지대기실,7,12,0,99,362

0,밀레스마을,95,108,밀레스지하양식장1,6,7,99,99,362
0,밀레스마을,96,108,밀레스지하양식장1,7,5,99,99,362

0,신들의세계,24,9,로오신전,10,5,99,99,362
0,신들의세계,24,10,로오신전,10,6,99,99,362
0,신들의세계,24,11,로오신전,10,7,99,99,362

0,로오신전,12,6,신들의세계,25,10,99,99,362

0,신들의세계,10,5,세토아신전,10,5,99,99,362
0,신들의세계,10,6,세토아신전,10,6,99,99,362
0,신들의세계,10,7,세토아신전,10,7,99,99,362

0,세토아신전,12,6,신들의세계,11,6,99,99,362

0,신들의세계,12,18,칸신전,10,5,99,99,362
0,신들의세계,12,19,칸신전,10,6,99,99,362
0,신들의세계,12,20,칸신전,10,7,99,99,362

0,칸신전,12,6,신들의세계,13,19,99,99,362

0,신들의세계,22,24,세오신전,10,5,99,99,362
0,신들의세계,22,25,세오신전,10,6,99,99,362
0,신들의세계,22,26,세오신전,10,7,99,99,362

0,세오신전,12,6,신들의세계,23,24,99,99,362

0,지하묘지대기실,6,15,밀레스마을,51,10,0,99,362
0,지하묘지대기실,7,15,밀레스마을,51,10,0,99,362
0,지하묘지대기실,8,15,밀레스마을,51,10,0,99,362
0,지하묘지대기실,9,15,밀레스마을,51,10,0,99,362

0,지하묘지대기실,8,7,지하묘지1-1,13,48,0,99,362
0,지하묘지1-1,12,49,지하묘지대기실,7,8,0,99,362
0,지하묘지1-1,13,49,지하묘지대기실,7,8,0,99,362
0,지하묘지1-1,14,49,지하묘지대기실,7,8,0,99,362
0,지하묘지1-1,15,49,지하묘지대기실,7,8,0,99,362
0,지하묘지1-1,16,49,지하묘지대기실,7,8,0,99,362
0,지하묘지1-1,17,49,지하묘지대기실,7,8,0,99,362
0,지하묘지1-1,18,49,지하묘지대기실,7,8,0,99,362

0,지하묘지1-1,2,5,지하묘지2-1,43,23,0,99,362
0,지하묘지2-1,44,22,지하묘지1-1,3,7,0,99,362

0,지하묘지2-1,11,23,지하묘지3-1,1,31,0,99,362
0,지하묘지3-1,0,30,지하묘지2-1,12,22,0,99,362

0,지하묘지3-1,29,45,지하묘지4-1,5,1,0,99,362
0,지하묘지4-1,5,0,지하묘지3-1,30,44,0,99,362

0,지하묘지1-1,45,17,지하묘지2-3,43,1,0,99,362
0,지하묘지2-3,44,0,지하묘지1-1,43,17,0,99,362

0,지하묘지1-1,40,45,지하묘지2-2,11,19,0,99,362
0,지하묘지2-2,10,18,지하묘지1-1,41,43,0,99,362

0,지하묘지2-2,44,1,지하묘지3-2,36,1,0,99,362
0,지하묘지3-2,35,0,지하묘지2-2,43,1,0,99,362

0,지하묘지2-3,3,42,지하묘지3-3,24,27,0,99,362
0,지하묘지3-3,23,26,지하묘지2-3,2,43,0,99,362

0,지하묘지3-2,28,28,지하묘지4-2,9,1,0,99,362

0,지하묘지3-3,11,1,지하묘지4-3,43,1,0,99,362
0,지하묘지4-3,44,0,지하묘지3-3,12,2,0,99,362

0,지하묘지4-3,19,9,지하묘지5-2,31,1,0,99,362
0,지하묘지5-2,32,0,지하묘지4-3,18,10,0,99,362

0,지하묘지3-2,28,28,지하묘지4-2,9,1,0,99,362
0,지하묘지4-2,8,0,지하묘지3-2,27,29,0,99,362

0,지하묘지3-1,40,2,지하묘지4-2,1,40,0,99,362
0,지하묘지4-2,0,39,지하묘지3-1,41,3,0,99,362

0,지하묘지4-1,6,40,지하묘지5-1,13,1,0,99,362
0,지하묘지5-1,14,0,지하묘지4-1,5,41,0,99,362

0,지하묘지4-2,45,1,지하묘지5-2,1,35,0,99,362
0,지하묘지5-2,0,36,지하묘지4-2,44,2,0,99,362

0,지하묘지4-2,28,33,지하묘지5-1,43,1,0,99,362
0,지하묘지5-1,44,0,지하묘지4-2,27,34,0,99,362

0,지하묘지5-1,6,27,지하묘지6-1,43,10,0,99,362
0,지하묘지6-1,44,9,지하묘지5-1,5,28,0,99,362

0,지하묘지5-2,45,25,지하묘지6-3,34,1,0,99,362
0,지하묘지6-3,35,0,지하묘지5-2,44,26,0,99,362

0,지하묘지5-2,17,31,지하묘지6-2,1,5,0,99,362
0,지하묘지6-2,0,6,지하묘지5-2,16,32,0,99,362

0,지하묘지6-1,22,17,지하묘지7-2,7,19,0,99,362
0,지하묘지7-2,8,18,지하묘지6-1,5,14,0,99,362

0,지하묘지6-1,6,14,지하묘지7-1,13,1,0,99,362
0,지하묘지7-1,14,0,지하묘지6-1,21,17,0,99,362

0,지하묘지6-2,12,2,지하묘지7-2,16,1,0,99,362
0,지하묘지7-2,17,0,지하묘지6-2,43,32,0,99,362

0,지하묘지6-2,45,32,지하묘지7-3,1,35,0,99,362
0,지하묘지7-3,0,36,지하묘지6-2,12,1,0,99,362

0,지하묘지6-3,15,28,지하묘지7-4,37,42,0,99,362
0,지하묘지7-3,8,0,지하묘지6-3,15,27,0,99,362

0,지하묘지6-3,9,1,지하묘지7-3,7,1,0,99,362
0,지하묘지7-4,38,41,지하묘지6-3,8,0,0,99,362

0,지하묘지6-1,6,14,지하묘지7-1,13,1,0,99,362
0,지하묘지7-2,8,18,지하묘지6-1,5,14,0,99,362

0,지하묘지6-1,22,17,지하묘지7-2,7,19,0,99,362
0,지하묘지7-1,14,0,지하묘지6-1,21,17,0,99,362

0,지하묘지7-1,13,21,지하묘지8-1,39,43,0,99,362
0,지하묘지8-1,38,42,지하묘지7-1,12,21,0,99,362

0,지하묘지7-1,13,21,지하묘지8-1,39,43,0,99,362

0,지하묘지7-3,29,12,지하묘지8-3,22,1,0,99,362
0,지하묘지8-3,23,0,지하묘지7-3,28,12,0,99,362

0,지하묘지7-2,38,39,지하묘지8-3,20,36,0,99,362
0,지하묘지8-3,19,35,지하묘지7-2,37,39,0,99,362

0,지하묘지7-1,36,2,지하묘지8-2,33,1,0,99,362
0,지하묘지8-2,32,0,지하묘지7-1,37,1,0,99,362

0,지하묘지8-2,17,31,지하묘지9-2,42,1,0,99,362
0,지하묘지9-2,41,0,지하묘지8-2,16,32,0,99,362

0,지하묘지8-1,31,1,지하묘지9-1,21,1,0,99,362
0,지하묘지9-1,20,0,지하묘지8-1,30,1,0,99,362

0,지하묘지8-3,43,29,지하묘지9-3,4,40,0,99,362
0,지하묘지9-3,5,39,지하묘지8-3,42,29,0,99,362

0,지하묘지9-1,41,1,지하묘지10-1,17,27,0,99,362
0,지하묘지10-1,16,26,지하묘지9-1,40,1,0,99,362

0,지하묘지9-3,17,20,지하묘지10-3,33,1,0,99,362
0,지하묘지10-3,32,0,지하묘지9-3,40,19,0,99,362

0,지하묘지9-3,44,19,지하묘지10-4,20,42,0,99,362
0,지하묘지10-4,19,41,지하묘지9-3,17,19,0,99,362

0,지하묘지9-2,11,36,지하묘지10-3,1,37,0,99,362
0,지하묘지10-3,0,36,지하묘지9-2,10,36,0,99,362

0,지하묘지9-2,16,10,지하묘지10-2,13,1,0,99,362
0,지하묘지10-2,14,0,지하묘지9-2,16,9,0,99,362

0,지하묘지10-1,35,27,지하묘지11-1,36,1,0,99,362
0,지하묘지11-1,35,0,지하묘지10-1,34,27,0,99,362

0,지하묘지10-2,6,27,지하묘지11-2,1,39,0,99,362
0,지하묘지11-2,0,38,지하묘지10-3,44,25,0,99,362

0,지하묘지10-3,45,25,지하묘지11-2,31,1,0,99,362
0,지하묘지11-2,29,0,지하묘지10-2,5,27,0,99,362

0,지하묘지11-2,44,36,지하묘지12-1,1,17,0,99,362
0,지하묘지12-1,0,18,지하묘지11-3,42,10,0,99,362

0,지하묘지11-3,42,11,지하묘지12-2,1,31,0,99,362
0,지하묘지12-2,0,30,지하묘지11-3,11,22,0,99,362

0,지하묘지11-3,11,23,지하묘지12-1,43,1,0,99,362
0,지하묘지12-1,44,0,지하묘지11-2,44,35,0,99,362

0,지하묘지12-2,40,2,지하묘지13-2,4,1,0,99,362
0,지하묘지13-2,5,0,지하묘지12-1,2,42,0,99,362

0,지하묘지12-1,3,42,지하묘지13-1,24,27,0,99,362
0,지하묘지13-2,5,0,지하묘지12-1,2,42,0,99,362

0,지하묘지12-1,17,3,지하묘지13-2,1,23,0,99,362
0,지하묘지13-1,23,26,지하묘지12-1,17,2,0,99,362

0,지하묘지13-2,0,24,지하묘지12-2,40,1,0,99,362

0,지하묘지13-1,32,39,지하묘지14-2,12,1,0,99,362
0,지하묘지14-2,11,0,지하묘지13-1,10,1,0,99,362

0,지하묘지13-1,11,1,지하묘지14-1,43,1,0,99,362
0,지하묘지14-1,44,0,지하묘지13-1,32,38,0,99,362

0,지하묘지13-2,22,41,지하묘지14-3,1,37,0,99,362
0,지하묘지14-3,0,36,지하묘지13-2,5,40,0,99,362

0,지하묘지13-2,6,40,지하묘지14-2,43,23,0,99,362
0,지하묘지14-2,44,22,지하묘지13-2,21,41,0,99,362

0,지하묘지14-1,19,9,지하묘지15-1,1,5,0,99,362
0,지하묘지15-1,0,6,지하묘지14-1,18,9,0,99,362

0,지하묘지14-3,27,2,지하묘지15-3,39,1,0,99,362
0,지하묘지15-3,38,0,지하묘지14-3,44,25,0,99,362

0,지하묘지14-3,45,25,지하묘지15-4,7,19,0,99,362
0,지하묘지15-4,8,18,지하묘지14-3,27,1,0,99,362

0,지하묘지15-1,45,32,지하묘지16-1,1,40,0,99,362
0,지하묘지16-1,0,39,지하묘지15-2,8,1,0,99,362

0,지하묘지15-2,9,1,지하묘지16-1,9,1,0,99,362
0,지하묘지16-1,8,0,지하묘지15-1,44,32,0,99,362

0,지하묘지16-1,29,12,지하묘지17-1,20,36,0,99,362
0,지하묘지17-1,19,35,지하묘지16-1,28,12,0,99,362

0,지하묘지15-3,15,21,지하묘지16-2,37,42,0,99,362
0,지하묘지16-2,38,41,지하묘지15-3,14,22,0,99,362

0,지하묘지16-2,28,10,지하묘지17-2,1,17,0,99,362
0,지하묘지17-2,0,18,지하묘지16-3,30,1,0,99,362

0,지하묘지16-3,31,1,지하묘지17-2,28,43,0,99,362
0,지하묘지17-2,27,44,지하묘지16-2,28,9,0,99,362

0,지하묘지17-2,12,2,지하묘지18-2,40,1,0,99,362
0,지하묘지18-2,41,0,지하묘지17-1,38,10,0,99,362

0,지하묘지17-1,39,10,지하묘지18-1,4,40,0,99,362
0,지하묘지18-1,5,39,지하묘지17-1,42,29,0,99,362

0,지하묘지17-1,43,29,지하묘지18-2,1,23,0,99,362
0,지하묘지18-2,0,24,지하묘지17-2,33,18,0,99,362

0,지하묘지17-2,34,18,지하묘지18-3,12,27,0,99,362
0,지하묘지18-3,13,26,지하묘지17-3,42,1,0,99,362

0,지하묘지17-3,43,1,지하묘지18-3,27,15,0,99,362
0,지하묘지18-3,26,14,지하묘지17-2,12,1,0,99,362

0,지하묘지17-3,20,0,지하묘지16-4,18,31,0,99,362
0,지하묘지16-4,19,31,지하묘지17-4,40,1,0,99,362

0,지하묘지17-4,41,0,지하묘지16-4,2,34,0,99,362
0,지하묘지16-4,2,35,지하묘지17-3,21,1,0,99,362

0,지하묘지16-4,32,0,지하묘지15-4,2,1,0,99,362
0,지하묘지15-4,2,2,지하묘지16-3,39,43,0,99,362

0,지하묘지16-3,38,42,지하묘지15-4,37,40,0,99,362
0,지하묘지15-4,38,39,지하묘지16-4,31,1,0,99,362

0,지하묘지17-4,12,37,지하묘지18-4,31,1,0,99,362
0,지하묘지18-4,32,0,지하묘지17-4,12,36,0,99,362

0,지하묘지19-1,23,0,지하묘지18-2,27,33,0,99,362
0,지하묘지18-2,28,33,지하묘지19-1,43,23,0,99,362

0,지하묘지18-1,44,19,지하묘지19-1,22,1,0,99,362
0,지하묘지19-1,44,22,지하묘지18-1,43,19,0,99,362

0,지하묘지18-4,45,17,지하묘지19-3,43,1,0,99,362
0,지하묘지19-3,44,0,지하묘지18-4,13,44,0,99,362

0,지하묘지18-4,13,45,지하묘지19-2,30,1,0,99,362
0,지하묘지19-2,29,0,지하묘지18-3,28,27,0,99,362

0,지하묘지18-3,29,27,지하묘지19-2,11,19,0,99,362
0,지하묘지19-2,10,18,지하묘지18-4,44,17,0,99,362

0,지하묘지19-2,44,1,지하묘지20-1,18,1,0,99,362
0,지하묘지20-1,17,0,지하묘지19-1,11,22,0,99,362

0,지하묘지19-1,11,23,지하묘지20-1,1,31,0,99,362
0,지하묘지20-1,0,30,지하묘지19-2,43,1,0,99,362

0,지하묘지19-2,44,1,지하묘지20-1,18,1,0,99,362

0,지하묘지19-3,3,42,지하묘지20-2,1,6,0,99,362
0,지하묘지20-2,0,5,지하묘지19-3,2,42,0,99,362

0,지하묘지20-1,2,20,지하묘지21-1,43,23,0,99,362
0,지하묘지21-1,44,22,지하묘지20-1,29,44,0,99,362

0,지하묘지20-1,29,45,지하묘지21-3,43,1,0,99,362
0,지하묘지21-3,44,0,지하묘지20-1,2,19,0,99,362

0,지하묘지20-2,2,40,지하묘지21-4,1,31,0,99,362
0,지하묘지21-4,0,30,지하묘지20-2,2,39,0,99,362

0,지하묘지21-4,40,2,지하묘지22-4,1,38,0,99,362
0,지하묘지22-4,0,39,지하묘지21-4,40,1,0,99,362

0,지하묘지22-4,45,1,지하묘지23-4,25,1,0,99,362
0,지하묘지23-4,26,0,지하묘지22-4,44,1,0,99,362

0,지하묘지21-1,11,23,지하묘지22-1,1,20,0,99,362
0,지하묘지22-1,0,21,지하묘지21-2,43,1,0,99,362

0,지하묘지21-2,44,1,지하묘지22-2,24,27,0,99,362
0,지하묘지22-2,23,27,지하묘지21-2,27,1,0,99,362

0,지하묘지21-2,27,2,지하묘지22-1,36,1,0,99,362
0,지하묘지22-1,35,0,지하묘지21-1,11,22,0,99,362

0,지하묘지22-1,21,2,지하묘지23-2,13,1,0,99,362
0,지하묘지23-2,14,0,지하묘지22-2,10,1,0,99,362

0,지하묘지22-2,11,1,지하묘지23-2,43,1,0,99,362
0,지하묘지23-2,44,0,지하묘지22-1,21,1,0,99,362

0,지하묘지22-1,28,28,지하묘지23-1,43,1,0,99,362
0,지하묘지23-1,44,0,지하묘지22-1,28,27,0,99,362

0,지하묘지23-1,19,9,지하묘지24-1,1,5,0,99,362
0,지하묘지24-1,0,6,지하묘지23-1,18,9,0,99,362

0,지하묘지23-2,27,13,지하묘지24-3,1,29,0,99,362
0,지하묘지24-3,0,30,지하묘지23-3,44,25,0,99,362

0,지하묘지23-3,45,25,지하묘지24-5,12,1,0,99,362
0,지하묘지24-5,11,0,지하묘지23-3,12,31,0,99,362

0,지하묘지23-3,12,32,지하묘지24-3,13,1,0,99,362
0,지하묘지24-3,14,0,지하묘지23-2,5,27,0,99,362

0,지하묘지23-2,6,27,지하묘지24-2,36,1,0,99,362
0,지하묘지24-2,35,0,지하묘지23-2,27,12,0,99,362

0,지하묘지24-2,9,1,지하묘지25-2,39,42,0,99,362
0,지하묘지25-2,38,42,지하묘지24-2,8,2,0,99,362

0,지하묘지24-1,45,32,지하묘지25-1,43,1,0,99,362
0,지하묘지25-1,44,0,지하묘지24-1,44,32,0,99,362

0,지하묘지24-3,6,12,지하묘지25-3,30,1,0,99,362
0,지하묘지25-3,29,0,지하묘지24-3,5,12,0,99,362

0,지하묘지25-1,29,9,지하묘지26-1,21,1,0,99,362
0,지하묘지26-1,20,0,지하묘지25-1,28,9,0,99,362

0,지하묘지25-3,19,31,지하묘지26-2,42,1,0,99,362
0,지하묘지26-2,41,0,지하묘지25-2,30,1,0,99,362

0,지하묘지25-2,31,1,지하묘지26-2,15,10,0,99,362
0,지하묘지26-2,14,11,지하묘지25-3,18,31,0,99,362

0,지하묘지26-1,38,1,지하묘지27-1,41,1,0,99,362
0,지하묘지27-1,41,1,지하묘지26-1,37,1,0,99,362

0,지하묘지26-2,3,12,지하묘지27-3,39,43,0,99,362
0,지하묘지27-3,38,42,지하묘지26-3,44,19,0,99,362

0,지하묘지26-3,45,19,지하묘지27-3,43,23,0,99,362
0,지하묘지27-3,44,22,지하묘지26-2,9,36,0,99,362

0,지하묘지26-2,10,36,지하묘지27-2,14,27,0,99,362
0,지하묘지27-2,13,26,지하묘지26-2,2,12,0,99,362

0,지하묘지27-3,10,41,지하묘지28-1,43,25,0,99,362
0,지하묘지28-1,44,24,지하묘지27-2,34,27,0,99,362

0,지하묘지27-2,35,27,지하묘지28-1,11,19,0,99,362
0,지하묘지28-1,10,18,지하묘지27-3,10,40,0,99,362

0,지하묘지28-1,13,31,지하묘지29-1,43,1,0,99,362
0,지하묘지29-1,44,0,지하묘지28-1,43,1,0,99,362

0,지하묘지28-1,44,1,지하묘지29-2,1,31,0,99,362
0,지하묘지29-2,0,30,지하묘지28-1,12,31,0,99,362

0,지하묘지29-1,2,15,지하묘지30-2,1,44,0,99,362
0,지하묘지30-2,0,45,지하묘지29-2,40,1,0,99,362

0,지하묘지29-2,40,2,지하묘지30-3,4,1,0,99,362
0,지하묘지30-3,5,0,지하묘지29-2,12,1,0,99,362

0,지하묘지29-2,12,2,지하묘지30-2,24,27,0,99,362
0,지하묘지30-2,23,26,지하묘지29-1,2,42,0,99,362

0,지하묘지29-1,3,42,지하묘지30-1,36,1,0,99,362
0,지하묘지30-1,35,0,지하묘지29-1,2,14,0,99,362

0,지하묘지30-2,11,1,지하묘지대장방,1,8,0,99,362
0,지하묘지30-1,28,28,지하묘지대장방,1,9,0,99,362
0,지하묘지30-3,6,40,지하묘지대장방,1,9,0,99,362

0,지하묘지대장방,0,8,지하묘지30-2,10,1,0,99,362

//0,지하묘지대장방,1,15,지하묘지43-1,5,5,0,99,362