0,백작부인의별장입구,24,49,죽음의마을입구5,17,8,0,99,362
0,백작부인의별장입구,25,49,죽음의마을입구5,17,9,0,99,362
0,백작부인의별장입구,26,49,죽음의마을입구5,18,10,0,99,362
0,백작부인의별장입구,27,49,죽음의마을입구5,19,8,0,99,362

0,백작부인의별장입구,22,29,백작부인의별장응접실1,11,22,0,99,362
0,백작부인의별장입구,23,29,백작부인의별장응접실1,11,22,0,99,362
0,백작부인의별장입구,24,29,백작부인의별장응접실1,11,22,0,99,362

0,백작부인의별장응접실1,10,25,백작부인의별장입구,23,32,0,99,362
0,백작부인의별장응접실1,11,25,백작부인의별장입구,23,32,0,99,362
0,백작부인의별장응접실1,12,25,백작부인의별장입구,23,32,0,99,362

4,백작부인의별장응접실1,0,12,죽음의마을이동1,27,15,0,99,362
4,백작부인의별장응접실1,0,11,죽음의마을이동1,27,15,0,99,362
4,백작부인의별장응접실1,0,10,죽음의마을이동1,27,15,0,99,362

0,백작부인의별장응접실1,23,10,백작부인의별장동1,2,14,0,99,362
0,백작부인의별장응접실1,23,11,백작부인의별장동1,2,14,0,99,362
0,백작부인의별장응접실1,23,12,백작부인의별장동1,2,14,0,99,362

0,백작부인의별장서1,29,16,백작부인의별장응접실1,2,11,0,99,362
0,백작부인의별장서1,29,15,백작부인의별장응접실1,2,11,0,99,362
0,백작부인의별장서1,29,14,백작부인의별장응접실1,2,11,0,99,362

0,백작부인의별장서1,12,0,백작부인의별장서2,15,28,0,99,362
0,백작부인의별장서1,13,0,백작부인의별장서2,15,28,0,99,362

0,백작부인의별장서2,14,30,백작부인의별장서1,12,2,0,99,362
0,백작부인의별장서2,15,30,백작부인의별장서1,12,2,0,99,362
0,백작부인의별장서2,16,30,백작부인의별장서1,12,2,0,99,362

0,백작부인의별장서2,0,14,백작부인의별장서3,27,15,0,99,362
0,백작부인의별장서2,0,13,백작부인의별장서3,27,15,0,99,362

0,백작부인의별장서3,29,16,백작부인의별장서2,2,14,0,99,362
0,백작부인의별장서3,29,15,백작부인의별장서2,2,15,0,99,362
0,백작부인의별장서3,29,14,백작부인의별장서2,2,15,0,99,362

0,백작부인의별장서3,12,0,백작부인의별장서5,15,28,0,99,362
0,백작부인의별장서3,13,0,백작부인의별장서5,15,28,0,99,362

0,백작부인의별장서5,14,30,백작부인의별장서3,12,2,0,99,362
0,백작부인의별장서5,15,30,백작부인의별장서3,12,2,0,99,362
0,백작부인의별장서5,16,30,백작부인의별장서3,12,2,0,99,362

0,백작부인의별장서5,0,14,백작부인의별장서6,27,15,0,99,362
0,백작부인의별장서5,0,13,백작부인의별장서6,27,15,0,99,362

0,백작부인의별장서6,29,16,백작부인의별장서5,2,14,0,99,362
0,백작부인의별장서6,29,15,백작부인의별장서5,2,14,0,99,362
0,백작부인의별장서6,29,14,백작부인의별장서5,2,14,0,99,362

0,백작부인의별장서6,7,29,별장서지하복도,21,3,0,99,362

0,별장서지하복도,23,0,백작부인의별장서6,7,28,0,99,362
0,별장서지하복도,23,1,백작부인의별장서6,7,28,0,99,362
0,별장서지하복도,23,2,백작부인의별장서6,7,28,0,99,362
0,별장서지하복도,23,3,백작부인의별장서6,7,28,0,99,362
0,별장서지하복도,23,4,백작부인의별장서6,7,28,0,99,362
0,별장서지하복도,23,5,백작부인의별장서6,7,28,0,99,362
0,별장서지하복도,23,6,백작부인의별장서6,7,28,0,99,362

0,백작부인의별장서5,12,0,백작부인의별장서8,13,28,0,99,362
0,백작부인의별장서5,13,0,백작부인의별장서8,13,28,0,99,362

0,백작부인의별장서8,12,30,백작부인의별장서5,12,2,0,99,362
0,백작부인의별장서8,13,30,백작부인의별장서5,12,2,0,99,362
0,백작부인의별장서8,14,30,백작부인의별장서5,12,2,0,99,362

0,백작부인의별장서8,29,16,백작부인의별장서7,2,14,0,99,362
0,백작부인의별장서8,29,15,백작부인의별장서7,2,14,0,99,362
0,백작부인의별장서8,29,14,백작부인의별장서7,2,14,0,99,362

0,백작부인의별장서7,0,14,백작부인의별장서8,27,15,0,99,362
0,백작부인의별장서7,0,13,백작부인의별장서8,27,15,0,99,362

0,백작부인의별장서7,14,30,백작부인의별장서4,12,2,0,99,362
0,백작부인의별장서7,15,30,백작부인의별장서4,12,2,0,99,362
0,백작부인의별장서7,16,30,백작부인의별장서4,12,2,0,99,362

0,백작부인의별장서4,12,0,백작부인의별장서7,15,28,0,99,362
0,백작부인의별장서4,13,0,백작부인의별장서7,15,28,0,99,362

0,백작부인의별장서4,14,30,백작부인의별장서2,12,2,0,99,362
0,백작부인의별장서4,15,30,백작부인의별장서2,12,2,0,99,362
0,백작부인의별장서4,16,30,백작부인의별장서2,12,2,0,99,362

0,백작부인의별장서2,12,0,백작부인의별장서4,15,28,0,99,362
0,백작부인의별장서2,13,0,백작부인의별장서4,15,28,0,99,362

0,백작부인의별장서7,12,0,백작부인의별장서9,15,28,0,99,362
0,백작부인의별장서7,13,0,백작부인의별장서9,15,28,0,99,362

0,백작부인의별장서9,14,30,백작부인의별장서7,12,2,0,99,362
0,백작부인의별장서9,15,30,백작부인의별장서7,12,2,0,99,362
0,백작부인의별장서9,16,30,백작부인의별장서7,12,2,0,99,362

0,백작부인의별장서9,12,0,백작부인의별장서10,13,28,0,99,362
0,백작부인의별장서9,13,0,백작부인의별장서10,13,28,0,99,362

0,백작부인의별장서10,12,30,백작부인의별장서9,12,2,0,99,362
0,백작부인의별장서10,13,30,백작부인의별장서9,12,2,0,99,362
0,백작부인의별장서10,14,30,백작부인의별장서9,12,2,0,99,362

0,백작부인의별장서10,0,14,백작부인의별장서11,27,15,0,99,362
0,백작부인의별장서10,0,13,백작부인의별장서11,27,15,0,99,362

0,백작부인의별장서11,29,16,백작부인의별장서10,2,14,0,99,362
0,백작부인의별장서11,29,15,백작부인의별장서10,2,14,0,99,362
0,백작부인의별장서11,29,14,백작부인의별장서10,2,14,0,99,362

0,백작부인의별장서11,12,0,백작부인의별장서12,13,28,0,99,362
0,백작부인의별장서11,13,0,백작부인의별장서12,13,28,0,99,362

0,백작부인의별장서12,12,30,백작부인의별장서11,12,2,0,99,362
0,백작부인의별장서12,13,30,백작부인의별장서11,12,2,0,99,362
0,백작부인의별장서12,14,30,백작부인의별장서11,12,2,0,99,362

0,백작부인의별장서12,29,15,백작부인의별장서13,2,14,0,99,362
0,백작부인의별장서12,29,14,백작부인의별장서13,2,14,0,99,362
0,백작부인의별장서12,29,13,백작부인의별장서13,2,14,0,99,362

0,백작부인의별장서13,0,14,백작부인의별장서12,27,14,0,99,362
0,백작부인의별장서13,0,13,백작부인의별장서12,27,14,0,99,362

0,백작부인의별장서13,12,0,백작부인의별장서14,15,28,0,99,362
0,백작부인의별장서13,13,0,백작부인의별장서14,15,28,0,99,362

0,백작부인의별장서14,14,30,백작부인의별장서13,12,2,0,99,362
0,백작부인의별장서14,15,30,백작부인의별장서13,12,2,0,99,362
0,백작부인의별장서14,16,30,백작부인의별장서13,12,2,0,99,362

0,백작부인의별장서14,0,14,백작부인의별장서15,27,15,0,99,362
0,백작부인의별장서14,0,13,백작부인의별장서15,27,15,0,99,362

0,백작부인의별장서15,29,16,백작부인의별장서14,2,14,0,99,362
0,백작부인의별장서15,29,15,백작부인의별장서14,2,14,0,99,362
0,백작부인의별장서15,29,14,백작부인의별장서14,2,14,0,99,362

0,백작부인의별장서14,12,0,백작부인의별장서16,13,28,0,99,362
0,백작부인의별장서14,13,0,백작부인의별장서16,13,28,0,99,362

0,백작부인의별장서16,12,30,백작부인의별장서14,12,2,0,99,362
0,백작부인의별장서16,13,30,백작부인의별장서14,12,2,0,99,362
0,백작부인의별장서16,14,30,백작부인의별장서14,12,2,0,99,362

0,백작부인의별장서16,29,16,백작부인의별장응접실2,2,14,0,99,362
0,백작부인의별장서16,29,15,백작부인의별장응접실2,2,14,0,99,362
0,백작부인의별장서16,29,14,백작부인의별장응접실2,2,14,0,99,362

4,백작부인의별장응접실2,0,14,죽음의마을이동1,27,15,0,99,362
4,백작부인의별장응접실2,0,13,죽음의마을이동1,27,15,0,99,362

3,백작부인의별장응접실2,12,0,Warp_블러드백작의결계,0,0,0,99,362
3,백작부인의별장응접실2,13,0,Warp_블러드백작의결계,0,0,0,99,362

0,블러드백작의결계,12,30,백작부인의별장응접실2,12,2,0,99,362
0,블러드백작의결계,13,30,백작부인의별장응접실2,12,2,0,99,362
0,블러드백작의결계,14,30,백작부인의별장응접실2,12,2,0,99,362

4,백작부인의별장응접실2,29,16,죽음의마을이동1,2,14,0,99,362
4,백작부인의별장응접실2,29,15,죽음의마을이동1,2,14,0,99,362
4,백작부인의별장응접실2,29,14,죽음의마을이동1,2,14,0,99,362

0,백작부인의별장동16,12,30,백작부인의별장동14,12,2,0,99,362
0,백작부인의별장동16,13,30,백작부인의별장동14,12,2,0,99,362
0,백작부인의별장동16,14,30,백작부인의별장동14,12,2,0,99,362

0,백작부인의별장동14,12,0,백작부인의별장동16,13,28,0,99,362
0,백작부인의별장동14,13,0,백작부인의별장동16,13,28,0,99,362

0,백작부인의별장동16,0,13,백작부인의별장응접실2,27,15,0,99,362
0,백작부인의별장동16,0,14,백작부인의별장응접실2,27,15,0,99,362

0,백작부인의별장동14,29,16,백작부인의별장동15,2,14,0,99,362
0,백작부인의별장동14,29,15,백작부인의별장동15,2,14,0,99,362
0,백작부인의별장동14,29,14,백작부인의별장동15,2,14,0,99,362

0,백작부인의별장동15,0,14,백작부인의별장동14,27,15,0,99,362
0,백작부인의별장동15,0,13,백작부인의별장동14,27,15,0,99,362

0,백작부인의별장동14,12,30,백작부인의별장동13,12,2,0,99,362
0,백작부인의별장동14,13,30,백작부인의별장동13,12,2,0,99,362
0,백작부인의별장동14,14,30,백작부인의별장동13,12,2,0,99,362

0,백작부인의별장동13,12,0,백작부인의별장동14,13,28,0,99,362
0,백작부인의별장동13,13,0,백작부인의별장동14,13,28,0,99,362

0,백작부인의별장동13,29,16,백작부인의별장동12,2,14,0,99,362
0,백작부인의별장동13,29,15,백작부인의별장동12,2,14,0,99,362
0,백작부인의별장동13,29,14,백작부인의별장동12,2,14,0,99,362

0,백작부인의별장동12,0,14,백작부인의별장동13,27,15,0,99,362
0,백작부인의별장동12,0,13,백작부인의별장동13,27,15,0,99,362

0,백작부인의별장동12,12,30,백작부인의별장동11,12,2,0,99,362
0,백작부인의별장동12,13,30,백작부인의별장동11,12,2,0,99,362
0,백작부인의별장동12,14,30,백작부인의별장동11,12,2,0,99,362

0,백작부인의별장동11,12,0,백작부인의별장동12,13,28,0,99,362
0,백작부인의별장동11,13,0,백작부인의별장동12,13,28,0,99,362

0,백작부인의별장동11,0,14,백작부인의별장동10,27,14,0,99,362
0,백작부인의별장동11,0,13,백작부인의별장동10,27,14,0,99,362

0,백작부인의별장동10,29,15,백작부인의별장동11,2,14,0,99,362
0,백작부인의별장동10,29,14,백작부인의별장동11,2,14,0,99,362
0,백작부인의별장동10,29,13,백작부인의별장동11,2,14,0,99,362

0,백작부인의별장동10,12,30,백작부인의별장동9,12,2,0,99,362
0,백작부인의별장동10,13,30,백작부인의별장동9,12,2,0,99,362
0,백작부인의별장동10,14,30,백작부인의별장동9,12,2,0,99,362

0,백작부인의별장동9,12,0,백작부인의별장동10,13,28,0,99,362
0,백작부인의별장동9,13,0,백작부인의별장동10,13,28,0,99,362

0,백작부인의별장동9,14,30,백작부인의별장동7,12,2,0,99,362
0,백작부인의별장동9,15,30,백작부인의별장동7,12,2,0,99,362
0,백작부인의별장동9,16,30,백작부인의별장동7,12,2,0,99,362

0,백작부인의별장동7,12,0,백작부인의별장동9,15,28,0,99,362
0,백작부인의별장동7,13,0,백작부인의별장동9,15,28,0,99,362

0,백작부인의별장동7,29,16,백작부인의별장동8,2,14,0,99,362
0,백작부인의별장동7,29,15,백작부인의별장동8,2,14,0,99,362
0,백작부인의별장동7,29,14,백작부인의별장동8,2,14,0,99,362

0,백작부인의별장동8,0,14,백작부인의별장동7,27,15,0,99,362
0,백작부인의별장동8,0,13,백작부인의별장동7,27,15,0,99,362

0,백작부인의별장동8,12,30,백작부인의별장동5,12,2,0,99,362
0,백작부인의별장동8,13,30,백작부인의별장동5,12,2,0,99,362
0,백작부인의별장동8,14,30,백작부인의별장동5,12,2,0,99,362

0,백작부인의별장동5,12,0,백작부인의별장동8,13,28,0,99,362
0,백작부인의별장동5,13,0,백작부인의별장동8,13,28,0,99,362

0,백작부인의별장동5,29,16,백작부인의별장동6,2,14,0,99,362
0,백작부인의별장동5,29,15,백작부인의별장동6,2,14,0,99,362
0,백작부인의별장동5,29,14,백작부인의별장동6,2,14,0,99,362

0,백작부인의별장동6,0,14,백작부인의별장동5,27,15,0,99,362
0,백작부인의별장동6,0,13,백작부인의별장동5,27,15,0,99,362

0,백작부인의별장동6,28,9,별장동지하복도,21,3,0,99,362

0,별장동지하복도,23,0,백작부인의별장동6,27,9,0,99,362
0,별장동지하복도,23,1,백작부인의별장동6,27,9,0,99,362
0,별장동지하복도,23,2,백작부인의별장동6,27,9,0,99,362
0,별장동지하복도,23,3,백작부인의별장동6,27,9,0,99,362
0,별장동지하복도,23,4,백작부인의별장동6,27,9,0,99,362
0,별장동지하복도,23,5,백작부인의별장동6,27,9,0,99,362
0,별장동지하복도,23,6,백작부인의별장동6,27,9,0,99,362

0,백작부인의별장동5,12,30,백작부인의별장동3,12,2,0,99,362
0,백작부인의별장동5,13,30,백작부인의별장동3,12,2,0,99,362
0,백작부인의별장동5,14,30,백작부인의별장동3,12,2,0,99,362

0,백작부인의별장동3,12,0,백작부인의별장동5,13,28,0,99,362
0,백작부인의별장동3,13,0,백작부인의별장동5,13,28,0,99,362

0,백작부인의별장동2,29,16,백작부인의별장동3,2,14,0,99,362
0,백작부인의별장동2,29,15,백작부인의별장동3,2,14,0,99,362
0,백작부인의별장동2,29,14,백작부인의별장동3,2,14,0,99,362

0,백작부인의별장동3,0,14,백작부인의별장동2,27,15,0,99,362
0,백작부인의별장동3,0,13,백작부인의별장동2,27,15,0,99,362

0,백작부인의별장동2,12,0,백작부인의별장동4,15,28,0,99,362
0,백작부인의별장동2,13,0,백작부인의별장동4,15,28,0,99,362

0,백작부인의별장동4,14,30,백작부인의별장동2,12,2,0,99,362
0,백작부인의별장동4,15,30,백작부인의별장동2,12,2,0,99,362
0,백작부인의별장동4,16,30,백작부인의별장동2,12,2,0,99,362

0,백작부인의별장동4,12,0,백작부인의별장동7,13,28,0,99,362
0,백작부인의별장동4,13,0,백작부인의별장동7,13,28,0,99,362

0,백작부인의별장동7,12,30,백작부인의별장동4,12,2,0,99,362
0,백작부인의별장동7,13,30,백작부인의별장동4,12,2,0,99,362
0,백작부인의별장동7,14,30,백작부인의별장동4,12,2,0,99,362

0,백작부인의별장동2,12,30,백작부인의별장동1,12,2,0,99,362
0,백작부인의별장동2,13,30,백작부인의별장동1,12,2,0,99,362
0,백작부인의별장동2,14,30,백작부인의별장동1,12,2,0,99,362

0,백작부인의별장동1,12,0,백작부인의별장동2,13,28,0,99,362
0,백작부인의별장동1,13,0,백작부인의별장동2,13,28,0,99,362

0,백작부인의별장동1,0,14,백작부인의별장응접실1,21,11,0,99,362
0,백작부인의별장동1,0,13,백작부인의별장응접실1,21,11,0,99,362