0,베크나탑입구,29,46,베크나탑통합대기실,9,18,99,99,362
0,베크나탑입구,30,46,베크나탑통합대기실,9,18,99,99,362

0,베크나탑입구,33,46,베크나탑통합대기실,9,18,99,99,362
0,베크나탑입구,34,46,베크나탑통합대기실,9,18,99,99,362

0,베크나탑입구,37,46,베크나탑통합대기실,9,18,99,99,362
0,베크나탑입구,38,46,베크나탑통합대기실,9,18,99,99,362

0,베크나탑입구,41,46,베크나탑통합대기실,9,18,99,99,362
0,베크나탑입구,42,46,베크나탑통합대기실,9,18,99,99,362

0,베크나탑통합대기실,10,23,베크나탑입구,37,49,99,99,362
0,베크나탑통합대기실,11,23,베크나탑입구,37,49,99,99,362

0,베크나탑입구,46,29,베크나탑통합대기실,19,10,99,99,362
0,베크나탑입구,46,30,베크나탑통합대기실,19,10,99,99,362

0,베크나탑입구,46,33,베크나탑통합대기실,19,10,99,99,362
0,베크나탑입구,46,34,베크나탑통합대기실,19,10,99,99,362

0,베크나탑입구,46,37,베크나탑통합대기실,19,10,99,99,362
0,베크나탑입구,46,38,베크나탑통합대기실,19,10,99,99,362

0,베크나탑입구,46,41,베크나탑통합대기실,19,10,99,99,362
0,베크나탑입구,46,42,베크나탑통합대기실,19,10,99,99,362

0,베크나탑통합대기실,23,10,베크나탑입구,50,38,99,99,362
0,베크나탑통합대기실,23,11,베크나탑입구,50,38,99,99,362

3,베크나탑-1층,8,0,베크나탑R,0,0,99,99,0
3,베크나탑-1층,9,0,베크나탑R,0,0,99,99,0

3,베크나탑-2층,8,0,베크나탑R,0,0,99,99,0
3,베크나탑-2층,9,0,베크나탑R,0,0,99,99,0

3,베크나탑-3층,8,0,베크나탑R,0,0,99,99,0
3,베크나탑-3층,9,0,베크나탑R,0,0,99,99,0

3,베크나탑-4층,8,0,베크나탑R,0,0,99,99,0
3,베크나탑-4층,9,0,베크나탑R,0,0,99,99,0

3,베크나탑-5층,8,0,베크나탑R,0,0,99,99,0
3,베크나탑-5층,9,0,베크나탑R,0,0,99,99,0

3,베크나탑-6층,8,0,베크나탑R,0,0,99,99,0
3,베크나탑-6층,9,0,베크나탑R,0,0,99,99,0

3,베크나탑-7층,8,0,베크나탑R,0,0,99,99,0
3,베크나탑-7층,9,0,베크나탑R,0,0,99,99,0

3,베크나탑-8층,8,0,베크나탑R,0,0,99,99,0
3,베크나탑-8층,9,0,베크나탑R,0,0,99,99,0