0,수오미마을,10,14,수오미은행A,10,16,0,99,362
0,수오미은행a,8,19,수오미마을,10,16,0,99,362
0,수오미은행a,9,19,수오미마을,10,16,0,99,362
0,수오미은행a,10,19,수오미마을,10,16,0,99,362
0,수오미은행a,11,19,수오미마을,10,16,0,99,362
0,수오미은행a,12,19,수오미마을,10,16,0,99,362

0,수오미마을,21,14,수오미시약상점,7,12,0,99,362
0,수오미시약상점,7,14,수오미마을,21,16,0,99,362
0,수오미시약상점,8,14,수오미마을,21,16,0,99,362

0,수오미마을,35,12,수오미보석상점a,7,12,0,99,362
0,수오미보석상점a,6,14,수오미마을,35,14,0,99,362
0,수오미보석상점a,7,14,수오미마을,35,14,0,99,362

0,수오미마을,79,12,수오미대장간b,5,16,0,99,362
0,수오미대장간b,4,19,수오미마을,79,14,0,99,362
0,수오미대장간b,5,19,수오미마을,79,14,0,99,362
0,수오미대장간b,6,19,수오미마을,79,14,0,99,362

0,수오미마을,94,19,수오미은행b,10,15,0,99,362
0,수오미은행b,8,19,수오미마을,94,21,0,99,362
0,수오미은행b,9,19,수오미마을,94,21,0,99,362
0,수오미은행b,10,19,수오미마을,94,21,0,99,362
0,수오미은행b,11,19,수오미마을,94,21,0,99,362
0,수오미은행b,12,19,수오미마을,94,21,0,99,362

0,수오미마을,10,93,제조스크롤상점,7,5,0,99,362
0,제조스크롤상점,9,5,수오미마을,12,93,0,99,362
0,제조스크롤상점,9,6,수오미마을,12,93,0,99,362

0,수오미마을,10,87,수오미대장간a,12,5,0,99,362
0,수오미대장간a,14,4,수오미마을,12,87,0,99,362
0,수오미대장간a,14,5,수오미마을,12,87,0,99,362
0,수오미대장간a,14,6,수오미마을,12,87,0,99,362

0,수오미마을,11,47,수오미보석상점b,12,11,0,99,362
0,수오미보석상점b,14,10,수오미마을,14,47,0,99,362
0,수오미보석상점b,14,11,수오미마을,14,47,0,99,362

0,수오미마을,64,86,수오미잡화상점,12,5,0,99,362
0,수오미잡화상점,14,5,수오미마을,66,86,0,99,362
0,수오미잡화상점,14,6,수오미마을,66,86,0,99,362

0,수오미마을,68,80,수오미여관,16,9,0,99,362
0,수오미여관,19,7,수오미마을,70,80,0,99,362
0,수오미여관,19,8,수오미마을,70,80,0,99,362
0,수오미여관,19,9,수오미마을,70,80,0,99,362
0,수오미여관,19,10,수오미마을,70,80,0,99,362
0,수오미여관,19,11,수오미마을,70,80,0,99,362
0,수오미여관,19,12,수오미마을,70,80,0,99,362