0,시장2,8,7,시장은행,16,7,0,99,362
0,시장2,9,6,시장은행,16,7,0,99,362
0,시장2,9,7,시장은행,16,12,0,99,362
0,시장2,9,8,시장은행,16,12,0,99,362
0,시장은행,19,8,시장2,11,8,0,99,362
0,시장은행,19,9,시장2,11,8,0,99,362
0,시장은행,19,10,시장2,11,8,0,99,362
0,시장은행,19,11,시장2,11,8,0,99,362

0,시장2,1,13,시장3,25,14,0,99,362
0,시장2,1,14,시장3,25,14,0,99,362
0,시장2,1,15,시장3,25,14,0,99,362
0,시장2,1,16,시장3,25,14,0,99,362
0,시장3,29,13,시장2,4,15,0,99,362
0,시장3,29,14,시장2,4,15,0,99,362
0,시장3,29,15,시장2,4,15,0,99,362
0,시장3,29,16,시장2,4,15,0,99,362

0,시장2,28,12,시장1,4,14,0,99,362
0,시장2,28,13,시장1,4,14,0,99,362
0,시장2,28,14,시장1,4,14,0,99,362
0,시장2,28,15,시장1,4,14,0,99,362
0,시장2,28,16,시장1,4,14,0,99,362
0,시장1,1,13,시장2,25,14,0,99,362
0,시장1,1,14,시장2,25,14,0,99,362
0,시장1,1,15,시장2,25,14,0,99,362
0,시장1,1,16,시장2,25,14,0,99,362