0,아벨마을,79,12,아벨식당,9,12,0,99,362
0,아벨식당,9,14,아벨마을,79,14,0,99,362
0,아벨식당,10,14,아벨마을,79,14,0,99,362

0,아벨식당,4,13,아벨주점,5,12,0,99,362
0,아벨식당,4,14,아벨주점,5,12,0,99,362
0,아벨주점,3,14,아벨식당,5,11,0,99,362
0,아벨주점,4,14,아벨식당,5,11,0,99,362

0,아벨마을,72,12,아벨시약상점b,8,12,0,99,362
0,아벨시약상점b,8,14,아벨마을,72,14,0,99,362
0,아벨시약상점b,9,14,아벨마을,72,14,0,99,362

0,아벨마을,65,12,아벨대장간b,7,12,0,99,362
0,아벨대장간b,7,14,아벨마을,65,14,0,99,362
0,아벨대장간b,8,14,아벨마을,65,14,0,99,362

0,아벨마을,46,12,아벨은행c,10,16,0,99,362
0,아벨은행c,8,19,아벨마을,46,14,0,99,362
0,아벨은행c,9,19,아벨마을,46,14,0,99,362
0,아벨은행c,10,19,아벨마을,46,14,0,99,362
0,아벨은행c,11,19,아벨마을,46,14,0,99,362
0,아벨은행c,12,19,아벨마을,46,14,0,99,362
0,아벨은행c,13,19,아벨마을,46,14,0,99,362

0,아벨마을,39,12,아벨잡화상점a,6,12,0,99,362
0,아벨잡화상점a,6,14,아벨마을,39,14,0,99,362
0,아벨잡화상점a,7,14,아벨마을,39,14,0,99,362

0,아벨마을,32,12,아벨미용실,16,8,0,99,362
0,아벨미용실,19,5,아벨마을,32,14,0,99,362
0,아벨미용실,19,6,아벨마을,32,14,0,99,362
0,아벨미용실,19,7,아벨마을,32,14,0,99,362
0,아벨미용실,19,8,아벨마을,32,14,0,99,362
0,아벨미용실,19,9,아벨마을,32,14,0,99,362
0,아벨미용실,19,10,아벨마을,32,14,0,99,362
0,아벨미용실,19,11,아벨마을,32,14,0,99,362

0,아벨마을,25,12,아벨의상실,8,12,0,99,362
0,아벨의상실,8,14,아벨마을,25,14,0,99,362
0,아벨의상실,9,14,아벨마을,25,14,0,99,362

0,아벨마을,18,12,아벨시약상점a,6,11,0,99,362
0,아벨시약상점a,5,14,아벨마을,19,15,0,99,362
0,아벨시약상점a,6,14,아벨마을,19,15,0,99,362

0,아벨마을,15,16,아벨대장간a,12,7,0,99,362
0,아벨대장간a,14,7,아벨마을,17,16,0,99,362
0,아벨대장간a,14,8,아벨마을,17,16,0,99,362

0,아벨마을,15,23,아벨여관,16,9,0,99,362
0,아벨여관,19,8,아벨마을,17,23,0,99,362
0,아벨여관,19,9,아벨마을,17,23,0,99,362
0,아벨여관,19,10,아벨마을,17,23,0,99,362
0,아벨여관,19,11,아벨마을,17,23,0,99,362

0,아벨마을,15,30,아벨시약상점c,12,7,0,99,362
0,아벨시약상점c,14,7,아벨마을,17,30,0,99,362
0,아벨시약상점c,14,8,아벨마을,17,30,0,99,362

0,아벨마을,15,38,아벨은행a,16,9,0,99,362
0,아벨은행a,19,7,아벨마을,17,38,0,99,362
0,아벨은행a,19,8,아벨마을,17,38,0,99,362
0,아벨은행a,19,9,아벨마을,17,38,0,99,362
0,아벨은행a,19,10,아벨마을,17,38,0,99,362
0,아벨은행a,19,11,아벨마을,17,38,0,99,362
0,아벨은행a,19,12,아벨마을,17,38,0,99,362
0,아벨은행a,19,13,아벨마을,17,38,0,99,362

0,아벨마을,56,74,아벨교회,8,21,0,99,362
0,아벨교회,8,24,아벨마을,56,76,0,99,362

0,아벨마을,35,31,Emblem상점b,11,7,0,99,362
0,Emblem상점b,14,7,아벨마을,35,33,0,99,362
0,Emblem상점b,14,8,아벨마을,35,33,0,99,362

0,아벨마을,72,31,아벨잡화상점b,7,12,0,99,362
0,아벨잡화상점b,6,14,아벨마을,72,33,0,99,362
0,아벨잡화상점b,7,14,아벨마을,72,33,0,99,362

0,아벨마을,98,89,아벨은행b,10,16,0,99,362
0,아벨은행b,8,19,아벨마을,98,91,0,99,362
0,아벨은행b,9,19,아벨마을,98,91,0,99,362
0,아벨은행b,10,19,아벨마을,98,91,0,99,362
0,아벨은행b,11,19,아벨마을,98,91,0,99,362
0,아벨은행b,12,19,아벨마을,98,91,0,99,362
0,아벨은행b,13,19,아벨마을,98,91,0,99,362

0,아벨마을,60,119,아벨해안,33,25,0,99,362
0,아벨마을,61,119,아벨해안,33,25,0,99,362
0,아벨마을,62,119,아벨해안,33,25,0,99,362

0,아벨해안,39,26,아벨마을,60,116,0,99,362
0,아벨해안,39,27,아벨마을,60,116,0,99,362
0,아벨해안,39,28,아벨마을,60,116,0,99,362

0,아벨해안,20,30,아벨던젼 1-1,22,1,41,99,362
0,아벨해안,20,29,아벨던젼 1-1,22,1,41,99,362
0,아벨해안,19,29,아벨던젼 1-1,22,1,41,99,362
0,아벨해안,20,28,아벨던젼 1-1,22,1,41,99,362

0,아벨던젼 1-1,22,0,아벨해안,21,29,41,99,362
0,아벨던젼 1-1,5,36,아벨던젼 2-1,1,33,41,99,362
0,아벨던젼 2-1,0,33,아벨던젼 1-1,5,35,41,99,362
0,아벨던젼 2-1,4,2,아벨던젼 3-1,1,33,41,99,362
0,아벨던젼 3-1,0,33,아벨던젼 2-1,4,1,41,99,362
0,아벨던젼 3-1,5,10,아벨던젼 4-1,1,33,41,99,362
0,아벨던젼 4-1,0,33,아벨던젼 3-1,5,9,41,99,362
0,아벨던젼 4-1,37,3,아벨던젼 5-1,1,34,41,99,362
0,아벨던젼 5-1,0,34,아벨던젼 4-1,37,2,41,99,362
0,아벨던젼 5-1,11,9,아벨던젼 6-1,1,33,41,99,362
0,아벨던젼 6-1,0,33,아벨던젼 5-1,11,8,41,99,362
0,아벨던젼 6-1,37,3,아벨던젼 7-1,10,1,41,99,362
0,아벨던젼 7-1,10,0,아벨던젼 6-1,37,2,41,99,362
0,아벨던젼 7-1,30,18,아벨던젼 8-1,1,6,41,99,362
0,아벨던젼 8-1,0,6,아벨던젼 7-1,30,17,41,99,362
0,아벨던젼 8-1,5,36,아벨던젼 9-1,1,33,41,99,362
0,아벨던젼 9-1,0,33,아벨던젼 8-1,5,35,41,99,362
0,아벨던젼 9-1,30,18,아벨던젼 10-1,1,33,41,99,362
0,아벨던젼 10-1,0,33,아벨던젼 9-1,30,17,41,99,362
0,아벨던젼 10-1,0,13,아벨던젼 9-2,10,22,41,99,362
0,아벨던젼 9-2,11,23,아벨던젼 10-1,1,13,41,99,362
0,아벨던젼 9-2,11,0,아벨던젼 8-1,30,29,41,99,362
0,아벨던젼 8-1,30,30,아벨던젼 9-2,11,1,41,99,362
0,아벨던젼 8-1,22,0,아벨던젼 7-2,10,22,41,99,362
0,아벨던젼 7-2,26,23,아벨던젼 8-2,1,33,41,99,362
0,아벨던젼 8-2,0,33,아벨던젼 7-2,25,22,41,99,362
0,아벨던젼 7-2,11,23,아벨던젼8-1,22,1,41,99,362
0,아벨던젼 1-1,30,30,아벨던젼 2-2,22,1,41,99,362
0,아벨던젼 2-2,22,0,아벨던젼 1-2,22,1,41,99,362
0,아벨던젼 2-2,5,36,아벨던젼 3-3,10,1,41,99,362
0,아벨던젼 3-3,10,0,아벨던젼 2-2,5,35,41,99,362
0,아벨던젼 3-3,27,37,아벨던젼 4-3,1,33,41,99,362
0,아벨던젼 4-3,0,33,아벨던젼 3-3,27,36,41,99,362
0,아벨던젼 4-3,29,31,아벨던젼 5-3,22,1,41,99,362
0,아벨던젼 5-3,22,0,아벨던젼 4-3,29,30,41,99,362
0,아벨던젼 5-3,5,36,아벨던젼 6-2,22,1,41,99,362
0,아벨던젼 6-2,22,0,아벨던젼 5-3,5,35,41,99,362
0,아벨던젼 6-2,37,2,아벨던젼 7-3,1,36,41,99,362
0,아벨던젼 7-3,0,36,아벨던젼 6-2,37,1,41,99,362
0,아벨던젼 7-3,28,37,아벨던젼 8-3,22,1,41,99,362
0,아벨던젼 8-3,22,0,아벨던젼 7-3,28,36,41,99,362
0,아벨던젼 8-3,5,36,아벨던젼 9-4,1,36,41,99,362
0,아벨던젼 9-4,0,36,아벨던젼 8-3,5,35,41,99,362
0,아벨던젼 9-4,30,30,아벨던젼 10-2,22,1,41,99,362
0,아벨던젼 10-2,22,0,아벨던젼 9-4,30,29,41,99,362
0,아벨던젼 2-2,16,14,아벨던젼 3-4,22,1,41,99,362
0,아벨던젼 3-4,22,0,아벨던젼 2-2,16,13,41,99,362
0,아벨던젼 3-4,5,36,아벨던젼 4-3,20,1,41,99,362
0,아벨던젼 4-3,20,0,아벨던젼 3-4,5,35,41,99,362
0,아벨던젼 4-3,5,10,아벨던젼 5-2,10,1,41,99,362
0,아벨던젼 5-2,10,0,아벨던젼 4-3,5,9,41,99,362
0,아벨던젼 5-2,0,13,아벨던젼 4-2,30,29,41,99,362
0,아벨던젼 4-2,30,30,아벨던젼 5-2,1,13,41,99,362
0,아벨던젼 3-2,2,36,아벨던젼 4-2,22,1,41,99,362
0,아벨던젼 4-2,22,0,아벨던젼 3-2,5,35,41,99,362
0,아벨던젼 8-2,4,2,아벨던젼 9-3,10,1,41,99,362
0,아벨던젼 9-3,10,0,아벨던젼 8-2,3,1,41,99,362
0,아벨던젼 9-3,28,37,아벨던젼 10-2,1,29,41,99,362
0,아벨던젼 10-2,0,29,아벨던젼 9-3,28,36,41,99,362

0,해안,27,30,아벨던젼 1-1,21,1,41,99,362
0,해안,26,31,아벨던젼 1-1,21,1,41,99,362
0,아벨던젼 1-2,22,0,해안,28,31,41,99,362
0,해안,7,29,해안술집,8,5,41,99,362
0,해안술집,9,5,해안,9,29,41,99,362
0,해안술집,9,6,해안,9,29,41,99,362
