0,오렌,52,35,오렌군주의저택,8,29,0,99,362
0,오렌,53,35,오렌군주의저택,8,29,0,99,362
0,오렌,54,35,오렌군주의저택,8,29,0,99,362
0,오렌군주의저택,6,31,오렌,53,37,0,99,362
0,오렌군주의저택,7,31,오렌,53,37,0,99,362
0,오렌군주의저택,8,31,오렌,53,37,0,99,362
0,오렌군주의저택,9,31,오렌,53,37,0,99,362
0,오렌군주의저택,10,31,오렌,53,37,0,99,362
0,오렌,76,77,오렌잡화상점,9,17,0,99,362
0,오렌잡화상점,8,19,오렌,76,79,0,99,362
0,오렌잡화상점,9,19,오렌,76,79,0,99,362
0,오렌잡화상점,10,19,오렌,76,79,0,99,362
0,오렌잡화상점,11,19,오렌,76,79,0,99,362
0,오렌,82,77,오렌무기상점,9,17,0,99,362
0,오렌무기상점,8,19,오렌,82,79,0,99,362
0,오렌무기상점,9,19,오렌,82,79,0,99,362
0,오렌무기상점,10,19,오렌,82,79,0,99,362
0,오렌무기상점,11,19,오렌,82,79,0,99,362
0,오렌,76,91,오렌은행,16,9,0,99,362
0,오렌은행,19,8,오렌,78,91,0,99,362
0,오렌은행,19,9,오렌,78,91,0,99,362
0,오렌은행,19,10,오렌,78,91,0,99,362
0,오렌은행,19,11,오렌,78,91,0,99,362
0,오렌,72,97,오렌주점,17,9,0,99,362
0,오렌주점,19,8,오렌,74,97,0,99,362
0,오렌주점,19,9,오렌,74,97,0,99,362
0,오렌주점,19,10,오렌,74,97,0,99,362
0,오렌주점,19,11,오렌,74,97,0,99,362
0,오렌,74,105,오렌식당,16,5,0,99,362
0,오렌식당,19,3,오렌,76,105,0,99,362
0,오렌식당,19,4,오렌,76,105,0,99,362
0,오렌식당,19,5,오렌,76,105,0,99,362
0,오렌식당,19,6,오렌,76,105,0,99,362
0,오렌,44,87,오렌주택5,4,16,0,99,362
0,오렌주택5,3,19,오렌,44,89,0,99,362
0,오렌주택5,4,19,오렌,44,89,0,99,362
0,오렌주택5,5,19,오렌,44,89,0,99,362
0,오렌주택5,6,19,오렌,44,89,0,99,362
0,오렌,31,84,오렌주택4,4,16,0,99,362
0,오렌주택4,3,19,오렌,31,86,0,99,362
0,오렌주택4,4,19,오렌,31,86,0,99,362
0,오렌주택4,5,19,오렌,31,86,0,99,362
0,오렌주택4,6,19,오렌,31,86,0,99,362
0,오렌,33,94,오렌주택7,9,6,0,99,362
0,오렌주택7,12,4,오렌,35,94,0,99,362
0,오렌주택7,12,5,오렌,35,94,0,99,362
0,오렌주택7,12,6,오렌,35,94,0,99,362
0,오렌주택7,12,7,오렌,35,94,0,99,362
0,오렌,27,104,오렌주택3,13,11,0,99,362
0,오렌주택3,12,14,오렌,28,105,0,99,362
0,오렌주택3,13,14,오렌,28,105,0,99,362
0,오렌주택3,14,14,오렌,28,105,0,99,362
0,오렌주택3,15,14,오렌,28,105,0,99,362
0,오렌,33,126,오렌시약상점,16,10,0,99,362
0,오렌시약상점,19,9,오렌,35,125,0,99,362
0,오렌시약상점,19,10,오렌,35,125,0,99,362
0,오렌시약상점,19,11,오렌,35,125,0,99,362
0,오렌시약상점,19,12,오렌,35,125,0,99,362
0,오렌,71,112,오렌주택1,13,11,0,99,362
0,오렌주택1,12,14,오렌,71,113,0,99,362
0,오렌주택1,13,14,오렌,71,113,0,99,362
0,오렌주택1,14,14,오렌,71,113,0,99,362
0,오렌주택1,15,14,오렌,71,113,0,99,362
0,오렌,56,132,오렌주택12,26,6,0,99,362
0,오렌주택12,29,5,오렌,57,132,0,99,362
0,오렌주택12,29,6,오렌,57,132,0,99,362
0,오렌주택12,29,7,오렌,57,132,0,99,362
0,오렌주택12,29,8,오렌,57,132,0,99,362
0,오렌,56,128,오렌주택9,9,6,0,99,362
0,오렌주택9,12,4,오렌,57,128,0,99,362
0,오렌주택9,12,5,오렌,57,128,0,99,362
0,오렌주택9,12,6,오렌,57,128,0,99,362
0,오렌주택9,12,7,오렌,57,128,0,99,362
0,오렌,56,124,오렌주택10,26,6,0,99,362
0,오렌주택10,29,5,오렌,57,124,0,99,362
0,오렌주택10,29,6,오렌,57,124,0,99,362
0,오렌주택10,29,7,오렌,57,124,0,99,362
0,오렌주택10,29,8,오렌,57,124,0,99,362
0,오렌,64,120,오렌주택2,13,11,0,99,362
0,오렌주택2,12,14,오렌,65,121,0,99,362
0,오렌주택2,13,14,오렌,65,121,0,99,362
0,오렌주택2,14,14,오렌,65,121,0,99,362
0,오렌주택2,15,14,오렌,65,121,0,99,362

0,오렌,69,0,오렌외곽던전대기실,10,20,99,99,362
0,오렌,70,0,오렌외곽던전대기실,10,20,99,99,362

4,오렌외곽던전대기실,10,24,오렌,69,2,99,99,362

0,오렌마을외곽,28,17,오렌미궁입구,28,47,99,99,362
0,오렌마을외곽,29,17,오렌미궁입구,28,47,99,99,362

0,오렌마을외곽,60,149,오렌외곽던전대기실,9,1,99,99,362
0,오렌마을외곽,61,149,오렌외곽던전대기실,10,1,99,99,362
0,오렌마을외곽,62,149,오렌외곽던전대기실,11,1,99,99,362
0,오렌마을외곽,63,149,오렌외곽던전대기실,12,1,99,99,362

0,오렌미궁입구,28,49,오렌마을외곽,28,19,99,99,362
0,오렌미궁입구,29,49,오렌마을외곽,29,19,99,99,362

0,오렌외곽던전대기실,9,0,오렌마을외곽,64,146,99,99,362
0,오렌외곽던전대기실,10,0,오렌마을외곽,64,146,99,99,362
0,오렌외곽던전대기실,11,0,오렌마을외곽,64,146,99,99,362
0,오렌외곽던전대기실,12,0,오렌마을외곽,64,146,99,99,362

0,오렌미궁입구,22,31,알수없는미로A,12,29,99,99,362

0,알수없는미로A,16,1,알수없는미로F,12,31,99,99,362
0,알수없는미로A,17,1,알수없는미로F,13,31,99,99,362

0,알수없는미로F,16,1,알수없는미로J,12,31,99,99,362
0,알수없는미로F,17,1,알수없는미로J,13,31,99,99,362

0,알수없는미로J,16,1,오렌미궁1-1,40,71,99,99,362
0,알수없는미로J,17,1,오렌미궁1-1,40,71,99,99,362

0,오렌미궁1-2,0,21,미궁의서쪽1-1,86,68,99,99,362
0,오렌미궁1-2,0,20,미궁의서쪽1-1,86,66,99,99,362

0,미궁의서쪽1-1,89,67,오렌미궁1-2,3,20,99,99,362

0,미궁의서쪽1-1,55,0,미궁의서쪽1-2,55,67,99,99,362
0,미궁의서쪽1-1,56,0,미궁의서쪽1-2,56,67,99,99,362
0,미궁의서쪽1-1,57,0,미궁의서쪽1-2,57,67,99,99,362

0,미궁의서쪽1-2,55,69,미궁의서쪽1-1,54,3,99,99,362
0,미궁의서쪽1-2,56,69,미궁의서쪽1-1,55,3,99,99,362
0,미궁의서쪽1-2,57,69,미궁의서쪽1-1,56,3,99,99,362

0,미궁의서쪽1-2,55,0,미궁의서쪽1-3,52,87,99,99,362
0,미궁의서쪽1-2,56,0,미궁의서쪽1-3,53,87,99,99,362
0,미궁의서쪽1-2,57,0,미궁의서쪽1-3,54,87,99,99,362

0,미궁의서쪽1-3,52,89,미궁의서쪽1-2,55,2,99,99,362
0,미궁의서쪽1-3,53,89,미궁의서쪽1-2,56,2,99,99,362
0,미궁의서쪽1-3,54,89,미궁의서쪽1-2,57,2,99,99,362

0,미궁의서쪽1-3,89,50,미궁의서쪽1-4,3,50,99,99,362
0,미궁의서쪽1-3,89,51,미궁의서쪽1-4,3,51,99,99,362
0,미궁의서쪽1-3,89,52,미궁의서쪽1-4,3,52,99,99,362

0,미궁의서쪽1-4,0,50,미궁의서쪽1-3,87,50,99,99,362
0,미궁의서쪽1-4,0,51,미궁의서쪽1-3,87,51,99,99,362
0,미궁의서쪽1-4,0,52,미궁의서쪽1-3,87,52,99,99,362

0,오렌미궁1-3,71,42,미궁의동쪽1-1,8,30,99,99,362

0,미궁의동쪽1-1,5,29,오렌미궁1-3,69,42,99,99,362

0,미궁의동쪽1-1,35,69,미궁의동쪽1-2,35,2,99,99,362
0,미궁의동쪽1-1,36,69,미궁의동쪽1-2,36,2,99,99,362
0,미궁의동쪽1-1,37,69,미궁의동쪽1-2,37,2,99,99,362

0,미궁의동쪽1-2,35,0,미궁의동쪽1-1,35,67,99,99,362
0,미궁의동쪽1-2,36,0,미궁의동쪽1-1,36,67,99,99,362
0,미궁의동쪽1-2,37,0,미궁의동쪽1-1,37,67,99,99,362

0,미궁의동쪽1-1,35,0,미궁의동쪽1-3,32,87,99,99,362
0,미궁의동쪽1-1,36,0,미궁의동쪽1-3,33,87,99,99,362
0,미궁의동쪽1-1,37,0,미궁의동쪽1-3,34,87,99,99,362

0,미궁의동쪽1-3,32,89,미궁의동쪽1-1,35,2,99,99,362
0,미궁의동쪽1-3,33,89,미궁의동쪽1-1,36,2,99,99,362
0,미궁의동쪽1-3,34,89,미궁의동쪽1-1,37,2,99,99,362

0,미궁의동쪽1-3,69,50,미궁의동쪽1-4,2,50,99,99,362
0,미궁의동쪽1-3,69,51,미궁의동쪽1-4,2,51,99,99,362
0,미궁의동쪽1-3,69,52,미궁의동쪽1-4,2,52,99,99,362

0,미궁의동쪽1-4,0,50,미궁의동쪽1-3,67,50,99,99,362
0,미궁의동쪽1-4,0,51,미궁의동쪽1-3,67,51,99,99,362
0,미궁의동쪽1-4,0,52,미궁의동쪽1-3,67,52,99,99,362

0,미궁의동쪽1-4,35,69,미궁의동쪽1-5,32,2,99,99,362
0,미궁의동쪽1-4,36,69,미궁의동쪽1-5,33,2,99,99,362
0,미궁의동쪽1-4,37,69,미궁의동쪽1-5,34,2,99,99,362

0,미궁의동쪽1-5,32,0,미궁의동쪽1-4,35,67,99,99,362
0,미궁의동쪽1-5,33,0,미궁의동쪽1-4,36,67,99,99,362
0,미궁의동쪽1-5,34,0,미궁의동쪽1-4,37,67,99,99,362

//미궁1층

0,오렌미궁1-1,1,0,오렌미궁1-2,1,73,99,99,362
0,오렌미궁1-1,2,0,오렌미궁1-2,2,73,99,99,362
0,오렌미궁1-1,3,0,오렌미궁1-2,3,73,99,99,362
0,오렌미궁1-1,4,0,오렌미궁1-2,4,73,99,99,362
0,오렌미궁1-1,5,0,오렌미궁1-2,5,73,99,99,362
0,오렌미궁1-1,6,0,오렌미궁1-2,6,73,99,99,362
0,오렌미궁1-1,7,0,오렌미궁1-2,7,73,99,99,362
0,오렌미궁1-1,8,0,오렌미궁1-2,8,73,99,99,362
0,오렌미궁1-1,9,0,오렌미궁1-2,9,73,99,99,362
0,오렌미궁1-1,10,0,오렌미궁1-2,10,73,99,99,362
0,오렌미궁1-1,11,0,오렌미궁1-2,11,73,99,99,362
0,오렌미궁1-1,12,0,오렌미궁1-2,12,73,99,99,362
0,오렌미궁1-1,13,0,오렌미궁1-2,13,73,99,99,362
0,오렌미궁1-1,14,0,오렌미궁1-2,14,73,99,99,362
0,오렌미궁1-1,15,0,오렌미궁1-2,15,73,99,99,362
0,오렌미궁1-1,16,0,오렌미궁1-2,16,73,99,99,362
0,오렌미궁1-1,17,0,오렌미궁1-2,17,73,99,99,362
0,오렌미궁1-1,18,0,오렌미궁1-2,18,73,99,99,362
0,오렌미궁1-1,19,0,오렌미궁1-2,19,73,99,99,362
0,오렌미궁1-1,20,0,오렌미궁1-2,20,73,99,99,362

0,오렌미궁1-1,27,0,오렌미궁1-2,27,73,99,99,362
0,오렌미궁1-1,28,0,오렌미궁1-2,28,73,99,99,362
0,오렌미궁1-1,29,0,오렌미궁1-2,29,73,99,99,362
0,오렌미궁1-1,30,0,오렌미궁1-2,30,73,99,99,362
0,오렌미궁1-1,31,0,오렌미궁1-2,31,73,99,99,362
0,오렌미궁1-1,32,0,오렌미궁1-2,32,73,99,99,362
0,오렌미궁1-1,33,0,오렌미궁1-2,33,73,99,99,362

0,오렌미궁1-1,35,0,오렌미궁1-2,35,73,99,99,362
0,오렌미궁1-1,36,0,오렌미궁1-2,36,73,99,99,362
0,오렌미궁1-1,37,0,오렌미궁1-2,37,73,99,99,362
0,오렌미궁1-1,38,0,오렌미궁1-2,38,73,99,99,362
0,오렌미궁1-1,39,0,오렌미궁1-2,39,73,99,99,362
0,오렌미궁1-1,40,0,오렌미궁1-2,40,73,99,99,362
0,오렌미궁1-1,41,0,오렌미궁1-2,41,73,99,99,362
0,오렌미궁1-1,42,0,오렌미궁1-2,42,73,99,99,362
0,오렌미궁1-1,43,0,오렌미궁1-2,43,73,99,99,362

0,오렌미궁1-1,45,0,오렌미궁1-2,45,73,99,99,362
0,오렌미궁1-1,46,0,오렌미궁1-2,46,73,99,99,362
0,오렌미궁1-1,47,0,오렌미궁1-2,47,73,99,99,362
0,오렌미궁1-1,48,0,오렌미궁1-2,48,73,99,99,362
0,오렌미궁1-1,49,0,오렌미궁1-2,49,73,99,99,362
0,오렌미궁1-1,50,0,오렌미궁1-2,50,73,99,99,362
0,오렌미궁1-1,51,0,오렌미궁1-2,51,73,99,99,362
0,오렌미궁1-1,52,0,오렌미궁1-2,52,73,99,99,362
0,오렌미궁1-1,53,0,오렌미궁1-2,53,73,99,99,362
0,오렌미궁1-1,54,0,오렌미궁1-2,54,73,99,99,362
0,오렌미궁1-1,55,0,오렌미궁1-2,55,73,99,99,362
0,오렌미궁1-1,56,0,오렌미궁1-2,56,73,99,99,362
0,오렌미궁1-1,57,0,오렌미궁1-2,57,73,99,99,362
0,오렌미궁1-1,58,0,오렌미궁1-2,58,73,99,99,362
0,오렌미궁1-1,59,0,오렌미궁1-2,59,73,99,99,362
0,오렌미궁1-1,60,0,오렌미궁1-2,60,73,99,99,362

0,오렌미궁1-2,1,74,오렌미궁1-1,1,1,99,99,362
0,오렌미궁1-2,2,74,오렌미궁1-1,2,1,99,99,362
0,오렌미궁1-2,3,74,오렌미궁1-1,3,1,99,99,362
0,오렌미궁1-2,4,74,오렌미궁1-1,4,1,99,99,362
0,오렌미궁1-2,5,74,오렌미궁1-1,5,1,99,99,362
0,오렌미궁1-2,6,74,오렌미궁1-1,6,1,99,99,362
0,오렌미궁1-2,7,74,오렌미궁1-1,7,1,99,99,362
0,오렌미궁1-2,8,74,오렌미궁1-1,8,1,99,99,362
0,오렌미궁1-2,9,74,오렌미궁1-1,9,1,99,99,362
0,오렌미궁1-2,10,74,오렌미궁1-1,10,1,99,99,362
0,오렌미궁1-2,11,74,오렌미궁1-1,11,1,99,99,362
0,오렌미궁1-2,12,74,오렌미궁1-1,12,1,99,99,362
0,오렌미궁1-2,13,74,오렌미궁1-1,13,1,99,99,362
0,오렌미궁1-2,14,74,오렌미궁1-1,14,1,99,99,362
0,오렌미궁1-2,15,74,오렌미궁1-1,15,1,99,99,362
0,오렌미궁1-2,16,74,오렌미궁1-1,16,1,99,99,362
0,오렌미궁1-2,17,74,오렌미궁1-1,17,1,99,99,362
0,오렌미궁1-2,18,74,오렌미궁1-1,18,1,99,99,362
0,오렌미궁1-2,19,74,오렌미궁1-1,19,1,99,99,362
0,오렌미궁1-2,20,74,오렌미궁1-1,20,1,99,99,362

0,오렌미궁1-2,27,74,오렌미궁1-1,27,1,99,99,362
0,오렌미궁1-2,28,74,오렌미궁1-1,28,1,99,99,362
0,오렌미궁1-2,29,74,오렌미궁1-1,29,1,99,99,362
0,오렌미궁1-2,30,74,오렌미궁1-1,30,1,99,99,362
0,오렌미궁1-2,31,74,오렌미궁1-1,31,1,99,99,362
0,오렌미궁1-2,32,74,오렌미궁1-1,32,1,99,99,362
0,오렌미궁1-2,33,74,오렌미궁1-1,33,1,99,99,362

0,오렌미궁1-2,35,74,오렌미궁1-1,35,1,99,99,362
0,오렌미궁1-2,36,74,오렌미궁1-1,36,1,99,99,362
0,오렌미궁1-2,37,74,오렌미궁1-1,37,1,99,99,362
0,오렌미궁1-2,38,74,오렌미궁1-1,38,1,99,99,362
0,오렌미궁1-2,39,74,오렌미궁1-1,39,1,99,99,362
0,오렌미궁1-2,40,74,오렌미궁1-1,40,1,99,99,362
0,오렌미궁1-2,41,74,오렌미궁1-1,41,1,99,99,362
0,오렌미궁1-2,42,74,오렌미궁1-1,42,1,99,99,362
0,오렌미궁1-2,43,74,오렌미궁1-1,43,1,99,99,362

0,오렌미궁1-2,45,74,오렌미궁1-1,45,1,99,99,362
0,오렌미궁1-2,46,74,오렌미궁1-1,46,1,99,99,362
0,오렌미궁1-2,47,74,오렌미궁1-1,47,1,99,99,362
0,오렌미궁1-2,48,74,오렌미궁1-1,48,1,99,99,362
0,오렌미궁1-2,49,74,오렌미궁1-1,49,1,99,99,362
0,오렌미궁1-2,50,74,오렌미궁1-1,50,1,99,99,362
0,오렌미궁1-2,51,74,오렌미궁1-1,51,1,99,99,362
0,오렌미궁1-2,52,74,오렌미궁1-1,52,1,99,99,362
0,오렌미궁1-2,53,74,오렌미궁1-1,53,1,99,99,362
0,오렌미궁1-2,54,74,오렌미궁1-1,54,1,99,99,362
0,오렌미궁1-2,55,74,오렌미궁1-1,55,1,99,99,362
0,오렌미궁1-2,56,74,오렌미궁1-1,56,1,99,99,362
0,오렌미궁1-2,57,74,오렌미궁1-1,57,1,99,99,362
0,오렌미궁1-2,58,74,오렌미궁1-1,58,1,99,99,362
0,오렌미궁1-2,59,74,오렌미궁1-1,59,1,99,99,362
0,오렌미궁1-2,60,74,오렌미궁1-1,60,1,99,99,362

0,오렌미궁1-3,4,0,오렌미궁1-4,4,73,99,99,362
0,오렌미궁1-3,5,0,오렌미궁1-4,5,73,99,99,362
0,오렌미궁1-3,6,0,오렌미궁1-4,6,73,99,99,362
0,오렌미궁1-3,7,0,오렌미궁1-4,7,73,99,99,362
0,오렌미궁1-3,8,0,오렌미궁1-4,8,73,99,99,362
0,오렌미궁1-3,9,0,오렌미궁1-4,9,73,99,99,362
0,오렌미궁1-3,10,0,오렌미궁1-4,10,73,99,99,362
0,오렌미궁1-3,11,0,오렌미궁1-4,11,73,99,99,362
0,오렌미궁1-3,12,0,오렌미궁1-4,12,73,99,99,362
0,오렌미궁1-3,13,0,오렌미궁1-4,13,73,99,99,362
0,오렌미궁1-3,14,0,오렌미궁1-4,14,73,99,99,362
0,오렌미궁1-3,15,0,오렌미궁1-4,15,73,99,99,362

0,오렌미궁1-3,30,0,오렌미궁1-4,30,73,99,99,362
0,오렌미궁1-3,31,0,오렌미궁1-4,31,73,99,99,362
0,오렌미궁1-3,32,0,오렌미궁1-4,32,73,99,99,362
0,오렌미궁1-3,33,0,오렌미궁1-4,33,73,99,99,362
0,오렌미궁1-3,34,0,오렌미궁1-4,34,73,99,99,362
0,오렌미궁1-3,35,0,오렌미궁1-4,35,73,99,99,362
0,오렌미궁1-3,36,0,오렌미궁1-4,36,73,99,99,362
0,오렌미궁1-3,37,0,오렌미궁1-4,37,73,99,99,362
0,오렌미궁1-3,38,0,오렌미궁1-4,38,73,99,99,362
0,오렌미궁1-3,39,0,오렌미궁1-4,39,73,99,99,362
0,오렌미궁1-3,40,0,오렌미궁1-4,40,73,99,99,362
0,오렌미궁1-3,41,0,오렌미궁1-4,41,73,99,99,362
0,오렌미궁1-3,42,0,오렌미궁1-4,42,73,99,99,362
0,오렌미궁1-3,43,0,오렌미궁1-4,43,73,99,99,362
0,오렌미궁1-3,44,0,오렌미궁1-4,44,73,99,99,362

0,오렌미궁1-3,46,0,오렌미궁1-4,46,73,99,99,362
0,오렌미궁1-3,47,0,오렌미궁1-4,47,73,99,99,362
0,오렌미궁1-3,48,0,오렌미궁1-4,48,73,99,99,362
0,오렌미궁1-3,49,0,오렌미궁1-4,49,73,99,99,362
0,오렌미궁1-3,50,0,오렌미궁1-4,50,73,99,99,362

0,오렌미궁1-3,52,0,오렌미궁1-4,52,73,99,99,362
0,오렌미궁1-3,53,0,오렌미궁1-4,53,73,99,99,362
0,오렌미궁1-3,54,0,오렌미궁1-4,54,73,99,99,362
0,오렌미궁1-3,55,0,오렌미궁1-4,55,73,99,99,362
0,오렌미궁1-3,56,0,오렌미궁1-4,56,73,99,99,362
0,오렌미궁1-3,57,0,오렌미궁1-4,57,73,99,99,362
0,오렌미궁1-3,58,0,오렌미궁1-4,58,73,99,99,362
0,오렌미궁1-3,59,0,오렌미궁1-4,59,73,99,99,362
0,오렌미궁1-3,60,0,오렌미궁1-4,60,73,99,99,362
0,오렌미궁1-3,61,0,오렌미궁1-4,61,73,99,99,362
0,오렌미궁1-3,62,0,오렌미궁1-4,62,73,99,99,362
0,오렌미궁1-3,63,0,오렌미궁1-4,63,73,99,99,362
0,오렌미궁1-3,64,0,오렌미궁1-4,64,73,99,99,362
0,오렌미궁1-3,65,0,오렌미궁1-4,65,73,99,99,362
0,오렌미궁1-3,66,0,오렌미궁1-4,66,73,99,99,362

0,오렌미궁1-3,68,0,오렌미궁1-4,68,73,99,99,362
0,오렌미궁1-3,69,0,오렌미궁1-4,69,73,99,99,362
0,오렌미궁1-3,70,0,오렌미궁1-4,70,73,99,99,362
0,오렌미궁1-3,71,0,오렌미궁1-4,71,73,99,99,362
0,오렌미궁1-3,72,0,오렌미궁1-4,72,73,99,99,362
0,오렌미궁1-3,73,0,오렌미궁1-4,73,73,99,99,362

0,오렌미궁1-4,4,74,오렌미궁1-3,4,1,99,99,362
0,오렌미궁1-4,5,74,오렌미궁1-3,5,1,99,99,362
0,오렌미궁1-4,6,74,오렌미궁1-3,6,1,99,99,362
0,오렌미궁1-4,7,74,오렌미궁1-3,7,1,99,99,362
0,오렌미궁1-4,8,74,오렌미궁1-3,8,1,99,99,362
0,오렌미궁1-4,9,74,오렌미궁1-3,9,1,99,99,362
0,오렌미궁1-4,10,74,오렌미궁1-3,10,1,99,99,362
0,오렌미궁1-4,11,74,오렌미궁1-3,11,1,99,99,362
0,오렌미궁1-4,12,74,오렌미궁1-3,12,1,99,99,362
0,오렌미궁1-4,13,74,오렌미궁1-3,13,1,99,99,362
0,오렌미궁1-4,14,74,오렌미궁1-3,14,1,99,99,362
0,오렌미궁1-4,15,74,오렌미궁1-3,15,1,99,99,362

0,오렌미궁1-4,30,74,오렌미궁1-3,30,1,99,99,362
0,오렌미궁1-4,31,74,오렌미궁1-3,31,1,99,99,362
0,오렌미궁1-4,32,74,오렌미궁1-3,32,1,99,99,362
0,오렌미궁1-4,33,74,오렌미궁1-3,33,1,99,99,362
0,오렌미궁1-4,34,74,오렌미궁1-3,34,1,99,99,362
0,오렌미궁1-4,35,74,오렌미궁1-3,35,1,99,99,362
0,오렌미궁1-4,36,74,오렌미궁1-3,36,1,99,99,362
0,오렌미궁1-4,37,74,오렌미궁1-3,37,1,99,99,362
0,오렌미궁1-4,38,74,오렌미궁1-3,38,1,99,99,362
0,오렌미궁1-4,39,74,오렌미궁1-3,39,1,99,99,362
0,오렌미궁1-4,40,74,오렌미궁1-3,40,1,99,99,362
0,오렌미궁1-4,41,74,오렌미궁1-3,41,1,99,99,362
0,오렌미궁1-4,42,74,오렌미궁1-3,42,1,99,99,362
0,오렌미궁1-4,43,74,오렌미궁1-3,43,1,99,99,362
0,오렌미궁1-4,44,74,오렌미궁1-3,44,1,99,99,362

0,오렌미궁1-4,46,74,오렌미궁1-3,46,1,99,99,362
0,오렌미궁1-4,47,74,오렌미궁1-3,47,1,99,99,362
0,오렌미궁1-4,48,74,오렌미궁1-3,48,1,99,99,362
0,오렌미궁1-4,49,74,오렌미궁1-3,49,1,99,99,362
0,오렌미궁1-4,50,74,오렌미궁1-3,50,1,99,99,362

0,오렌미궁1-4,52,74,오렌미궁1-3,52,1,99,99,362
0,오렌미궁1-4,53,74,오렌미궁1-3,53,1,99,99,362
0,오렌미궁1-4,54,74,오렌미궁1-3,54,1,99,99,362
0,오렌미궁1-4,55,74,오렌미궁1-3,55,1,99,99,362
0,오렌미궁1-4,56,74,오렌미궁1-3,56,1,99,99,362
0,오렌미궁1-4,57,74,오렌미궁1-3,57,1,99,99,362
0,오렌미궁1-4,58,74,오렌미궁1-3,58,1,99,99,362
0,오렌미궁1-4,59,74,오렌미궁1-3,59,1,99,99,362
0,오렌미궁1-4,60,74,오렌미궁1-3,60,1,99,99,362
0,오렌미궁1-4,61,74,오렌미궁1-3,61,1,99,99,362
0,오렌미궁1-4,62,74,오렌미궁1-3,62,1,99,99,362
0,오렌미궁1-4,63,74,오렌미궁1-3,63,1,99,99,362
0,오렌미궁1-4,64,74,오렌미궁1-3,64,1,99,99,362
0,오렌미궁1-4,65,74,오렌미궁1-3,65,1,99,99,362
0,오렌미궁1-4,66,74,오렌미궁1-3,66,1,99,99,362

0,오렌미궁1-4,68,74,오렌미궁1-3,68,1,99,99,362
0,오렌미궁1-4,69,74,오렌미궁1-3,69,1,99,99,362
0,오렌미궁1-4,70,74,오렌미궁1-3,70,1,99,99,362
0,오렌미궁1-4,71,74,오렌미궁1-3,71,1,99,99,362
0,오렌미궁1-4,72,74,오렌미궁1-3,72,1,99,99,362
0,오렌미궁1-4,73,74,오렌미궁1-3,73,1,99,99,362

0,오렌미궁1-2,74,1,오렌미궁1-4,1,1,99,99,362
0,오렌미궁1-2,74,2,오렌미궁1-4,1,2,99,99,362
0,오렌미궁1-2,74,3,오렌미궁1-4,1,3,99,99,362
0,오렌미궁1-2,74,4,오렌미궁1-4,1,4,99,99,362
0,오렌미궁1-2,74,5,오렌미궁1-4,1,5,99,99,362
0,오렌미궁1-2,74,5,오렌미궁1-4,1,5,99,99,362
0,오렌미궁1-2,74,6,오렌미궁1-4,1,6,99,99,362
0,오렌미궁1-2,74,7,오렌미궁1-4,1,7,99,99,362
0,오렌미궁1-2,74,8,오렌미궁1-4,1,8,99,99,362
0,오렌미궁1-2,74,9,오렌미궁1-4,1,9,99,99,362
0,오렌미궁1-2,74,10,오렌미궁1-4,1,10,99,99,362
0,오렌미궁1-2,74,11,오렌미궁1-4,1,11,99,99,362
0,오렌미궁1-2,74,12,오렌미궁1-4,1,12,99,99,362
0,오렌미궁1-2,74,13,오렌미궁1-4,1,13,99,99,362
0,오렌미궁1-2,74,14,오렌미궁1-4,1,14,99,99,362
0,오렌미궁1-2,74,15,오렌미궁1-4,1,15,99,99,362
0,오렌미궁1-2,74,16,오렌미궁1-4,1,16,99,99,362
0,오렌미궁1-2,74,17,오렌미궁1-4,1,17,99,99,362
0,오렌미궁1-2,74,18,오렌미궁1-4,1,18,99,99,362
0,오렌미궁1-2,74,19,오렌미궁1-4,1,19,99,99,362
0,오렌미궁1-2,74,20,오렌미궁1-4,1,20,99,99,362
0,오렌미궁1-2,74,21,오렌미궁1-4,1,21,99,99,362
0,오렌미궁1-2,74,22,오렌미궁1-4,1,22,99,99,362
0,오렌미궁1-2,74,23,오렌미궁1-4,1,23,99,99,362
0,오렌미궁1-2,74,24,오렌미궁1-4,1,24,99,99,362
0,오렌미궁1-2,74,25,오렌미궁1-4,1,25,99,99,362
0,오렌미궁1-2,74,26,오렌미궁1-4,1,26,99,99,362
0,오렌미궁1-2,74,27,오렌미궁1-4,1,27,99,99,362
0,오렌미궁1-2,74,28,오렌미궁1-4,1,28,99,99,362
0,오렌미궁1-2,74,29,오렌미궁1-4,1,29,99,99,362
0,오렌미궁1-2,74,30,오렌미궁1-4,1,30,99,99,362
0,오렌미궁1-2,74,31,오렌미궁1-4,1,31,99,99,362
0,오렌미궁1-2,74,32,오렌미궁1-4,1,32,99,99,362
0,오렌미궁1-2,74,33,오렌미궁1-4,1,33,99,99,362
0,오렌미궁1-2,74,34,오렌미궁1-4,1,34,99,99,362
0,오렌미궁1-2,74,35,오렌미궁1-4,1,35,99,99,362
0,오렌미궁1-2,74,36,오렌미궁1-4,1,36,99,99,362
0,오렌미궁1-2,74,37,오렌미궁1-4,1,37,99,99,362
0,오렌미궁1-2,74,38,오렌미궁1-4,1,38,99,99,362
0,오렌미궁1-2,74,39,오렌미궁1-4,1,39,99,99,362
0,오렌미궁1-2,74,40,오렌미궁1-4,1,40,99,99,362

0,오렌미궁1-2,74,42,오렌미궁1-4,1,42,99,99,362
0,오렌미궁1-2,74,43,오렌미궁1-4,1,43,99,99,362
0,오렌미궁1-2,74,44,오렌미궁1-4,1,44,99,99,362
0,오렌미궁1-2,74,45,오렌미궁1-4,1,45,99,99,362
0,오렌미궁1-2,74,46,오렌미궁1-4,1,46,99,99,362

0,오렌미궁1-2,74,56,오렌미궁1-4,1,56,99,99,362
0,오렌미궁1-2,74,57,오렌미궁1-4,1,57,99,99,362
0,오렌미궁1-2,74,58,오렌미궁1-4,1,58,99,99,362
0,오렌미궁1-2,74,59,오렌미궁1-4,1,59,99,99,362
0,오렌미궁1-2,74,60,오렌미궁1-4,1,60,99,99,362
0,오렌미궁1-2,74,61,오렌미궁1-4,1,61,99,99,362
0,오렌미궁1-2,74,62,오렌미궁1-4,1,62,99,99,362
0,오렌미궁1-2,74,63,오렌미궁1-4,1,63,99,99,362

0,오렌미궁1-2,74,65,오렌미궁1-4,1,55,99,99,362
0,오렌미궁1-2,74,66,오렌미궁1-4,1,56,99,99,362
0,오렌미궁1-2,74,67,오렌미궁1-4,1,67,99,99,362
0,오렌미궁1-2,74,68,오렌미궁1-4,1,68,99,99,362
0,오렌미궁1-2,74,69,오렌미궁1-4,1,69,99,99,362
0,오렌미궁1-2,74,70,오렌미궁1-4,1,70,99,99,362
0,오렌미궁1-2,74,71,오렌미궁1-4,1,71,99,99,362
0,오렌미궁1-2,74,72,오렌미궁1-4,1,72,99,99,362
0,오렌미궁1-2,74,73,오렌미궁1-4,1,73,99,99,362

0,오렌미궁1-4,0,1,오렌미궁1-2,73,1,99,99,362
0,오렌미궁1-4,0,2,오렌미궁1-2,73,2,99,99,362
0,오렌미궁1-4,0,3,오렌미궁1-2,73,3,99,99,362
0,오렌미궁1-4,0,4,오렌미궁1-2,73,4,99,99,362
0,오렌미궁1-4,0,5,오렌미궁1-2,73,5,99,99,362
0,오렌미궁1-4,0,6,오렌미궁1-2,73,6,99,99,362
0,오렌미궁1-4,0,7,오렌미궁1-2,73,7,99,99,362
0,오렌미궁1-4,0,8,오렌미궁1-2,73,8,99,99,362
0,오렌미궁1-4,0,9,오렌미궁1-2,73,10,99,99,362
0,오렌미궁1-4,0,10,오렌미궁1-2,73,11,99,99,362
0,오렌미궁1-4,0,11,오렌미궁1-2,73,12,99,99,362
0,오렌미궁1-4,0,12,오렌미궁1-2,73,12,99,99,362
0,오렌미궁1-4,0,13,오렌미궁1-2,73,13,99,99,362
0,오렌미궁1-4,0,14,오렌미궁1-2,73,14,99,99,362
0,오렌미궁1-4,0,15,오렌미궁1-2,73,15,99,99,362
0,오렌미궁1-4,0,16,오렌미궁1-2,73,16,99,99,362
0,오렌미궁1-4,0,17,오렌미궁1-2,73,17,99,99,362
0,오렌미궁1-4,0,18,오렌미궁1-2,73,18,99,99,362
0,오렌미궁1-4,0,19,오렌미궁1-2,73,19,99,99,362
0,오렌미궁1-4,0,20,오렌미궁1-2,73,20,99,99,362
0,오렌미궁1-4,0,21,오렌미궁1-2,73,21,99,99,362
0,오렌미궁1-4,0,22,오렌미궁1-2,73,22,99,99,362
0,오렌미궁1-4,0,23,오렌미궁1-2,73,23,99,99,362
0,오렌미궁1-4,0,24,오렌미궁1-2,73,24,99,99,362
0,오렌미궁1-4,0,25,오렌미궁1-2,73,25,99,99,362
0,오렌미궁1-4,0,26,오렌미궁1-2,73,26,99,99,362
0,오렌미궁1-4,0,27,오렌미궁1-2,73,27,99,99,362
0,오렌미궁1-4,0,28,오렌미궁1-2,73,28,99,99,362
0,오렌미궁1-4,0,29,오렌미궁1-2,73,29,99,99,362
0,오렌미궁1-4,0,30,오렌미궁1-2,73,30,99,99,362
0,오렌미궁1-4,0,31,오렌미궁1-2,73,31,99,99,362
0,오렌미궁1-4,0,32,오렌미궁1-2,73,32,99,99,362
0,오렌미궁1-4,0,33,오렌미궁1-2,73,33,99,99,362
0,오렌미궁1-4,0,34,오렌미궁1-2,73,34,99,99,362
0,오렌미궁1-4,0,35,오렌미궁1-2,73,35,99,99,362
0,오렌미궁1-4,0,36,오렌미궁1-2,73,36,99,99,362
0,오렌미궁1-4,0,37,오렌미궁1-2,73,37,99,99,362
0,오렌미궁1-4,0,38,오렌미궁1-2,73,38,99,99,362
0,오렌미궁1-4,0,39,오렌미궁1-2,73,39,99,99,362
0,오렌미궁1-4,0,40,오렌미궁1-2,73,40,99,99,362

0,오렌미궁1-4,0,42,오렌미궁1-2,73,42,99,99,362
0,오렌미궁1-4,0,43,오렌미궁1-2,73,43,99,99,362
0,오렌미궁1-4,0,44,오렌미궁1-2,73,44,99,99,362
0,오렌미궁1-4,0,45,오렌미궁1-2,73,45,99,99,362
0,오렌미궁1-4,0,46,오렌미궁1-2,73,46,99,99,362

0,오렌미궁1-4,0,56,오렌미궁1-2,73,56,99,99,362
0,오렌미궁1-4,0,57,오렌미궁1-2,73,57,99,99,362
0,오렌미궁1-4,0,58,오렌미궁1-2,73,58,99,99,362
0,오렌미궁1-4,0,59,오렌미궁1-2,73,59,99,99,362
0,오렌미궁1-4,0,60,오렌미궁1-2,73,60,99,99,362
0,오렌미궁1-4,0,61,오렌미궁1-2,73,61,99,99,362
0,오렌미궁1-4,0,62,오렌미궁1-2,73,62,99,99,362
0,오렌미궁1-4,0,63,오렌미궁1-2,73,63,99,99,362

0,오렌미궁1-4,0,65,오렌미궁1-2,73,56,99,99,362
0,오렌미궁1-4,0,66,오렌미궁1-2,73,66,99,99,362
0,오렌미궁1-4,0,67,오렌미궁1-2,73,67,99,99,362
0,오렌미궁1-4,0,68,오렌미궁1-2,73,68,99,99,362
0,오렌미궁1-4,0,69,오렌미궁1-2,73,69,99,99,362
0,오렌미궁1-4,0,70,오렌미궁1-2,73,70,99,99,362
0,오렌미궁1-4,0,71,오렌미궁1-2,73,71,99,99,362
0,오렌미궁1-4,0,72,오렌미궁1-2,73,72,99,99,362
0,오렌미궁1-4,0,73,오렌미궁1-2,73,73,99,99,362

0,오렌미궁1-1,74,1,오렌미궁1-3,1,1,99,99,362
0,오렌미궁1-1,74,2,오렌미궁1-3,1,2,99,99,362
0,오렌미궁1-1,74,3,오렌미궁1-3,1,3,99,99,362
0,오렌미궁1-1,74,4,오렌미궁1-3,1,4,99,99,362
0,오렌미궁1-1,74,5,오렌미궁1-3,1,5,99,99,362

0,오렌미궁1-1,74,16,오렌미궁1-3,1,16,99,99,362
0,오렌미궁1-1,74,17,오렌미궁1-3,1,17,99,99,362
0,오렌미궁1-1,74,18,오렌미궁1-3,1,18,99,99,362
0,오렌미궁1-1,74,19,오렌미궁1-3,1,19,99,99,362
0,오렌미궁1-1,74,20,오렌미궁1-3,1,20,99,99,362
0,오렌미궁1-1,74,21,오렌미궁1-3,1,21,99,99,362
0,오렌미궁1-1,74,22,오렌미궁1-3,1,22,99,99,362
0,오렌미궁1-1,74,23,오렌미궁1-3,1,23,99,99,362
0,오렌미궁1-1,74,24,오렌미궁1-3,1,24,99,99,362

0,오렌미궁1-1,74,26,오렌미궁1-3,1,26,99,99,362
0,오렌미궁1-1,74,27,오렌미궁1-3,1,27,99,99,362
0,오렌미궁1-1,74,28,오렌미궁1-3,1,28,99,99,362
0,오렌미궁1-1,74,29,오렌미궁1-3,1,29,99,99,362
0,오렌미궁1-1,74,30,오렌미궁1-3,1,30,99,99,362
0,오렌미궁1-1,74,31,오렌미궁1-3,1,31,99,99,362
0,오렌미궁1-1,74,32,오렌미궁1-3,1,32,99,99,362
0,오렌미궁1-1,74,33,오렌미궁1-3,1,33,99,99,362
0,오렌미궁1-1,74,34,오렌미궁1-3,1,34,99,99,362

0,오렌미궁1-1,74,36,오렌미궁1-3,1,36,99,99,362
0,오렌미궁1-1,74,37,오렌미궁1-3,1,37,99,99,362
0,오렌미궁1-1,74,38,오렌미궁1-3,1,38,99,99,362
0,오렌미궁1-1,74,39,오렌미궁1-3,1,39,99,99,362
0,오렌미궁1-1,74,40,오렌미궁1-3,1,40,99,99,362
0,오렌미궁1-1,74,41,오렌미궁1-3,1,41,99,99,362
0,오렌미궁1-1,74,42,오렌미궁1-3,1,42,99,99,362
0,오렌미궁1-1,74,43,오렌미궁1-3,1,43,99,99,362
0,오렌미궁1-1,74,44,오렌미궁1-3,1,44,99,99,362
0,오렌미궁1-1,74,45,오렌미궁1-3,1,45,99,99,362
0,오렌미궁1-1,74,46,오렌미궁1-3,1,46,99,99,362

0,오렌미궁1-1,74,56,오렌미궁1-3,1,56,99,99,362
0,오렌미궁1-1,74,57,오렌미궁1-3,1,57,99,99,362
0,오렌미궁1-1,74,58,오렌미궁1-3,1,58,99,99,362
0,오렌미궁1-1,74,59,오렌미궁1-3,1,59,99,99,362
0,오렌미궁1-1,74,60,오렌미궁1-3,1,60,99,99,362

0,오렌미궁1-1,74,68,오렌미궁1-3,1,68,99,99,362
0,오렌미궁1-1,74,69,오렌미궁1-3,1,69,99,99,362
0,오렌미궁1-1,74,70,오렌미궁1-3,1,70,99,99,362
0,오렌미궁1-1,74,71,오렌미궁1-3,1,71,99,99,362
0,오렌미궁1-1,74,72,오렌미궁1-3,1,72,99,99,362
0,오렌미궁1-1,74,73,오렌미궁1-3,1,73,99,99,362

0,오렌미궁1-3,0,1,오렌미궁1-1,73,1,99,99,362
0,오렌미궁1-3,0,2,오렌미궁1-1,73,2,99,99,362
0,오렌미궁1-3,0,3,오렌미궁1-1,73,3,99,99,362
0,오렌미궁1-3,0,4,오렌미궁1-1,73,4,99,99,362
0,오렌미궁1-3,0,5,오렌미궁1-1,73,5,99,99,362

0,오렌미궁1-3,0,16,오렌미궁1-1,73,16,99,99,362
0,오렌미궁1-3,0,17,오렌미궁1-1,73,17,99,99,362
0,오렌미궁1-3,0,18,오렌미궁1-1,73,18,99,99,362
0,오렌미궁1-3,0,19,오렌미궁1-1,73,19,99,99,362
0,오렌미궁1-3,0,20,오렌미궁1-1,73,20,99,99,362
0,오렌미궁1-3,0,21,오렌미궁1-1,73,21,99,99,362
0,오렌미궁1-3,0,22,오렌미궁1-1,73,22,99,99,362
0,오렌미궁1-3,0,23,오렌미궁1-1,73,23,99,99,362
0,오렌미궁1-3,0,24,오렌미궁1-1,73,24,99,99,362

0,오렌미궁1-3,0,26,오렌미궁1-1,73,26,99,99,362
0,오렌미궁1-3,0,27,오렌미궁1-1,73,27,99,99,362
0,오렌미궁1-3,0,28,오렌미궁1-1,73,28,99,99,362
0,오렌미궁1-3,0,29,오렌미궁1-1,73,29,99,99,362
0,오렌미궁1-3,0,30,오렌미궁1-1,73,30,99,99,362
0,오렌미궁1-3,0,31,오렌미궁1-1,73,31,99,99,362
0,오렌미궁1-3,0,32,오렌미궁1-1,73,32,99,99,362
0,오렌미궁1-3,0,33,오렌미궁1-1,73,33,99,99,362
0,오렌미궁1-3,0,34,오렌미궁1-1,73,34,99,99,362

0,오렌미궁1-3,0,36,오렌미궁1-1,73,36,99,99,362
0,오렌미궁1-3,0,37,오렌미궁1-1,73,37,99,99,362
0,오렌미궁1-3,0,38,오렌미궁1-1,73,38,99,99,362
0,오렌미궁1-3,0,39,오렌미궁1-1,73,39,99,99,362
0,오렌미궁1-3,0,40,오렌미궁1-1,73,40,99,99,362
0,오렌미궁1-3,0,41,오렌미궁1-1,73,41,99,99,362
0,오렌미궁1-3,0,42,오렌미궁1-1,73,42,99,99,362
0,오렌미궁1-3,0,43,오렌미궁1-1,73,43,99,99,362
0,오렌미궁1-3,0,44,오렌미궁1-1,73,44,99,99,362
0,오렌미궁1-3,0,45,오렌미궁1-1,73,45,99,99,362
0,오렌미궁1-3,0,46,오렌미궁1-1,73,46,99,99,362

0,오렌미궁1-3,0,56,오렌미궁1-1,73,56,99,99,362
0,오렌미궁1-3,0,57,오렌미궁1-1,73,57,99,99,362
0,오렌미궁1-3,0,58,오렌미궁1-1,73,58,99,99,362
0,오렌미궁1-3,0,59,오렌미궁1-1,73,59,99,99,362
0,오렌미궁1-3,0,60,오렌미궁1-1,73,60,99,99,362

0,오렌미궁1-3,0,68,오렌미궁1-1,73,68,99,99,362
0,오렌미궁1-3,0,69,오렌미궁1-1,73,69,99,99,362
0,오렌미궁1-3,0,70,오렌미궁1-1,73,70,99,99,362
0,오렌미궁1-3,0,71,오렌미궁1-1,73,71,99,99,362
0,오렌미궁1-3,0,72,오렌미궁1-1,73,72,99,99,362
0,오렌미궁1-3,0,73,오렌미궁1-1,73,73,99,99,362

0,오렌미궁1-4,23,14,오렌미궁2-4,23,16,99,99,362
0,오렌미궁2-4,23,15,오렌미궁1-4,23,13,99,99,362

0,오렌미궁2-1,1,0,오렌미궁2-2,1,73,99,99,362
0,오렌미궁2-1,2,0,오렌미궁2-2,2,73,99,99,362
0,오렌미궁2-1,3,0,오렌미궁2-2,3,73,99,99,362
0,오렌미궁2-1,4,0,오렌미궁2-2,4,73,99,99,362
0,오렌미궁2-1,5,0,오렌미궁2-2,5,73,99,99,362
0,오렌미궁2-1,6,0,오렌미궁2-2,6,73,99,99,362
0,오렌미궁2-1,7,0,오렌미궁2-2,7,73,99,99,362
0,오렌미궁2-1,8,0,오렌미궁2-2,8,73,99,99,362
0,오렌미궁2-1,9,0,오렌미궁2-2,9,73,99,99,362
0,오렌미궁2-1,10,0,오렌미궁2-2,10,73,99,99,362
0,오렌미궁2-1,11,0,오렌미궁2-2,11,73,99,99,362
0,오렌미궁2-1,12,0,오렌미궁2-2,12,73,99,99,362
0,오렌미궁2-1,13,0,오렌미궁2-2,13,73,99,99,362
0,오렌미궁2-1,14,0,오렌미궁2-2,14,73,99,99,362
0,오렌미궁2-1,15,0,오렌미궁2-2,15,73,99,99,362
0,오렌미궁2-1,16,0,오렌미궁2-2,16,73,99,99,362
0,오렌미궁2-1,17,0,오렌미궁2-2,17,73,99,99,362
0,오렌미궁2-1,18,0,오렌미궁2-2,18,73,99,99,362
0,오렌미궁2-1,19,0,오렌미궁2-2,19,73,99,99,362
0,오렌미궁2-1,20,0,오렌미궁2-2,20,73,99,99,362
0,오렌미궁2-1,21,0,오렌미궁2-2,21,73,99,99,362
0,오렌미궁2-1,22,0,오렌미궁2-2,22,73,99,99,362
0,오렌미궁2-1,23,0,오렌미궁2-2,23,73,99,99,362
0,오렌미궁2-1,24,0,오렌미궁2-2,24,73,99,99,362
0,오렌미궁2-1,25,0,오렌미궁2-2,25,73,99,99,362
0,오렌미궁2-1,26,0,오렌미궁2-2,26,73,99,99,362
0,오렌미궁2-1,27,0,오렌미궁2-2,27,73,99,99,362
0,오렌미궁2-1,28,0,오렌미궁2-2,28,73,99,99,362
0,오렌미궁2-1,29,0,오렌미궁2-2,29,73,99,99,362
0,오렌미궁2-1,30,0,오렌미궁2-2,30,73,99,99,362
0,오렌미궁2-1,31,0,오렌미궁2-2,31,73,99,99,362
0,오렌미궁2-1,32,0,오렌미궁2-2,32,73,99,99,362
0,오렌미궁2-1,33,0,오렌미궁2-2,33,73,99,99,362
0,오렌미궁2-1,34,0,오렌미궁2-2,34,73,99,99,362
0,오렌미궁2-1,35,0,오렌미궁2-2,35,73,99,99,362
0,오렌미궁2-1,36,0,오렌미궁2-2,36,73,99,99,362
0,오렌미궁2-1,37,0,오렌미궁2-2,37,73,99,99,362
0,오렌미궁2-1,38,0,오렌미궁2-2,38,73,99,99,362
0,오렌미궁2-1,39,0,오렌미궁2-2,39,73,99,99,362
0,오렌미궁2-1,40,0,오렌미궁2-2,40,73,99,99,362
0,오렌미궁2-1,41,0,오렌미궁2-2,41,73,99,99,362
0,오렌미궁2-1,42,0,오렌미궁2-2,42,73,99,99,362
0,오렌미궁2-1,43,0,오렌미궁2-2,43,73,99,99,362
0,오렌미궁2-1,44,0,오렌미궁2-2,44,73,99,99,362
0,오렌미궁2-1,45,0,오렌미궁2-2,45,73,99,99,362
0,오렌미궁2-1,46,0,오렌미궁2-2,46,73,99,99,362
0,오렌미궁2-1,47,0,오렌미궁2-2,47,73,99,99,362
0,오렌미궁2-1,48,0,오렌미궁2-2,48,73,99,99,362
0,오렌미궁2-1,49,0,오렌미궁2-2,49,73,99,99,362
0,오렌미궁2-1,50,0,오렌미궁2-2,50,73,99,99,362
0,오렌미궁2-1,51,0,오렌미궁2-2,51,73,99,99,362
0,오렌미궁2-1,52,0,오렌미궁2-2,52,73,99,99,362
0,오렌미궁2-1,53,0,오렌미궁2-2,53,73,99,99,362
0,오렌미궁2-1,54,0,오렌미궁2-2,54,73,99,99,362
0,오렌미궁2-1,55,0,오렌미궁2-2,55,73,99,99,362
0,오렌미궁2-1,56,0,오렌미궁2-2,56,73,99,99,362
0,오렌미궁2-1,57,0,오렌미궁2-2,57,73,99,99,362
0,오렌미궁2-1,58,0,오렌미궁2-2,58,73,99,99,362
0,오렌미궁2-1,59,0,오렌미궁2-2,59,73,99,99,362
0,오렌미궁2-1,60,0,오렌미궁2-2,60,73,99,99,362
0,오렌미궁2-1,61,0,오렌미궁2-2,61,73,99,99,362
0,오렌미궁2-1,62,0,오렌미궁2-2,62,73,99,99,362
0,오렌미궁2-1,63,0,오렌미궁2-2,63,73,99,99,362
0,오렌미궁2-1,64,0,오렌미궁2-2,64,73,99,99,362
0,오렌미궁2-1,65,0,오렌미궁2-2,65,73,99,99,362
0,오렌미궁2-1,66,0,오렌미궁2-2,66,73,99,99,362
0,오렌미궁2-1,67,0,오렌미궁2-2,67,73,99,99,362
0,오렌미궁2-1,68,0,오렌미궁2-2,68,73,99,99,362
0,오렌미궁2-1,69,0,오렌미궁2-2,69,73,99,99,362
0,오렌미궁2-1,70,0,오렌미궁2-2,70,73,99,99,362
0,오렌미궁2-1,71,0,오렌미궁2-2,71,73,99,99,362
0,오렌미궁2-1,72,0,오렌미궁2-2,72,73,99,99,362
0,오렌미궁2-1,73,0,오렌미궁2-2,73,73,99,99,362
0,오렌미궁2-1,74,0,오렌미궁2-2,74,73,99,99,362

0,오렌미궁2-2,1,74,오렌미궁2-1,1,1,99,99,362
0,오렌미궁2-2,2,74,오렌미궁2-1,2,1,99,99,362
0,오렌미궁2-2,3,74,오렌미궁2-1,3,1,99,99,362
0,오렌미궁2-2,4,74,오렌미궁2-1,4,1,99,99,362
0,오렌미궁2-2,5,74,오렌미궁2-1,5,1,99,99,362
0,오렌미궁2-2,6,74,오렌미궁2-1,6,1,99,99,362
0,오렌미궁2-2,7,74,오렌미궁2-1,7,1,99,99,362
0,오렌미궁2-2,8,74,오렌미궁2-1,8,1,99,99,362
0,오렌미궁2-2,9,74,오렌미궁2-1,9,1,99,99,362
0,오렌미궁2-2,10,74,오렌미궁2-1,10,1,99,99,362
0,오렌미궁2-2,11,74,오렌미궁2-1,11,1,99,99,362
0,오렌미궁2-2,12,74,오렌미궁2-1,12,1,99,99,362
0,오렌미궁2-2,13,74,오렌미궁2-1,13,1,99,99,362
0,오렌미궁2-2,14,74,오렌미궁2-1,14,1,99,99,362
0,오렌미궁2-2,15,74,오렌미궁2-1,15,1,99,99,362
0,오렌미궁2-2,16,74,오렌미궁2-1,16,1,99,99,362
0,오렌미궁2-2,17,74,오렌미궁2-1,17,1,99,99,362
0,오렌미궁2-2,18,74,오렌미궁2-1,18,1,99,99,362
0,오렌미궁2-2,19,74,오렌미궁2-1,19,1,99,99,362
0,오렌미궁2-2,20,74,오렌미궁2-1,20,1,99,99,362
0,오렌미궁2-2,21,74,오렌미궁2-1,21,1,99,99,362
0,오렌미궁2-2,22,74,오렌미궁2-1,22,1,99,99,362
0,오렌미궁2-2,23,74,오렌미궁2-1,23,1,99,99,362
0,오렌미궁2-2,24,74,오렌미궁2-1,24,1,99,99,362
0,오렌미궁2-2,25,74,오렌미궁2-1,25,1,99,99,362
0,오렌미궁2-2,26,74,오렌미궁2-1,26,1,99,99,362
0,오렌미궁2-2,27,74,오렌미궁2-1,27,1,99,99,362
0,오렌미궁2-2,28,74,오렌미궁2-1,28,1,99,99,362
0,오렌미궁2-2,29,74,오렌미궁2-1,29,1,99,99,362
0,오렌미궁2-2,30,74,오렌미궁2-1,30,1,99,99,362
0,오렌미궁2-2,31,74,오렌미궁2-1,31,1,99,99,362
0,오렌미궁2-2,32,74,오렌미궁2-1,32,1,99,99,362
0,오렌미궁2-2,33,74,오렌미궁2-1,33,1,99,99,362
0,오렌미궁2-2,34,74,오렌미궁2-1,34,1,99,99,362
0,오렌미궁2-2,35,74,오렌미궁2-1,35,1,99,99,362
0,오렌미궁2-2,36,74,오렌미궁2-1,36,1,99,99,362
0,오렌미궁2-2,37,74,오렌미궁2-1,37,1,99,99,362
0,오렌미궁2-2,38,74,오렌미궁2-1,38,1,99,99,362
0,오렌미궁2-2,39,74,오렌미궁2-1,39,1,99,99,362
0,오렌미궁2-2,40,74,오렌미궁2-1,40,1,99,99,362
0,오렌미궁2-2,41,74,오렌미궁2-1,41,1,99,99,362
0,오렌미궁2-2,42,74,오렌미궁2-1,42,1,99,99,362
0,오렌미궁2-2,43,74,오렌미궁2-1,43,1,99,99,362
0,오렌미궁2-2,44,74,오렌미궁2-1,44,1,99,99,362
0,오렌미궁2-2,45,74,오렌미궁2-1,45,1,99,99,362
0,오렌미궁2-2,46,74,오렌미궁2-1,46,1,99,99,362
0,오렌미궁2-2,47,74,오렌미궁2-1,47,1,99,99,362
0,오렌미궁2-2,48,74,오렌미궁2-1,48,1,99,99,362
0,오렌미궁2-2,49,74,오렌미궁2-1,49,1,99,99,362
0,오렌미궁2-2,50,74,오렌미궁2-1,50,1,99,99,362
0,오렌미궁2-2,51,74,오렌미궁2-1,51,1,99,99,362
0,오렌미궁2-2,52,74,오렌미궁2-1,52,1,99,99,362
0,오렌미궁2-2,53,74,오렌미궁2-1,53,1,99,99,362
0,오렌미궁2-2,54,74,오렌미궁2-1,54,1,99,99,362
0,오렌미궁2-2,55,74,오렌미궁2-1,55,1,99,99,362
0,오렌미궁2-2,56,74,오렌미궁2-1,56,1,99,99,362
0,오렌미궁2-2,57,74,오렌미궁2-1,57,1,99,99,362
0,오렌미궁2-2,58,74,오렌미궁2-1,58,1,99,99,362
0,오렌미궁2-2,59,74,오렌미궁2-1,59,1,99,99,362
0,오렌미궁2-2,60,74,오렌미궁2-1,60,1,99,99,362
0,오렌미궁2-2,61,74,오렌미궁2-1,61,1,99,99,362
0,오렌미궁2-2,62,74,오렌미궁2-1,62,1,99,99,362
0,오렌미궁2-2,63,74,오렌미궁2-1,63,1,99,99,362
0,오렌미궁2-2,64,74,오렌미궁2-1,64,1,99,99,362
0,오렌미궁2-2,65,74,오렌미궁2-1,65,1,99,99,362
0,오렌미궁2-2,66,74,오렌미궁2-1,66,1,99,99,362
0,오렌미궁2-2,67,74,오렌미궁2-1,67,1,99,99,362
0,오렌미궁2-2,68,74,오렌미궁2-1,68,1,99,99,362
0,오렌미궁2-2,69,74,오렌미궁2-1,69,1,99,99,362
0,오렌미궁2-2,70,74,오렌미궁2-1,70,1,99,99,362
0,오렌미궁2-2,71,74,오렌미궁2-1,71,1,99,99,362
0,오렌미궁2-2,72,74,오렌미궁2-1,72,1,99,99,362
0,오렌미궁2-2,73,74,오렌미궁2-1,73,1,99,99,362
0,오렌미궁2-2,74,74,오렌미궁2-1,74,1,99,99,362

0,오렌미궁2-3,1,0,오렌미궁2-4,1,73,99,99,362
0,오렌미궁2-3,2,0,오렌미궁2-4,2,73,99,99,362
0,오렌미궁2-3,3,0,오렌미궁2-4,3,73,99,99,362
0,오렌미궁2-3,4,0,오렌미궁2-4,4,73,99,99,362
0,오렌미궁2-3,5,0,오렌미궁2-4,5,73,99,99,362
0,오렌미궁2-3,6,0,오렌미궁2-4,6,73,99,99,362
0,오렌미궁2-3,7,0,오렌미궁2-4,7,73,99,99,362
0,오렌미궁2-3,8,0,오렌미궁2-4,8,73,99,99,362
0,오렌미궁2-3,9,0,오렌미궁2-4,9,73,99,99,362
0,오렌미궁2-3,10,0,오렌미궁2-4,10,73,99,99,362
0,오렌미궁2-3,11,0,오렌미궁2-4,11,73,99,99,362
0,오렌미궁2-3,12,0,오렌미궁2-4,12,73,99,99,362
0,오렌미궁2-3,13,0,오렌미궁2-4,13,73,99,99,362
0,오렌미궁2-3,14,0,오렌미궁2-4,14,73,99,99,362
0,오렌미궁2-3,15,0,오렌미궁2-4,15,73,99,99,362
0,오렌미궁2-3,16,0,오렌미궁2-4,16,73,99,99,362
0,오렌미궁2-3,17,0,오렌미궁2-4,17,73,99,99,362
0,오렌미궁2-3,18,0,오렌미궁2-4,18,73,99,99,362
0,오렌미궁2-3,19,0,오렌미궁2-4,19,73,99,99,362
0,오렌미궁2-3,20,0,오렌미궁2-4,20,73,99,99,362
0,오렌미궁2-3,21,0,오렌미궁2-4,21,73,99,99,362
0,오렌미궁2-3,22,0,오렌미궁2-4,22,73,99,99,362
0,오렌미궁2-3,23,0,오렌미궁2-4,23,73,99,99,362
0,오렌미궁2-3,24,0,오렌미궁2-4,24,73,99,99,362
0,오렌미궁2-3,25,0,오렌미궁2-4,25,73,99,99,362
0,오렌미궁2-3,26,0,오렌미궁2-4,26,73,99,99,362
0,오렌미궁2-3,27,0,오렌미궁2-4,27,73,99,99,362
0,오렌미궁2-3,28,0,오렌미궁2-4,28,73,99,99,362
0,오렌미궁2-3,29,0,오렌미궁2-4,29,73,99,99,362
0,오렌미궁2-3,30,0,오렌미궁2-4,30,73,99,99,362
0,오렌미궁2-3,31,0,오렌미궁2-4,31,73,99,99,362
0,오렌미궁2-3,32,0,오렌미궁2-4,32,73,99,99,362
0,오렌미궁2-3,33,0,오렌미궁2-4,33,73,99,99,362
0,오렌미궁2-3,34,0,오렌미궁2-4,34,73,99,99,362
0,오렌미궁2-3,35,0,오렌미궁2-4,35,73,99,99,362
0,오렌미궁2-3,36,0,오렌미궁2-4,36,73,99,99,362
0,오렌미궁2-3,37,0,오렌미궁2-4,37,73,99,99,362
0,오렌미궁2-3,38,0,오렌미궁2-4,38,73,99,99,362
0,오렌미궁2-3,39,0,오렌미궁2-4,39,73,99,99,362
0,오렌미궁2-3,40,0,오렌미궁2-4,40,73,99,99,362
0,오렌미궁2-3,41,0,오렌미궁2-4,41,73,99,99,362
0,오렌미궁2-3,42,0,오렌미궁2-4,42,73,99,99,362
0,오렌미궁2-3,43,0,오렌미궁2-4,43,73,99,99,362
0,오렌미궁2-3,44,0,오렌미궁2-4,44,73,99,99,362
0,오렌미궁2-3,45,0,오렌미궁2-4,45,73,99,99,362
0,오렌미궁2-3,46,0,오렌미궁2-4,46,73,99,99,362
0,오렌미궁2-3,47,0,오렌미궁2-4,47,73,99,99,362
0,오렌미궁2-3,48,0,오렌미궁2-4,48,73,99,99,362
0,오렌미궁2-3,49,0,오렌미궁2-4,49,73,99,99,362
0,오렌미궁2-3,50,0,오렌미궁2-4,50,73,99,99,362
0,오렌미궁2-3,51,0,오렌미궁2-4,51,73,99,99,362
0,오렌미궁2-3,52,0,오렌미궁2-4,52,73,99,99,362
0,오렌미궁2-3,53,0,오렌미궁2-4,53,73,99,99,362
0,오렌미궁2-3,54,0,오렌미궁2-4,54,73,99,99,362
0,오렌미궁2-3,55,0,오렌미궁2-4,55,73,99,99,362
0,오렌미궁2-3,56,0,오렌미궁2-4,56,73,99,99,362
0,오렌미궁2-3,57,0,오렌미궁2-4,57,73,99,99,362
0,오렌미궁2-3,58,0,오렌미궁2-4,58,73,99,99,362
0,오렌미궁2-3,59,0,오렌미궁2-4,59,73,99,99,362
0,오렌미궁2-3,60,0,오렌미궁2-4,60,73,99,99,362
0,오렌미궁2-3,61,0,오렌미궁2-4,61,73,99,99,362
0,오렌미궁2-3,62,0,오렌미궁2-4,62,73,99,99,362
0,오렌미궁2-3,63,0,오렌미궁2-4,63,73,99,99,362
0,오렌미궁2-3,64,0,오렌미궁2-4,64,73,99,99,362
0,오렌미궁2-3,65,0,오렌미궁2-4,65,73,99,99,362
0,오렌미궁2-3,66,0,오렌미궁2-4,66,73,99,99,362
0,오렌미궁2-3,67,0,오렌미궁2-4,67,73,99,99,362
0,오렌미궁2-3,68,0,오렌미궁2-4,68,73,99,99,362
0,오렌미궁2-3,69,0,오렌미궁2-4,69,73,99,99,362
0,오렌미궁2-3,70,0,오렌미궁2-4,70,73,99,99,362
0,오렌미궁2-3,71,0,오렌미궁2-4,71,73,99,99,362
0,오렌미궁2-3,72,0,오렌미궁2-4,72,73,99,99,362
0,오렌미궁2-3,73,0,오렌미궁2-4,73,73,99,99,362
0,오렌미궁2-3,74,0,오렌미궁2-4,74,73,99,99,362

0,오렌미궁2-4,1,74,오렌미궁2-3,1,1,99,99,362
0,오렌미궁2-4,2,74,오렌미궁2-3,2,1,99,99,362
0,오렌미궁2-4,3,74,오렌미궁2-3,3,1,99,99,362
0,오렌미궁2-4,4,74,오렌미궁2-3,4,1,99,99,362
0,오렌미궁2-4,5,74,오렌미궁2-3,5,1,99,99,362
0,오렌미궁2-4,6,74,오렌미궁2-3,6,1,99,99,362
0,오렌미궁2-4,7,74,오렌미궁2-3,7,1,99,99,362
0,오렌미궁2-4,8,74,오렌미궁2-3,8,1,99,99,362
0,오렌미궁2-4,9,74,오렌미궁2-3,9,1,99,99,362
0,오렌미궁2-4,10,74,오렌미궁2-3,10,1,99,99,362
0,오렌미궁2-4,11,74,오렌미궁2-3,11,1,99,99,362
0,오렌미궁2-4,12,74,오렌미궁2-3,12,1,99,99,362
0,오렌미궁2-4,13,74,오렌미궁2-3,13,1,99,99,362
0,오렌미궁2-4,14,74,오렌미궁2-3,14,1,99,99,362
0,오렌미궁2-4,15,74,오렌미궁2-3,15,1,99,99,362
0,오렌미궁2-4,16,74,오렌미궁2-3,16,1,99,99,362
0,오렌미궁2-4,17,74,오렌미궁2-3,17,1,99,99,362
0,오렌미궁2-4,18,74,오렌미궁2-3,18,1,99,99,362
0,오렌미궁2-4,19,74,오렌미궁2-3,19,1,99,99,362
0,오렌미궁2-4,20,74,오렌미궁2-3,20,1,99,99,362
0,오렌미궁2-4,21,74,오렌미궁2-3,21,1,99,99,362
0,오렌미궁2-4,22,74,오렌미궁2-3,22,1,99,99,362
0,오렌미궁2-4,23,74,오렌미궁2-3,23,1,99,99,362
0,오렌미궁2-4,24,74,오렌미궁2-3,24,1,99,99,362
0,오렌미궁2-4,25,74,오렌미궁2-3,25,1,99,99,362
0,오렌미궁2-4,26,74,오렌미궁2-3,26,1,99,99,362
0,오렌미궁2-4,27,74,오렌미궁2-3,27,1,99,99,362
0,오렌미궁2-4,28,74,오렌미궁2-3,28,1,99,99,362
0,오렌미궁2-4,29,74,오렌미궁2-3,29,1,99,99,362
0,오렌미궁2-4,30,74,오렌미궁2-3,30,1,99,99,362
0,오렌미궁2-4,31,74,오렌미궁2-3,31,1,99,99,362
0,오렌미궁2-4,32,74,오렌미궁2-3,32,1,99,99,362
0,오렌미궁2-4,33,74,오렌미궁2-3,33,1,99,99,362
0,오렌미궁2-4,34,74,오렌미궁2-3,34,1,99,99,362
0,오렌미궁2-4,35,74,오렌미궁2-3,35,1,99,99,362
0,오렌미궁2-4,36,74,오렌미궁2-3,36,1,99,99,362
0,오렌미궁2-4,37,74,오렌미궁2-3,37,1,99,99,362
0,오렌미궁2-4,38,74,오렌미궁2-3,38,1,99,99,362
0,오렌미궁2-4,39,74,오렌미궁2-3,39,1,99,99,362
0,오렌미궁2-4,40,74,오렌미궁2-3,40,1,99,99,362
0,오렌미궁2-4,41,74,오렌미궁2-3,41,1,99,99,362
0,오렌미궁2-4,42,74,오렌미궁2-3,42,1,99,99,362
0,오렌미궁2-4,43,74,오렌미궁2-3,43,1,99,99,362
0,오렌미궁2-4,44,74,오렌미궁2-3,44,1,99,99,362
0,오렌미궁2-4,45,74,오렌미궁2-3,45,1,99,99,362
0,오렌미궁2-4,46,74,오렌미궁2-3,46,1,99,99,362
0,오렌미궁2-4,47,74,오렌미궁2-3,47,1,99,99,362
0,오렌미궁2-4,48,74,오렌미궁2-3,48,1,99,99,362
0,오렌미궁2-4,49,74,오렌미궁2-3,49,1,99,99,362
0,오렌미궁2-4,50,74,오렌미궁2-3,50,1,99,99,362
0,오렌미궁2-4,51,74,오렌미궁2-3,51,1,99,99,362
0,오렌미궁2-4,52,74,오렌미궁2-3,52,1,99,99,362
0,오렌미궁2-4,53,74,오렌미궁2-3,53,1,99,99,362
0,오렌미궁2-4,54,74,오렌미궁2-3,54,1,99,99,362
0,오렌미궁2-4,55,74,오렌미궁2-3,55,1,99,99,362
0,오렌미궁2-4,56,74,오렌미궁2-3,56,1,99,99,362
0,오렌미궁2-4,57,74,오렌미궁2-3,57,1,99,99,362
0,오렌미궁2-4,58,74,오렌미궁2-3,58,1,99,99,362
0,오렌미궁2-4,59,74,오렌미궁2-3,59,1,99,99,362
0,오렌미궁2-4,60,74,오렌미궁2-3,60,1,99,99,362
0,오렌미궁2-4,61,74,오렌미궁2-3,61,1,99,99,362
0,오렌미궁2-4,62,74,오렌미궁2-3,62,1,99,99,362
0,오렌미궁2-4,63,74,오렌미궁2-3,63,1,99,99,362
0,오렌미궁2-4,64,74,오렌미궁2-3,64,1,99,99,362
0,오렌미궁2-4,65,74,오렌미궁2-3,65,1,99,99,362
0,오렌미궁2-4,66,74,오렌미궁2-3,66,1,99,99,362
0,오렌미궁2-4,67,74,오렌미궁2-3,67,1,99,99,362
0,오렌미궁2-4,68,74,오렌미궁2-3,68,1,99,99,362
0,오렌미궁2-4,69,74,오렌미궁2-3,69,1,99,99,362
0,오렌미궁2-4,70,74,오렌미궁2-3,70,1,99,99,362
0,오렌미궁2-4,71,74,오렌미궁2-3,71,1,99,99,362
0,오렌미궁2-4,72,74,오렌미궁2-3,72,1,99,99,362
0,오렌미궁2-4,73,74,오렌미궁2-3,73,1,99,99,362
0,오렌미궁2-4,74,74,오렌미궁2-3,74,1,99,99,362

0,오렌미궁2-1,74,1,오렌미궁2-3,1,1,99,99,362
0,오렌미궁2-1,74,2,오렌미궁2-3,1,2,99,99,362
0,오렌미궁2-1,74,3,오렌미궁2-3,1,3,99,99,362
0,오렌미궁2-1,74,4,오렌미궁2-3,1,4,99,99,362
0,오렌미궁2-1,74,5,오렌미궁2-3,1,5,99,99,362
0,오렌미궁2-1,74,6,오렌미궁2-3,1,6,99,99,362
0,오렌미궁2-1,74,7,오렌미궁2-3,1,7,99,99,362
0,오렌미궁2-1,74,8,오렌미궁2-3,1,8,99,99,362
0,오렌미궁2-1,74,9,오렌미궁2-3,1,10,99,99,362
0,오렌미궁2-1,74,10,오렌미궁2-3,1,11,99,99,362
0,오렌미궁2-1,74,11,오렌미궁2-3,1,12,99,99,362
0,오렌미궁2-1,74,12,오렌미궁2-3,1,12,99,99,362
0,오렌미궁2-1,74,13,오렌미궁2-3,1,13,99,99,362
0,오렌미궁2-1,74,14,오렌미궁2-3,1,14,99,99,362
0,오렌미궁2-1,74,15,오렌미궁2-3,1,15,99,99,362
0,오렌미궁2-1,74,16,오렌미궁2-3,1,16,99,99,362
0,오렌미궁2-1,74,17,오렌미궁2-3,1,17,99,99,362
0,오렌미궁2-1,74,18,오렌미궁2-3,1,18,99,99,362
0,오렌미궁2-1,74,19,오렌미궁2-3,1,19,99,99,362
0,오렌미궁2-1,74,20,오렌미궁2-3,1,20,99,99,362
0,오렌미궁2-1,74,21,오렌미궁2-3,1,21,99,99,362
0,오렌미궁2-1,74,22,오렌미궁2-3,1,22,99,99,362
0,오렌미궁2-1,74,23,오렌미궁2-3,1,23,99,99,362
0,오렌미궁2-1,74,24,오렌미궁2-3,1,24,99,99,362
0,오렌미궁2-1,74,25,오렌미궁2-3,1,25,99,99,362
0,오렌미궁2-1,74,26,오렌미궁2-3,1,26,99,99,362
0,오렌미궁2-1,74,27,오렌미궁2-3,1,27,99,99,362
0,오렌미궁2-1,74,28,오렌미궁2-3,1,28,99,99,362
0,오렌미궁2-1,74,29,오렌미궁2-3,1,29,99,99,362
0,오렌미궁2-1,74,30,오렌미궁2-3,1,30,99,99,362
0,오렌미궁2-1,74,31,오렌미궁2-3,1,31,99,99,362
0,오렌미궁2-1,74,32,오렌미궁2-3,1,32,99,99,362
0,오렌미궁2-1,74,33,오렌미궁2-3,1,33,99,99,362
0,오렌미궁2-1,74,34,오렌미궁2-3,1,34,99,99,362
0,오렌미궁2-1,74,35,오렌미궁2-3,1,35,99,99,362
0,오렌미궁2-1,74,36,오렌미궁2-3,1,36,99,99,362
0,오렌미궁2-1,74,37,오렌미궁2-3,1,37,99,99,362
0,오렌미궁2-1,74,38,오렌미궁2-3,1,38,99,99,362
0,오렌미궁2-1,74,39,오렌미궁2-3,1,39,99,99,362
0,오렌미궁2-1,74,40,오렌미궁2-3,1,40,99,99,362
0,오렌미궁2-1,74,41,오렌미궁2-3,1,41,99,99,362
0,오렌미궁2-1,74,42,오렌미궁2-3,1,42,99,99,362
0,오렌미궁2-1,74,43,오렌미궁2-3,1,43,99,99,362
0,오렌미궁2-1,74,44,오렌미궁2-3,1,44,99,99,362
0,오렌미궁2-1,74,45,오렌미궁2-3,1,45,99,99,362
0,오렌미궁2-1,74,46,오렌미궁2-3,1,46,99,99,362
0,오렌미궁2-1,74,47,오렌미궁2-3,1,47,99,99,362
0,오렌미궁2-1,74,48,오렌미궁2-3,1,48,99,99,362
0,오렌미궁2-1,74,49,오렌미궁2-3,1,49,99,99,362
0,오렌미궁2-1,74,50,오렌미궁2-3,1,50,99,99,362
0,오렌미궁2-1,74,51,오렌미궁2-3,1,51,99,99,362
0,오렌미궁2-1,74,52,오렌미궁2-3,1,52,99,99,362
0,오렌미궁2-1,74,53,오렌미궁2-3,1,53,99,99,362
0,오렌미궁2-1,74,54,오렌미궁2-3,1,54,99,99,362
0,오렌미궁2-1,74,55,오렌미궁2-3,1,55,99,99,362
0,오렌미궁2-1,74,56,오렌미궁2-3,1,56,99,99,362
0,오렌미궁2-1,74,57,오렌미궁2-3,1,57,99,99,362
0,오렌미궁2-1,74,58,오렌미궁2-3,1,58,99,99,362
0,오렌미궁2-1,74,59,오렌미궁2-3,1,59,99,99,362
0,오렌미궁2-1,74,60,오렌미궁2-3,1,60,99,99,362
0,오렌미궁2-1,74,61,오렌미궁2-3,1,61,99,99,362
0,오렌미궁2-1,74,62,오렌미궁2-3,1,62,99,99,362
0,오렌미궁2-1,74,63,오렌미궁2-3,1,63,99,99,362
0,오렌미궁2-1,74,64,오렌미궁2-3,1,64,99,99,362
0,오렌미궁2-1,74,65,오렌미궁2-3,1,55,99,99,362
0,오렌미궁2-1,74,66,오렌미궁2-3,1,56,99,99,362
0,오렌미궁2-1,74,67,오렌미궁2-3,1,67,99,99,362
0,오렌미궁2-1,74,68,오렌미궁2-3,1,68,99,99,362
0,오렌미궁2-1,74,69,오렌미궁2-3,1,69,99,99,362
0,오렌미궁2-1,74,70,오렌미궁2-3,1,70,99,99,362
0,오렌미궁2-1,74,71,오렌미궁2-3,1,71,99,99,362
0,오렌미궁2-1,74,72,오렌미궁2-3,1,72,99,99,362
0,오렌미궁2-1,74,73,오렌미궁2-3,1,73,99,99,362

0,오렌미궁2-2,74,1,오렌미궁2-4,1,1,99,99,362
0,오렌미궁2-2,74,2,오렌미궁2-4,1,2,99,99,362
0,오렌미궁2-2,74,3,오렌미궁2-4,1,3,99,99,362
0,오렌미궁2-2,74,4,오렌미궁2-4,1,4,99,99,362
0,오렌미궁2-2,74,5,오렌미궁2-4,1,5,99,99,362
0,오렌미궁2-2,74,6,오렌미궁2-4,1,6,99,99,362
0,오렌미궁2-2,74,7,오렌미궁2-4,1,7,99,99,362
0,오렌미궁2-2,74,8,오렌미궁2-4,1,8,99,99,362
0,오렌미궁2-2,74,9,오렌미궁2-4,1,10,99,99,362
0,오렌미궁2-2,74,10,오렌미궁2-4,1,11,99,99,362
0,오렌미궁2-2,74,11,오렌미궁2-4,1,12,99,99,362
0,오렌미궁2-2,74,12,오렌미궁2-4,1,12,99,99,362
0,오렌미궁2-2,74,13,오렌미궁2-4,1,13,99,99,362
0,오렌미궁2-2,74,14,오렌미궁2-4,1,14,99,99,362
0,오렌미궁2-2,74,15,오렌미궁2-4,1,15,99,99,362
0,오렌미궁2-2,74,16,오렌미궁2-4,1,16,99,99,362
0,오렌미궁2-2,74,17,오렌미궁2-4,1,17,99,99,362
0,오렌미궁2-2,74,18,오렌미궁2-4,1,18,99,99,362
0,오렌미궁2-2,74,19,오렌미궁2-4,1,19,99,99,362
0,오렌미궁2-2,74,20,오렌미궁2-4,1,20,99,99,362
0,오렌미궁2-2,74,21,오렌미궁2-4,1,21,99,99,362
0,오렌미궁2-2,74,22,오렌미궁2-4,1,22,99,99,362
0,오렌미궁2-2,74,23,오렌미궁2-4,1,23,99,99,362
0,오렌미궁2-2,74,24,오렌미궁2-4,1,24,99,99,362
0,오렌미궁2-2,74,25,오렌미궁2-4,1,25,99,99,362
0,오렌미궁2-2,74,26,오렌미궁2-4,1,26,99,99,362
0,오렌미궁2-2,74,27,오렌미궁2-4,1,27,99,99,362
0,오렌미궁2-2,74,28,오렌미궁2-4,1,28,99,99,362
0,오렌미궁2-2,74,29,오렌미궁2-4,1,29,99,99,362
0,오렌미궁2-2,74,30,오렌미궁2-4,1,30,99,99,362
0,오렌미궁2-2,74,31,오렌미궁2-4,1,31,99,99,362
0,오렌미궁2-2,74,32,오렌미궁2-4,1,32,99,99,362
0,오렌미궁2-2,74,33,오렌미궁2-4,1,33,99,99,362
0,오렌미궁2-2,74,34,오렌미궁2-4,1,34,99,99,362
0,오렌미궁2-2,74,35,오렌미궁2-4,1,35,99,99,362
0,오렌미궁2-2,74,36,오렌미궁2-4,1,36,99,99,362
0,오렌미궁2-2,74,37,오렌미궁2-4,1,37,99,99,362
0,오렌미궁2-2,74,38,오렌미궁2-4,1,38,99,99,362
0,오렌미궁2-2,74,39,오렌미궁2-4,1,39,99,99,362
0,오렌미궁2-2,74,40,오렌미궁2-4,1,40,99,99,362
0,오렌미궁2-2,74,41,오렌미궁2-4,1,41,99,99,362
0,오렌미궁2-2,74,42,오렌미궁2-4,1,42,99,99,362
0,오렌미궁2-2,74,43,오렌미궁2-4,1,43,99,99,362
0,오렌미궁2-2,74,44,오렌미궁2-4,1,44,99,99,362
0,오렌미궁2-2,74,45,오렌미궁2-4,1,45,99,99,362
0,오렌미궁2-2,74,46,오렌미궁2-4,1,46,99,99,362
0,오렌미궁2-2,74,47,오렌미궁2-4,1,47,99,99,362
0,오렌미궁2-2,74,48,오렌미궁2-4,1,48,99,99,362
0,오렌미궁2-2,74,49,오렌미궁2-4,1,49,99,99,362
0,오렌미궁2-2,74,50,오렌미궁2-4,1,50,99,99,362
0,오렌미궁2-2,74,51,오렌미궁2-4,1,51,99,99,362
0,오렌미궁2-2,74,52,오렌미궁2-4,1,52,99,99,362
0,오렌미궁2-2,74,53,오렌미궁2-4,1,53,99,99,362
0,오렌미궁2-2,74,54,오렌미궁2-4,1,54,99,99,362
0,오렌미궁2-2,74,55,오렌미궁2-4,1,55,99,99,362
0,오렌미궁2-2,74,56,오렌미궁2-4,1,56,99,99,362
0,오렌미궁2-2,74,57,오렌미궁2-4,1,57,99,99,362
0,오렌미궁2-2,74,58,오렌미궁2-4,1,58,99,99,362
0,오렌미궁2-2,74,59,오렌미궁2-4,1,59,99,99,362
0,오렌미궁2-2,74,60,오렌미궁2-4,1,60,99,99,362
0,오렌미궁2-2,74,61,오렌미궁2-4,1,61,99,99,362
0,오렌미궁2-2,74,62,오렌미궁2-4,1,62,99,99,362
0,오렌미궁2-2,74,63,오렌미궁2-4,1,63,99,99,362
0,오렌미궁2-2,74,64,오렌미궁2-4,1,64,99,99,362
0,오렌미궁2-2,74,65,오렌미궁2-4,1,55,99,99,362
0,오렌미궁2-2,74,66,오렌미궁2-4,1,56,99,99,362
0,오렌미궁2-2,74,67,오렌미궁2-4,1,67,99,99,362
0,오렌미궁2-2,74,68,오렌미궁2-4,1,68,99,99,362
0,오렌미궁2-2,74,69,오렌미궁2-4,1,69,99,99,362
0,오렌미궁2-2,74,70,오렌미궁2-4,1,70,99,99,362
0,오렌미궁2-2,74,71,오렌미궁2-4,1,71,99,99,362
0,오렌미궁2-2,74,72,오렌미궁2-4,1,72,99,99,362
0,오렌미궁2-2,74,73,오렌미궁2-4,1,73,99,99,362

0,오렌미궁2-4,0,1,오렌미궁2-2,73,1,99,99,362
0,오렌미궁2-4,0,2,오렌미궁2-2,73,2,99,99,362
0,오렌미궁2-4,0,3,오렌미궁2-2,73,3,99,99,362
0,오렌미궁2-4,0,4,오렌미궁2-2,73,4,99,99,362
0,오렌미궁2-4,0,5,오렌미궁2-2,73,5,99,99,362
0,오렌미궁2-4,0,6,오렌미궁2-2,73,6,99,99,362
0,오렌미궁2-4,0,7,오렌미궁2-2,73,7,99,99,362
0,오렌미궁2-4,0,8,오렌미궁2-2,73,8,99,99,362
0,오렌미궁2-4,0,9,오렌미궁2-2,73,10,99,99,362
0,오렌미궁2-4,0,10,오렌미궁2-2,73,11,99,99,362
0,오렌미궁2-4,0,11,오렌미궁2-2,73,12,99,99,362
0,오렌미궁2-4,0,12,오렌미궁2-2,73,12,99,99,362
0,오렌미궁2-4,0,13,오렌미궁2-2,73,13,99,99,362
0,오렌미궁2-4,0,14,오렌미궁2-2,73,14,99,99,362
0,오렌미궁2-4,0,15,오렌미궁2-2,73,15,99,99,362
0,오렌미궁2-4,0,16,오렌미궁2-2,73,16,99,99,362
0,오렌미궁2-4,0,17,오렌미궁2-2,73,17,99,99,362
0,오렌미궁2-4,0,18,오렌미궁2-2,73,18,99,99,362
0,오렌미궁2-4,0,19,오렌미궁2-2,73,19,99,99,362
0,오렌미궁2-4,0,20,오렌미궁2-2,73,20,99,99,362
0,오렌미궁2-4,0,21,오렌미궁2-2,73,21,99,99,362
0,오렌미궁2-4,0,22,오렌미궁2-2,73,22,99,99,362
0,오렌미궁2-4,0,23,오렌미궁2-2,73,23,99,99,362
0,오렌미궁2-4,0,24,오렌미궁2-2,73,24,99,99,362
0,오렌미궁2-4,0,25,오렌미궁2-2,73,25,99,99,362
0,오렌미궁2-4,0,26,오렌미궁2-2,73,26,99,99,362
0,오렌미궁2-4,0,27,오렌미궁2-2,73,27,99,99,362
0,오렌미궁2-4,0,28,오렌미궁2-2,73,28,99,99,362
0,오렌미궁2-4,0,29,오렌미궁2-2,73,29,99,99,362
0,오렌미궁2-4,0,30,오렌미궁2-2,73,30,99,99,362
0,오렌미궁2-4,0,31,오렌미궁2-2,73,31,99,99,362
0,오렌미궁2-4,0,32,오렌미궁2-2,73,32,99,99,362
0,오렌미궁2-4,0,33,오렌미궁2-2,73,33,99,99,362
0,오렌미궁2-4,0,34,오렌미궁2-2,73,34,99,99,362
0,오렌미궁2-4,0,35,오렌미궁2-2,73,35,99,99,362
0,오렌미궁2-4,0,36,오렌미궁2-2,73,36,99,99,362
0,오렌미궁2-4,0,37,오렌미궁2-2,73,37,99,99,362
0,오렌미궁2-4,0,38,오렌미궁2-2,73,38,99,99,362
0,오렌미궁2-4,0,39,오렌미궁2-2,73,39,99,99,362
0,오렌미궁2-4,0,40,오렌미궁2-2,73,40,99,99,362
0,오렌미궁2-4,0,41,오렌미궁2-2,73,41,99,99,362
0,오렌미궁2-4,0,42,오렌미궁2-2,73,42,99,99,362
0,오렌미궁2-4,0,43,오렌미궁2-2,73,43,99,99,362
0,오렌미궁2-4,0,44,오렌미궁2-2,73,44,99,99,362
0,오렌미궁2-4,0,45,오렌미궁2-2,73,45,99,99,362
0,오렌미궁2-4,0,46,오렌미궁2-2,73,46,99,99,362
0,오렌미궁2-4,0,47,오렌미궁2-2,73,47,99,99,362
0,오렌미궁2-4,0,48,오렌미궁2-2,73,48,99,99,362
0,오렌미궁2-4,0,49,오렌미궁2-2,73,49,99,99,362
0,오렌미궁2-4,0,50,오렌미궁2-2,73,50,99,99,362
0,오렌미궁2-4,0,51,오렌미궁2-2,73,51,99,99,362
0,오렌미궁2-4,0,52,오렌미궁2-2,73,52,99,99,362
0,오렌미궁2-4,0,53,오렌미궁2-2,73,53,99,99,362
0,오렌미궁2-4,0,54,오렌미궁2-2,73,54,99,99,362
0,오렌미궁2-4,0,55,오렌미궁2-2,73,55,99,99,362
0,오렌미궁2-4,0,56,오렌미궁2-2,73,56,99,99,362
0,오렌미궁2-4,0,57,오렌미궁2-2,73,57,99,99,362
0,오렌미궁2-4,0,58,오렌미궁2-2,73,58,99,99,362
0,오렌미궁2-4,0,59,오렌미궁2-2,73,59,99,99,362
0,오렌미궁2-4,0,60,오렌미궁2-2,73,60,99,99,362
0,오렌미궁2-4,0,61,오렌미궁2-2,73,61,99,99,362
0,오렌미궁2-4,0,62,오렌미궁2-2,73,62,99,99,362
0,오렌미궁2-4,0,63,오렌미궁2-2,73,63,99,99,362
0,오렌미궁2-4,0,64,오렌미궁2-2,73,64,99,99,362
0,오렌미궁2-4,0,65,오렌미궁2-2,73,55,99,99,362
0,오렌미궁2-4,0,66,오렌미궁2-2,73,56,99,99,362
0,오렌미궁2-4,0,67,오렌미궁2-2,73,67,99,99,362
0,오렌미궁2-4,0,68,오렌미궁2-2,73,68,99,99,362
0,오렌미궁2-4,0,69,오렌미궁2-2,73,69,99,99,362
0,오렌미궁2-4,0,70,오렌미궁2-2,73,70,99,99,362
0,오렌미궁2-4,0,71,오렌미궁2-2,73,71,99,99,362
0,오렌미궁2-4,0,72,오렌미궁2-2,73,72,99,99,362
0,오렌미궁2-4,0,73,오렌미궁2-2,73,73,99,99,362

0,오렌미궁2-3,0,1,오렌미궁2-1,73,1,99,99,362
0,오렌미궁2-3,0,2,오렌미궁2-1,73,2,99,99,362
0,오렌미궁2-3,0,3,오렌미궁2-1,73,3,99,99,362
0,오렌미궁2-3,0,4,오렌미궁2-1,73,4,99,99,362
0,오렌미궁2-3,0,5,오렌미궁2-1,73,5,99,99,362
0,오렌미궁2-3,0,6,오렌미궁2-1,73,6,99,99,362
0,오렌미궁2-3,0,7,오렌미궁2-1,73,7,99,99,362
0,오렌미궁2-3,0,8,오렌미궁2-1,73,8,99,99,362
0,오렌미궁2-3,0,9,오렌미궁2-1,73,10,99,99,362
0,오렌미궁2-3,0,10,오렌미궁2-1,73,11,99,99,362
0,오렌미궁2-3,0,11,오렌미궁2-1,73,12,99,99,362
0,오렌미궁2-3,0,12,오렌미궁2-1,73,12,99,99,362
0,오렌미궁2-3,0,13,오렌미궁2-1,73,13,99,99,362
0,오렌미궁2-3,0,14,오렌미궁2-1,73,14,99,99,362
0,오렌미궁2-3,0,15,오렌미궁2-1,73,15,99,99,362
0,오렌미궁2-3,0,16,오렌미궁2-1,73,16,99,99,362
0,오렌미궁2-3,0,17,오렌미궁2-1,73,17,99,99,362
0,오렌미궁2-3,0,18,오렌미궁2-1,73,18,99,99,362
0,오렌미궁2-3,0,19,오렌미궁2-1,73,19,99,99,362
0,오렌미궁2-3,0,20,오렌미궁2-1,73,20,99,99,362
0,오렌미궁2-3,0,21,오렌미궁2-1,73,21,99,99,362
0,오렌미궁2-3,0,22,오렌미궁2-1,73,22,99,99,362
0,오렌미궁2-3,0,23,오렌미궁2-1,73,23,99,99,362
0,오렌미궁2-3,0,24,오렌미궁2-1,73,24,99,99,362
0,오렌미궁2-3,0,25,오렌미궁2-1,73,25,99,99,362
0,오렌미궁2-3,0,26,오렌미궁2-1,73,26,99,99,362
0,오렌미궁2-3,0,27,오렌미궁2-1,73,27,99,99,362
0,오렌미궁2-3,0,28,오렌미궁2-1,73,28,99,99,362
0,오렌미궁2-3,0,29,오렌미궁2-1,73,29,99,99,362
0,오렌미궁2-3,0,30,오렌미궁2-1,73,30,99,99,362
0,오렌미궁2-3,0,31,오렌미궁2-1,73,31,99,99,362
0,오렌미궁2-3,0,32,오렌미궁2-1,73,32,99,99,362
0,오렌미궁2-3,0,33,오렌미궁2-1,73,33,99,99,362
0,오렌미궁2-3,0,34,오렌미궁2-1,73,34,99,99,362
0,오렌미궁2-3,0,35,오렌미궁2-1,73,35,99,99,362
0,오렌미궁2-3,0,36,오렌미궁2-1,73,36,99,99,362
0,오렌미궁2-3,0,37,오렌미궁2-1,73,37,99,99,362
0,오렌미궁2-3,0,38,오렌미궁2-1,73,38,99,99,362
0,오렌미궁2-3,0,39,오렌미궁2-1,73,39,99,99,362
0,오렌미궁2-3,0,40,오렌미궁2-1,73,40,99,99,362
0,오렌미궁2-3,0,41,오렌미궁2-1,73,41,99,99,362
0,오렌미궁2-3,0,42,오렌미궁2-1,73,42,99,99,362
0,오렌미궁2-3,0,43,오렌미궁2-1,73,43,99,99,362
0,오렌미궁2-3,0,44,오렌미궁2-1,73,44,99,99,362
0,오렌미궁2-3,0,45,오렌미궁2-1,73,45,99,99,362
0,오렌미궁2-3,0,46,오렌미궁2-1,73,46,99,99,362
0,오렌미궁2-3,0,47,오렌미궁2-1,73,47,99,99,362
0,오렌미궁2-3,0,48,오렌미궁2-1,73,48,99,99,362
0,오렌미궁2-3,0,49,오렌미궁2-1,73,49,99,99,362
0,오렌미궁2-3,0,50,오렌미궁2-1,73,50,99,99,362
0,오렌미궁2-3,0,51,오렌미궁2-1,73,51,99,99,362
0,오렌미궁2-3,0,52,오렌미궁2-1,73,52,99,99,362
0,오렌미궁2-3,0,53,오렌미궁2-1,73,53,99,99,362
0,오렌미궁2-3,0,54,오렌미궁2-1,73,54,99,99,362
0,오렌미궁2-3,0,55,오렌미궁2-1,73,55,99,99,362
0,오렌미궁2-3,0,56,오렌미궁2-1,73,56,99,99,362
0,오렌미궁2-3,0,57,오렌미궁2-1,73,57,99,99,362
0,오렌미궁2-3,0,58,오렌미궁2-1,73,58,99,99,362
0,오렌미궁2-3,0,59,오렌미궁2-1,73,59,99,99,362
0,오렌미궁2-3,0,60,오렌미궁2-1,73,60,99,99,362
0,오렌미궁2-3,0,61,오렌미궁2-1,73,61,99,99,362
0,오렌미궁2-3,0,62,오렌미궁2-1,73,62,99,99,362
0,오렌미궁2-3,0,63,오렌미궁2-1,73,63,99,99,362
0,오렌미궁2-3,0,64,오렌미궁2-1,73,64,99,99,362
0,오렌미궁2-3,0,65,오렌미궁2-1,73,55,99,99,362
0,오렌미궁2-3,0,66,오렌미궁2-1,73,56,99,99,362
0,오렌미궁2-3,0,67,오렌미궁2-1,73,67,99,99,362
0,오렌미궁2-3,0,68,오렌미궁2-1,73,68,99,99,362
0,오렌미궁2-3,0,69,오렌미궁2-1,73,69,99,99,362
0,오렌미궁2-3,0,70,오렌미궁2-1,73,70,99,99,362
0,오렌미궁2-3,0,71,오렌미궁2-1,73,71,99,99,362
0,오렌미궁2-3,0,72,오렌미궁2-1,73,72,99,99,362
0,오렌미궁2-3,0,73,오렌미궁2-1,73,73,99,99,362

0,오렌미궁2-2,4,4,오렌미궁3-2,2,4,99,99,362
0,오렌미궁3-2,3,4,오렌미궁2-2,5,4,99,99,362

0,오렌미궁3-1,1,0,오렌미궁3-2,1,73,99,99,362
0,오렌미궁3-1,2,0,오렌미궁3-2,2,73,99,99,362
0,오렌미궁3-1,3,0,오렌미궁3-2,3,73,99,99,362
0,오렌미궁3-1,4,0,오렌미궁3-2,4,73,99,99,362
0,오렌미궁3-1,5,0,오렌미궁3-2,5,73,99,99,362
0,오렌미궁3-1,6,0,오렌미궁3-2,6,73,99,99,362
0,오렌미궁3-1,7,0,오렌미궁3-2,7,73,99,99,362
0,오렌미궁3-1,8,0,오렌미궁3-2,8,73,99,99,362
0,오렌미궁3-1,9,0,오렌미궁3-2,9,73,99,99,362
0,오렌미궁3-1,10,0,오렌미궁3-2,10,73,99,99,362
0,오렌미궁3-1,11,0,오렌미궁3-2,11,73,99,99,362
0,오렌미궁3-1,12,0,오렌미궁3-2,12,73,99,99,362
0,오렌미궁3-1,13,0,오렌미궁3-2,13,73,99,99,362
0,오렌미궁3-1,14,0,오렌미궁3-2,14,73,99,99,362
0,오렌미궁3-1,15,0,오렌미궁3-2,15,73,99,99,362
0,오렌미궁3-1,16,0,오렌미궁3-2,16,73,99,99,362
0,오렌미궁3-1,17,0,오렌미궁3-2,17,73,99,99,362
0,오렌미궁3-1,18,0,오렌미궁3-2,18,73,99,99,362
0,오렌미궁3-1,19,0,오렌미궁3-2,19,73,99,99,362
0,오렌미궁3-1,20,0,오렌미궁3-2,20,73,99,99,362
0,오렌미궁3-1,21,0,오렌미궁3-2,21,73,99,99,362
0,오렌미궁3-1,22,0,오렌미궁3-2,22,73,99,99,362
0,오렌미궁3-1,23,0,오렌미궁3-2,23,73,99,99,362
0,오렌미궁3-1,24,0,오렌미궁3-2,24,73,99,99,362
0,오렌미궁3-1,25,0,오렌미궁3-2,25,73,99,99,362
0,오렌미궁3-1,26,0,오렌미궁3-2,26,73,99,99,362
0,오렌미궁3-1,27,0,오렌미궁3-2,27,73,99,99,362
0,오렌미궁3-1,28,0,오렌미궁3-2,28,73,99,99,362
0,오렌미궁3-1,29,0,오렌미궁3-2,29,73,99,99,362
0,오렌미궁3-1,30,0,오렌미궁3-2,30,73,99,99,362
0,오렌미궁3-1,31,0,오렌미궁3-2,31,73,99,99,362
0,오렌미궁3-1,32,0,오렌미궁3-2,32,73,99,99,362
0,오렌미궁3-1,33,0,오렌미궁3-2,33,73,99,99,362
0,오렌미궁3-1,34,0,오렌미궁3-2,34,73,99,99,362
0,오렌미궁3-1,35,0,오렌미궁3-2,35,73,99,99,362
0,오렌미궁3-1,36,0,오렌미궁3-2,36,73,99,99,362
0,오렌미궁3-1,37,0,오렌미궁3-2,37,73,99,99,362
0,오렌미궁3-1,38,0,오렌미궁3-2,38,73,99,99,362
0,오렌미궁3-1,39,0,오렌미궁3-2,39,73,99,99,362
0,오렌미궁3-1,40,0,오렌미궁3-2,40,73,99,99,362
0,오렌미궁3-1,41,0,오렌미궁3-2,41,73,99,99,362
0,오렌미궁3-1,42,0,오렌미궁3-2,42,73,99,99,362
0,오렌미궁3-1,43,0,오렌미궁3-2,43,73,99,99,362
0,오렌미궁3-1,44,0,오렌미궁3-2,44,73,99,99,362
0,오렌미궁3-1,45,0,오렌미궁3-2,45,73,99,99,362
0,오렌미궁3-1,46,0,오렌미궁3-2,46,73,99,99,362
0,오렌미궁3-1,47,0,오렌미궁3-2,47,73,99,99,362
0,오렌미궁3-1,48,0,오렌미궁3-2,48,73,99,99,362
0,오렌미궁3-1,49,0,오렌미궁3-2,49,73,99,99,362
0,오렌미궁3-1,50,0,오렌미궁3-2,50,73,99,99,362
0,오렌미궁3-1,51,0,오렌미궁3-2,51,73,99,99,362
0,오렌미궁3-1,52,0,오렌미궁3-2,52,73,99,99,362
0,오렌미궁3-1,53,0,오렌미궁3-2,53,73,99,99,362
0,오렌미궁3-1,54,0,오렌미궁3-2,54,73,99,99,362
0,오렌미궁3-1,55,0,오렌미궁3-2,55,73,99,99,362
0,오렌미궁3-1,56,0,오렌미궁3-2,56,73,99,99,362
0,오렌미궁3-1,57,0,오렌미궁3-2,57,73,99,99,362
0,오렌미궁3-1,58,0,오렌미궁3-2,58,73,99,99,362
0,오렌미궁3-1,59,0,오렌미궁3-2,59,73,99,99,362
0,오렌미궁3-1,60,0,오렌미궁3-2,60,73,99,99,362
0,오렌미궁3-1,61,0,오렌미궁3-2,61,73,99,99,362
0,오렌미궁3-1,62,0,오렌미궁3-2,62,73,99,99,362
0,오렌미궁3-1,63,0,오렌미궁3-2,63,73,99,99,362
0,오렌미궁3-1,64,0,오렌미궁3-2,64,73,99,99,362
0,오렌미궁3-1,65,0,오렌미궁3-2,65,73,99,99,362
0,오렌미궁3-1,66,0,오렌미궁3-2,66,73,99,99,362
0,오렌미궁3-1,67,0,오렌미궁3-2,67,73,99,99,362
0,오렌미궁3-1,68,0,오렌미궁3-2,68,73,99,99,362
0,오렌미궁3-1,69,0,오렌미궁3-2,69,73,99,99,362
0,오렌미궁3-1,70,0,오렌미궁3-2,70,73,99,99,362
0,오렌미궁3-1,71,0,오렌미궁3-2,71,73,99,99,362
0,오렌미궁3-1,72,0,오렌미궁3-2,72,73,99,99,362
0,오렌미궁3-1,73,0,오렌미궁3-2,73,73,99,99,362
0,오렌미궁3-1,74,0,오렌미궁3-2,74,73,99,99,362

0,오렌미궁3-2,1,74,오렌미궁3-1,1,1,99,99,362
0,오렌미궁3-2,2,74,오렌미궁3-1,2,1,99,99,362
0,오렌미궁3-2,3,74,오렌미궁3-1,3,1,99,99,362
0,오렌미궁3-2,4,74,오렌미궁3-1,4,1,99,99,362
0,오렌미궁3-2,5,74,오렌미궁3-1,5,1,99,99,362
0,오렌미궁3-2,6,74,오렌미궁3-1,6,1,99,99,362
0,오렌미궁3-2,7,74,오렌미궁3-1,7,1,99,99,362
0,오렌미궁3-2,8,74,오렌미궁3-1,8,1,99,99,362
0,오렌미궁3-2,9,74,오렌미궁3-1,9,1,99,99,362
0,오렌미궁3-2,10,74,오렌미궁3-1,10,1,99,99,362
0,오렌미궁3-2,11,74,오렌미궁3-1,11,1,99,99,362
0,오렌미궁3-2,12,74,오렌미궁3-1,12,1,99,99,362
0,오렌미궁3-2,13,74,오렌미궁3-1,13,1,99,99,362
0,오렌미궁3-2,14,74,오렌미궁3-1,14,1,99,99,362
0,오렌미궁3-2,15,74,오렌미궁3-1,15,1,99,99,362
0,오렌미궁3-2,16,74,오렌미궁3-1,16,1,99,99,362
0,오렌미궁3-2,17,74,오렌미궁3-1,17,1,99,99,362
0,오렌미궁3-2,18,74,오렌미궁3-1,18,1,99,99,362
0,오렌미궁3-2,19,74,오렌미궁3-1,19,1,99,99,362
0,오렌미궁3-2,20,74,오렌미궁3-1,20,1,99,99,362
0,오렌미궁3-2,21,74,오렌미궁3-1,21,1,99,99,362
0,오렌미궁3-2,22,74,오렌미궁3-1,22,1,99,99,362
0,오렌미궁3-2,23,74,오렌미궁3-1,23,1,99,99,362
0,오렌미궁3-2,24,74,오렌미궁3-1,24,1,99,99,362
0,오렌미궁3-2,25,74,오렌미궁3-1,25,1,99,99,362
0,오렌미궁3-2,26,74,오렌미궁3-1,26,1,99,99,362
0,오렌미궁3-2,27,74,오렌미궁3-1,27,1,99,99,362
0,오렌미궁3-2,28,74,오렌미궁3-1,28,1,99,99,362
0,오렌미궁3-2,29,74,오렌미궁3-1,29,1,99,99,362
0,오렌미궁3-2,30,74,오렌미궁3-1,30,1,99,99,362
0,오렌미궁3-2,31,74,오렌미궁3-1,31,1,99,99,362
0,오렌미궁3-2,32,74,오렌미궁3-1,32,1,99,99,362
0,오렌미궁3-2,33,74,오렌미궁3-1,33,1,99,99,362
0,오렌미궁3-2,34,74,오렌미궁3-1,34,1,99,99,362
0,오렌미궁3-2,35,74,오렌미궁3-1,35,1,99,99,362
0,오렌미궁3-2,36,74,오렌미궁3-1,36,1,99,99,362
0,오렌미궁3-2,37,74,오렌미궁3-1,37,1,99,99,362
0,오렌미궁3-2,38,74,오렌미궁3-1,38,1,99,99,362
0,오렌미궁3-2,39,74,오렌미궁3-1,39,1,99,99,362
0,오렌미궁3-2,40,74,오렌미궁3-1,40,1,99,99,362
0,오렌미궁3-2,41,74,오렌미궁3-1,41,1,99,99,362
0,오렌미궁3-2,42,74,오렌미궁3-1,42,1,99,99,362
0,오렌미궁3-2,43,74,오렌미궁3-1,43,1,99,99,362
0,오렌미궁3-2,44,74,오렌미궁3-1,44,1,99,99,362
0,오렌미궁3-2,45,74,오렌미궁3-1,45,1,99,99,362
0,오렌미궁3-2,46,74,오렌미궁3-1,46,1,99,99,362
0,오렌미궁3-2,47,74,오렌미궁3-1,47,1,99,99,362
0,오렌미궁3-2,48,74,오렌미궁3-1,48,1,99,99,362
0,오렌미궁3-2,49,74,오렌미궁3-1,49,1,99,99,362
0,오렌미궁3-2,50,74,오렌미궁3-1,50,1,99,99,362
0,오렌미궁3-2,51,74,오렌미궁3-1,51,1,99,99,362
0,오렌미궁3-2,52,74,오렌미궁3-1,52,1,99,99,362
0,오렌미궁3-2,53,74,오렌미궁3-1,53,1,99,99,362
0,오렌미궁3-2,54,74,오렌미궁3-1,54,1,99,99,362
0,오렌미궁3-2,55,74,오렌미궁3-1,55,1,99,99,362
0,오렌미궁3-2,56,74,오렌미궁3-1,56,1,99,99,362
0,오렌미궁3-2,57,74,오렌미궁3-1,57,1,99,99,362
0,오렌미궁3-2,58,74,오렌미궁3-1,58,1,99,99,362
0,오렌미궁3-2,59,74,오렌미궁3-1,59,1,99,99,362
0,오렌미궁3-2,60,74,오렌미궁3-1,60,1,99,99,362
0,오렌미궁3-2,61,74,오렌미궁3-1,61,1,99,99,362
0,오렌미궁3-2,62,74,오렌미궁3-1,62,1,99,99,362
0,오렌미궁3-2,63,74,오렌미궁3-1,63,1,99,99,362
0,오렌미궁3-2,64,74,오렌미궁3-1,64,1,99,99,362
0,오렌미궁3-2,65,74,오렌미궁3-1,65,1,99,99,362
0,오렌미궁3-2,66,74,오렌미궁3-1,66,1,99,99,362
0,오렌미궁3-2,67,74,오렌미궁3-1,67,1,99,99,362
0,오렌미궁3-2,68,74,오렌미궁3-1,68,1,99,99,362
0,오렌미궁3-2,69,74,오렌미궁3-1,69,1,99,99,362
0,오렌미궁3-2,70,74,오렌미궁3-1,70,1,99,99,362
0,오렌미궁3-2,71,74,오렌미궁3-1,71,1,99,99,362
0,오렌미궁3-2,72,74,오렌미궁3-1,72,1,99,99,362
0,오렌미궁3-2,73,74,오렌미궁3-1,73,1,99,99,362
0,오렌미궁3-2,74,74,오렌미궁3-1,74,1,99,99,362

0,오렌미궁3-3,1,0,오렌미궁3-4,1,73,99,99,362
0,오렌미궁3-3,2,0,오렌미궁3-4,2,73,99,99,362
0,오렌미궁3-3,3,0,오렌미궁3-4,3,73,99,99,362
0,오렌미궁3-3,4,0,오렌미궁3-4,4,73,99,99,362
0,오렌미궁3-3,5,0,오렌미궁3-4,5,73,99,99,362
0,오렌미궁3-3,6,0,오렌미궁3-4,6,73,99,99,362
0,오렌미궁3-3,7,0,오렌미궁3-4,7,73,99,99,362
0,오렌미궁3-3,8,0,오렌미궁3-4,8,73,99,99,362
0,오렌미궁3-3,9,0,오렌미궁3-4,9,73,99,99,362
0,오렌미궁3-3,10,0,오렌미궁3-4,10,73,99,99,362
0,오렌미궁3-3,11,0,오렌미궁3-4,11,73,99,99,362
0,오렌미궁3-3,12,0,오렌미궁3-4,12,73,99,99,362
0,오렌미궁3-3,13,0,오렌미궁3-4,13,73,99,99,362
0,오렌미궁3-3,14,0,오렌미궁3-4,14,73,99,99,362
0,오렌미궁3-3,15,0,오렌미궁3-4,15,73,99,99,362
0,오렌미궁3-3,16,0,오렌미궁3-4,16,73,99,99,362
0,오렌미궁3-3,17,0,오렌미궁3-4,17,73,99,99,362
0,오렌미궁3-3,18,0,오렌미궁3-4,18,73,99,99,362
0,오렌미궁3-3,19,0,오렌미궁3-4,19,73,99,99,362
0,오렌미궁3-3,20,0,오렌미궁3-4,20,73,99,99,362
0,오렌미궁3-3,21,0,오렌미궁3-4,21,73,99,99,362
0,오렌미궁3-3,22,0,오렌미궁3-4,22,73,99,99,362
0,오렌미궁3-3,23,0,오렌미궁3-4,23,73,99,99,362
0,오렌미궁3-3,24,0,오렌미궁3-4,24,73,99,99,362
0,오렌미궁3-3,25,0,오렌미궁3-4,25,73,99,99,362
0,오렌미궁3-3,26,0,오렌미궁3-4,26,73,99,99,362
0,오렌미궁3-3,27,0,오렌미궁3-4,27,73,99,99,362
0,오렌미궁3-3,28,0,오렌미궁3-4,28,73,99,99,362
0,오렌미궁3-3,29,0,오렌미궁3-4,29,73,99,99,362
0,오렌미궁3-3,30,0,오렌미궁3-4,30,73,99,99,362
0,오렌미궁3-3,31,0,오렌미궁3-4,31,73,99,99,362
0,오렌미궁3-3,32,0,오렌미궁3-4,32,73,99,99,362
0,오렌미궁3-3,33,0,오렌미궁3-4,33,73,99,99,362
0,오렌미궁3-3,34,0,오렌미궁3-4,34,73,99,99,362
0,오렌미궁3-3,35,0,오렌미궁3-4,35,73,99,99,362
0,오렌미궁3-3,36,0,오렌미궁3-4,36,73,99,99,362
0,오렌미궁3-3,37,0,오렌미궁3-4,37,73,99,99,362
0,오렌미궁3-3,38,0,오렌미궁3-4,38,73,99,99,362
0,오렌미궁3-3,39,0,오렌미궁3-4,39,73,99,99,362
0,오렌미궁3-3,40,0,오렌미궁3-4,40,73,99,99,362
0,오렌미궁3-3,41,0,오렌미궁3-4,41,73,99,99,362
0,오렌미궁3-3,42,0,오렌미궁3-4,42,73,99,99,362
0,오렌미궁3-3,43,0,오렌미궁3-4,43,73,99,99,362
0,오렌미궁3-3,44,0,오렌미궁3-4,44,73,99,99,362
0,오렌미궁3-3,45,0,오렌미궁3-4,45,73,99,99,362
0,오렌미궁3-3,46,0,오렌미궁3-4,46,73,99,99,362
0,오렌미궁3-3,47,0,오렌미궁3-4,47,73,99,99,362
0,오렌미궁3-3,48,0,오렌미궁3-4,48,73,99,99,362
0,오렌미궁3-3,49,0,오렌미궁3-4,49,73,99,99,362
0,오렌미궁3-3,50,0,오렌미궁3-4,50,73,99,99,362
0,오렌미궁3-3,51,0,오렌미궁3-4,51,73,99,99,362
0,오렌미궁3-3,52,0,오렌미궁3-4,52,73,99,99,362
0,오렌미궁3-3,53,0,오렌미궁3-4,53,73,99,99,362
0,오렌미궁3-3,54,0,오렌미궁3-4,54,73,99,99,362
0,오렌미궁3-3,55,0,오렌미궁3-4,55,73,99,99,362
0,오렌미궁3-3,56,0,오렌미궁3-4,56,73,99,99,362
0,오렌미궁3-3,57,0,오렌미궁3-4,57,73,99,99,362
0,오렌미궁3-3,58,0,오렌미궁3-4,58,73,99,99,362
0,오렌미궁3-3,59,0,오렌미궁3-4,59,73,99,99,362
0,오렌미궁3-3,60,0,오렌미궁3-4,60,73,99,99,362
0,오렌미궁3-3,61,0,오렌미궁3-4,61,73,99,99,362
0,오렌미궁3-3,62,0,오렌미궁3-4,62,73,99,99,362
0,오렌미궁3-3,63,0,오렌미궁3-4,63,73,99,99,362
0,오렌미궁3-3,64,0,오렌미궁3-4,64,73,99,99,362
0,오렌미궁3-3,65,0,오렌미궁3-4,65,73,99,99,362
0,오렌미궁3-3,66,0,오렌미궁3-4,66,73,99,99,362
0,오렌미궁3-3,67,0,오렌미궁3-4,67,73,99,99,362
0,오렌미궁3-3,68,0,오렌미궁3-4,68,73,99,99,362
0,오렌미궁3-3,69,0,오렌미궁3-4,69,73,99,99,362
0,오렌미궁3-3,70,0,오렌미궁3-4,70,73,99,99,362
0,오렌미궁3-3,71,0,오렌미궁3-4,71,73,99,99,362
0,오렌미궁3-3,72,0,오렌미궁3-4,72,73,99,99,362
0,오렌미궁3-3,73,0,오렌미궁3-4,73,73,99,99,362
0,오렌미궁3-3,74,0,오렌미궁3-4,74,73,99,99,362

0,오렌미궁3-4,1,74,오렌미궁3-3,1,1,99,99,362
0,오렌미궁3-4,2,74,오렌미궁3-3,2,1,99,99,362
0,오렌미궁3-4,3,74,오렌미궁3-3,3,1,99,99,362
0,오렌미궁3-4,4,74,오렌미궁3-3,4,1,99,99,362
0,오렌미궁3-4,5,74,오렌미궁3-3,5,1,99,99,362
0,오렌미궁3-4,6,74,오렌미궁3-3,6,1,99,99,362
0,오렌미궁3-4,7,74,오렌미궁3-3,7,1,99,99,362
0,오렌미궁3-4,8,74,오렌미궁3-3,8,1,99,99,362
0,오렌미궁3-4,9,74,오렌미궁3-3,9,1,99,99,362
0,오렌미궁3-4,10,74,오렌미궁3-3,10,1,99,99,362
0,오렌미궁3-4,11,74,오렌미궁3-3,11,1,99,99,362
0,오렌미궁3-4,12,74,오렌미궁3-3,12,1,99,99,362
0,오렌미궁3-4,13,74,오렌미궁3-3,13,1,99,99,362
0,오렌미궁3-4,14,74,오렌미궁3-3,14,1,99,99,362
0,오렌미궁3-4,15,74,오렌미궁3-3,15,1,99,99,362
0,오렌미궁3-4,16,74,오렌미궁3-3,16,1,99,99,362
0,오렌미궁3-4,17,74,오렌미궁3-3,17,1,99,99,362
0,오렌미궁3-4,18,74,오렌미궁3-3,18,1,99,99,362
0,오렌미궁3-4,19,74,오렌미궁3-3,19,1,99,99,362
0,오렌미궁3-4,20,74,오렌미궁3-3,20,1,99,99,362
0,오렌미궁3-4,21,74,오렌미궁3-3,21,1,99,99,362
0,오렌미궁3-4,22,74,오렌미궁3-3,22,1,99,99,362
0,오렌미궁3-4,23,74,오렌미궁3-3,23,1,99,99,362
0,오렌미궁3-4,24,74,오렌미궁3-3,24,1,99,99,362
0,오렌미궁3-4,25,74,오렌미궁3-3,25,1,99,99,362
0,오렌미궁3-4,26,74,오렌미궁3-3,26,1,99,99,362
0,오렌미궁3-4,27,74,오렌미궁3-3,27,1,99,99,362
0,오렌미궁3-4,28,74,오렌미궁3-3,28,1,99,99,362
0,오렌미궁3-4,29,74,오렌미궁3-3,29,1,99,99,362
0,오렌미궁3-4,30,74,오렌미궁3-3,30,1,99,99,362
0,오렌미궁3-4,31,74,오렌미궁3-3,31,1,99,99,362
0,오렌미궁3-4,32,74,오렌미궁3-3,32,1,99,99,362
0,오렌미궁3-4,33,74,오렌미궁3-3,33,1,99,99,362
0,오렌미궁3-4,34,74,오렌미궁3-3,34,1,99,99,362
0,오렌미궁3-4,35,74,오렌미궁3-3,35,1,99,99,362
0,오렌미궁3-4,36,74,오렌미궁3-3,36,1,99,99,362
0,오렌미궁3-4,37,74,오렌미궁3-3,37,1,99,99,362
0,오렌미궁3-4,38,74,오렌미궁3-3,38,1,99,99,362
0,오렌미궁3-4,39,74,오렌미궁3-3,39,1,99,99,362
0,오렌미궁3-4,40,74,오렌미궁3-3,40,1,99,99,362
0,오렌미궁3-4,41,74,오렌미궁3-3,41,1,99,99,362
0,오렌미궁3-4,42,74,오렌미궁3-3,42,1,99,99,362
0,오렌미궁3-4,43,74,오렌미궁3-3,43,1,99,99,362
0,오렌미궁3-4,44,74,오렌미궁3-3,44,1,99,99,362
0,오렌미궁3-4,45,74,오렌미궁3-3,45,1,99,99,362
0,오렌미궁3-4,46,74,오렌미궁3-3,46,1,99,99,362
0,오렌미궁3-4,47,74,오렌미궁3-3,47,1,99,99,362
0,오렌미궁3-4,48,74,오렌미궁3-3,48,1,99,99,362
0,오렌미궁3-4,49,74,오렌미궁3-3,49,1,99,99,362
0,오렌미궁3-4,50,74,오렌미궁3-3,50,1,99,99,362
0,오렌미궁3-4,51,74,오렌미궁3-3,51,1,99,99,362
0,오렌미궁3-4,52,74,오렌미궁3-3,52,1,99,99,362
0,오렌미궁3-4,53,74,오렌미궁3-3,53,1,99,99,362
0,오렌미궁3-4,54,74,오렌미궁3-3,54,1,99,99,362
0,오렌미궁3-4,55,74,오렌미궁3-3,55,1,99,99,362
0,오렌미궁3-4,56,74,오렌미궁3-3,56,1,99,99,362
0,오렌미궁3-4,57,74,오렌미궁3-3,57,1,99,99,362
0,오렌미궁3-4,58,74,오렌미궁3-3,58,1,99,99,362
0,오렌미궁3-4,59,74,오렌미궁3-3,59,1,99,99,362
0,오렌미궁3-4,60,74,오렌미궁3-3,60,1,99,99,362
0,오렌미궁3-4,61,74,오렌미궁3-3,61,1,99,99,362
0,오렌미궁3-4,62,74,오렌미궁3-3,62,1,99,99,362
0,오렌미궁3-4,63,74,오렌미궁3-3,63,1,99,99,362
0,오렌미궁3-4,64,74,오렌미궁3-3,64,1,99,99,362
0,오렌미궁3-4,65,74,오렌미궁3-3,65,1,99,99,362
0,오렌미궁3-4,66,74,오렌미궁3-3,66,1,99,99,362
0,오렌미궁3-4,67,74,오렌미궁3-3,67,1,99,99,362
0,오렌미궁3-4,68,74,오렌미궁3-3,68,1,99,99,362
0,오렌미궁3-4,69,74,오렌미궁3-3,69,1,99,99,362
0,오렌미궁3-4,70,74,오렌미궁3-3,70,1,99,99,362
0,오렌미궁3-4,71,74,오렌미궁3-3,71,1,99,99,362
0,오렌미궁3-4,72,74,오렌미궁3-3,72,1,99,99,362
0,오렌미궁3-4,73,74,오렌미궁3-3,73,1,99,99,362
0,오렌미궁3-4,74,74,오렌미궁3-3,74,1,99,99,362

0,오렌미궁3-1,74,1,오렌미궁3-3,1,1,99,99,362
0,오렌미궁3-1,74,2,오렌미궁3-3,1,2,99,99,362
0,오렌미궁3-1,74,3,오렌미궁3-3,1,3,99,99,362
0,오렌미궁3-1,74,4,오렌미궁3-3,1,4,99,99,362
0,오렌미궁3-1,74,5,오렌미궁3-3,1,5,99,99,362
0,오렌미궁3-1,74,6,오렌미궁3-3,1,6,99,99,362
0,오렌미궁3-1,74,7,오렌미궁3-3,1,7,99,99,362
0,오렌미궁3-1,74,8,오렌미궁3-3,1,8,99,99,362
0,오렌미궁3-1,74,9,오렌미궁3-3,1,10,99,99,362
0,오렌미궁3-1,74,10,오렌미궁3-3,1,11,99,99,362
0,오렌미궁3-1,74,11,오렌미궁3-3,1,12,99,99,362
0,오렌미궁3-1,74,12,오렌미궁3-3,1,12,99,99,362
0,오렌미궁3-1,74,13,오렌미궁3-3,1,13,99,99,362
0,오렌미궁3-1,74,14,오렌미궁3-3,1,14,99,99,362
0,오렌미궁3-1,74,15,오렌미궁3-3,1,15,99,99,362
0,오렌미궁3-1,74,16,오렌미궁3-3,1,16,99,99,362
0,오렌미궁3-1,74,17,오렌미궁3-3,1,17,99,99,362
0,오렌미궁3-1,74,18,오렌미궁3-3,1,18,99,99,362
0,오렌미궁3-1,74,19,오렌미궁3-3,1,19,99,99,362
0,오렌미궁3-1,74,20,오렌미궁3-3,1,20,99,99,362
0,오렌미궁3-1,74,21,오렌미궁3-3,1,21,99,99,362
0,오렌미궁3-1,74,22,오렌미궁3-3,1,22,99,99,362
0,오렌미궁3-1,74,23,오렌미궁3-3,1,23,99,99,362
0,오렌미궁3-1,74,24,오렌미궁3-3,1,24,99,99,362
0,오렌미궁3-1,74,25,오렌미궁3-3,1,25,99,99,362
0,오렌미궁3-1,74,26,오렌미궁3-3,1,26,99,99,362
0,오렌미궁3-1,74,27,오렌미궁3-3,1,27,99,99,362
0,오렌미궁3-1,74,28,오렌미궁3-3,1,28,99,99,362
0,오렌미궁3-1,74,29,오렌미궁3-3,1,29,99,99,362
0,오렌미궁3-1,74,30,오렌미궁3-3,1,30,99,99,362
0,오렌미궁3-1,74,31,오렌미궁3-3,1,31,99,99,362
0,오렌미궁3-1,74,32,오렌미궁3-3,1,32,99,99,362
0,오렌미궁3-1,74,33,오렌미궁3-3,1,33,99,99,362
0,오렌미궁3-1,74,34,오렌미궁3-3,1,34,99,99,362
0,오렌미궁3-1,74,35,오렌미궁3-3,1,35,99,99,362
0,오렌미궁3-1,74,36,오렌미궁3-3,1,36,99,99,362
0,오렌미궁3-1,74,37,오렌미궁3-3,1,37,99,99,362
0,오렌미궁3-1,74,38,오렌미궁3-3,1,38,99,99,362
0,오렌미궁3-1,74,39,오렌미궁3-3,1,39,99,99,362
0,오렌미궁3-1,74,40,오렌미궁3-3,1,40,99,99,362
0,오렌미궁3-1,74,41,오렌미궁3-3,1,41,99,99,362
0,오렌미궁3-1,74,42,오렌미궁3-3,1,42,99,99,362
0,오렌미궁3-1,74,43,오렌미궁3-3,1,43,99,99,362
0,오렌미궁3-1,74,44,오렌미궁3-3,1,44,99,99,362
0,오렌미궁3-1,74,45,오렌미궁3-3,1,45,99,99,362
0,오렌미궁3-1,74,46,오렌미궁3-3,1,46,99,99,362
0,오렌미궁3-1,74,47,오렌미궁3-3,1,47,99,99,362
0,오렌미궁3-1,74,48,오렌미궁3-3,1,48,99,99,362
0,오렌미궁3-1,74,49,오렌미궁3-3,1,49,99,99,362
0,오렌미궁3-1,74,50,오렌미궁3-3,1,50,99,99,362
0,오렌미궁3-1,74,51,오렌미궁3-3,1,51,99,99,362
0,오렌미궁3-1,74,52,오렌미궁3-3,1,52,99,99,362
0,오렌미궁3-1,74,53,오렌미궁3-3,1,53,99,99,362
0,오렌미궁3-1,74,54,오렌미궁3-3,1,54,99,99,362
0,오렌미궁3-1,74,55,오렌미궁3-3,1,55,99,99,362
0,오렌미궁3-1,74,56,오렌미궁3-3,1,56,99,99,362
0,오렌미궁3-1,74,57,오렌미궁3-3,1,57,99,99,362
0,오렌미궁3-1,74,58,오렌미궁3-3,1,58,99,99,362
0,오렌미궁3-1,74,59,오렌미궁3-3,1,59,99,99,362
0,오렌미궁3-1,74,60,오렌미궁3-3,1,60,99,99,362
0,오렌미궁3-1,74,61,오렌미궁3-3,1,61,99,99,362
0,오렌미궁3-1,74,62,오렌미궁3-3,1,62,99,99,362
0,오렌미궁3-1,74,63,오렌미궁3-3,1,63,99,99,362
0,오렌미궁3-1,74,64,오렌미궁3-3,1,64,99,99,362
0,오렌미궁3-1,74,65,오렌미궁3-3,1,55,99,99,362
0,오렌미궁3-1,74,66,오렌미궁3-3,1,56,99,99,362
0,오렌미궁3-1,74,67,오렌미궁3-3,1,67,99,99,362
0,오렌미궁3-1,74,68,오렌미궁3-3,1,68,99,99,362
0,오렌미궁3-1,74,69,오렌미궁3-3,1,69,99,99,362
0,오렌미궁3-1,74,70,오렌미궁3-3,1,70,99,99,362
0,오렌미궁3-1,74,71,오렌미궁3-3,1,71,99,99,362
0,오렌미궁3-1,74,72,오렌미궁3-3,1,72,99,99,362
0,오렌미궁3-1,74,73,오렌미궁3-3,1,73,99,99,362

0,오렌미궁3-2,74,1,오렌미궁3-4,1,1,99,99,362
0,오렌미궁3-2,74,2,오렌미궁3-4,1,2,99,99,362
0,오렌미궁3-2,74,3,오렌미궁3-4,1,3,99,99,362
0,오렌미궁3-2,74,4,오렌미궁3-4,1,4,99,99,362
0,오렌미궁3-2,74,5,오렌미궁3-4,1,5,99,99,362
0,오렌미궁3-2,74,6,오렌미궁3-4,1,6,99,99,362
0,오렌미궁3-2,74,7,오렌미궁3-4,1,7,99,99,362
0,오렌미궁3-2,74,8,오렌미궁3-4,1,8,99,99,362
0,오렌미궁3-2,74,9,오렌미궁3-4,1,10,99,99,362
0,오렌미궁3-2,74,10,오렌미궁3-4,1,11,99,99,362
0,오렌미궁3-2,74,11,오렌미궁3-4,1,12,99,99,362
0,오렌미궁3-2,74,12,오렌미궁3-4,1,12,99,99,362
0,오렌미궁3-2,74,13,오렌미궁3-4,1,13,99,99,362
0,오렌미궁3-2,74,14,오렌미궁3-4,1,14,99,99,362
0,오렌미궁3-2,74,15,오렌미궁3-4,1,15,99,99,362
0,오렌미궁3-2,74,16,오렌미궁3-4,1,16,99,99,362
0,오렌미궁3-2,74,17,오렌미궁3-4,1,17,99,99,362
0,오렌미궁3-2,74,18,오렌미궁3-4,1,18,99,99,362
0,오렌미궁3-2,74,19,오렌미궁3-4,1,19,99,99,362
0,오렌미궁3-2,74,20,오렌미궁3-4,1,20,99,99,362
0,오렌미궁3-2,74,21,오렌미궁3-4,1,21,99,99,362
0,오렌미궁3-2,74,22,오렌미궁3-4,1,22,99,99,362
0,오렌미궁3-2,74,23,오렌미궁3-4,1,23,99,99,362
0,오렌미궁3-2,74,24,오렌미궁3-4,1,24,99,99,362
0,오렌미궁3-2,74,25,오렌미궁3-4,1,25,99,99,362
0,오렌미궁3-2,74,26,오렌미궁3-4,1,26,99,99,362
0,오렌미궁3-2,74,27,오렌미궁3-4,1,27,99,99,362
0,오렌미궁3-2,74,28,오렌미궁3-4,1,28,99,99,362
0,오렌미궁3-2,74,29,오렌미궁3-4,1,29,99,99,362
0,오렌미궁3-2,74,30,오렌미궁3-4,1,30,99,99,362
0,오렌미궁3-2,74,31,오렌미궁3-4,1,31,99,99,362
0,오렌미궁3-2,74,32,오렌미궁3-4,1,32,99,99,362
0,오렌미궁3-2,74,33,오렌미궁3-4,1,33,99,99,362
0,오렌미궁3-2,74,34,오렌미궁3-4,1,34,99,99,362
0,오렌미궁3-2,74,35,오렌미궁3-4,1,35,99,99,362
0,오렌미궁3-2,74,36,오렌미궁3-4,1,36,99,99,362
0,오렌미궁3-2,74,37,오렌미궁3-4,1,37,99,99,362
0,오렌미궁3-2,74,38,오렌미궁3-4,1,38,99,99,362
0,오렌미궁3-2,74,39,오렌미궁3-4,1,39,99,99,362
0,오렌미궁3-2,74,40,오렌미궁3-4,1,40,99,99,362
0,오렌미궁3-2,74,41,오렌미궁3-4,1,41,99,99,362
0,오렌미궁3-2,74,42,오렌미궁3-4,1,42,99,99,362
0,오렌미궁3-2,74,43,오렌미궁3-4,1,43,99,99,362
0,오렌미궁3-2,74,44,오렌미궁3-4,1,44,99,99,362
0,오렌미궁3-2,74,45,오렌미궁3-4,1,45,99,99,362
0,오렌미궁3-2,74,46,오렌미궁3-4,1,46,99,99,362
0,오렌미궁3-2,74,47,오렌미궁3-4,1,47,99,99,362
0,오렌미궁3-2,74,48,오렌미궁3-4,1,48,99,99,362
0,오렌미궁3-2,74,49,오렌미궁3-4,1,49,99,99,362
0,오렌미궁3-2,74,50,오렌미궁3-4,1,50,99,99,362
0,오렌미궁3-2,74,51,오렌미궁3-4,1,51,99,99,362
0,오렌미궁3-2,74,52,오렌미궁3-4,1,52,99,99,362
0,오렌미궁3-2,74,53,오렌미궁3-4,1,53,99,99,362
0,오렌미궁3-2,74,54,오렌미궁3-4,1,54,99,99,362
0,오렌미궁3-2,74,55,오렌미궁3-4,1,55,99,99,362
0,오렌미궁3-2,74,56,오렌미궁3-4,1,56,99,99,362
0,오렌미궁3-2,74,57,오렌미궁3-4,1,57,99,99,362
0,오렌미궁3-2,74,58,오렌미궁3-4,1,58,99,99,362
0,오렌미궁3-2,74,59,오렌미궁3-4,1,59,99,99,362
0,오렌미궁3-2,74,60,오렌미궁3-4,1,60,99,99,362
0,오렌미궁3-2,74,61,오렌미궁3-4,1,61,99,99,362
0,오렌미궁3-2,74,62,오렌미궁3-4,1,62,99,99,362
0,오렌미궁3-2,74,63,오렌미궁3-4,1,63,99,99,362
0,오렌미궁3-2,74,64,오렌미궁3-4,1,64,99,99,362
0,오렌미궁3-2,74,65,오렌미궁3-4,1,55,99,99,362
0,오렌미궁3-2,74,66,오렌미궁3-4,1,56,99,99,362
0,오렌미궁3-2,74,67,오렌미궁3-4,1,67,99,99,362
0,오렌미궁3-2,74,68,오렌미궁3-4,1,68,99,99,362
0,오렌미궁3-2,74,69,오렌미궁3-4,1,69,99,99,362
0,오렌미궁3-2,74,70,오렌미궁3-4,1,70,99,99,362
0,오렌미궁3-2,74,71,오렌미궁3-4,1,71,99,99,362
0,오렌미궁3-2,74,72,오렌미궁3-4,1,72,99,99,362
0,오렌미궁3-2,74,73,오렌미궁3-4,1,73,99,99,362

0,오렌미궁3-4,0,1,오렌미궁3-2,73,1,99,99,362
0,오렌미궁3-4,0,2,오렌미궁3-2,73,2,99,99,362
0,오렌미궁3-4,0,3,오렌미궁3-2,73,3,99,99,362
0,오렌미궁3-4,0,4,오렌미궁3-2,73,4,99,99,362
0,오렌미궁3-4,0,5,오렌미궁3-2,73,5,99,99,362
0,오렌미궁3-4,0,6,오렌미궁3-2,73,6,99,99,362
0,오렌미궁3-4,0,7,오렌미궁3-2,73,7,99,99,362
0,오렌미궁3-4,0,8,오렌미궁3-2,73,8,99,99,362
0,오렌미궁3-4,0,9,오렌미궁3-2,73,10,99,99,362
0,오렌미궁3-4,0,10,오렌미궁3-2,73,11,99,99,362
0,오렌미궁3-4,0,11,오렌미궁3-2,73,12,99,99,362
0,오렌미궁3-4,0,12,오렌미궁3-2,73,12,99,99,362
0,오렌미궁3-4,0,13,오렌미궁3-2,73,13,99,99,362
0,오렌미궁3-4,0,14,오렌미궁3-2,73,14,99,99,362
0,오렌미궁3-4,0,15,오렌미궁3-2,73,15,99,99,362
0,오렌미궁3-4,0,16,오렌미궁3-2,73,16,99,99,362
0,오렌미궁3-4,0,17,오렌미궁3-2,73,17,99,99,362
0,오렌미궁3-4,0,18,오렌미궁3-2,73,18,99,99,362
0,오렌미궁3-4,0,19,오렌미궁3-2,73,19,99,99,362
0,오렌미궁3-4,0,20,오렌미궁3-2,73,20,99,99,362
0,오렌미궁3-4,0,21,오렌미궁3-2,73,21,99,99,362
0,오렌미궁3-4,0,22,오렌미궁3-2,73,22,99,99,362
0,오렌미궁3-4,0,23,오렌미궁3-2,73,23,99,99,362
0,오렌미궁3-4,0,24,오렌미궁3-2,73,24,99,99,362
0,오렌미궁3-4,0,25,오렌미궁3-2,73,25,99,99,362
0,오렌미궁3-4,0,26,오렌미궁3-2,73,26,99,99,362
0,오렌미궁3-4,0,27,오렌미궁3-2,73,27,99,99,362
0,오렌미궁3-4,0,28,오렌미궁3-2,73,28,99,99,362
0,오렌미궁3-4,0,29,오렌미궁3-2,73,29,99,99,362
0,오렌미궁3-4,0,30,오렌미궁3-2,73,30,99,99,362
0,오렌미궁3-4,0,31,오렌미궁3-2,73,31,99,99,362
0,오렌미궁3-4,0,32,오렌미궁3-2,73,32,99,99,362
0,오렌미궁3-4,0,33,오렌미궁3-2,73,33,99,99,362
0,오렌미궁3-4,0,34,오렌미궁3-2,73,34,99,99,362
0,오렌미궁3-4,0,35,오렌미궁3-2,73,35,99,99,362
0,오렌미궁3-4,0,36,오렌미궁3-2,73,36,99,99,362
0,오렌미궁3-4,0,37,오렌미궁3-2,73,37,99,99,362
0,오렌미궁3-4,0,38,오렌미궁3-2,73,38,99,99,362
0,오렌미궁3-4,0,39,오렌미궁3-2,73,39,99,99,362
0,오렌미궁3-4,0,40,오렌미궁3-2,73,40,99,99,362
0,오렌미궁3-4,0,41,오렌미궁3-2,73,41,99,99,362
0,오렌미궁3-4,0,42,오렌미궁3-2,73,42,99,99,362
0,오렌미궁3-4,0,43,오렌미궁3-2,73,43,99,99,362
0,오렌미궁3-4,0,44,오렌미궁3-2,73,44,99,99,362
0,오렌미궁3-4,0,45,오렌미궁3-2,73,45,99,99,362
0,오렌미궁3-4,0,46,오렌미궁3-2,73,46,99,99,362
0,오렌미궁3-4,0,47,오렌미궁3-2,73,47,99,99,362
0,오렌미궁3-4,0,48,오렌미궁3-2,73,48,99,99,362
0,오렌미궁3-4,0,49,오렌미궁3-2,73,49,99,99,362
0,오렌미궁3-4,0,50,오렌미궁3-2,73,50,99,99,362
0,오렌미궁3-4,0,51,오렌미궁3-2,73,51,99,99,362
0,오렌미궁3-4,0,52,오렌미궁3-2,73,52,99,99,362
0,오렌미궁3-4,0,53,오렌미궁3-2,73,53,99,99,362
0,오렌미궁3-4,0,54,오렌미궁3-2,73,54,99,99,362
0,오렌미궁3-4,0,55,오렌미궁3-2,73,55,99,99,362
0,오렌미궁3-4,0,56,오렌미궁3-2,73,56,99,99,362
0,오렌미궁3-4,0,57,오렌미궁3-2,73,57,99,99,362
0,오렌미궁3-4,0,58,오렌미궁3-2,73,58,99,99,362
0,오렌미궁3-4,0,59,오렌미궁3-2,73,59,99,99,362
0,오렌미궁3-4,0,60,오렌미궁3-2,73,60,99,99,362
0,오렌미궁3-4,0,61,오렌미궁3-2,73,61,99,99,362
0,오렌미궁3-4,0,62,오렌미궁3-2,73,62,99,99,362
0,오렌미궁3-4,0,63,오렌미궁3-2,73,63,99,99,362
0,오렌미궁3-4,0,64,오렌미궁3-2,73,64,99,99,362
0,오렌미궁3-4,0,65,오렌미궁3-2,73,55,99,99,362
0,오렌미궁3-4,0,66,오렌미궁3-2,73,56,99,99,362
0,오렌미궁3-4,0,67,오렌미궁3-2,73,67,99,99,362
0,오렌미궁3-4,0,68,오렌미궁3-2,73,68,99,99,362
0,오렌미궁3-4,0,69,오렌미궁3-2,73,69,99,99,362
0,오렌미궁3-4,0,70,오렌미궁3-2,73,70,99,99,362
0,오렌미궁3-4,0,71,오렌미궁3-2,73,71,99,99,362
0,오렌미궁3-4,0,72,오렌미궁3-2,73,72,99,99,362
0,오렌미궁3-4,0,73,오렌미궁3-2,73,73,99,99,362

0,오렌미궁3-3,0,1,오렌미궁3-1,73,1,99,99,362
0,오렌미궁3-3,0,2,오렌미궁3-1,73,2,99,99,362
0,오렌미궁3-3,0,3,오렌미궁3-1,73,3,99,99,362
0,오렌미궁3-3,0,4,오렌미궁3-1,73,4,99,99,362
0,오렌미궁3-3,0,5,오렌미궁3-1,73,5,99,99,362
0,오렌미궁3-3,0,6,오렌미궁3-1,73,6,99,99,362
0,오렌미궁3-3,0,7,오렌미궁3-1,73,7,99,99,362
0,오렌미궁3-3,0,8,오렌미궁3-1,73,8,99,99,362
0,오렌미궁3-3,0,9,오렌미궁3-1,73,10,99,99,362
0,오렌미궁3-3,0,10,오렌미궁3-1,73,11,99,99,362
0,오렌미궁3-3,0,11,오렌미궁3-1,73,12,99,99,362
0,오렌미궁3-3,0,12,오렌미궁3-1,73,12,99,99,362
0,오렌미궁3-3,0,13,오렌미궁3-1,73,13,99,99,362
0,오렌미궁3-3,0,14,오렌미궁3-1,73,14,99,99,362
0,오렌미궁3-3,0,15,오렌미궁3-1,73,15,99,99,362
0,오렌미궁3-3,0,16,오렌미궁3-1,73,16,99,99,362
0,오렌미궁3-3,0,17,오렌미궁3-1,73,17,99,99,362
0,오렌미궁3-3,0,18,오렌미궁3-1,73,18,99,99,362
0,오렌미궁3-3,0,19,오렌미궁3-1,73,19,99,99,362
0,오렌미궁3-3,0,20,오렌미궁3-1,73,20,99,99,362
0,오렌미궁3-3,0,21,오렌미궁3-1,73,21,99,99,362
0,오렌미궁3-3,0,22,오렌미궁3-1,73,22,99,99,362
0,오렌미궁3-3,0,23,오렌미궁3-1,73,23,99,99,362
0,오렌미궁3-3,0,24,오렌미궁3-1,73,24,99,99,362
0,오렌미궁3-3,0,25,오렌미궁3-1,73,25,99,99,362
0,오렌미궁3-3,0,26,오렌미궁3-1,73,26,99,99,362
0,오렌미궁3-3,0,27,오렌미궁3-1,73,27,99,99,362
0,오렌미궁3-3,0,28,오렌미궁3-1,73,28,99,99,362
0,오렌미궁3-3,0,29,오렌미궁3-1,73,29,99,99,362
0,오렌미궁3-3,0,30,오렌미궁3-1,73,30,99,99,362
0,오렌미궁3-3,0,31,오렌미궁3-1,73,31,99,99,362
0,오렌미궁3-3,0,32,오렌미궁3-1,73,32,99,99,362
0,오렌미궁3-3,0,33,오렌미궁3-1,73,33,99,99,362
0,오렌미궁3-3,0,34,오렌미궁3-1,73,34,99,99,362
0,오렌미궁3-3,0,35,오렌미궁3-1,73,35,99,99,362
0,오렌미궁3-3,0,36,오렌미궁3-1,73,36,99,99,362
0,오렌미궁3-3,0,37,오렌미궁3-1,73,37,99,99,362
0,오렌미궁3-3,0,38,오렌미궁3-1,73,38,99,99,362
0,오렌미궁3-3,0,39,오렌미궁3-1,73,39,99,99,362
0,오렌미궁3-3,0,40,오렌미궁3-1,73,40,99,99,362
0,오렌미궁3-3,0,41,오렌미궁3-1,73,41,99,99,362
0,오렌미궁3-3,0,42,오렌미궁3-1,73,42,99,99,362
0,오렌미궁3-3,0,43,오렌미궁3-1,73,43,99,99,362
0,오렌미궁3-3,0,44,오렌미궁3-1,73,44,99,99,362
0,오렌미궁3-3,0,45,오렌미궁3-1,73,45,99,99,362
0,오렌미궁3-3,0,46,오렌미궁3-1,73,46,99,99,362
0,오렌미궁3-3,0,47,오렌미궁3-1,73,47,99,99,362
0,오렌미궁3-3,0,48,오렌미궁3-1,73,48,99,99,362
0,오렌미궁3-3,0,49,오렌미궁3-1,73,49,99,99,362
0,오렌미궁3-3,0,50,오렌미궁3-1,73,50,99,99,362
0,오렌미궁3-3,0,51,오렌미궁3-1,73,51,99,99,362
0,오렌미궁3-3,0,52,오렌미궁3-1,73,52,99,99,362
0,오렌미궁3-3,0,53,오렌미궁3-1,73,53,99,99,362
0,오렌미궁3-3,0,54,오렌미궁3-1,73,54,99,99,362
0,오렌미궁3-3,0,55,오렌미궁3-1,73,55,99,99,362
0,오렌미궁3-3,0,56,오렌미궁3-1,73,56,99,99,362
0,오렌미궁3-3,0,57,오렌미궁3-1,73,57,99,99,362
0,오렌미궁3-3,0,58,오렌미궁3-1,73,58,99,99,362
0,오렌미궁3-3,0,59,오렌미궁3-1,73,59,99,99,362
0,오렌미궁3-3,0,60,오렌미궁3-1,73,60,99,99,362
0,오렌미궁3-3,0,61,오렌미궁3-1,73,61,99,99,362
0,오렌미궁3-3,0,62,오렌미궁3-1,73,62,99,99,362
0,오렌미궁3-3,0,63,오렌미궁3-1,73,63,99,99,362
0,오렌미궁3-3,0,64,오렌미궁3-1,73,64,99,99,362
0,오렌미궁3-3,0,65,오렌미궁3-1,73,55,99,99,362
0,오렌미궁3-3,0,66,오렌미궁3-1,73,56,99,99,362
0,오렌미궁3-3,0,67,오렌미궁3-1,73,67,99,99,362
0,오렌미궁3-3,0,68,오렌미궁3-1,73,68,99,99,362
0,오렌미궁3-3,0,69,오렌미궁3-1,73,69,99,99,362
0,오렌미궁3-3,0,70,오렌미궁3-1,73,70,99,99,362
0,오렌미궁3-3,0,71,오렌미궁3-1,73,71,99,99,362
0,오렌미궁3-3,0,72,오렌미궁3-1,73,72,99,99,362
0,오렌미궁3-3,0,73,오렌미궁3-1,73,73,99,99,362

//묘실A~D

0,오렌미궁2-1,1,40,제1묘실입구1-1,47,31,99,99,362
0,오렌미궁2-1,1,41,제1묘실입구1-1,47,32,99,99,362

0,제1묘실입구1-1,49,31,오렌미궁2-1,2,40,99,99,362
0,제1묘실입구1-1,49,32,오렌미궁2-1,2,41,99,99,362

0,제1묘실입구1-1,10,0,제1묘실입구1-2,11,42,99,99,362
0,제1묘실입구1-1,11,0,제1묘실입구1-2,12,42,99,99,362

0,제1묘실입구1-2,11,43,제1묘실입구1-1,10,1,99,99,362
0,제1묘실입구1-2,12,43,제1묘실입구1-1,11,1,99,99,362

0,제1묘실입구1-2,21,0,제1묘실입구1-3,11,42,99,99,362
0,제1묘실입구1-2,22,0,제1묘실입구1-3,12,41,99,99,362

0,제1묘실입구1-3,11,43,제1묘실입구1-2,21,1,99,99,362
0,제1묘실입구1-3,12,43,제1묘실입구1-2,22,1,99,99,362

0,제1묘실입구1-3,48,21,제1묘실입구1-4,2,14,99,99,362
0,제1묘실입구1-3,48,22,제1묘실입구1-4,2,15,99,99,362

0,제1묘실입구1-4,0,14,제1묘실입구1-3,47,21,99,99,362
0,제1묘실입구1-4,0,15,제1묘실입구1-3,47,22,99,99,362

0,제1묘실입구1-4,10,43,제1묘실입구1-5,21,2,99,99,362
0,제1묘실입구1-4,11,43,제1묘실입구1-5,22,2,99,99,362

0,제1묘실입구1-5,21,0,제1묘실입구1-4,10,42,99,99,362
0,제1묘실입구1-5,22,0,제1묘실입구1-4,11,42,99,99,362

0,제1묘실입구1-5,0,14,제1묘실입구1-6,45,15,99,99,362
0,제1묘실입구1-5,0,15,제1묘실입구1-6,45,16,99,99,362

0,제1묘실입구1-6,47,15,제1묘실입구1-5,1,14,99,99,362
0,제1묘실입구1-6,47,16,제1묘실입구1-5,1,15,99,99,362

0,제1묘실입구1-6,0,23,묘실퀘스트룸A,6,37,99,99,362
0,제1묘실입구1-6,0,24,묘실퀘스트룸A,7,37,99,99,362

0,묘실퀘스트룸A,6,38,제1묘실입구1-6,1,23,99,99,362
0,묘실퀘스트룸A,7,38,제1묘실입구1-6,1,24,99,99,362

4,묘실퀘스트룸A,6,2,미궁이동R,6,2,99,99,362
4,묘실퀘스트룸A,7,2,미궁이동R,7,2,99,99,362

0,오렌미궁2-4,59,0,제2묘실입구1-1,11,42,99,99,362
0,오렌미궁2-4,60,0,제2묘실입구1-1,12,42,99,99,362

0,제2묘실입구1-1,11,43,오렌미궁2-4,59,1,99,99,362
0,제2묘실입구1-1,12,43,오렌미궁2-4,60,1,99,99,362

0,제2묘실입구1-1,21,0,제2묘실입구1-2,11,41,99,99,362
0,제2묘실입구1-1,22,0,제2묘실입구1-2,12,42,99,99,362

0,제2묘실입구1-2,11,43,제2묘실입구1-1,21,1,99,99,362
0,제2묘실입구1-2,12,43,제2묘실입구1-1,22,1,99,99,362

0,제2묘실입구1-2,48,21,제2묘실입구1-3,2,14,99,99,362
0,제2묘실입구1-2,48,22,제2묘실입구1-3,2,15,99,99,362

0,제2묘실입구1-3,0,14,제2묘실입구1-2,47,21,99,99,362
0,제2묘실입구1-3,0,15,제2묘실입구1-2,47,22,99,99,362

0,제2묘실입구1-3,10,43,제2묘실입구1-4,10,2,99,99,362
0,제2묘실입구1-3,11,43,제2묘실입구1-4,11,2,99,99,362

0,제2묘실입구1-4,10,0,제2묘실입구1-3,10,42,99,99,362
0,제2묘실입구1-4,11,0,제2묘실입구1-3,11,42,99,99,362

0,제2묘실입구1-4,48,31,제2묘실입구1-5,2,23,99,99,362
0,제2묘실입구1-4,48,32,제2묘실입구1-5,2,24,99,99,362

0,제2묘실입구1-5,0,23,제2묘실입구1-4,47,31,99,99,362
0,제2묘실입구1-5,0,24,제2묘실입구1-4,47,32,99,99,362

0,제2묘실입구1-5,47,15,제2묘실입구1-6,2,14,99,99,362
0,제2묘실입구1-5,47,16,제2묘실입구1-6,2,15,99,99,362

0,제2묘실입구1-6,0,14,제2묘실입구1-5,45,15,99,99,362
0,제2묘실입구1-6,0,15,제2묘실입구1-5,45,16,99,99,362

0,제2묘실입구1-6,21,0,묘실퀘스트룸B,37,6,99,99,362

0,묘실퀘스트룸B,39,6,제2묘실입구1-6,21,2,99,99,362
0,묘실퀘스트룸B,39,7,제2묘실입구1-6,22,2,99,99,362

4,묘실퀘스트룸B,2,5,미궁이동R,6,2,99,99,362
4,묘실퀘스트룸B,2,6,미궁이동R,7,2,99,99,362

0,오렌미궁3-1,53,73,제3묘실입구1-1,21,2,99,99,362
0,오렌미궁3-1,54,73,제3묘실입구1-1,22,2,99,99,362

0,제3묘실입구1-1,21,0,오렌미궁3-1,53,72,99,99,362
0,제3묘실입구1-1,22,0,오렌미궁3-1,54,72,99,99,362

0,제3묘실입구1-1,11,43,제3묘실입구1-2,10,2,99,99,362
0,제3묘실입구1-1,12,43,제3묘실입구1-2,11,2,99,99,362

0,제3묘실입구1-2,10,0,제3묘실입구1-1,11,42,99,99,362
0,제3묘실입구1-2,11,0,제3묘실입구1-1,12,42,99,99,362

0,제3묘실입구1-2,49,31,제3묘실입구1-3,2,14,99,99,362
0,제3묘실입구1-2,49,32,제3묘실입구1-3,2,15,99,99,362

0,제3묘실입구1-3,0,14,제3묘실입구1-2,47,31,99,99,362
0,제3묘실입구1-3,0,15,제3묘실입구1-2,47,32,99,99,362

0,제3묘실입구1-3,10,43,제3묘실입구1-4,21,2,99,99,362
0,제3묘실입구1-3,11,43,제3묘실입구1-4,22,2,99,99,362

0,제3묘실입구1-4,21,0,제3묘실입구1-3,10,42,99,99,362

0,제3묘실입구1-4,0,14,제3묘실입구1-5,46,15,99,99,362
0,제3묘실입구1-4,0,15,제3묘실입구1-5,46,16,99,99,362

0,제3묘실입구1-5,47,15,제3묘실입구1-4,1,14,99,99,362
0,제3묘실입구1-5,47,16,제3묘실입구1-4,1,15,99,99,362

0,제3묘실입구1-5,0,23,제3묘실입구1-6,47,21,99,99,362
0,제3묘실입구1-5,0,24,제3묘실입구1-6,47,22,99,99,362

0,제3묘실입구1-6,48,21,제3묘실입구1-5,1,23,99,99,362
0,제3묘실입구1-6,48,22,제3묘실입구1-5,1,24,99,99,362

0,제3묘실입구1-6,11,43,묘실퀘스트룸C,6,4,99,99,362
0,제3묘실입구1-6,12,43,묘실퀘스트룸C,7,4,99,99,362

0,묘실퀘스트룸C,6,2,제3묘실입구1-6,11,42,99,99,362
0,묘실퀘스트룸C,7,2,제3묘실입구1-6,12,42,99,99,362

4,묘실퀘스트룸C,6,38,미궁이동R,0,0,99,99,362
4,묘실퀘스트룸C,7,38,미궁이동R,0,0,99,99,362

0,오렌미궁3-4,72,8,제4묘실입구1-1,2,14,99,99,362

0,제4묘실입구1-1,0,14,오렌미궁3-4,71,8,99,99,362
0,제4묘실입구1-1,0,15,오렌미궁3-4,71,8,99,99,362

0,제4묘실입구1-1,10,44,제4묘실입구1-2,21,2,99,99,362
0,제4묘실입구1-1,11,44,제4묘실입구1-2,22,2,99,99,362

0,제4묘실입구1-2,21,0,제4묘실입구1-1,10,42,99,99,362
0,제4묘실입구1-2,22,0,제4묘실입구1-1,11,42,99,99,362

0,제4묘실입구1-2,0,14,제4묘실입구1-3,46,15,99,99,362
0,제4묘실입구1-2,0,15,제4묘실입구1-3,46,16,99,99,362

0,제4묘실입구1-3,47,15,제4묘실입구1-2,2,14,99,99,362
0,제4묘실입구1-3,47,16,제4묘실입구1-2,2,15,99,99,362

0,제4묘실입구1-3,0,23,제4묘실입구1-4,47,31,99,99,362
0,제4묘실입구1-3,0,24,제4묘실입구1-4,47,32,99,99,362

0,제4묘실입구1-4,49,31,제4묘실입구1-3,2,23,99,99,362
0,제4묘실입구1-4,49,32,제4묘실입구1-3,2,24,99,99,362

0,제4묘실입구1-4,10,0,제4묘실입구1-5,11,42,99,99,362
0,제4묘실입구1-4,11,0,제4묘실입구1-5,12,42,99,99,362

0,제4묘실입구1-5,11,43,제4묘실입구1-4,10,2,99,99,362
0,제4묘실입구1-5,12,43,제4묘실입구1-4,11,2,99,99,362

0,제4묘실입구1-5,21,0,제4묘실입구1-6,11,42,99,99,362
0,제4묘실입구1-5,22,0,제4묘실입구1-6,12,42,99,99,362

0,제4묘실입구1-6,11,43,제4묘실입구1-5,21,2,99,99,362
0,제4묘실입구1-6,12,43,제4묘실입구1-5,22,2,99,99,362

0,제4묘실입구1-6,49,21,묘실퀘스트룸D,4,5,99,99,362
0,제4묘실입구1-6,49,22,묘실퀘스트룸D,4,6,99,99,362

0,묘실퀘스트룸D,2,5,제4묘실입구1-6,47,21,99,99,362
0,묘실퀘스트룸D,2,6,제4묘실입구1-6,47,22,99,99,362

4,묘실퀘스트룸D,39,6,미궁이동R,0,0,99,99,362
4,묘실퀘스트룸D,39,7,미궁이동R,0,0,99,99,362

4,라미아봉인의방,2,1,미궁이동R,0,0,99,99,362
4,라미아봉인의방,2,2,미궁이동R,0,0,99,99,362
4,라미아봉인의방,1,2,미궁이동R,0,0,99,99,362
