0,기숙사1호실,9,4,기숙사복도,3,3,0,99,362
0,기숙사1호실,9,5,기숙사복도,3,3,0,99,362

0,기숙사2호실,9,4,기숙사복도,3,7,0,99,362
0,기숙사2호실,9,5,기숙사복도,3,7,0,99,362

0,기숙사3호실,9,5,기숙사복도,3,11,0,99,362
0,기숙사3호실,9,6,기숙사복도,3,11,0,99,362

0,기숙사4호실,9,4,기숙사복도,3,15,0,99,362
0,기숙사4호실,9,5,기숙사복도,3,15,0,99,362

0,기숙사5호실,9,4,기숙사복도,3,19,0,99,362
0,기숙사5호실,9,5,기숙사복도,3,19,0,99,362

0,기숙사6호실,9,4,기숙사복도,3,23,0,99,362
0,기숙사6호실,9,5,기숙사복도,3,23,0,99,362

0,기숙사7호실,9,4,기숙사복도,3,27,0,99,362
0,기숙사7호실,9,5,기숙사복도,3,27,0,99,362

0,기숙사복도,0,3,기숙사1호실,7,5,0,99,362
0,기숙사복도,0,7,기숙사2호실,7,4,0,99,362
0,기숙사복도,0,11,기숙사3호실,7,5,0,99,362
0,기숙사복도,0,15,기숙사4호실,7,4,0,99,362
0,기숙사복도,0,19,기숙사5호실,7,4,0,99,362
0,기숙사복도,0,23,기숙사6호실,7,4,0,99,362
0,기숙사복도,0,27,기숙사7호실,7,4,0,99,362

0,기숙사복도,8,13,기숙사로비,3,4,0,99,362
0,기숙사복도,8,14,기숙사로비,3,5,0,99,362
0,기숙사복도,8,15,기숙사로비,3,6,0,99,362
0,기숙사복도,8,16,기숙사로비,3,7,0,99,362
0,기숙사복도,8,17,기숙사로비,3,8,0,99,362
0,기숙사복도,8,18,기숙사로비,3,9,0,99,362

0,기숙사로비,0,4,기숙사복도,6,14,0,99,362
0,기숙사로비,0,10,기숙사복도,6,15,0,99,362
0,기숙사로비,0,16,기숙사복도,6,16,0,99,362

4,기숙사로비,12,7,이동R,0,0,0,99,362
4,기숙사로비,12,8,이동R,0,0,0,99,362
4,기숙사로비,12,9,이동R,0,0,0,99,362
4,기숙사로비,12,10,이동R,0,0,0,99,362
4,기숙사로비,12,11,이동R,0,0,0,99,362
4,기숙사로비,12,12,이동R,0,0,0,99,362

0,기숙사로비,14,7,왕립그린혼학원,14,30,0,99,362
0,기숙사로비,14,8,왕립그린혼학원,14,30,0,99,362
0,기숙사로비,14,9,왕립그린혼학원,14,30,0,99,362
0,기숙사로비,14,10,왕립그린혼학원,14,30,0,99,362
0,기숙사로비,14,11,왕립그린혼학원,14,30,0,99,362
0,기숙사로비,14,12,왕립그린혼학원,14,30,0,99,362

0,왕립그린혼학원,8,29,기숙사로비,11,10,0,99,362
0,왕립그린혼학원,8,30,기숙사로비,11,10,0,99,362
0,왕립그린혼학원,8,31,기숙사로비,11,10,0,99,362

0,왕립그린혼학원,21,42,그린혼학원식당,11,5,0,99,362

0,그린혼학원식당,14,4,왕립그린혼학원,23,42,0,99,362
0,그린혼학원식당,14,5,왕립그린혼학원,23,42,0,99,362

0,그린혼학원식당,2,10,학원식당지하실2,4,9,0,99,362
0,그린혼학원식당,2,11,학원식당지하실2,4,10,0,99,362
0,그린혼학원식당,2,12,학원식당지하실2,4,11,0,99,362
0,그린혼학원식당,2,13,학원식당지하실2,4,12,0,99,362
0,그린혼학원식당,2,14,학원식당지하실2,4,13,0,99,362

0,학원식당지하실2,2,9,그린혼학원식당,4,10,0,99,362
0,학원식당지하실2,2,10,그린혼학원식당,4,11,0,99,362
0,학원식당지하실2,2,11,그린혼학원식당,4,12,0,99,362
0,학원식당지하실2,2,12,그린혼학원식당,4,13,0,99,362
0,학원식당지하실2,2,13,그린혼학원식당,4,14,0,99,362

0,학원식당지하실2,10,1,학원식당지하실1,11,32,0,99,362
0,학원식당지하실2,11,1,학원식당지하실1,11,32,0,99,362
0,학원식당지하실2,12,1,학원식당지하실1,12,32,0,99,362

0,학원식당지하실1,11,33,학원식당지하실2,10,3,0,99,362
0,학원식당지하실1,12,33,학원식당지하실2,12,3,0,99,362

0,왕립그린혼학원,30,15,그린혼학원시험장,17,11,0,99,362

0,그린혼학원시험장,20,10,왕립그린혼학원,33,15,0,99,362
0,그린혼학원시험장,20,11,왕립그린혼학원,33,15,0,99,362

4,왕립그린혼학원,43,32,이동R,0,0,0,99,362
4,왕립그린혼학원,43,33,이동R,0,0,0,99,362
4,왕립그린혼학원,43,34,이동R,0,0,0,99,362
4,왕립그린혼학원,43,35,이동R,0,0,0,99,362

0,왕립그린혼학원,69,31,노비스직업신전,6,7,0,99,362
0,왕립그린혼학원,69,32,노비스직업신전,6,7,0,99,362
0,왕립그린혼학원,69,33,노비스직업신전,6,7,0,99,362
0,왕립그린혼학원,69,34,노비스직업신전,6,7,0,99,362
0,왕립그린혼학원,69,35,노비스직업신전,6,7,0,99,362
0,왕립그린혼학원,69,36,노비스직업신전,6,7,0,99,362
0,왕립그린혼학원,69,37,노비스직업신전,6,7,0,99,362
0,왕립그린혼학원,69,38,노비스직업신전,6,7,0,99,362