2,우드랜드통합대기실,22,18,마이소시아,0,0,0,99,362

0,우드랜드통합대기실,29,11,동의우드랜드입구,10,17,0,99,362
0,우드랜드통합대기실,29,12,동의우드랜드입구,10,17,0,99,362
0,우드랜드통합대기실,29,13,동의우드랜드입구,10,17,0,99,362
0,우드랜드통합대기실,29,14,동의우드랜드입구,10,17,0,99,362

2,동의우드랜드입구,9,23,마이소시아,0,0,0,99,362
2,동의우드랜드입구,10,23,마이소시아,0,0,0,99,362
2,동의우드랜드입구,11,23,마이소시아,0,0,0,99,362

0,동의우드랜드입구,39,19,동의우드랜드1-1,2,35,0,99,362
0,동의우드랜드입구,39,20,동의우드랜드1-1,2,35,0,99,362
0,동의우드랜드1-1,0,34,동의우드랜드입구,37,19,0,99,362
0,동의우드랜드1-1,0,35,동의우드랜드입구,37,19,0,99,362
0,동의우드랜드1-1,0,36,동의우드랜드입구,37,20,0,99,362

3,동의우드랜드입구,39,15,warpB,2,10,0,99,362
3,동의우드랜드입구,39,16,warpB,2,10,0,99,362

0,동의우드랜드입구,39,11,동의우드랜드1-3,2,35,0,99,362
0,동의우드랜드입구,39,12,동의우드랜드1-3,2,35,0,99,362
0,동의우드랜드1-3,0,34,동의우드랜드입구,37,11,0,99,362
0,동의우드랜드1-3,0,35,동의우드랜드입구,37,11,0,99,362
0,동의우드랜드1-3,0,36,동의우드랜드입구,37,12,0,99,362

0,동의우드랜드입구,0,10,동의우드랜드2-1,97,45,0,99,362
0,동의우드랜드입구,0,11,동의우드랜드2-1,97,46,0,99,362
0,동의우드랜드입구,0,12,동의우드랜드2-1,97,46,0,99,362
0,동의우드랜드2-1,99,44,동의우드랜드입구,2,11,0,99,362
0,동의우드랜드2-1,99,45,동의우드랜드입구,2,11,0,99,362
0,동의우드랜드2-1,99,46,동의우드랜드입구,2,11,0,99,362
0,동의우드랜드2-1,99,47,동의우드랜드입구,2,11,0,99,362

0,동의우드랜드입구,6,1,동의우드랜드3-1,38,97,21,99,362
0,동의우드랜드입구,7,1,동의우드랜드3-1,38,97,21,99,362
0,동의우드랜드입구,8,1,동의우드랜드3-1,39,97,21,99,362
0,동의우드랜드입구,9,1,동의우드랜드3-1,39,97,21,99,362
0,동의우드랜드3-1,37,99,동의우드랜드입구,8,3,0,99,362
0,동의우드랜드3-1,38,99,동의우드랜드입구,8,3,0,99,362
0,동의우드랜드3-1,39,99,동의우드랜드입구,8,3,0,99,362
0,동의우드랜드3-1,40,99,동의우드랜드입구,8,3,0,99,362

0,동의우드랜드입구,12,1,동의우드랜드4-1,38,97,21,99,362
0,동의우드랜드입구,13,1,동의우드랜드4-1,38,97,21,99,362
0,동의우드랜드입구,14,1,동의우드랜드4-1,39,97,21,99,362
0,동의우드랜드입구,15,1,동의우드랜드4-1,39,97,21,99,362
0,동의우드랜드4-1,37,99,동의우드랜드입구,13,3,0,99,362
0,동의우드랜드4-1,38,99,동의우드랜드입구,13,3,0,99,362
0,동의우드랜드4-1,39,99,동의우드랜드입구,13,3,0,99,362
0,동의우드랜드4-1,40,99,동의우드랜드입구,13,3,0,99,362

0,동의우드랜드입구,17,1,동의우드랜드5-1,38,97,51,99,362
0,동의우드랜드입구,18,1,동의우드랜드5-1,38,97,51,99,362
0,동의우드랜드입구,19,1,동의우드랜드5-1,39,97,51,99,362
0,동의우드랜드입구,20,1,동의우드랜드5-1,39,97,51,99,362
0,동의우드랜드5-1,37,99,동의우드랜드입구,18,3,0,99,362
0,동의우드랜드5-1,38,99,동의우드랜드입구,18,3,0,99,362
0,동의우드랜드5-1,39,99,동의우드랜드입구,18,3,0,99,362
0,동의우드랜드5-1,40,99,동의우드랜드입구,18,3,0,99,362

0,동의우드랜드입구,26,1,동의우드랜드6-1,24,48,11,99,362
0,동의우드랜드입구,27,1,동의우드랜드6-1,24,48,11,99,362
0,동의우드랜드입구,28,1,동의우드랜드6-1,25,48,11,99,362
0,동의우드랜드6-1,23,49,동의우드랜드입구,27,3,0,99,362
0,동의우드랜드6-1,24,49,동의우드랜드입구,27,3,0,99,362
0,동의우드랜드6-1,25,49,동의우드랜드입구,27,3,0,99,362
0,동의우드랜드6-1,26,49,동의우드랜드입구,27,3,0,99,362

0,동의우드랜드6-1,26,0,동의우드랜드7-1,22,48,0,99,362
0,동의우드랜드6-1,27,0,동의우드랜드7-1,23,48,0,99,362
0,동의우드랜드6-1,28,0,동의우드랜드7-1,24,48,0,99,362

0,동의우드랜드7-1,22,49,동의우드랜드1-1,27,1,0,99,362
0,동의우드랜드7-1,23,49,동의우드랜드1-1,27,1,0,99,362
0,동의우드랜드7-1,24,49,동의우드랜드1-1,27,1,0,99,362

0,동의우드랜드7-1,0,11,동의우드랜드8-1,48,30,0,99,362
0,동의우드랜드7-1,0,10,동의우드랜드8-1,48,29,0,99,362
0,동의우드랜드7-1,0,9,동의우드랜드8-1,48,28,0,99,362

0,동의우드랜드8-1,49,30,동의우드랜드7-1,1,11,0,99,362
0,동의우드랜드8-1,49,29,동의우드랜드7-1,1,10,0,99,362
0,동의우드랜드8-1,49,48,동의우드랜드7-1,1,9,0,99,362

0,동의우드랜드8-1,18,17,동우방어구상점1,8,6,0,99,362
0,동의우드랜드8-1,18,16,동우방어구상점1,8,5,0,99,362

0,동우방어구상점1,9,5,동의우드랜드8-1,19,16,0,99,362
0,동우방어구상점1,9,6,동의우드랜드8-1,19,17,0,99,362

0,동의우드랜드8-1,23,49,동의우드랜드9-1,27,1,0,99,362
0,동의우드랜드8-1,24,49,동의우드랜드9-1,27,1,0,99,362
0,동의우드랜드8-1,25,49,동의우드랜드9-1,27,1,0,99,362
0,동의우드랜드8-1,26,49,동의우드랜드9-1,27,1,0,99,362

0,동의우드랜드9-1,26,0,동의우드랜드8-1,24,48,0,99,362
0,동의우드랜드9-1,27,0,동의우드랜드8-1,24,48,0,99,362
0,동의우드랜드9-1,28,0,동의우드랜드8-1,24,48,0,99,362

0,동의우드랜드8-1,26,0,동의우드랜드9-2,28,48,0,99,362
0,동의우드랜드8-1,27,0,동의우드랜드9-2,28,48,0,99,362
0,동의우드랜드8-1,28,0,동의우드랜드9-2,28,48,0,99,362

0,동의우드랜드9-2,27,49,동의우드랜드8-1,27,1,0,99,362
0,동의우드랜드9-2,28,49,동의우드랜드8-1,27,1,0,99,362
0,동의우드랜드9-2,29,49,동의우드랜드8-1,27,1,0,99,362
0,동의우드랜드9-2,30,49,동의우드랜드8-1,27,1,0,99,362

0,동의우드랜드6-1,49,27,동의우드랜드10-1,1,35,0,99,362
0,동의우드랜드6-1,49,28,동의우드랜드10-1,1,35,0,99,362
0,동의우드랜드6-1,49,29,동의우드랜드10-1,1,35,0,99,362
0,동의우드랜드6-1,49,30,동의우드랜드10-1,1,35,0,99,362

0,동의우드랜드10-1,0,34,동의우드랜드6-1,48,28,0,99,362
0,동의우드랜드10-1,0,35,동의우드랜드6-1,48,28,0,99,362
0,동의우드랜드10-1,0,36,동의우드랜드6-1,48,28,0,99,362

0,동의우드랜드10-1,37,0,동의우드랜드11-1,25,47,0,99,362
0,동의우드랜드10-1,38,0,동의우드랜드11-1,25,47,0,99,362
0,동의우드랜드10-1,39,0,동의우드랜드11-1,25,47,0,99,362
0,동의우드랜드10-1,40,0,동의우드랜드11-1,25,47,0,99,362

0,동의우드랜드11-1,23,49,동의우드랜드10-1,39,2,0,99,362
0,동의우드랜드11-1,24,49,동의우드랜드10-1,39,2,0,99,362
0,동의우드랜드11-1,25,49,동의우드랜드10-1,39,2,0,99,362
0,동의우드랜드11-1,26,49,동의우드랜드10-1,39,2,0,99,362

0,동의우드랜드7-1,49,24,동의우드랜드11-1,1,10,0,99,362
0,동의우드랜드7-1,49,25,동의우드랜드11-1,1,10,0,99,362
0,동의우드랜드7-1,49,26,동의우드랜드11-1,1,10,0,99,362
0,동의우드랜드7-1,49,27,동의우드랜드11-1,1,10,0,99,362

0,동의우드랜드11-1,0,9,동의우드랜드7-1,48,25,0,99,362
0,동의우드랜드11-1,0,10,동의우드랜드7-1,48,25,0,99,362
0,동의우드랜드11-1,0,11,동의우드랜드7-1,48,25,0,99,362

0,동의우드랜드11-1,26,0,동의우드랜드12-1,28,48,0,99,362
0,동의우드랜드11-1,27,0,동의우드랜드12-1,28,48,0,99,362
0,동의우드랜드11-1,28,0,동의우드랜드12-1,28,48,0,99,362

0,동의우드랜드12-1,27,49,동의우드랜드11-1,27,1,0,99,362
0,동의우드랜드12-1,28,49,동의우드랜드11-1,27,1,0,99,362
0,동의우드랜드12-1,29,49,동의우드랜드11-1,27,1,0,99,362
0,동의우드랜드12-1,30,49,동의우드랜드11-1,27,1,0,99,362

0,동의우드랜드12-1,0,34,동의우드랜드13-1,47,26,0,99,362
0,동의우드랜드12-1,0,35,동의우드랜드13-1,47,26,0,99,362
0,동의우드랜드12-1,0,36,동의우드랜드13-1,47,26,0,99,362

0,동의우드랜드12-1,15,37,동우방어구상점2,8,5,0,99,362
0,동의우드랜드12-1,15,38,동우방어구상점2,8,6,0,99,362

0,동우방어구상점2,9,5,동의우드랜드12-1,16,37,0,99,362
0,동우방어구상점2,9,6,동의우드랜드12-1,16,38,0,99,362

0,동의우드랜드13-1,49,24,동의우드랜드12-1,1,35,0,99,362
0,동의우드랜드13-1,49,25,동의우드랜드12-1,1,35,0,99,362
0,동의우드랜드13-1,49,26,동의우드랜드12-1,1,35,0,99,362
0,동의우드랜드13-1,49,27,동의우드랜드12-1,1,35,0,99,362

0,동의우드랜드입구,31,1,동의우드랜드14-1,25,47,81,99,362
0,동의우드랜드입구,32,1,동의우드랜드14-1,25,47,81,99,362
0,동의우드랜드입구,33,1,동의우드랜드14-1,25,47,81,99,362
0,동의우드랜드입구,34,1,동의우드랜드14-1,25,47,81,99,362
0,동의우드랜드14-1,24,49,동의우드랜드입구,33,3,0,99,362
0,동의우드랜드14-1,25,49,동의우드랜드입구,33,3,0,99,362
0,동의우드랜드14-1,26,49,동의우드랜드입구,33,3,0,99,362
0,동의우드랜드14-1,27,49,동의우드랜드입구,33,3,0,99,362

0,동의우드랜드14-1,19,1,동의우드랜드15-1,30,47,0,99,362
0,동의우드랜드14-1,20,1,동의우드랜드15-1,30,47,0,99,362
0,동의우드랜드14-1,21,1,동의우드랜드15-1,30,47,0,99,362

0,동의우드랜드15-1,30,49,동의우드랜드14-1,20,2,0,99,362
0,동의우드랜드15-1,31,49,동의우드랜드14-1,20,2,0,99,362
0,동의우드랜드15-1,32,49,동의우드랜드14-1,20,2,0,99,362

0,동의우드랜드15-1,1,10,동의우드랜드18-1,48,24,0,99,362
0,동의우드랜드15-1,1,11,동의우드랜드18-1,48,24,0,99,362
0,동의우드랜드15-1,1,12,동의우드랜드18-1,48,24,0,99,362

0,동의우드랜드18-1,49,22,동의우드랜드15-1,2,11,0,99,362
0,동의우드랜드18-1,49,23,동의우드랜드15-1,2,11,0,99,362
0,동의우드랜드18-1,49,24,동의우드랜드15-1,2,11,0,99,362
0,동의우드랜드18-1,49,25,동의우드랜드15-1,2,11,0,99,362

0,동의우드랜드18-1,27,1,동의우드랜드19-2,32,47,48,99,362
0,동의우드랜드18-1,28,1,동의우드랜드19-2,32,47,48,99,362
0,동의우드랜드18-1,29,1,동의우드랜드19-2,32,47,48,99,362

0,동의우드랜드19-2,31,49,동의우드랜드18-1,28,2,0,99,362
0,동의우드랜드19-2,32,49,동의우드랜드18-1,28,2,0,99,362
0,동의우드랜드19-2,33,49,동의우드랜드18-1,28,2,0,99,362
0,동의우드랜드19-2,34,49,동의우드랜드18-1,28,2,0,99,362

0,동의우드랜드18-1,32,49,동의우드랜드19-1,27,2,0,99,362
0,동의우드랜드18-1,33,49,동의우드랜드19-1,27,2,0,99,362
0,동의우드랜드18-1,34,49,동의우드랜드19-1,27,2,0,99,362
0,동의우드랜드18-1,35,49,동의우드랜드19-1,27,2,0,99,362

0,동의우드랜드19-1,26,0,동의우드랜드18-1,33,48,0,99,362
0,동의우드랜드19-1,27,0,동의우드랜드18-1,33,48,0,99,362
0,동의우드랜드19-1,28,0,동의우드랜드18-1,33,48,0,99,362

0,동의우드랜드19-2,49,25,동의우드랜드20-1,2,11,0,99,362
0,동의우드랜드19-2,49,26,동의우드랜드20-1,2,11,0,99,362
0,동의우드랜드19-2,49,27,동의우드랜드20-1,2,11,0,99,362
0,동의우드랜드19-2,49,28,동의우드랜드20-1,2,11,0,99,362

0,동의우드랜드20-1,1,10,동의우드랜드19-2,48,27,0,99,362
0,동의우드랜드20-1,1,11,동의우드랜드19-2,48,27,0,99,362
0,동의우드랜드20-1,1,12,동의우드랜드19-2,48,27,0,99,362

0,동의우드랜드15-1,49,26,동의우드랜드16-1,2,11,0,99,362
0,동의우드랜드15-1,49,27,동의우드랜드16-1,2,11,0,99,362
0,동의우드랜드15-1,49,28,동의우드랜드16-1,2,11,0,99,362
0,동의우드랜드15-1,49,29,동의우드랜드16-1,2,11,0,99,362

0,동의우드랜드16-1,1,10,동의우드랜드15-1,48,27,0,99,362
0,동의우드랜드16-1,1,11,동의우드랜드15-1,48,27,0,99,362
0,동의우드랜드16-1,1,12,동의우드랜드15-1,48,27,0,99,362

0,동의우드랜드16-1,32,49,동의우드랜드17-1,19,2,0,99,362
0,동의우드랜드16-1,33,49,동의우드랜드17-1,19,2,0,99,362
0,동의우드랜드16-1,34,49,동의우드랜드17-1,19,2,0,99,362
0,동의우드랜드16-1,35,49,동의우드랜드17-1,19,2,0,99,362

0,동의우드랜드17-1,18,1,동의우드랜드16-1,33,48,0,99,362
0,동의우드랜드17-1,19,1,동의우드랜드16-1,33,48,0,99,362
0,동의우드랜드17-1,20,1,동의우드랜드16-1,33,48,0,99,362
0,동의우드랜드17-1,21,1,동의우드랜드16-1,33,48,0,99,362

0,동의우드랜드16-1,27,1,동의우드랜드17-2,31,47,48,99,362
0,동의우드랜드16-1,28,1,동의우드랜드17-2,31,47,48,99,362
0,동의우드랜드16-1,29,1,동의우드랜드17-2,31,47,48,99,362

0,동의우드랜드17-2,30,49,동의우드랜드16-1,28,2,0,99,362
0,동의우드랜드17-2,31,49,동의우드랜드16-1,28,2,0,99,362
0,동의우드랜드17-2,32,49,동의우드랜드16-1,28,2,0,99,362
0,동의우드랜드17-2,33,49,동의우드랜드16-1,28,2,0,99,362