0,운디네마을,18,19,운디네은행,15,7,0,99,362
0,운디네마을,18,20,운디네은행,15,7,0,99,362
0,운디네은행,19,7,운디네마을,20,19,0,99,362
0,운디네은행,19,8,운디네마을,20,19,0,99,362

0,운디네마을,35,18,운디네대장간,7,12,0,99,362
0,운디네마을,36,18,운디네대장간,7,12,0,99,362
0,운디네대장간,5,14,운디네마을,35,20,0,99,362
0,운디네대장간,6,14,운디네마을,35,20,0,99,362
0,운디네대장간,7,14,운디네마을,35,20,0,99,362
0,운디네대장간,8,14,운디네마을,35,20,0,99,362

0,운디네마을,66,20,운디네식당,8,12,0,99,362
0,운디네마을,67,20,운디네식당,8,12,0,99,362
0,운디네식당,8,14,운디네마을,66,22,0,99,362
0,운디네식당,9,14,운디네마을,66,22,0,99,362

0,운디네식당,13,4,운디네주점,11,10,0,99,362
0,운디네식당,14,4,운디네주점,11,10,0,99,362
0,운디네주점,12,14,운디네식당,12,6,0,99,362
0,운디네주점,13,14,운디네식당,12,6,0,99,362

0,운디네마을,35,70,운디네잡화상점,6,12,0,99,362
0,운디네마을,36,70,운디네잡화상점,7,12,0,99,362
0,운디네잡화상점,6,14,운디네마을,35,72,0,99,362
0,운디네잡화상점,7,14,운디네마을,36,72,0,99,362

0,운디네마을,22,84,운디네시약상점,12,11,0,99,362
0,운디네시약상점,14,10,운디네마을,24,84,0,99,362
0,운디네시약상점,14,11,운디네마을,24,84,0,99,362

0,운디네마을,75,22,운디네여관,8,15,0,99,362
0,운디네마을,76,22,운디네여관,8,15,0,99,362

0,운디네여관,7,19,운디네마을,77,27,0,99,362
0,운디네여관,8,19,운디네마을,77,27,0,99,362
0,운디네여관,9,19,운디네마을,76,26,0,99,362
0,운디네여관,10,19,운디네마을,76,27,0,99,362
0,운디네여관,11,19,운디네마을,76,27,0,99,362
0,운디네여관,12,19,운디네마을,77,27,0,99,362
0,운디네여관,13,19,운디네마을,77,27,0,99,362