0,이아길드성,60,29,이아길드성무기점,6,13,99,99,362
0,이아길드성무기점,12,0,이아길드성방어구점,1,10,99,99,362
0,이아길드성방어구점,0,9,이아길드성무기점,13,0,99,99,362
0,이아길드성,66,23,이아길드성방어구점,10,8,99,99,362
0,이아길드성,16,48,이아길드성제조실,14,9,99,99,362
0,이아길드성제조실,15,9,이아길드성,17,48,99,99,362
0,이아길드성방어구점,11,8,이아길드성,67,23,99,99,362
0,이아길드성무기점,6,14,이아길드성,60,30,99,99,362

0,이아길드성,59,79,이아길드성민가1,6,13,99,99,362
0,이아길드성민가1,12,0,이아길드성민가2,1,10,99,99,362
0,이아길드성민가2,0,9,이아길드성민가1,13,0,99,99,362
0,이아길드성,65,73,이아길드성민가2,10,8,99,99,362
0,이아길드성민가2,11,8,이아길드성,59,80,99,99,362
0,이아길드성민가1,6,14,이아길드성,66,73,99,99,362

0,이아길드성,33,78,이아길드성민가3,6,13,99,99,362
0,이아길드성,33,22,이아길드성시약점,6,13,99,99,362
0,이아길드성시약점,6,14,이아길드성,33,23,99,99,362
0,이아길드성시약점,7,14,이아길드성,33,23,99,99,362
0,이아길드성민가3,6,14,이아길드성,33,79,99,99,362
0,이아길드성민가3,7,14,이아길드성,33,79,99,99,362

//이아길드성궁


0,이아길드성궁,9,16,이아길드성궁메인홀,5,15,99,99,362
0,이아길드성궁메인홀,5,15,이아길드성궁,11,16,99,99,362

0,이아길드성궁메인홀,15,6,이아길드성궁복도,2,30,99,99,362
0,이아길드성궁메인홀,14,6,이아길드성궁복도,3,30,99,99,362
0,이아길드성궁복도,2,32,이아길드성궁메인홀,15,8,99,99,362


0,실험실(???),9,6,이아길드성궁식당,2,5,99,99,362
0,이아길드성궁식당,0,5,실험실(???),7,6,99,99,362

0,이아길드성궁알현실,0,8,이아길드성궁왕의방,7,6,99,99,362
0,이아길드성궁왕의방,9,6,이아길드성궁알현실,2,8,99,99,362