0,적룡플라밋의굴대기실,1,14,죽음의마을지하마을,42,37,0,99,362
0,적룡플라밋의굴대기실,27,13,브론즈오피온의굴1,2,14,0,99,362
0,브론즈오피온의굴1,1,14,적룡플라밋의굴대기실,27,13,0,99,362

0,브론즈오피온의굴1,44,69,브론즈오피온의굴2,47,12,0,99,362
0,브론즈오피온의굴2,47,10,브론즈오피온의굴1,44,67,0,99,362
0,브론즈오피온의굴1,69,33,브론즈오피온의굴2,47,12,0,99,362
0,브론즈오피온의굴2,47,10,브론즈오피온의굴1,66,33,0,99,362

0,브론즈오피온의굴2,26,78,브론즈오피온의굴3,20,3,0,99,362
0,브론즈오피온의굴3,20,1,브론즈오피온의굴2,26,75,0,99,362

0,브론즈오피온의굴2,77,39,브론즈오피온의굴3-1,3,38,0,99,362
0,브론즈오피온의굴3-1,1,38,브론즈오피온의굴2,75,38,0,99,362

0,브론즈오피온의굴3-1,41,48,브론즈오피온의굴4,33,3,0,99,362
0,브론즈오피온의굴4,33,1,브론즈오피온의굴3-1,40,46,0,99,362

0,브론즈오피온의굴3,49,25,브론즈오피온의굴4,3,38,0,99,362
0,브론즈오피온의굴4,1,38,브론즈오피온의굴3,46,25,0,99,362

0,브론즈오피온의굴4,68,48,브론즈오피온의굴5,3,43,0,99,362
0,브론즈오피온의굴5,1,43,브론즈오피온의굴4,66,48,0,99,362

0,브론즈오피온의굴5,78,39,브론즈오피온의굴6,2,50,0,99,362
0,브론즈오피온의굴6,0,50,브론즈오피온의굴5,76,39,0,99,362

0,브론즈오피온의굴6,69,18,브론즈오피온의굴7,2,27,0,99,362
0,브론즈오피온의굴6,69,19,브론즈오피온의굴7,2,27,0,99,362
0,브론즈오피온의굴6,69,20,브론즈오피온의굴7,2,27,0,99,362
0,브론즈오피온의굴7,0,27,브론즈오피온의굴6,67,19,0,99,362

0,브론즈오피온의굴7,4,59,브론즈오피온의굴8,8,2,0,99,362
0,브론즈오피온의굴7,5,59,브론즈오피온의굴8,8,2,0,99,362
0,브론즈오피온의굴7,6,59,브론즈오피온의굴8,8,2,0,99,362
0,브론즈오피온의굴8,8,0,브론즈오피온의굴7,5,57,0,99,362

0,브론즈오피온의굴8,29,69,브론즈오피온의굴9,26,2,0,99,362
0,브론즈오피온의굴8,30,69,브론즈오피온의굴9,26,2,0,99,362
0,브론즈오피온의굴8,31,69,브론즈오피온의굴9,26,2,0,99,362
0,브론즈오피온의굴9,26,0,브론즈오피온의굴8,30,67,0,99,362

0,브론즈오피온의굴9,13,79,브론즈오피온의굴10,46,2,0,99,362
0,브론즈오피온의굴9,14,79,브론즈오피온의굴10,46,2,0,99,362
0,브론즈오피온의굴9,15,79,브론즈오피온의굴10,46,2,0,99,362
0,브론즈오피온의굴9,16,79,브론즈오피온의굴10,46,2,0,99,362
0,브론즈오피온의굴10,46,0,브론즈오피온의굴9,14,77,0,99,362

0,브론즈오피온의굴10,18,99,브론즈오피온의굴11,70,2,0,99,362
0,브론즈오피온의굴11,70,0,브론즈오피온의굴10,18,98,0,99,362

0,브론즈오피온의굴11,79,38,브론즈오피온의굴20,3,30,0,99,362
0,브론즈오피온의굴11,79,39,브론즈오피온의굴20,3,30,0,99,362
0,브론즈오피온의굴11,4,79,브론즈오피온의굴12,2,2,0,99,362
0,브론즈오피온의굴12,2,0,브론즈오피온의굴11,4,77,0,99,362

0,브론즈오피온의굴12,33,69,브론즈오피온의굴13,2,19,0,99,362
0,브론즈오피온의굴12,34,69,브론즈오피온의굴13,2,19,0,99,362
0,브론즈오피온의굴12,35,69,브론즈오피온의굴13,2,19,0,99,362
0,브론즈오피온의굴13,0,19,브론즈오피온의굴12,34,67,0,99,362

0,브론즈오피온의굴13,26,49,브론즈오피온의굴14,26,2,0,99,362
0,브론즈오피온의굴13,27,49,브론즈오피온의굴14,26,2,0,99,362
0,브론즈오피온의굴14,26,0,브론즈오피온의굴13,27,47,0,99,362
0,브론즈오피온의굴14,1,75,브론즈오피온의굴13,27,47,0,99,362

0,브론즈오피온의굴14,29,79,브론즈오피온의굴15,26,2,0,99,362
0,브론즈오피온의굴14,30,79,브론즈오피온의굴15,26,2,0,99,362
0,브론즈오피온의굴14,31,79,브론즈오피온의굴15,26,2,0,99,362
0,브론즈오피온의굴14,32,79,브론즈오피온의굴15,26,2,0,99,362
0,브론즈오피온의굴15,26,0,브론즈오피온의굴14,30,77,0,99,362

0,브론즈오피온의굴15,79,17,브론즈오피온의굴16,2,44,0,99,362
0,브론즈오피온의굴15,79,18,브론즈오피온의굴16,2,44,0,99,362
0,브론즈오피온의굴15,79,19,브론즈오피온의굴16,2,44,0,99,362
0,브론즈오피온의굴16,0,44,브론즈오피온의굴15,77,18,0,99,362

0,브론즈오피온의굴16,79,46,브론즈오피온의굴17,2,47,0,99,362
0,브론즈오피온의굴16,79,47,브론즈오피온의굴17,2,47,0,99,362
0,브론즈오피온의굴16,79,48,브론즈오피온의굴17,2,47,0,99,362
0,브론즈오피온의굴16,79,49,브론즈오피온의굴17,2,47,0,99,362
0,브론즈오피온의굴16,79,50,브론즈오피온의굴17,2,47,0,99,362
0,브론즈오피온의굴16,79,51,브론즈오피온의굴17,2,47,0,99,362
0,브론즈오피온의굴17,0,47,브론즈오피온의굴16,77,48,0,99,362

0,브론즈오피온의굴17,69,59,브론즈오피온의굴18,2,77,0,99,362
0,브론즈오피온의굴17,69,60,브론즈오피온의굴18,2,77,0,99,362
0,브론즈오피온의굴17,69,61,브론즈오피온의굴18,2,77,0,99,362
0,브론즈오피온의굴18,0,77,브론즈오피온의굴17,67,60,0,99,362

0,브론즈오피온의굴18,99,54,브론즈오피온의굴19,2,25,0,99,362
0,브론즈오피온의굴18,99,55,브론즈오피온의굴19,2,25,0,99,362
0,브론즈오피온의굴18,99,56,브론즈오피온의굴19,2,25,0,99,362
0,브론즈오피온의굴19,0,25,브론즈오피온의굴18,97,55,0,99,362

0,브론즈오피온의굴19,69,29,브론즈오피온의굴20,2,30,0,99,362
0,브론즈오피온의굴19,69,30,브론즈오피온의굴20,2,30,0,99,362
0,브론즈오피온의굴19,69,31,브론즈오피온의굴20,2,30,0,99,362
0,브론즈오피온의굴20,0,30,브론즈오피온의굴19,67,30,0,99,362

0,브론즈오피온의굴20,99,50,브론즈오피온의굴21,2,27,0,99,362
0,브론즈오피온의굴21,0,27,브론즈오피온의굴20,97,50,0,99,362

0,브론즈오피온의굴21,29,79,브론즈오피온의굴22,23,2,0,99,362
0,브론즈오피온의굴21,30,79,브론즈오피온의굴22,23,2,0,99,362
0,브론즈오피온의굴22,23,0,브론즈오피온의굴21,29,77,0,99,362

0,브론즈오피온의굴22,69,6,브론즈오피온의굴23-1,25,2,0,99,362
0,브론즈오피온의굴23-1,25,0,브론즈오피온의굴22,67,6,0,99,362

0,브론즈오피온의굴23-1,49,3,브론즈오피온의굴24,2,27,0,99,362
0,브론즈오피온의굴23-1,49,4,브론즈오피온의굴24,2,27,0,99,362
0,브론즈오피온의굴24,0,27,브론즈오피온의굴23-1,47,4,0,99,362

0,브론즈오피온의굴22,55,69,브론즈오피온의굴23,2,31,0,99,362
0,브론즈오피온의굴22,56,69,브론즈오피온의굴23,2,31,0,99,362
0,브론즈오피온의굴23,0,31,브론즈오피온의굴22,55,67,0,99,362

0,브론즈오피온의굴23,29,49,브론즈오피온의굴24,32,2,0,99,362
0,브론즈오피온의굴23,30,49,브론즈오피온의굴24,32,2,0,99,362
0,브론즈오피온의굴23,31,49,브론즈오피온의굴24,32,2,0,99,362
0,브론즈오피온의굴24,32,0,브론즈오피온의굴23,30,47,0,99,362

0,브론즈오피온의굴24,56,79,브론즈오피온의굴25,36,8,0,99,362
0,브론즈오피온의굴24,57,79,브론즈오피온의굴25,36,8,0,99,362
0,브론즈오피온의굴24,58,79,브론즈오피온의굴25,36,8,0,99,362
0,브론즈오피온의굴24,59,79,브론즈오피온의굴25,36,8,0,99,362
0,브론즈오피온의굴25,34,7,브론즈오피온의굴24,57,77,0,99,362
0,브론즈오피온의굴25,34,8,브론즈오피온의굴24,57,77,0,99,362

0,브론즈오피온의굴25,28,69,브론즈오피온의굴26,29,6,0,99,362
0,브론즈오피온의굴25,29,69,브론즈오피온의굴26,29,6,0,99,362
0,브론즈오피온의굴25,30,69,브론즈오피온의굴26,29,6,0,99,362
0,브론즈오피온의굴25,31,69,브론즈오피온의굴26,29,6,0,99,362
0,브론즈오피온의굴25,32,69,브론즈오피온의굴26,29,6,0,99,362
0,브론즈오피온의굴25,33,69,브론즈오피온의굴26,29,6,0,99,362
0,브론즈오피온의굴26,28,4,브론즈오피온의굴25,28,66,0,99,362
0,브론즈오피온의굴26,29,4,브론즈오피온의굴25,28,66,0,99,362
0,브론즈오피온의굴26,30,4,브론즈오피온의굴25,28,66,0,99,362

0,브론즈오피온의굴26,3,39,브론즈오피온의굴27,47,23,0,99,362
0,브론즈오피온의굴26,3,40,브론즈오피온의굴27,47,23,0,99,362
0,브론즈오피온의굴27,49,23,브론즈오피온의굴26,5,40,0,99,362
0,브론즈오피온의굴27,49,24,브론즈오피온의굴26,5,40,0,99,362

0,브론즈오피온의굴27,4,49,브론즈오피온의굴28,31,2,0,99,362
0,브론즈오피온의굴27,5,49,브론즈오피온의굴28,31,2,0,99,362
0,브론즈오피온의굴28,30,0,브론즈오피온의굴27,5,47,0,99,362
0,브론즈오피온의굴28,31,0,브론즈오피온의굴27,5,47,0,99,362
0,브론즈오피온의굴28,32,0,브론즈오피온의굴27,5,47,0,99,362
0,브론즈오피온의굴28,33,0,브론즈오피온의굴27,5,47,0,99,362

0,브론즈오피온의굴28,0,59,브론즈오피온의굴29,66,16,0,99,362
0,브론즈오피온의굴28,0,60,브론즈오피온의굴29,66,16,0,99,362
0,브론즈오피온의굴28,0,61,브론즈오피온의굴29,66,16,0,99,362
0,브론즈오피온의굴28,0,62,브론즈오피온의굴29,66,16,0,99,362
0,브론즈오피온의굴28,0,63,브론즈오피온의굴29,66,16,0,99,362
0,브론즈오피온의굴28,0,64,브론즈오피온의굴29,66,16,0,99,362
0,브론즈오피온의굴28,0,65,브론즈오피온의굴29,66,16,0,99,362
0,브론즈오피온의굴28,0,66,브론즈오피온의굴29,66,16,0,99,362
0,브론즈오피온의굴28,0,67,브론즈오피온의굴29,66,16,0,99,362
0,브론즈오피온의굴28,0,68,브론즈오피온의굴29,66,16,0,99,362
0,브론즈오피온의굴28,0,69,브론즈오피온의굴29,66,16,0,99,362
0,브론즈오피온의굴29,69,15,브론즈오피온의굴28,5,63,0,99,362
0,브론즈오피온의굴29,69,15,브론즈오피온의굴28,5,63,0,99,362
0,브론즈오피온의굴29,69,15,브론즈오피온의굴28,5,63,0,99,362
//블루
0,적룡플라밋의굴대기실,29,13,브론즈오피온의굴1,3,14,0,99,362

0,브론즈오피온의굴1,0,14,적룡플라밋의굴대기실,25,13,0,99,362
0,브론즈오피온의굴1,44,69,브론즈오피온의굴2,47,12,0,99,362
0,브론즈오피온의굴2,47,10,브론즈오피온의굴1,44,67,0,99,362
0,브론즈오피온의굴1,69,33,브론즈오피온의굴2,47,12,0,99,362
0,브론즈오피온의굴2,47,10,브론즈오피온의굴1,66,33,0,99,362

0,브론즈오피온의굴2,26,78,브론즈오피온의굴3,20,3,0,99,362
0,브론즈오피온의굴3,20,1,브론즈오피온의굴2,26,75,0,99,362

0,브론즈오피온의굴3,49,25,브론즈오피온의굴4,3,38,0,99,362
0,브론즈오피온의굴4,1,38,브론즈오피온의굴3,46,25,0,99,362

0,브론즈오피온의굴4,67,48,브론즈오피온의굴5,3,43,0,99,362
0,브론즈오피온의굴5,1,43,브론즈오피온의굴4,66,48,0,99,362

0,브론즈오피온의굴5,78,39,브론즈오피온의굴6,2,50,0,99,362
0,브론즈오피온의굴6,0,50,브론즈오피온의굴5,76,39,0,99,362

0,브론즈오피온의굴6,69,18,브론즈오피온의굴7,2,27,0,99,362
0,브론즈오피온의굴6,69,19,브론즈오피온의굴7,2,27,0,99,362
0,브론즈오피온의굴6,69,20,브론즈오피온의굴7,2,27,0,99,362
0,브론즈오피온의굴7,0,27,브론즈오피온의굴6,67,19,0,99,362

0,브론즈오피온의굴7,4,59,브론즈오피온의굴8,8,2,0,99,362
0,브론즈오피온의굴7,5,59,브론즈오피온의굴8,8,2,0,99,362
0,브론즈오피온의굴7,6,59,브론즈오피온의굴8,8,2,0,99,362
0,브론즈오피온의굴8,8,0,브론즈오피온의굴7,5,57,0,99,362

0,브론즈오피온의굴8,29,69,브론즈오피온의굴9,26,2,0,99,362
0,브론즈오피온의굴8,30,69,브론즈오피온의굴9,26,2,0,99,362
0,브론즈오피온의굴8,31,69,브론즈오피온의굴9,26,2,0,99,362
0,브론즈오피온의굴9,26,0,브론즈오피온의굴8,30,67,0,99,362

0,브론즈오피온의굴9,13,79,브론즈오피온의굴10,46,2,0,99,362
0,브론즈오피온의굴9,14,79,브론즈오피온의굴10,46,2,0,99,362
0,브론즈오피온의굴9,15,79,브론즈오피온의굴10,46,2,0,99,362
0,브론즈오피온의굴9,16,79,브론즈오피온의굴10,46,2,0,99,362
0,브론즈오피온의굴10,46,0,브론즈오피온의굴9,14,77,0,99,362

0,브론즈오피온의굴10,18,99,브론즈오피온의굴11,70,2,0,99,362
0,브론즈오피온의굴11,70,0,브론즈오피온의굴10,18,97,0,99,362

0,브론즈오피온의굴11,79,38,브론즈오피온의굴20,3,30,0,99,362
0,브론즈오피온의굴11,79,39,브론즈오피온의굴20,3,30,0,99,362
0,브론즈오피온의굴11,4,79,브론즈오피온의굴12,2,2,0,99,362
0,브론즈오피온의굴12,2,0,브론즈오피온의굴11,4,77,0,99,362

0,브론즈오피온의굴12,33,69,브론즈오피온의굴13,2,19,0,99,362
0,브론즈오피온의굴12,34,69,브론즈오피온의굴13,2,19,0,99,362
0,브론즈오피온의굴12,35,69,브론즈오피온의굴13,2,19,0,99,362
0,브론즈오피온의굴13,0,19,브론즈오피온의굴12,34,67,0,99,362

0,브론즈오피온의굴13,26,49,브론즈오피온의굴14,26,2,0,99,362
0,브론즈오피온의굴13,27,49,브론즈오피온의굴14,26,2,0,99,362
0,브론즈오피온의굴14,26,0,브론즈오피온의굴13,27,47,0,99,362
0,브론즈오피온의굴14,1,75,브론즈오피온의굴13,27,47,0,99,362

0,브론즈오피온의굴14,29,79,브론즈오피온의굴15,26,2,0,99,362
0,브론즈오피온의굴14,30,79,브론즈오피온의굴15,26,2,0,99,362
0,브론즈오피온의굴14,31,79,브론즈오피온의굴15,26,2,0,99,362
0,브론즈오피온의굴14,32,79,브론즈오피온의굴15,26,2,0,99,362
0,브론즈오피온의굴15,26,0,브론즈오피온의굴14,30,77,0,99,362

0,브론즈오피온의굴15,79,17,브론즈오피온의굴16,2,44,0,99,362
0,브론즈오피온의굴15,79,18,브론즈오피온의굴16,2,44,0,99,362
0,브론즈오피온의굴15,79,19,브론즈오피온의굴16,2,44,0,99,362
0,브론즈오피온의굴16,0,44,브론즈오피온의굴15,77,18,0,99,362

0,브론즈오피온의굴16,79,46,브론즈오피온의굴17,2,47,0,99,362
0,브론즈오피온의굴16,79,47,브론즈오피온의굴17,2,47,0,99,362
0,브론즈오피온의굴16,79,48,브론즈오피온의굴17,2,47,0,99,362
0,브론즈오피온의굴16,79,49,브론즈오피온의굴17,2,47,0,99,362
0,브론즈오피온의굴16,79,50,브론즈오피온의굴17,2,47,0,99,362
0,브론즈오피온의굴16,79,51,브론즈오피온의굴17,2,47,0,99,362
0,브론즈오피온의굴17,0,47,브론즈오피온의굴16,77,48,0,99,362

0,브론즈오피온의굴17,69,59,브론즈오피온의굴18,2,77,0,99,362
0,브론즈오피온의굴17,69,60,브론즈오피온의굴18,2,77,0,99,362
0,브론즈오피온의굴17,69,61,브론즈오피온의굴18,2,77,0,99,362
0,브론즈오피온의굴18,0,77,브론즈오피온의굴17,67,60,0,99,362

0,브론즈오피온의굴18,99,54,브론즈오피온의굴19,2,25,0,99,362
0,브론즈오피온의굴18,99,55,브론즈오피온의굴19,2,25,0,99,362
0,브론즈오피온의굴18,99,56,브론즈오피온의굴19,2,25,0,99,362
0,브론즈오피온의굴19,0,25,브론즈오피온의굴18,97,55,0,99,362

0,브론즈오피온의굴19,69,29,브론즈오피온의굴20,2,30,0,99,362
0,브론즈오피온의굴19,69,30,브론즈오피온의굴20,2,30,0,99,362
0,브론즈오피온의굴19,69,31,브론즈오피온의굴20,2,30,0,99,362
0,브론즈오피온의굴20,0,30,브론즈오피온의굴19,67,30,0,99,362

0,브론즈오피온의굴20,99,50,브론즈오피온의굴21,2,27,0,99,362
0,브론즈오피온의굴21,0,27,브론즈오피온의굴20,97,50,0,99,362

0,브론즈오피온의굴21,29,79,브론즈오피온의굴22,23,2,0,99,362
0,브론즈오피온의굴21,30,79,브론즈오피온의굴22,23,2,0,99,362
0,브론즈오피온의굴22,23,0,브론즈오피온의굴21,29,77,0,99,362

//0,브론즈오피온의굴22,69,6,브론즈오피온의굴23-1,25,2,0,99,362
0,브론즈오피온의굴23-1,25,0,브론즈오피온의굴22,67,6,0,99,362

0,브론즈오피온의굴23-1,49,3,브론즈오피온의굴24,2,27,0,99,362
0,브론즈오피온의굴23-1,49,4,브론즈오피온의굴24,2,27,0,99,362
0,브론즈오피온의굴24,0,27,브론즈오피온의굴23-1,47,4,0,99,362

//0,브론즈오피온의굴22,55,69,브론즈오피온의굴23,2,31,0,99,362
//0,브론즈오피온의굴22,56,69,브론즈오피온의굴23,2,31,0,99,362
0,브론즈오피온의굴23,0,31,브론즈오피온의굴22,55,67,0,99,362

0,브론즈오피온의굴23,29,49,브론즈오피온의굴24,32,2,0,99,362
0,브론즈오피온의굴23,30,49,브론즈오피온의굴24,32,2,0,99,362
0,브론즈오피온의굴23,31,49,브론즈오피온의굴24,32,2,0,99,362
0,브론즈오피온의굴24,32,0,브론즈오피온의굴23,30,47,0,99,362

0,브론즈오피온의굴24,56,79,브론즈오피온의굴25,36,8,0,99,362
0,브론즈오피온의굴24,57,79,브론즈오피온의굴25,36,8,0,99,362
0,브론즈오피온의굴24,58,79,브론즈오피온의굴25,36,8,0,99,362
0,브론즈오피온의굴24,59,79,브론즈오피온의굴25,36,8,0,99,362
0,브론즈오피온의굴25,34,7,브론즈오피온의굴24,57,77,0,99,362
0,브론즈오피온의굴25,34,8,브론즈오피온의굴24,57,77,0,99,362

0,브론즈오피온의굴25,28,69,브론즈오피온의굴26,29,6,0,99,362
0,브론즈오피온의굴25,29,69,브론즈오피온의굴26,29,6,0,99,362
0,브론즈오피온의굴25,30,69,브론즈오피온의굴26,29,6,0,99,362
0,브론즈오피온의굴25,31,69,브론즈오피온의굴26,29,6,0,99,362
0,브론즈오피온의굴25,32,69,브론즈오피온의굴26,29,6,0,99,362
0,브론즈오피온의굴25,33,69,브론즈오피온의굴26,29,6,0,99,362
0,브론즈오피온의굴26,28,4,브론즈오피온의굴25,28,66,0,99,362
0,브론즈오피온의굴26,29,4,브론즈오피온의굴25,28,66,0,99,362
0,브론즈오피온의굴26,30,4,브론즈오피온의굴25,28,66,0,99,362

0,브론즈오피온의굴26,3,39,브론즈오피온의굴27,47,23,0,99,362
0,브론즈오피온의굴26,3,40,브론즈오피온의굴27,47,23,0,99,362
0,브론즈오피온의굴27,49,23,브론즈오피온의굴26,5,40,0,99,362
0,브론즈오피온의굴27,49,24,브론즈오피온의굴26,5,40,0,99,362

0,브론즈오피온의굴27,4,49,브론즈오피온의굴28,31,2,0,99,362
0,브론즈오피온의굴27,5,49,브론즈오피온의굴28,31,2,0,99,362
0,브론즈오피온의굴28,30,0,브론즈오피온의굴27,5,47,0,99,362
0,브론즈오피온의굴28,31,0,브론즈오피온의굴27,5,47,0,99,362
0,브론즈오피온의굴28,32,0,브론즈오피온의굴27,5,47,0,99,362
0,브론즈오피온의굴28,33,0,브론즈오피온의굴27,5,47,0,99,362

0,브론즈오피온의굴28,0,59,브론즈오피온의굴29,66,16,0,99,362
0,브론즈오피온의굴28,0,60,브론즈오피온의굴29,66,16,0,99,362
0,브론즈오피온의굴28,0,61,브론즈오피온의굴29,66,16,0,99,362
0,브론즈오피온의굴28,0,62,브론즈오피온의굴29,66,16,0,99,362
0,브론즈오피온의굴28,0,63,브론즈오피온의굴29,66,16,0,99,362
0,브론즈오피온의굴28,0,64,브론즈오피온의굴29,66,16,0,99,362
0,브론즈오피온의굴28,0,65,브론즈오피온의굴29,66,16,0,99,362
0,브론즈오피온의굴28,0,66,브론즈오피온의굴29,66,16,0,99,362
0,브론즈오피온의굴28,0,67,브론즈오피온의굴29,66,16,0,99,362
0,브론즈오피온의굴28,0,68,브론즈오피온의굴29,66,16,0,99,362
0,브론즈오피온의굴28,0,69,브론즈오피온의굴29,66,16,0,99,362
0,브론즈오피온의굴29,69,15,브론즈오피온의굴28,5,63,0,99,362
0,브론즈오피온의굴29,69,15,브론즈오피온의굴28,5,63,0,99,362
0,브론즈오피온의굴29,69,15,브론즈오피온의굴28,5,63,0,99,362
// 블루
0,적룡플라밋의굴대기실,27,16,블루오피온의굴1,3,14,0,99,362
0,적룡플라밋의굴대기실,29,16,블루오피온의굴1,3,14,0,99,362

0,블루오피온의굴1,0,14,적룡플라밋의굴대기실,25,13,0,99,362
0,블루오피온의굴1,44,69,블루오피온의굴2,47,12,0,99,362
0,블루오피온의굴2,47,10,블루오피온의굴1,44,67,0,99,362
0,블루오피온의굴1,69,33,블루오피온의굴2,47,12,0,99,362
0,블루오피온의굴2,47,10,블루오피온의굴1,66,33,0,99,362

0,블루오피온의굴2,26,78,블루오피온의굴3,20,3,0,99,362
0,블루오피온의굴3,20,1,블루오피온의굴2,26,75,0,99,362

0,블루오피온의굴3,49,25,블루오피온의굴4,3,38,0,99,362
0,블루오피온의굴4,1,38,블루오피온의굴3,46,25,0,99,362

0,블루오피온의굴4,67,48,블루오피온의굴5,3,43,0,99,362
0,블루오피온의굴5,1,43,블루오피온의굴4,66,48,0,99,362

0,블루오피온의굴5,78,39,블루오피온의굴6,2,50,0,99,362
0,블루오피온의굴6,0,50,블루오피온의굴5,76,39,0,99,362

0,블루오피온의굴6,69,18,블루오피온의굴7,2,27,0,99,362
0,블루오피온의굴6,69,19,블루오피온의굴7,2,27,0,99,362
0,블루오피온의굴6,69,20,블루오피온의굴7,2,27,0,99,362
0,블루오피온의굴7,0,27,블루오피온의굴6,67,19,0,99,362

0,블루오피온의굴7,4,59,블루오피온의굴8,8,2,0,99,362
0,블루오피온의굴7,5,59,블루오피온의굴8,8,2,0,99,362
0,블루오피온의굴7,6,59,블루오피온의굴8,8,2,0,99,362
0,블루오피온의굴8,8,0,블루오피온의굴7,5,57,0,99,362

0,블루오피온의굴8,29,69,블루오피온의굴9,26,2,0,99,362
0,블루오피온의굴8,30,69,블루오피온의굴9,26,2,0,99,362
0,블루오피온의굴8,31,69,블루오피온의굴9,26,2,0,99,362
0,블루오피온의굴9,26,0,블루오피온의굴8,30,67,0,99,362

0,블루오피온의굴9,13,79,블루오피온의굴10,46,2,0,99,362
0,블루오피온의굴9,14,79,블루오피온의굴10,46,2,0,99,362
0,블루오피온의굴9,15,79,블루오피온의굴10,46,2,0,99,362
0,블루오피온의굴9,16,79,블루오피온의굴10,46,2,0,99,362
0,블루오피온의굴10,46,0,블루오피온의굴9,14,77,0,99,362

0,블루오피온의굴10,18,99,블루오피온의굴11,70,2,0,99,362
0,블루오피온의굴11,70,0,블루오피온의굴10,18,97,0,99,362

0,블루오피온의굴11,79,38,블루오피온의굴20,3,30,0,99,362
0,블루오피온의굴11,79,39,블루오피온의굴20,3,30,0,99,362
0,블루오피온의굴11,4,79,블루오피온의굴12,2,2,0,99,362
0,블루오피온의굴12,2,0,블루오피온의굴11,4,77,0,99,362

0,블루오피온의굴12,33,69,블루오피온의굴13,2,19,0,99,362
0,블루오피온의굴12,34,69,블루오피온의굴13,2,19,0,99,362
0,블루오피온의굴12,35,69,블루오피온의굴13,2,19,0,99,362
0,블루오피온의굴13,0,19,블루오피온의굴12,34,67,0,99,362

0,블루오피온의굴13,26,49,블루오피온의굴14,26,2,0,99,362
0,블루오피온의굴13,27,49,블루오피온의굴14,26,2,0,99,362
0,블루오피온의굴14,26,0,블루오피온의굴13,27,47,0,99,362
0,블루오피온의굴14,1,75,블루오피온의굴13,27,47,0,99,362

0,블루오피온의굴14,29,79,블루오피온의굴15,26,2,0,99,362
0,블루오피온의굴14,30,79,블루오피온의굴15,26,2,0,99,362
0,블루오피온의굴14,31,79,블루오피온의굴15,26,2,0,99,362
0,블루오피온의굴14,32,79,블루오피온의굴15,26,2,0,99,362
0,블루오피온의굴15,26,0,블루오피온의굴14,30,77,0,99,362

0,블루오피온의굴15,79,17,블루오피온의굴16,2,44,0,99,362
0,블루오피온의굴15,79,18,블루오피온의굴16,2,44,0,99,362
0,블루오피온의굴15,79,19,블루오피온의굴16,2,44,0,99,362
0,블루오피온의굴16,0,44,블루오피온의굴15,77,18,0,99,362

0,블루오피온의굴16,79,46,블루오피온의굴17,2,47,0,99,362
0,블루오피온의굴16,79,47,블루오피온의굴17,2,47,0,99,362
0,블루오피온의굴16,79,48,블루오피온의굴17,2,47,0,99,362
0,블루오피온의굴16,79,49,블루오피온의굴17,2,47,0,99,362
0,블루오피온의굴16,79,50,블루오피온의굴17,2,47,0,99,362
0,블루오피온의굴16,79,51,블루오피온의굴17,2,47,0,99,362
0,블루오피온의굴17,0,47,블루오피온의굴16,77,48,0,99,362

0,블루오피온의굴17,69,59,블루오피온의굴18,2,77,0,99,362
0,블루오피온의굴17,69,60,블루오피온의굴18,2,77,0,99,362
0,블루오피온의굴17,69,61,블루오피온의굴18,2,77,0,99,362
0,블루오피온의굴18,0,77,블루오피온의굴17,67,60,0,99,362

0,블루오피온의굴18,99,54,블루오피온의굴19,2,25,0,99,362
0,블루오피온의굴18,99,55,블루오피온의굴19,2,25,0,99,362
0,블루오피온의굴18,99,56,블루오피온의굴19,2,25,0,99,362
0,블루오피온의굴19,0,25,블루오피온의굴18,97,55,0,99,362

0,블루오피온의굴19,69,29,블루오피온의굴20,2,30,0,99,362
0,블루오피온의굴19,69,30,블루오피온의굴20,2,30,0,99,362
0,블루오피온의굴19,69,31,블루오피온의굴20,2,30,0,99,362
0,블루오피온의굴20,0,30,블루오피온의굴19,67,30,0,99,362

0,블루오피온의굴20,99,50,블루오피온의굴21,2,27,0,99,362
0,블루오피온의굴21,0,27,블루오피온의굴20,97,50,0,99,362

0,블루오피온의굴21,29,79,블루오피온의굴22,23,2,0,99,362
0,블루오피온의굴21,30,79,블루오피온의굴22,23,2,0,99,362
0,블루오피온의굴22,23,0,블루오피온의굴21,29,77,0,99,362

0,블루오피온의굴22,69,6,블루오피온의굴23-1,25,2,0,99,362
0,블루오피온의굴23-1,25,0,블루오피온의굴22,67,6,0,99,362

0,블루오피온의굴23-1,49,3,블루오피온의굴24,2,27,0,99,362
0,블루오피온의굴23-1,49,4,블루오피온의굴24,2,27,0,99,362
0,블루오피온의굴24,0,27,블루오피온의굴23-1,47,4,0,99,362

0,블루오피온의굴22,55,69,블루오피온의굴23,2,31,0,99,362
0,블루오피온의굴22,56,69,블루오피온의굴23,2,31,0,99,362
0,블루오피온의굴23,0,31,블루오피온의굴22,55,67,0,99,362

0,블루오피온의굴23,29,49,블루오피온의굴24,32,2,0,99,362
0,블루오피온의굴23,30,49,블루오피온의굴24,32,2,0,99,362
0,블루오피온의굴23,31,49,블루오피온의굴24,32,2,0,99,362
0,블루오피온의굴24,32,0,블루오피온의굴23,30,47,0,99,362

0,블루오피온의굴24,56,79,블루오피온의굴25,36,8,0,99,362
0,블루오피온의굴24,57,79,블루오피온의굴25,36,8,0,99,362
0,블루오피온의굴24,58,79,블루오피온의굴25,36,8,0,99,362
0,블루오피온의굴24,59,79,블루오피온의굴25,36,8,0,99,362
0,블루오피온의굴25,34,7,블루오피온의굴24,57,77,0,99,362
0,블루오피온의굴25,34,8,블루오피온의굴24,57,77,0,99,362

0,블루오피온의굴25,28,69,블루오피온의굴26,29,6,0,99,362
0,블루오피온의굴25,29,69,블루오피온의굴26,29,6,0,99,362
0,블루오피온의굴25,30,69,블루오피온의굴26,29,6,0,99,362
0,블루오피온의굴25,31,69,블루오피온의굴26,29,6,0,99,362
0,블루오피온의굴25,32,69,블루오피온의굴26,29,6,0,99,362
0,블루오피온의굴25,33,69,블루오피온의굴26,29,6,0,99,362
0,블루오피온의굴26,28,4,블루오피온의굴25,28,66,0,99,362
0,블루오피온의굴26,29,4,블루오피온의굴25,28,66,0,99,362
0,블루오피온의굴26,30,4,블루오피온의굴25,28,66,0,99,362

0,블루오피온의굴26,3,39,블루오피온의굴27,47,23,0,99,362
0,블루오피온의굴26,3,40,블루오피온의굴27,47,23,0,99,362
0,블루오피온의굴27,49,23,블루오피온의굴26,5,40,0,99,362
0,블루오피온의굴27,49,24,블루오피온의굴26,5,40,0,99,362

0,블루오피온의굴27,4,49,블루오피온의굴28,31,2,0,99,362
0,블루오피온의굴27,5,49,블루오피온의굴28,31,2,0,99,362
0,블루오피온의굴28,30,0,블루오피온의굴27,5,47,0,99,362
0,블루오피온의굴28,31,0,블루오피온의굴27,5,47,0,99,362
0,블루오피온의굴28,32,0,블루오피온의굴27,5,47,0,99,362
0,블루오피온의굴28,33,0,블루오피온의굴27,5,47,0,99,362

0,블루오피온의굴28,0,59,블루오피온의굴29,66,16,0,99,362
0,블루오피온의굴28,0,60,블루오피온의굴29,66,16,0,99,362
0,블루오피온의굴28,0,61,블루오피온의굴29,66,16,0,99,362
0,블루오피온의굴28,0,62,블루오피온의굴29,66,16,0,99,362
0,블루오피온의굴28,0,63,블루오피온의굴29,66,16,0,99,362
0,블루오피온의굴28,0,64,블루오피온의굴29,66,16,0,99,362
0,블루오피온의굴28,0,65,블루오피온의굴29,66,16,0,99,362
0,블루오피온의굴28,0,66,블루오피온의굴29,66,16,0,99,362
0,블루오피온의굴28,0,67,블루오피온의굴29,66,16,0,99,362
0,블루오피온의굴28,0,68,블루오피온의굴29,66,16,0,99,362
0,블루오피온의굴28,0,69,블루오피온의굴29,66,16,0,99,362
0,블루오피온의굴29,69,15,블루오피온의굴28,5,63,0,99,362
0,블루오피온의굴29,69,16,블루오피온의굴28,5,63,0,99,362
0,블루오피온의굴29,69,17,블루오피온의굴28,5,63,0,99,362


// 레드
0,적룡플라밋의굴대기실,27,22,레드오피온의굴1,3,14,0,99,362
0,적룡플라밋의굴대기실,29,22,레드오피온의굴1,3,14,0,99,362

0,레드오피온의굴1,0,14,적룡플라밋의굴대기실,25,13,0,99,362
0,레드오피온의굴1,44,69,레드오피온의굴2,47,12,0,99,362
0,레드오피온의굴2,47,10,레드오피온의굴1,44,67,0,99,362
0,레드오피온의굴1,69,33,레드오피온의굴2,47,12,0,99,362
0,레드오피온의굴2,47,10,레드오피온의굴1,66,33,0,99,362

0,레드오피온의굴2,26,78,레드오피온의굴3,20,3,0,99,362
0,레드오피온의굴3,20,1,레드오피온의굴2,26,75,0,99,362

0,레드오피온의굴3,49,25,레드오피온의굴4,3,38,0,99,362
0,레드오피온의굴4,1,38,레드오피온의굴3,46,25,0,99,362

0,레드오피온의굴4,67,48,레드오피온의굴5,3,43,0,99,362
0,레드오피온의굴5,1,43,레드오피온의굴4,66,48,0,99,362

0,레드오피온의굴5,78,39,레드오피온의굴6,2,50,0,99,362
0,레드오피온의굴6,0,50,레드오피온의굴5,76,39,0,99,362

0,레드오피온의굴6,69,18,레드오피온의굴7,2,27,0,99,362
0,레드오피온의굴6,69,19,레드오피온의굴7,2,27,0,99,362
0,레드오피온의굴6,69,20,레드오피온의굴7,2,27,0,99,362
0,레드오피온의굴7,0,27,레드오피온의굴6,67,19,0,99,362

0,레드오피온의굴7,4,59,레드오피온의굴8,8,2,0,99,362
0,레드오피온의굴7,5,59,레드오피온의굴8,8,2,0,99,362
0,레드오피온의굴7,6,59,레드오피온의굴8,8,2,0,99,362
0,레드오피온의굴8,8,0,레드오피온의굴7,5,57,0,99,362

0,레드오피온의굴8,29,69,레드오피온의굴9,26,2,0,99,362
0,레드오피온의굴8,30,69,레드오피온의굴9,26,2,0,99,362
0,레드오피온의굴8,31,69,레드오피온의굴9,26,2,0,99,362
0,레드오피온의굴9,26,0,레드오피온의굴8,30,67,0,99,362

0,레드오피온의굴9,13,79,레드오피온의굴10,46,2,0,99,362
0,레드오피온의굴9,14,79,레드오피온의굴10,46,2,0,99,362
0,레드오피온의굴9,15,79,레드오피온의굴10,46,2,0,99,362
0,레드오피온의굴9,16,79,레드오피온의굴10,46,2,0,99,362
0,레드오피온의굴10,46,0,레드오피온의굴9,14,77,0,99,362

0,레드오피온의굴10,18,99,레드오피온의굴11,70,2,0,99,362
0,레드오피온의굴11,70,0,레드오피온의굴10,18,97,0,99,362

0,레드오피온의굴11,79,38,레드오피온의굴20,3,30,0,99,362
0,레드오피온의굴11,79,39,레드오피온의굴20,3,30,0,99,362
0,레드오피온의굴11,4,79,레드오피온의굴12,2,2,0,99,362
0,레드오피온의굴12,2,0,레드오피온의굴11,4,77,0,99,362

0,레드오피온의굴12,33,69,레드오피온의굴13,2,19,0,99,362
0,레드오피온의굴12,34,69,레드오피온의굴13,2,19,0,99,362
0,레드오피온의굴12,35,69,레드오피온의굴13,2,19,0,99,362
0,레드오피온의굴13,0,19,레드오피온의굴12,34,67,0,99,362

0,레드오피온의굴13,26,49,레드오피온의굴14,26,2,0,99,362
0,레드오피온의굴13,27,49,레드오피온의굴14,26,2,0,99,362
0,레드오피온의굴14,26,0,레드오피온의굴13,27,47,0,99,362
0,레드오피온의굴14,1,75,레드오피온의굴13,27,47,0,99,362

0,레드오피온의굴14,29,79,레드오피온의굴15,26,2,0,99,362
0,레드오피온의굴14,30,79,레드오피온의굴15,26,2,0,99,362
0,레드오피온의굴14,31,79,레드오피온의굴15,26,2,0,99,362
0,레드오피온의굴14,32,79,레드오피온의굴15,26,2,0,99,362
0,레드오피온의굴15,26,0,레드오피온의굴14,30,77,0,99,362

0,레드오피온의굴15,79,17,레드오피온의굴16,2,44,0,99,362
0,레드오피온의굴15,79,18,레드오피온의굴16,2,44,0,99,362
0,레드오피온의굴15,79,19,레드오피온의굴16,2,44,0,99,362
0,레드오피온의굴16,0,44,레드오피온의굴15,77,18,0,99,362

0,레드오피온의굴16,79,46,레드오피온의굴17,2,47,0,99,362
0,레드오피온의굴16,79,47,레드오피온의굴17,2,47,0,99,362
0,레드오피온의굴16,79,48,레드오피온의굴17,2,47,0,99,362
0,레드오피온의굴16,79,49,레드오피온의굴17,2,47,0,99,362
0,레드오피온의굴16,79,50,레드오피온의굴17,2,47,0,99,362
0,레드오피온의굴16,79,51,레드오피온의굴17,2,47,0,99,362
0,레드오피온의굴17,0,47,레드오피온의굴16,77,48,0,99,362

0,레드오피온의굴17,69,59,레드오피온의굴18,2,77,0,99,362
0,레드오피온의굴17,69,60,레드오피온의굴18,2,77,0,99,362
0,레드오피온의굴17,69,61,레드오피온의굴18,2,77,0,99,362
0,레드오피온의굴18,0,77,레드오피온의굴17,67,60,0,99,362

0,레드오피온의굴18,99,54,레드오피온의굴19,2,25,0,99,362
0,레드오피온의굴18,99,55,레드오피온의굴19,2,25,0,99,362
0,레드오피온의굴18,99,56,레드오피온의굴19,2,25,0,99,362
0,레드오피온의굴19,0,25,레드오피온의굴18,97,55,0,99,362

0,레드오피온의굴19,69,29,레드오피온의굴20,2,30,0,99,362
0,레드오피온의굴19,69,30,레드오피온의굴20,2,30,0,99,362
0,레드오피온의굴19,69,31,레드오피온의굴20,2,30,0,99,362
0,레드오피온의굴20,0,30,레드오피온의굴19,67,30,0,99,362

0,레드오피온의굴20,99,50,레드오피온의굴21,2,27,0,99,362
0,레드오피온의굴21,0,27,레드오피온의굴20,97,50,0,99,362

0,레드오피온의굴21,29,79,레드오피온의굴22,23,2,0,99,362
0,레드오피온의굴21,30,79,레드오피온의굴22,23,2,0,99,362
0,레드오피온의굴22,23,0,레드오피온의굴21,29,77,0,99,362

0,레드오피온의굴22,69,6,레드오피온의굴23-1,25,2,0,99,362
0,레드오피온의굴23-1,25,0,레드오피온의굴22,67,6,0,99,362

0,레드오피온의굴23-1,49,3,레드오피온의굴24,2,27,0,99,362
0,레드오피온의굴23-1,49,4,레드오피온의굴24,2,27,0,99,362
0,레드오피온의굴24,0,27,레드오피온의굴23-1,47,4,0,99,362

0,레드오피온의굴22,55,69,레드오피온의굴23,2,31,0,99,362
0,레드오피온의굴22,56,69,레드오피온의굴23,2,31,0,99,362
0,레드오피온의굴23,0,31,레드오피온의굴22,55,67,0,99,362

0,레드오피온의굴23,29,49,레드오피온의굴24,32,2,0,99,362
0,레드오피온의굴23,30,49,레드오피온의굴24,32,2,0,99,362
0,레드오피온의굴23,31,49,레드오피온의굴24,32,2,0,99,362
0,레드오피온의굴24,32,0,레드오피온의굴23,30,47,0,99,362

0,레드오피온의굴24,56,79,레드오피온의굴25,36,8,0,99,362
0,레드오피온의굴24,57,79,레드오피온의굴25,36,8,0,99,362
0,레드오피온의굴24,58,79,레드오피온의굴25,36,8,0,99,362
0,레드오피온의굴24,59,79,레드오피온의굴25,36,8,0,99,362
0,레드오피온의굴25,34,7,레드오피온의굴24,57,77,0,99,362
0,레드오피온의굴25,34,8,레드오피온의굴24,57,77,0,99,362

0,레드오피온의굴25,28,69,레드오피온의굴26,29,6,0,99,362
0,레드오피온의굴25,29,69,레드오피온의굴26,29,6,0,99,362
0,레드오피온의굴25,30,69,레드오피온의굴26,29,6,0,99,362
0,레드오피온의굴25,31,69,레드오피온의굴26,29,6,0,99,362
0,레드오피온의굴25,32,69,레드오피온의굴26,29,6,0,99,362
0,레드오피온의굴25,33,69,레드오피온의굴26,29,6,0,99,362
0,레드오피온의굴26,28,4,레드오피온의굴25,28,66,0,99,362
0,레드오피온의굴26,29,4,레드오피온의굴25,28,66,0,99,362
0,레드오피온의굴26,30,4,레드오피온의굴25,28,66,0,99,362

0,레드오피온의굴26,3,39,레드오피온의굴27,47,23,0,99,362
0,레드오피온의굴26,3,40,레드오피온의굴27,47,23,0,99,362
0,레드오피온의굴27,49,23,레드오피온의굴26,5,40,0,99,362
0,레드오피온의굴27,49,24,레드오피온의굴26,5,40,0,99,362

0,레드오피온의굴27,4,49,레드오피온의굴28,31,2,0,99,362
0,레드오피온의굴27,5,49,레드오피온의굴28,31,2,0,99,362
0,레드오피온의굴28,30,0,레드오피온의굴27,5,47,0,99,362
0,레드오피온의굴28,31,0,레드오피온의굴27,5,47,0,99,362
0,레드오피온의굴28,32,0,레드오피온의굴27,5,47,0,99,362
0,레드오피온의굴28,33,0,레드오피온의굴27,5,47,0,99,362

0,레드오피온의굴28,0,59,레드오피온의굴29,66,16,0,99,362
0,레드오피온의굴28,0,60,레드오피온의굴29,66,16,0,99,362
0,레드오피온의굴28,0,61,레드오피온의굴29,66,16,0,99,362
0,레드오피온의굴28,0,62,레드오피온의굴29,66,16,0,99,362
0,레드오피온의굴28,0,63,레드오피온의굴29,66,16,0,99,362
0,레드오피온의굴28,0,64,레드오피온의굴29,66,16,0,99,362
0,레드오피온의굴28,0,65,레드오피온의굴29,66,16,0,99,362
0,레드오피온의굴28,0,66,레드오피온의굴29,66,16,0,99,362
0,레드오피온의굴28,0,67,레드오피온의굴29,66,16,0,99,362
0,레드오피온의굴28,0,68,레드오피온의굴29,66,16,0,99,362
0,레드오피온의굴28,0,69,레드오피온의굴29,66,16,0,99,362
0,레드오피온의굴29,69,15,레드오피온의굴28,5,63,0,99,362
0,레드오피온의굴29,69,16,레드오피온의굴28,5,63,0,99,362
0,레드오피온의굴29,69,17,레드오피온의굴28,5,63,0,99,362

4,브론즈오피온의굴28,76,88,죽음의마을이동1,0,0,0,99,362
4,브론즈오피온의굴28,76,89,죽음의마을이동1,0,0,0,99,362

4,블루오피온의굴28,76,88,죽음의마을이동1,0,0,0,99,362
4,블루오피온의굴28,76,89,죽음의마을이동1,0,0,0,99,362

4,레드오피온의굴28,76,88,죽음의마을이동1,0,0,0,99,362
4,레드오피온의굴28,76,89,죽음의마을이동1,0,0,0,99,362

0,용암아랫길1,0,4,적룡플라밋의굴대기실,16,13,0,99,362
0,용암아랫길1,0,5,적룡플라밋의굴대기실,16,13,0,99,362
0,용암아랫길1,0,6,적룡플라밋의굴대기실,16,13,0,99,362
0,용암아랫길1,0,7,적룡플라밋의굴대기실,16,13,0,99,362
0,용암아랫길1,0,8,적룡플라밋의굴대기실,16,13,0,99,362

0,용암아랫길1,24,12,서약의제단,1,9,0,99,362
0,용암아랫길1,24,13,서약의제단,1,9,0,99,362
0,용암아랫길1,24,14,서약의제단,1,10,0,99,362
0,용암아랫길1,24,15,서약의제단,1,10,0,99,362
0,용암아랫길1,24,16,서약의제단,1,11,0,99,362
0,용암아랫길1,24,17,서약의제단,1,12,0,99,362

0,서약의제단,0,9,적룡플라밋의굴대기실,16,13,0,99,362
0,서약의제단,0,10,적룡플라밋의굴대기실,16,13,0,99,362
0,서약의제단,0,11,적룡플라밋의굴대기실,16,13,0,99,362
0,서약의제단,0,12,적룡플라밋의굴대기실,16,13,0,99,362

0,서약의제단,44,27,블랙오피온의굴1,26,2,0,99,362
0,서약의제단,44,28,블랙오피온의굴1,26,2,0,99,362
0,서약의제단,44,29,블랙오피온의굴1,25,2,0,99,362
0,서약의제단,44,30,블랙오피온의굴1,24,2,0,99,362

0,블랙오피온의굴1,69,15,블랙오피온의굴2,2,62,0,99,362
0,블랙오피온의굴1,69,16,블랙오피온의굴2,2,62,0,99,362
0,블랙오피온의굴1,69,17,블랙오피온의굴2,2,66,0,99,362

0,블랙오피온의굴2,0,61,블랙오피온의굴1,68,15,0,99,362
0,블랙오피온의굴2,0,62,블랙오피온의굴1,68,15,0,99,362
0,블랙오피온의굴2,0,63,블랙오피온의굴1,68,15,0,99,362
0,블랙오피온의굴2,0,65,블랙오피온의굴1,68,16,0,99,362
0,블랙오피온의굴2,0,66,블랙오피온의굴1,68,16,0,99,362
0,블랙오피온의굴2,0,67,블랙오피온의굴1,68,17,0,99,362

0,블랙오피온의굴2,30,0,블랙오피온의굴3,4,47,0,99,362
0,블랙오피온의굴2,31,0,블랙오피온의굴3,5,47,0,99,362
0,블랙오피온의굴2,33,0,블랙오피온의굴3,5,47,0,99,362

0,블랙오피온의굴3,4,49,블랙오피온의굴2,31,2,0,99,362
0,블랙오피온의굴3,5,49,블랙오피온의굴2,33,2,0,99,362

0,블랙오피온의굴3,49,23,블랙오피온의굴4,5,39,0,99,362
0,블랙오피온의굴3,49,24,블랙오피온의굴4,5,40,0,99,362

0,블랙오피온의굴4,3,39,블랙오피온의굴3,47,23,0,99,362
0,블랙오피온의굴4,3,40,블랙오피온의굴3,47,24,0,99,362

0,블랙오피온의굴4,28,4,블랙오피온의굴5,28,66,0,99,362
0,블랙오피온의굴4,29,4,블랙오피온의굴5,28,66,0,99,362
0,블랙오피온의굴4,30,4,블랙오피온의굴5,29,66,0,99,362

0,블랙오피온의굴5,27,69,블랙오피온의굴4,29,6,0,99,362
0,블랙오피온의굴5,28,69,블랙오피온의굴4,29,6,0,99,362
0,블랙오피온의굴5,29,69,블랙오피온의굴4,30,6,0,99,362
0,블랙오피온의굴5,30,69,블랙오피온의굴4,30,6,0,99,362

0,블랙오피온의굴5,34,7,블랙오피온의굴6,57,77,0,99,362
0,블랙오피온의굴5,34,8,블랙오피온의굴6,58,77,0,99,362

0,블랙오피온의굴6,56,79,블랙오피온의굴5,36,7,0,99,362
0,블랙오피온의굴6,57,79,블랙오피온의굴5,36,7,0,99,362
0,블랙오피온의굴6,58,79,블랙오피온의굴5,36,8,0,99,362
0,블랙오피온의굴6,59,79,블랙오피온의굴5,36,8,0,99,362

0,블랙오피온의굴6,0,27,블랙오피온의굴1,67,16,0,99,362

0,블랙오피온의굴6,32,0,블랙오피온의굴7,30,47,0,99,362

0,블랙오피온의굴7,30,49,블랙오피온의굴6,32,2,0,99,362
0,블랙오피온의굴7,31,49,블랙오피온의굴6,32,2,0,99,362

0,블랙오피온의굴7,0,31,블랙오피온의굴8,47,4,0,99,362

0,블랙오피온의굴8,49,3,블랙오피온의굴7,2,31,0,99,362
0,블랙오피온의굴8,49,4,블랙오피온의굴7,2,32,0,99,362

0,블랙오피온의굴8,25,0,블랙오피온의굴9,55,67,0,99,362

0,블랙오피온의굴9,55,69,블랙오피온의굴8,25,2,0,99,362
0,블랙오피온의굴9,56,69,블랙오피온의굴8,25,2,0,99,362

0,블랙오피온의굴9,69,6,블랙오피온의굴3,47,23,0,99,362

0,블랙오피온의굴9,23,0,블랙오피온의굴10,30,77,0,99,362

0,블랙오피온의굴10,29,79,블랙오피온의굴9,23,2,0,99,362
0,블랙오피온의굴10,30,79,블랙오피온의굴9,23,2,0,99,362

0,블랙오피온의굴10,0,27,블랙오피온의굴11,97,50,0,99,362

0,블랙오피온의굴11,99,50,블랙오피온의굴10,2,27,0,99,362

0,블랙오피온의굴11,0,30,블랙오피온의굴12,67,29,0,99,362

0,블랙오피온의굴12,69,29,블랙오피온의굴11,2,30,0,99,362
0,블랙오피온의굴12,69,30,블랙오피온의굴11,2,31,0,99,362

0,블랙오피온의굴12,0,25,블랙오피온의굴13,97,8,0,99,362

0,블랙오피온의굴13,99,6,블랙오피온의굴12,2,24,0,99,362
0,블랙오피온의굴13,99,7,블랙오피온의굴12,2,24,0,99,362
0,블랙오피온의굴13,99,8,블랙오피온의굴12,2,25,0,99,362
0,블랙오피온의굴13,99,9,블랙오피온의굴12,2,25,0,99,362
0,블랙오피온의굴13,99,10,블랙오피온의굴12,2,26,0,99,362

0,블랙오피온의굴13,0,77,블랙오피온의굴14,67,59,0,99,362

0,블랙오피온의굴14,69,59,블랙오피온의굴13,2,77,0,99,362
0,블랙오피온의굴14,69,60,블랙오피온의굴13,2,77,0,99,362
0,블랙오피온의굴14,69,61,블랙오피온의굴13,2,77,0,99,362

0,블랙오피온의굴14,0,47,블랙오피온의굴15,77,48,0,99,362

0,블랙오피온의굴15,79,46,블랙오피온의굴14,2,46,0,99,362
0,블랙오피온의굴15,79,47,블랙오피온의굴14,2,47,0,99,362
0,블랙오피온의굴15,79,48,블랙오피온의굴14,2,47,0,99,362
0,블랙오피온의굴15,79,49,블랙오피온의굴14,2,48,0,99,362
0,블랙오피온의굴15,79,50,블랙오피온의굴14,2,48,0,99,362

0,블랙오피온의굴15,0,44,블랙오피온의굴16,77,18,0,99,362

0,블랙오피온의굴16,79,17,블랙오피온의굴15,2,43,0,99,362
0,블랙오피온의굴16,79,18,블랙오피온의굴15,2,44,0,99,362
0,블랙오피온의굴16,79,19,블랙오피온의굴15,2,45,0,99,362

0,블랙오피온의굴16,26,0,블랙오피온의굴17,30,77,0,99,362

0,블랙오피온의굴17,29,79,블랙오피온의굴16,26,2,0,99,362
0,블랙오피온의굴17,30,79,블랙오피온의굴16,26,2,0,99,362
0,블랙오피온의굴17,31,79,블랙오피온의굴16,26,2,0,99,362
0,블랙오피온의굴17,32,79,블랙오피온의굴16,26,2,0,99,362

0,블랙오피온의굴17,26,0,블랙오피온의굴18,27,47,0,99,362

0,블랙오피온의굴18,27,49,블랙오피온의굴17,26,2,0,99,362

0,블랙오피온의굴18,0,19,블랙오피온의굴19,47,42,0,99,362

0,블랙오피온의굴19,49,42,블랙오피온의굴18,2,19,0,99,362
0,블랙오피온의굴19,49,43,블랙오피온의굴18,2,19,0,99,362

0,블랙오피온의굴19,26,0,블랙오피온의굴20,33,67,0,99,362

0,블랙오피온의굴20,33,69,블랙오피온의굴19,26,2,0,99,362
0,블랙오피온의굴20,34,69,블랙오피온의굴19,26,2,0,99,362
0,블랙오피온의굴20,35,69,블랙오피온의굴19,26,2,0,99,362

0,블랙오피온의굴20,69,39,블랙오피온의굴10,2,27,0,99,362
0,블랙오피온의굴20,69,40,블랙오피온의굴10,2,27,0,99,362

0,블랙오피온의굴20,2,0,블랙오피온의굴21,4,77,0,99,362

0,블랙오피온의굴21,4,79,블랙오피온의굴20,2,2,0,99,362

0,블랙오피온의굴21,70,0,블랙오피온의굴22,18,98,0,99,362

0,블랙오피온의굴22,18,99,블랙오피온의굴21,70,2,0,99,362

0,블랙오피온의굴22,46,0,블랙오피온의굴23,14,77,0,99,362

0,블랙오피온의굴23,13,79,블랙오피온의굴22,46,2,0,99,362
0,블랙오피온의굴23,14,79,블랙오피온의굴22,46,2,0,99,362
0,블랙오피온의굴23,15,79,블랙오피온의굴22,46,2,0,99,362
0,블랙오피온의굴23,16,79,블랙오피온의굴22,46,2,0,99,362

0,블랙오피온의굴23,26,0,블랙오피온의굴24,30,67,0,99,362

0,블랙오피온의굴24,29,69,블랙오피온의굴23,26,2,0,99,362
0,블랙오피온의굴24,30,69,블랙오피온의굴23,26,2,0,99,362
0,블랙오피온의굴24,31,69,블랙오피온의굴23,26,2,0,99,362

0,블랙오피온의굴24,8,0,블랙오피온의굴25,5,57,0,99,362

0,블랙오피온의굴25,4,59,블랙오피온의굴24,8,2,0,99,362
0,블랙오피온의굴25,5,59,블랙오피온의굴24,8,2,0,99,362
0,블랙오피온의굴25,6,59,블랙오피온의굴24,9,2,0,99,362

0,블랙오피온의굴25,0,27,블랙오피온의굴26,67,19,0,99,362

0,블랙오피온의굴26,69,18,블랙오피온의굴25,2,26,0,99,362
0,블랙오피온의굴26,69,19,블랙오피온의굴25,2,27,0,99,362
0,블랙오피온의굴26,69,20,블랙오피온의굴25,2,28,0,99,362

0,블랙오피온의굴26,0,50,블랙오피온의굴27,77,39,0,99,362

0,블랙오피온의굴27,78,39,블랙오피온의굴26,2,50,0,99,362

0,블랙오피온의굴27,1,43,블랙오피온의굴29,46,25,0,99,362

0,블랙오피온의굴28,40,48,블랙오피온의굴27,2,43,0,99,362
0,블랙오피온의굴28,41,48,블랙오피온의굴27,3,43,0,99,362

0,블랙오피온의굴28,1,37,블랙오피온의굴29,47,25,0,99,362
0,블랙오피온의굴28,1,38,블랙오피온의굴29,47,24,0,99,362

0,블랙오피온의굴29,48,25,블랙오피온의굴28,2,37,0,99,362
0,블랙오피온의굴29,48,24,블랙오피온의굴28,2,38,0,99,362

0,블랙오피온의굴29,19,1,블랙오피온의굴30,25,75,0,99,362
0,블랙오피온의굴29,20,1,블랙오피온의굴30,26,76,0,99,362

0,블랙오피온의굴30,26,77,블랙오피온의굴29,20,3,0,99,362

0,블랙오피온의굴30,77,39,블랙오피온의굴23,26,2,0,99,362

0,블랙오피온의굴30,47,10,적룡플라밋의굴대기실,16,13,0,99,362

4,서약의제단,20,17,죽음의마을이동1,0,0,0,99,362