0,죽음의마을입구5,8,0,죽음의마을1,43,96,0,99,362
0,죽음의마을입구5,9,0,죽음의마을1,43,96,0,99,362
0,죽음의마을입구5,10,0,죽음의마을1,43,96,0,99,362
0,죽음의마을입구5,11,0,죽음의마을1,43,96,0,99,362
0,죽음의마을1,41,99,죽음의마을입구5,10,3,0,99,362
0,죽음의마을1,42,99,죽음의마을입구5,10,3,0,99,362
0,죽음의마을1,43,99,죽음의마을입구5,10,3,0,99,362
0,죽음의마을1,44,99,죽음의마을입구5,10,3,0,99,362
0,죽음의마을1,45,99,죽음의마을입구5,10,3,0,99,362
0,죽음의마을1,46,99,죽음의마을입구5,10,3,0,99,362

4,죽음의마을1,86,90,죽음의마을이동1,9,17,0,99,362
4,죽음의마을1,87,90,죽음의마을이동1,9,17,0,99,362
4,죽음의마을1,92,84,죽음의마을이동1,10,13,0,99,362
0,신죽마집안21-1,9,19,죽음의마을1,86,92,0,99,362
0,신죽마집안21-1,10,19,죽음의마을1,86,92,0,99,362

0,신죽마집안21-4,11,0,신죽음의마을1-1,9,38,0,99,362
0,신죽음의마을1-1,9,39,신죽마집안21-4,11,1,0,99,362

0,신죽음의마을1-1,5,0,신죽음의마을1-2,9,38,0,99,362
0,신죽음의마을1-2,9,39,신죽음의마을1-1,5,1,0,99,362

4,신죽음의마을1-2,5,0,죽음의마을이동1,6,18,0,99,362
0,신죽마집안2-4,6,19,신죽음의마을1-2,5,1,0,99,362

0,신죽마집안2-4,11,0,신죽음의마을1-3,43,18,0,99,362
0,신죽음의마을1-3,43,19,신죽마집안2-4,11,1,0,99,362

0,신죽음의마을1-3,6,19,신죽음의마을1-4,39,1,0,99,362
0,신죽음의마을1-4,39,0,신죽음의마을1-3,6,18,0,99,362

0,신죽음의마을1-4,5,0,신죽마집안4-4,6,18,0,99,362
0,신죽마집안4-4,6,19,신죽음의마을1-4,5,1,0,99,362

0,신죽마집안4-4,0,8,신죽음의마을1-8,18,8,0,99,362
0,신죽음의마을1-8,19,8,신죽마집안4-4,1,8,0,99,362

0,신죽음의마을1-8,0,31,신죽음의마을1-7,18,8,0,99,362
0,신죽음의마을1-7,19,8,신죽음의마을1-8,1,31,0,99,362

0,신죽음의마을1-7,9,39,신죽마집안5-4,14,1,0,99,362
0,신죽마집안5-4,14,0,신죽음의마을1-7,9,38,0,99,362

0,신죽마집안5-4,19,14,신죽음의마을1-5,1,9,0,99,362
0,신죽음의마을1-5,0,9,신죽마집안5-4,18,14,0,99,362

0,신죽음의마을1-5,43,19,신죽음의마을1-6,11,1,0,99,362
0,신죽음의마을1-6,11,0,신죽음의마을1-5,43,18,0,99,362

0,신죽음의마을1-6,41,0,신죽마집안21-4,6,18,0,99,362
0,신죽마집안21-4,6,19,신죽음의마을1-6,41,1,0,99,362

0,신죽마집안21-1,17,2,신죽마집안21-4,10,13,0,99,362
0,신죽마집안21-4,12,14,신죽마집안21-1,14,2,0,99,362

0,신죽마집안21-1,16,5,신죽마집안21-2,17,7,0,99,362
0,신죽마집안21-1,17,5,신죽마집안21-2,17,7,0,99,362
0,신죽마집안21-2,17,2,신죽마집안21-1,16,7,0,99,362

0,신죽마집안21-2,16,5,신죽마집안21-3,17,7,0,99,362
0,신죽마집안21-2,17,5,신죽마집안21-3,17,7,0,99,362
0,신죽마집안21-3,17,2,신죽마집안21-2,16,7,0,99,362

4,죽음의마을1,6,67,죽음의마을이동1,17,16,0,99,362
0,신죽마집안5-1,19,16,죽음의마을1,9,67,0,99,362
0,신죽마집안5-1,19,17,죽음의마을1,9,67,0,99,362

4,죽음의마을1,7,66,죽음의마을이동1,17,5,0,99,362
0,신죽마집안5-2,19,4,죽음의마을1,9,67,0,99,362
0,신죽마집안5-2,19,5,죽음의마을1,9,67,0,99,362

0,신죽마집안5-1,2,2,신죽마집안5-4,4,7,0,99,362
0,신죽마집안5-4,3,8,신죽마집안5-1,4,2,0,99,362

0,신죽마집안5-1,1,5,신죽마집안5-2,4,2,0,99,362
0,신죽마집안5-1,2,5,신죽마집안5-2,4,2,0,99,362
0,신죽마집안5-2,2,2,신죽마집안5-1,4,5,0,99,362

0,신죽마집안5-2,1,5,신죽마집안5-3,4,2,0,99,362
0,신죽마집안5-2,2,5,신죽마집안5-3,4,2,0,99,362
0,신죽마집안5-3,2,2,신죽마집안5-2,4,5,0,99,362

4,죽음의마을1,11,15,죽음의마을이동1,16,16,0,99,362
4,죽음의마을1,11,16,죽음의마을이동1,16,16,0,99,362
4,죽음의마을1,11,17,죽음의마을이동1,16,16,0,99,362
0,신죽마집안4-1,19,16,죽음의마을1,13,16,0,99,362
0,신죽마집안4-1,19,17,죽음의마을1,13,16,0,99,362

0,신죽마집안4-1,4,4,신죽마집안4-4,4,6,0,99,362
0,신죽마집안4-4,3,4,신죽마집안4-1,6,5,0,99,362

0,신죽마집안4-1,5,2,신죽마집안4-2,7,6,0,99,362
0,신죽마집안4-2,5,5,신죽마집안4-1,7,4,0,99,362

0,신죽마집안4-2,5,16,신죽마집안4-3,4,18,0,99,362
0,신죽마집안4-2,5,17,신죽마집안4-3,4,18,0,99,362
0,신죽마집안4-3,2,17,신죽마집안4-2,7,17,0,99,362

4,죽음의마을1,64,15,죽음의마을이동1,10,17,0,99,362
4,죽음의마을1,65,15,죽음의마을이동1,10,17,0,99,362
0,신죽마집안2-1,9,19,죽음의마을1,64,17,0,99,362
0,신죽마집안2-1,10,19,죽음의마을1,65,17,0,99,362
4,죽음의마을1,70,9,죽음의마을이동1,10,12,0,99,362

0,신죽마집안2-1,17,2,신죽마집안2-4,10,13,0,99,362
0,신죽마집안2-4,12,14,신죽마집안2-1,14,2,0,99,362

0,신죽마집안2-1,16,5,신죽마집안2-2,17,7,0,99,362
0,신죽마집안2-1,17,5,신죽마집안2-2,17,7,0,99,362
0,신죽마집안2-2,17,2,신죽마집안2-1,16,7,0,99,362

0,신죽마집안2-2,16,5,신죽마집안2-3,17,7,0,99,362
0,신죽마집안2-2,17,5,신죽마집안2-3,17,7,0,99,362
0,신죽마집안2-3,17,2,신죽마집안2-2,16,7,0,99,362

0,죽음의마을4,27,3,죽음의마을4-1,18,15,0,99,362
0,죽음의마을4,27,2,죽음의마을4-1,18,15,0,99,362

0,죽음의마을4-1,19,17,죽음의마을4,28,3,0,99,362
0,죽음의마을4-1,19,16,죽음의마을4,28,2,0,99,362

0,죽음의마을4-1,4,4,죽음의사지하실1,3,3,0,99,362
0,죽음의마을4-1,4,3,죽음의사지하실1,3,3,0,99,362
0,죽음의마을4-1,3,4,죽음의사지하실1,3,3,0,99,362
0,죽음의마을4-1,3,3,죽음의사지하실1,3,3,0,99,362

0,죽음의사지하실1,1,2,죽음의마을4-1,5,5,0,99,362

0,죽음의마을4,53,27,신죽마집안24-4,13,4,0,99,362
0,죽음의마을4,48,63,신죽마집안24-1,9,18,0,99,362
0,죽음의마을4,47,63,신죽마집안24-1,10,18,0,99,362

0,신죽마집안24-4,14,3,죽음의마을4,55,57
0,신죽마집안24-1,9,19,죽음의마을4,47,64,0,99,362
0,신죽마집안24-1,10,19,죽음의마을4,48,64,0,99,362

0,신죽마집안24-1,16,5,신죽마집안24-2,15,4,0,99,362
0,신죽마집안24-1,17,5,신죽마집안24-2,15,4,0,99,362

0,신죽마집안24-2,17,2,신죽마집안24-1,15,4,0,99,362
0,신죽마집안24-2,17,1,신죽마집안24-1,15,4,0,99,362

0,신죽마집안24-2,16,5,신죽마집안24-3,16,3,0,99,362
0,신죽마집안24-2,17,5,신죽마집안24-3,17,3,0,99,362

0,신죽마집안24-3,17,2,신죽마집안24-2,17,6,0,99,362
0,신죽마집안24-3,17,1,신죽마집안24-2,17,6,0,99,362
0,신죽마집안24-3,16,2,신죽마집안24-2,16,6,0,99,362
0,신죽마집안24-3,16,1,신죽마집안24-2,16,6,0,99,362


0,죽음의마을4,87,41,신죽마집안11-4,17,18,0,99,362
0,죽음의마을4,88,41,신죽마집안11-1,18,18,0,99,362
0,죽음의마을4,89,41,신죽마집안11-1,18,18,0,99,362

0,신죽마집안11-1,18,19,죽음의마을4,88,43,0,99,362
0,신죽마집안11-1,17,19,죽음의마을4,89,43,0,99,362

0,신죽마집안11-1,5,2,신죽마집안11-2,4,3,0,99,362
0,신죽마집안11-1,5,1,신죽마집안11-2,4,3,0,99,362

0,신죽마집안11-2,1,2,신죽마집안11-1,4,3,0,99,362
0,신죽마집안11-2,2,2,신죽마집안11-1,5,3,0,99,362

0,신죽마집안11-2,5,2,신죽마집안11-3,1,3,0,99,362
0,신죽마집안11-2,5,1,신죽마집안11-3,2,3,0,99,362

0,신죽마집안11-3,2,2,신죽마집안11-2,5,3,0,99,362
0,신죽마집안11-3,2,1,신죽마집안11-2,5,3,0,99,362

0,신죽마집안11-1,2,2,신죽마집안11-4,2,2,0,99,362
0,신죽마집안11-1,2,1,신죽마집안11-4,2,2,0,99,362

0,신죽마집안11-4,1,2,신죽마집안11-1,2,3,0,99,362

0,죽음의마을3,7,3,신죽마집안23-4,13,4,0,99,362
0,죽음의마을3,2,9,신죽마집안23-1,10,18,0,99,362
0,죽음의마을3,1,9,신죽마집안23-1,9,18,0,99,362

0,신죽마집안23-1,10,19,죽음의마을3,2,10,0,99,362
0,신죽마집안23-1,9,19,죽음의마을3,1,10,0,99,362
0,신죽마집안23-4,14,3,죽음의마을3,8,3,0,99,362

0,신죽마집안23-1,16,5,신죽마집안23-2,15,5,0,99,362
0,신죽마집안23-1,17,5,신죽마집안23-2,15,5,0,99,362

0,신죽마집안23-2,17,2,신죽마집안23-1,15,5,0,99,362
0,신죽마집안23-2,17,1,신죽마집안23-1,15,5,0,99,362

0,신죽마집안23-2,16,5,신죽마집안23-3,16,3,0,99,362
0,신죽마집안23-2,17,5,신죽마집안23-3,17,3,0,99,362

0,신죽마집안23-3,16,1,신죽마집안23-2,15,5,0,99,362
0,신죽마집안23-3,16,2,신죽마집안23-2,15,5,0,99,362
0,신죽마집안23-3,17,1,신죽마집안23-2,15,5,0,99,362
0,신죽마집안23-3,17,2,신죽마집안23-2,15,5,0,99,362

0,신죽마집안23-1,17,2,신죽마집안23-4,12,13,0,99,362
0,신죽마집안23-1,17,1,신죽마집안23-4,12,13,0,99,362

0,신죽마집안23-4,12,14,신죽마집안23-1,15,3,0,99,362

0,죽음의마을3,50,46,신죽마집안51-1,18,15,0,99,362
0,죽음의마을3,51,45,신죽마집안51-2,3,4,0,99,362

0,신죽마집안51-1,19,17,죽음의마을3,53,45,0,99,362
0,신죽마집안51-1,19,16,죽음의마을3,53,45,0,99,362

0,신죽마집안51-1,1,5,신죽마집안51-2,3,5,0,99,362
0,신죽마집안51-1,2,5,신죽마집안51-2,3,5,0,99,362

0,신죽마집안51-2,2,2,신죽마집안51-1,3,4,0,99,362
0,신죽마집안51-2,2,1,신죽마집안51-1,3,4,0,99,362

0,신죽마집안51-2,1,5,신죽마집안51-3,3,2,0,99,362
0,신죽마집안51-2,2,5,신죽마집안51-3,3,1,0,99,362

0,신죽마집안51-3,2,1,신죽마집안51-2,3,5,0,99,362
0,신죽마집안51-3,2,2,신죽마집안51-2,3,5,0,99,362
0,신죽마집안51-3,1,2,신죽마집안51-2,3,5,0,99,362
0,신죽마집안51-3,1,1,신죽마집안51-2,3,5,0,99,362

0,신죽마집안51-1,2,2,신죽마집안51-4,4,8,0,99,362
0,신죽마집안51-1,2,1,신죽마집안51-4,4,8,0,99,362

0,신죽마집안51-4,4,8,신죽마집안51-1,3,3,0,99,362
0,신죽마집안51-4,4,8,신죽마집안51-1,3,3,0,99,362

0,죽음의마을3,7,95,신죽마집안42-1,18,17,0,99,362
0,죽음의마을3,7,94,신죽마집안42-1,18,17,0,99,362
0,죽음의마을3,7,93,신죽마집안42-1,18,16,0,99,362

0,신죽마집안42-1,19,16,죽음의마을3,9,93,0,99,362
0,신죽마집안42-1,19,17,죽음의마을3,9,94,0,99,362

0,신죽마집안42-1,5,2,신죽마집안42-2,6,6,0,99,362
0,신죽마집안42-1,5,1,신죽마집안42-2,6,6,0,99,362

0,신죽마집안42-2,5,5,신죽마집안42-1,5,3,0,99,362
0,신죽마집안42-2,5,4,신죽마집안42-1,5,3,0,99,362
0,신죽마집안42-2,4,5,신죽마집안42-1,5,3,0,99,362
0,신죽마집안42-2,4,4,신죽마집안42-1,5,3,0,99,362

0,신죽마집안42-2,5,16,신죽마집안42-3,3,17,0,99,362
0,신죽마집안42-2,5,17,신죽마집안42-3,3,16,0,99,362

0,신죽마집안42-3,5,5,신죽마집안42-2,1,16,0,99,362
0,신죽마집안42-3,5,4,신죽마집안42-2,1,17,0,99,362
0,신죽마집안42-3,4,5,신죽마집안42-2,2,16,0,99,362
0,신죽마집안42-3,4,4,신죽마집안42-2,2,17,0,99,362

0,신죽마집안42-1,4,5,신죽마집안42-4,4,5,0,99,362
0,신죽마집안42-1,4,4,신죽마집안42-4,4,5,0,99,362
0,신죽마집안42-1,3,5,신죽마집안42-4,4,5,0,99,362
0,신죽마집안42-1,3,4,신죽마집안42-4,4,5,0,99,362

0,신죽마집안42-4,3,4,신죽마집안42-1,5,5,0,9

0,죽음의마을3,77,11,신죽마집안31-1,15,18,0,99,362
0,죽음의마을3,78,10,신죽마집안31-2,4,7,0,99,362

0,신죽마집안31-1,5,8,신죽마집안31-2,4,7,0,99,362
0,신죽마집안31-1,5,9,신죽마집안31-2,4,7,0,99,362

0,신죽마집안31-2,1,9,신죽마집안31-1,5,7,0,99,362
0,신죽마집안31-2,2,9,신죽마집안31-1,5,7,0,99,362

0,신죽마집안31-2,5,9,신죽마집안31-3,3,9,0,99,362
0,신죽마집안31-2,5,8,신죽마집안31-3,3,8,0,99,362

0,신죽마집안31-3,2,9,신죽마집안31-2,5,7,0,99,362
0,신죽마집안31-3,2,8,신죽마집안31-2,5,7,0,99,362
0,신죽마집안31-3,1,9,신죽마집안31-2,5,7,0,99,362
0,신죽마집안31-3,1,8,신죽마집안31-2,5,7,0,99,362

0,신죽마집안31-1,2,9,신죽마집안31-4,3,9,0,99,362
0,신죽마집안31-1,2,8,신죽마집안31-4,3,9,0,99,362
0,신죽마집안31-1,1,9,신죽마집안31-4,3,9,0,99,362
0,신죽마집안31-1,1,8,신죽마집안31-4,3,9,0,99,362

0,신죽마집안31-4,2,9,신죽마집안31-1,3,10,0,99,362

0,죽음의마을2,42,61,신죽마집안22-1,9,18,0,99,362
0,죽음의마을2,43,61,신죽마집안22-1,10,18,0,99,362
0,죽음의마을2,48,55,신죽마집안22-4,13,4,0,99,362

0,신죽마집안22-1,9,19,죽음의마을2,43,62,0,99,362
0,신죽마집안22-1,10,19,죽음의마을2,42,62,0,99,362
0,신죽마집안22-4,14,3,죽음의마을2,49,55,0,99,362

0,신죽마집안22-1,16,5,신죽마집안22-2,15,4,0,99,362
0,신죽마집안22-1,17,5,신죽마집안22-2,15,4,0,99,362

0,신죽마집안22-2,17,2,신죽마집안22-1,15,4,0,99,362
0,신죽마집안22-2,17,1,신죽마집안22-1,15,4,0,99,362

0,신죽마집안22-2,16,5,신죽마집안22-3,16,3,0,99,362
0,신죽마집안22-2,17,5,신죽마집안22-3,17,3,0,99,362

0,신죽마집안22-3,16,1,신죽마집안22-2,15,4,0,99,362
0,신죽마집안22-3,17,1,신죽마집안22-2,15,4,0,99,362
0,신죽마집안22-3,16,2,신죽마집안22-2,15,4,0,99,362
0,신죽마집안22-3,17,2,신죽마집안22-2,15,4,0,99,362

0,신죽마집안22-1,17,2,신죽마집안22-4,12,13,0,99,362
0,신죽마집안22-1,17,1,신죽마집안22-4,12,13,0,99,362

0,신죽마집안22-4,12,14,신죽마집안22-1,15,4,0,99,362

0,죽음의마을2,92,36,신죽마집안41-1,18,17,0,99,362
0,죽음의마을2,92,37,신죽마집안41-1,18,17,0,99,362
0,죽음의마을2,92,38,신죽마집안41-1,18,16,0,99,362

0,신죽마집안41-1,19,17,죽음의마을2,93,38,0,99,362
0,신죽마집안41-1,19,16,죽음의마을2,93,37,0,99,362

0,신죽마집안41-1,5,2,신죽마집안41-2,4,6,0,99,362
0,신죽마집안41-1,5,1,신죽마집안41-2,5,6,0,99,362

0,신죽마집안41-2,5,5,신죽마집안41-1,6,3,0,99,362
0,신죽마집안41-2,5,4,신죽마집안41-1,6,3,0,99,362
0,신죽마집안41-2,4,4,신죽마집안41-1,6,3,0,99,362
0,신죽마집안41-2,4,5,신죽마집안41-1,6,3,0,99,362

0,신죽마집안41-2,5,16,신죽마집안41-3,3,17,0,99,362
0,신죽마집안41-2,5,17,신죽마집안41-3,3,16,0,99,362

0,신죽마집안41-3,2,17,신죽마집안41-2,5,15,0,99,362
0,신죽마집안41-3,2,16,신죽마집안41-2,5,15,0,99,362
0,신죽마집안41-3,1,17,신죽마집안41-2,5,15,0,99,362
0,신죽마집안41-3,1,16,신죽마집안41-2,5,15,0,99,362

0,신죽마집안41-1,3,3,신죽마집안41-4,4,5,0,99,362
0,신죽마집안41-1,3,4,신죽마집안41-4,4,5,0,99,362
0,신죽마집안41-1,4,4,신죽마집안41-4,4,5,0,99,362
0,신죽마집안41-1,4,3,신죽마집안41-4,4,5,0,99,362

0,신죽마집안41-4,3,4,신죽마집안41-1,5,5,0,99,362

0,죽음의마을2,8,49,신죽마집안1-1,17,18,0,99,362
0,죽음의마을2,9,49,신죽마집안1-1,17,18,0,99,362
0,죽음의마을2,10,49,신죽마집안1-1,18,18,0,99,362

0,신죽마집안1-1,18,19,죽음의마을2,8,51,0,99,362
0,신죽마집안1-1,19,19,죽음의마을2,9,51,0,99,362

0,신죽마집안1-1,5,2,신죽마집안1-2,4,3,0,99,362
0,신죽마집안1-1,5,1,신죽마집안1-2,4,3,0,99,362

0,신죽마집안1-2,2,2,신죽마집안1-1,4,3,0,99,362
0,신죽마집안1-2,1,2,신죽마집안1-1,4,3,0,99,362

0,신죽마집안1-2,5,2,신죽마집안1-3,1,3,0,99,362
0,신죽마집안1-2,5,1,신죽마집안1-3,2,3,0,99,362

0,신죽마집안1-3,2,2,신죽마집안1-2,4,3,0,99,362
0,신죽마집안1-3,2,1,신죽마집안1-2,4,3,0,99,362
0,신죽마집안1-3,1,2,신죽마집안1-2,4,3,0,99,362
0,신죽마집안1-3,1,1,신죽마집안1-2,4,3,0,99,362

0,신죽마집안1-1,2,2,신죽마집안1-4,2,3,0,99,362
0,신죽마집안1-1,1,2,신죽마집안1-4,2,3,0,99,362

0,신죽마집안1-4,1,2,신죽마집안1-1,3,3,0,99,362

0,죽음의마을2,21,8,신죽마집안3-1,15,18,0,99,362
0,죽음의마을2,20,9,신죽마집안3-2,3,4,0,99,362

0,신죽마집안3-1,16,19,죽음의마을2,23,11,0,99,362
0,신죽마집안3-1,17,19,죽음의마을2,23,11,0,99,362

0,신죽마집안3-1,5,9,신죽마집안3-2,4,10,0,99,362
0,신죽마집안3-1,5,8,신죽마집안3-2,4,10,0,99,362

0,신죽마집안3-2,2,9,신죽마집안3-1,4,10,0,99,362
0,신죽마집안3-2,1,9,신죽마집안3-1,4,10,0,99,362

0,신죽마집안3-2,5,9,신죽마집안3-3,3,9,0,99,362
0,신죽마집안3-2,5,8,신죽마집안3-3,3,8,0,99,362

0,신죽마집안3-3,2,9,신죽마집안3-2,4,10,0,99,362
0,신죽마집안3-3,2,8,신죽마집안3-2,4,10,0,99,362
0,신죽마집안3-3,1,9,신죽마집안3-2,4,10,0,99,362
0,신죽마집안3-3,1,8,신죽마집안3-2,4,10,0,99,362

0,신죽마집안3-1,2,9,신죽마집안3-4,3,10,0,99,362
0,신죽마집안3-1,1,9,신죽마집안3-4,3,10,0,99,362

0,신죽마집안3-4,2,9,신죽마집안3-1,3,10,0,99,362

0,죽음의마을2,60,0,죽음의마을3,66,96,0,99,362
0,죽음의마을2,61,0,죽음의마을3,66,96,0,99,362
0,죽음의마을2,62,0,죽음의마을3,66,96,0,99,362

0,죽음의마을2,57,0,죽음의마을3,66,96,0,99,362
0,죽음의마을2,58,0,죽음의마을3,66,96,0,99,362
0,죽음의마을2,59,0,죽음의마을3,66,96,0,99,362
0,죽음의마을2,60,0,죽음의마을3,66,96,0,99,362
0,죽음의마을2,61,0,죽음의마을3,66,96,0,99,362
0,죽음의마을2,62,0,죽음의마을3,66,96,0,99,362

0,죽음의마을3,64,99,죽음의마을2,60,3,0,99,362
0,죽음의마을3,65,99,죽음의마을2,60,3,0,99,362
0,죽음의마을3,66,99,죽음의마을2,60,3,0,99,362
0,죽음의마을3,67,99,죽음의마을2,60,3,0,99,362
0,죽음의마을3,68,99,죽음의마을2,60,3,0,99,362
0,죽음의마을3,69,99,죽음의마을2,60,3,0,99,362

0,죽음의마을3,52,0,죽음의마을4,53,96,0,99,362
0,죽음의마을3,53,0,죽음의마을4,53,96,0,99,362
0,죽음의마을3,54,0,죽음의마을4,53,96,0,99,362

0,죽음의마을4,52,99,죽음의마을3,52,3,0,99,362
0,죽음의마을4,53,99,죽음의마을3,52,3,0,99,362
0,죽음의마을4,54,99,죽음의마을3,52,3,0,99,362

0,죽음의마을2,25,99,죽음의마을1,41,1,0,99,362
0,죽음의마을2,24,99,죽음의마을1,42,1,0,99,362
0,죽음의마을2,23,99,죽음의마을1,43,1,0,99,362

0,죽음의마을1,41,0,죽음의마을2,23,98,0,99,362
0,죽음의마을1,42,0,죽음의마을2,24,98,0,99,362
0,죽음의마을1,43,0,죽음의마을2,25,98,0,99,362

0,죽음의마을던전1,39,1,죽음의마을던전2,40,2,0,99,362
0,죽음의마을던전1,73,45,죽음의마을던전2,52,73,0,99,362
0,죽음의마을던전1,52,72,죽음의마을던전2,74,45,0,99,362

0,죽음의마을던전2,73,45,죽음의마을던전1,39,2,0,99,362
0,죽음의마을던전2,50,72,죽음의마을던전1,52,73,0,99,362
0,죽음의마을던전2,40,1,죽음의마을던전1,74,45,0,99,362

0,죽음의마을던전2,51,37,죽음의마을던전3,51,41,0,99,362
0,죽음의마을던전2,10,80,죽음의마을던전3,9,80,0,99,362
0,죽음의마을던전2,89,22,죽음의마을던전3,89,18,0,99,362

0,죽음의마을던전3,8,80,죽음의마을던전2,51,38,0,99,362
0,죽음의마을던전3,51,40,죽음의마을던전2,11,80,0,99,362
0,죽음의마을던전3,89,17,죽음의마을던전2,89,23,0,99,362

0,죽음의마을던전3,2,43,죽음의마을던전4,7,50,0,99,362
0,죽음의마을던전3,38,63,죽음의마을던전4,43,3,0,99,362
0,죽음의마을던전3,53,1,죽음의마을던전4,38,64,0,99,362

0,죽음의마을던전4,6,50,죽음의마을던전3,3,43,0,99,362
0,죽음의마을던전4,43,2,죽음의마을던전3,53,2,0,99,362
0,죽음의마을던전4,38,63,죽음의마을던전3,38,64,0,99,362

0,죽음의마을던전4,7,81,죽음의마을던전5,5,81,0,99,362
0,죽음의마을던전4,28,22,죽음의마을던전5,28,16,0,99,362
0,죽음의마을던전4,74,47,죽음의마을던전3,75,47,0,99,362

0,죽음의마을던전5,74,47,죽음의마을던전4,75,47,0,99,362
0,죽음의마을던전5,28,15,죽음의마을던전4,28,23,0,99,362
0,죽음의마을던전5,4,81,죽음의마을던전4,8,81,0,99,362

0,죽음의마을던전5,3,31,죽음의마을던전6,4,31,0,99,362
0,죽음의마을던전5,37,63,죽음의마을던전6,38,64,0,99,362
0,죽음의마을던전5,69,5,죽음의마을던전6,75,48,0,99,362

0,죽음의마을던전6,3,31,죽음의마을던전5,4,31,0,99,362
0,죽음의마을던전6,37,63,죽음의마을던전5,37,64,0,99,362
0,죽음의마을던전6,69,5,죽음의마을던전5,69,6,0,99,362

0,죽음의마을던전6,14,28,죽음의마을던전7,17,8,0,99,362
0,죽음의마을던전6,45,34,죽음의마을던전7,47,22,0,99,362
0,죽음의마을던전6,74,48,죽음의마을던전7,78,55,0,99,362

0,죽음의마을던전7,17,7,죽음의마을던전6,14,29,0,99,362
0,죽음의마을던전7,46,22,죽음의마을던전6,46,34,0,99,362
0,죽음의마을던전7,78,54,죽음의마을던전6,75,48,0,99,362

0,죽음의마을던전7,8,64,죽음의마을던전8,9,64,0,99,362
0,죽음의마을던전7,46,53,죽음의마을던전8,47,53,0,99,362
0,죽음의마을던전7,87,18,죽음의마을던전8,77,9,0,99,362

0,죽음의마을던전8,8,64,죽음의마을던전7,9,64,0,99,362
0,죽음의마을던전8,46,53,죽음의마을던전7,47,53,0,99,362
0,죽음의마을던전8,87,18,죽음의마을던전7,87,19,0,99,362

0,죽음의마을던전8,46,72,죽음의마을던전9,47,72,0,99,362
0,죽음의마을던전8,73,43,죽음의마을던전9,74,40,0,99,362
0,죽음의마을던전8,10,32,죽음의마을던전9,22,36,0,99,362

0,죽음의마을던전9,2,65,죽음의마을던전10,3,65,0,99,362
0,죽음의마을던전9,23,5,죽음의마을던전10,23,7,0,99,362
0,죽음의마을던전9,59,15,죽음의마을던전10,60,16,0,99,362

0,죽음의마을던전10,2,65,죽음의마을던전9,3,65,0,99,362
0,죽음의마을던전10,23,6,죽음의마을던전9,23,6,0,99,362
0,죽음의마을던전10,59,16,죽음의마을던전9,60,15,0,99,362

0,죽음의마을던전10,42,63,죽음의마을던전11,42,64,0,99,362
0,죽음의마을던전10,56,47,죽음의마을던전11,57,47,0,99,362
0,죽음의마을던전10,84,5,죽음의마을던전11,84,6,0,99,362

0,죽음의마을던전11,42,63,죽음의마을던전10,42,64,0,99,362
0,죽음의마을던전11,56,47,죽음의마을던전10,57,47,0,99,362
0,죽음의마을던전11,84,5,죽음의마을던전10,84,6,0,99,362

0,죽음의마을던전11,28,76,죽음의마을던전12,27,11,0,99,362
0,죽음의마을던전11,27,14,죽음의마을던전12,27,11,0,99,362
0,죽음의마을던전11,69,30,죽음의마을던전12,69,31,0,99,362

0,죽음의마을던전12,69,30,죽음의마을던전11,29,76,0,99,362
0,죽음의마을던전12,27,10,죽음의마을던전11,27,15,0,99,362

0,죽음의마을던전12,12,8,죽음의마을던전13,12,5,0,99,362
0,죽음의마을던전12,65,67,죽음의마을던전13,65,68,0,99,362
0,죽음의마을던전12,84,5,죽음의마을던전13,84,6,0,99,362

0,죽음의마을던전13,12,4,죽음의마을던전12,12,9,0,99,362
0,죽음의마을던전13,65,67,죽음의마을던전12,65,68,0,99,362
0,죽음의마을던전13,84,5,죽음의마을던전12,84,6,0,99,362

0,죽음의마을던전13,11,74,죽음의마을던전14,9,50,0,99,362
0,죽음의마을던전13,40,38,죽음의마을던전14,40,37,0,99,362
0,죽음의마을던전13,60,5,죽음의마을던전14,60,6,0,99,362

0,죽음의마을던전14,8,50,죽음의마을던전13,12,74,0,99,362
0,죽음의마을던전14,40,36,죽음의마을던전13,40,39,0,99,362
0,죽음의마을던전14,60,5,죽음의마을던전13,60,6,0,99,362

0,죽음의마을던전14,48,75,죽음의마을던전15,54,75,0,99,362
0,죽음의마을던전14,20,4,죽음의마을던전15,9,22,0,99,362
0,죽음의마을던전14,78,8,죽음의마을던전15,78,9,0,99,362

0,죽음의마을던전15,53,75,죽음의마을던전14,49,75,0,99,362
0,죽음의마을던전15,9,21,죽음의마을던전14,20,5,0,99,362
0,죽음의마을던전15,78,8,죽음의마을던전14,78,9,0,99,362

0,죽음의마을던전15,4,35,죽음의마을던전16,4,28,0,99,362
0,죽음의마을던전15,50,9,죽음의마을던전16,5,28,0,99,362
0,죽음의마을던전15,83,55,죽음의마을던전16,87,46,0,99,362

0,죽음의마을던전16,86,46,죽음의마을던전15,83,56,0,99,362
0,죽음의마을던전16,36,14,죽음의마을던전15,50,10,0,99,362
0,죽음의마을던전16,3,28,죽음의마을던전15,5,35,0,99,362

0,죽음의마을던전16,28,31,죽음의마을던전17,21,18,0,99,362
0,죽음의마을던전16,9,85,죽음의마을던전17,7,16,0,99,362
0,죽음의마을던전16,23,1,죽음의마을던전17,28,32,0,99,362
0,죽음의마을던전17,20,18,죽음의마을던전16,9,86,0,99,362
0,죽음의마을던전17,6,16,죽음의마을던전16,28,32,0,99,362
0,죽음의마을던전17,28,31,죽음의마을던전16,23,2,0,99,362

0,죽음의마을던전17,6,47,죽음의마을던전18,7,21,0,99,362
0,죽음의마을던전17,60,28,죽음의마을던전18,60,29,0,99,362
0,죽음의마을던전17,83,53,죽음의마을던전18,84,68,0,99,362
0,죽음의마을던전18,6,21,죽음의마을던전17,7,47,0,99,362
0,죽음의마을던전18,60,28,죽음의마을던전17,60,29,0,99,362
0,죽음의마을던전18,83,68,죽음의마을던전17,84,53,0,99,362

0,죽음의마을던전18,6,45,죽음의마을던전19,4,45,0,99,362
0,죽음의마을던전18,20,79,죽음의마을던전19,16,79,0,99,362
0,죽음의마을던전18,36,70,죽음의마을던전19,35,71,0,99,362
0,죽음의마을던전19,3,45,죽음의마을던전18,7,45,0,99,362
0,죽음의마을던전19,15,79,죽음의마을던전18,21,79,0,99,362
0,죽음의마을던전19,35,70,죽음의마을던전18,84,53,0,99,362

0,죽음의마을던전19,37,16,죽음의마을던전20,44,25,0,99,362
0,죽음의마을던전19,84,15,죽음의마을던전20,84,4,0,99,362
0,죽음의마을던전19,81,64,죽음의마을던전20,69,72,0,99,362
0,죽음의마을던전20,43,25,죽음의마을던전19,37,17,0,99,362
0,죽음의마을던전20,84,3,죽음의마을던전19,84,16,0,99,362
0,죽음의마을던전20,68,72,죽음의마을던전19,82,64,0,99,362

0,죽음의마을던전20,20,81,죽음의마을던전21,13,28,0,99,362
0,죽음의마을던전20,12,24,죽음의마을던전21,6,80,0,99,362
0,죽음의마을던전20,83,59,죽음의마을던전21,80,48,0,99,362
0,죽음의마을던전21,12,28,죽음의마을던전20,21,81,0,99,362
0,죽음의마을던전21,5,80,죽음의마을던전20,13,24,0,99,362
0,죽음의마을던전21,80,47,죽음의마을던전20,83,60,0,99,362

0,죽음의마을던전21,4,53,죽음의마을던전22,2,53,0,99,362
0,죽음의마을던전21,70,17,죽음의마을던전22,82,3,0,99,362
0,죽음의마을던전22,1,53,죽음의마을던전21,5,53,0,99,362
0,죽음의마을던전22,82,2,죽음의마을던전21,71,17,0,99,362

0,죽음의마을던전22,26,57,죽음의마을던전23,44,77,0,99,362
0,죽음의마을던전22,36,75,죽음의마을던전23,27,57,0,99,362
0,죽음의마을던전23,44,76,죽음의마을던전22,27,57,0,99,362
0,죽음의마을던전23,26,57,죽음의마을던전22,36,76,0,99,362

0,죽음의마을던전23,68,54,죽음의마을던전24,32,13,0,99,362
0,죽음의마을던전23,89,21,죽음의마을던전24,84,10,0,99,362
0,죽음의마을던전23,32,7,죽음의마을던전24,69,54,0,99,362
0,죽음의마을던전24,32,12,죽음의마을던전23,69,54,0,99,362
0,죽음의마을던전24,84,9,죽음의마을던전23,89,22,0,99,362
0,죽음의마을던전24,68,54,죽음의마을던전23,32,8,0,99,362

0,죽음의마을던전24,56,73,죽음의마을던전25,70,63,0,99,362
0,죽음의마을던전24,2,34,죽음의마을던전25,3,34,0,99,362
0,죽음의마을던전25,69,63,죽음의마을던전24,56,74,0,99,362
0,죽음의마을던전25,2,34,죽음의마을던전24,3,34,0,99,362

0,죽음의마을던전25,39,51,죽음의마을던전26,38,49,0,99,362
0,죽음의마을던전25,66,33,죽음의마을던전26,80,28,0,99,362
0,죽음의마을던전26,38,48,죽음의마을던전25,39,52,0,99,362
0,죽음의마을던전26,79,28,죽음의마을던전25,66,34,0,99,362

0,죽음의마을던전26,30,30,죽음의마을던전27,29,26,0,99,362
0,죽음의마을던전26,2,12,죽음의마을던전27,2,12,0,99,362
0,죽음의마을던전27,29,25,죽음의마을던전26,30,31,0,99,362
0,죽음의마을던전27,1,12,죽음의마을던전26,3,12,0,99,362

0,죽음의마을던전27,85,2,죽음의마을던전28,85,22,0,99,362
0,죽음의마을던전27,60,63,죽음의마을던전28,60,64,0,99,362
0,죽음의마을던전28,85,2,죽음의마을던전27,85,3,0,99,362
0,죽음의마을던전28,60,63,죽음의마을던전27,60,64,0,99,362

0,죽음의마을던전28,13,72,죽음의마을던전29,4,72,0,99,362
0,죽음의마을던전28,19,25,죽음의마을던전29,10,25,0,99,362
0,죽음의마을던전28,50,13,죽음의마을던전29,49,14,0,99,362
0,죽음의마을던전29,3,72,죽음의마을던전28,14,72,0,99,362
0,죽음의마을던전29,9,25,죽음의마을던전28,20,25,0,99,362
0,죽음의마을던전29,49,13,죽음의마을던전28,50,14,0,99,362

0,죽음의마을던전29,28,7,죽음의마을던전30,46,38,0,99,362
0,죽음의마을던전29,71,45,죽음의마을던전30,76,40,0,99,362
0,죽음의마을던전29,46,40,죽음의마을던전30,28,3,0,99,362
0,죽음의마을던전30,46,37,죽음의마을던전29,28,8,0,99,362
0,죽음의마을던전30,75,40,죽음의마을던전29,72,45,0,99,362
0,죽음의마을던전30,28,2,죽음의마을던전29,46,41,0,99,362
0,죽음의마을던전30,12,2,죽음의마을던전29,46,41,0,99,362
0,죽음의마을던전30,3,53,죽음의마을지하마을,46,41,0,99,362

0,죽음의마을지하마을,11,1,죽음의마을32,31,65,0,99,362
0,죽음의마을지하마을,16,1,죽음의마을32,31,65,0,99,362
0,죽음의마을지하마을,23,1,죽음의마을32,31,65,0,99,362
0,죽음의마을지하마을,34,1,죽음의마을32,31,65,0,99,362
0,죽음의마을지하마을,42,1,죽음의마을32,31,65,0,99,362
0,죽음의마을32,30,69,죽음의마을지하마을,22,11,0,99,362

0,죽음의마을던전1,7,39,죽음의사지하실1,10,1,0,99,362
0,죽음의사지하실1,10,0,죽음의마을던전1,7,40,0,99,362

0,죽음의마을32,1,31,죽음의마을33-1,27,8,0,99,362
0,죽음의마을33-1,28,8,죽음의마을32,2,31,0,99,362

0,죽음의마을33-1,3,1,죽음의마을34,71,76,0,99,362
0,죽음의마을34,73,78,죽음의마을33-1,5,2,0,99,362

0,죽음의마을32,65,1,죽음의마을33-3,3,26,0,99,362
0,죽음의마을33-3,2,27,죽음의마을32,63,2,0,99,362

0,죽음의마을33-3,1,9,죽음의마을34,76,17,0,99,362
0,죽음의마을34,78,19,죽음의마을33-3,2,9,0,99,362

0,죽음의마을32,4,1,죽음의마을33-2,25,27,0,99,362
0,죽음의마을33-2,27,28,죽음의마을32,6,2,0,99,362

0,죽음의마을33-2,1,3,죽음의마을34,76,31,0,99,362
0,죽음의마을34,78,33,죽음의마을33-2,2,4,0,99,362

0,죽음의마을34,26,1,죽음의마을35,42,96,0,99,362
0,죽음의마을35,41,98,죽음의마을34,25,3,0,99,362

0,죽음의마을35,44,1,죽음의마을36,14,26,0,99,362
0,죽음의마을36,13,29,죽음의마을35,42,2,0,99,362
0,죽음의마을36,14,29,죽음의마을35,42,2,0,99,362
0,죽음의마을36,15,29,죽음의마을35,43,2,0,99,362

4,죽음의마을36,12,0,죽음의마을이동1,0,0,0,99,362
4,죽음의마을36,13,0,죽음의마을이동1,0,0,0,99,362
4,죽음의마을36,14,0,죽음의마을이동1,0,0,0,99,362