4,밀레스마을,95,108,warpB,8,5,41,99,362
4,운디네마을,46,13,warpB,37,18,41,99,362
4,호엔마을,98,125,warpB,13,15,41,99,362
4,마인마을,37,90,warpB,20,7,41,99,362

4,지하수로C-1,3,5,warpB,95,106,0,99,362
4,지하수로C-1,4,5,warpB,95,106,0,99,362
4,지하수로C-1,3,6,warpB,95,106,0,99,362
4,지하수로C-1,4,6,warpB,95,106,0,99,362

4,지하수로C-2,36,15,warpB,46,11,0,99,362
4,지하수로C-2,37,15,warpB,46,11,0,99,362
4,지하수로C-2,36,16,warpB,46,11,0,99,362
4,지하수로C-2,37,16,warpB,46,11,0,99,362

4,지하수로C-3,10,14,warpB,98,123,0,99,362
4,지하수로C-3,11,14,warpB,98,123,0,99,362
4,지하수로C-3,10,15,warpB,98,123,0,99,362
4,지하수로C-3,11,15,warpB,98,123,0,99,362

4,지하수로C-5,17,6,warpB,37,88,0,99,362
4,지하수로C-5,18,6,warpB,37,88,0,99,362
4,지하수로C-5,17,7,warpB,37,88,0,99,362
4,지하수로C-5,18,7,warpB,37,88,0,99,362

4,지하수로D-1,3,5,warpB,95,106,0,99,362
4,지하수로D-1,4,5,warpB,95,106,0,99,362
4,지하수로D-1,3,6,warpB,95,106,0,99,362
4,지하수로D-1,4,6,warpB,95,106,0,99,362

4,지하수로D-2,36,15,warpB,46,11,0,99,362
4,지하수로D-2,37,15,warpB,46,11,0,99,362
4,지하수로D-2,36,16,warpB,46,11,0,99,362
4,지하수로D-2,37,16,warpB,46,11,0,99,362

4,지하수로D-3,10,14,warpB,98,123,0,99,362
4,지하수로D-3,11,14,warpB,98,123,0,99,362
4,지하수로D-3,10,15,warpB,98,123,0,99,362
4,지하수로D-3,11,15,warpB,98,123,0,99,362

4,지하수로D-5,17,6,warpB,37,88,0,99,362
4,지하수로D-5,18,6,warpB,37,88,0,99,362
4,지하수로D-5,17,7,warpB,37,88,0,99,362
4,지하수로D-5,18,7,warpB,37,88,0,99,362

4,지하수로S-1,3,5,warpB,95,106,0,99,362
4,지하수로S-1,4,5,warpB,95,106,0,99,362
4,지하수로S-1,3,6,warpB,95,106,0,99,362
4,지하수로S-1,4,6,warpB,95,106,0,99,362

4,지하수로S-2,36,15,warpB,46,11,0,99,362
4,지하수로S-2,37,15,warpB,46,11,0,99,362
4,지하수로S-2,36,16,warpB,46,11,0,99,362
4,지하수로S-2,37,16,warpB,46,11,0,99,362

4,지하수로S-3,10,14,warpB,98,123,0,99,362
4,지하수로S-3,11,14,warpB,98,123,0,99,362
4,지하수로S-3,10,15,warpB,98,123,0,99,362
4,지하수로S-3,11,15,warpB,98,123,0,99,362

4,지하수로S-5,17,6,warpB,37,88,0,99,362
4,지하수로S-5,18,6,warpB,37,88,0,99,362
4,지하수로S-5,17,7,warpB,37,88,0,99,362
4,지하수로S-5,18,7,warpB,37,88,0,99,362

0,지하수로C-1,49,31,지하수로C-6,1,17,0,99,362
0,지하수로C-1,49,32,지하수로C-6,1,18,0,99,362

0,지하수로C-6,0,17,지하수로C-1,48,31,0,99,362
0,지하수로C-6,0,18,지하수로C-1,48,32,0,99,362

0,지하수로C-6,6,0,지하수로C-7,8,18,0,99,362
0,지하수로C-6,7,0,지하수로C-7,9,18,0,99,362

0,지하수로C-7,8,19,지하수로C-6,6,1,0,99,362
0,지하수로C-7,9,19,지하수로C-6,7,1,0,99,362

0,지하수로C-6,19,8,지하수로C-8,1,10,0,99,362
0,지하수로C-6,19,9,지하수로C-8,1,11,0,99,362

0,지하수로C-8,0,10,지하수로C-6,18,8,0,99,362
0,지하수로C-8,0,11,지하수로C-6,18,9,0,99,362

0,지하수로C-8,24,13,지하수로C-9,1,18,0,99,362
0,지하수로C-8,24,14,지하수로C-9,1,19,0,99,362

0,지하수로C-9,0,18,지하수로C-8,23,13,0,99,362
0,지하수로C-9,0,19,지하수로C-8,23,14,0,99,362

0,지하수로C-9,19,0,지하수로C-2,25,48,0,99,362
0,지하수로C-9,20,0,지하수로C-2,26,48,0,99,362

0,지하수로C-2,25,49,지하수로C-9,19,1,0,99,362
0,지하수로C-2,26,49,지하수로C-9,20,1,0,99,362

0,지하수로C-2,0,36,지하수로C-10,18,11,0,99,362
0,지하수로C-2,0,37,지하수로C-10,18,12,0,99,362

0,지하수로C-11,19,11,지하수로C-2,1,36,0,99,362
0,지하수로C-11,19,12,지하수로C-2,1,37,0,99,362

0,지하수로C-6,14,19,지하수로C-14,5,1,0,99,362
0,지하수로C-6,15,19,지하수로C-14,6,1,0,99,362

0,지하수로C-14,5,0,지하수로C-6,14,18,0,99,362
0,지하수로C-14,6,0,지하수로C-6,15,18,0,99,362

0,지하수로C-14,15,24,지하수로C-15,6,1,0,99,362
0,지하수로C-14,16,24,지하수로C-15,7,1,0,99,362

0,지하수로C-15,6,0,지하수로C-14,15,23,0,99,362
0,지하수로C-15,7,0,지하수로C-14,16,23,0,99,362

0,지하수로C-15,19,8,지하수로C-16,1,2,0,99,362
0,지하수로C-15,19,9,지하수로C-16,1,3,0,99,362

0,지하수로C-16,0,2,지하수로C-15,18,8,0,99,362
0,지하수로C-16,0,3,지하수로C-15,18,9,0,99,362

0,지하수로C-16,10,0,지하수로C-17,10,18,0,99,362
0,지하수로C-16,11,0,지하수로C-17,11,18,0,99,362

0,지하수로C-17,10,19,지하수로C-16,10,1,0,99,362
0,지하수로C-17,11,19,지하수로C-16,11,1,0,99,362

0,지하수로C-16,19,11,지하수로C-18,1,7,0,99,362
0,지하수로C-16,19,12,지하수로C-18,1,8,0,99,362

0,지하수로C-18,0,7,지하수로C-16,18,11,0,99,362
0,지하수로C-18,0,8,지하수로C-16,18,12,0,99,362

0,지하수로C-18,19,3,지하수로C-19,1,12,0,99,362
0,지하수로C-18,19,4,지하수로C-19,1,13,0,99,362

0,지하수로C-19,0,12,지하수로C-18,18,3,0,99,362
0,지하수로C-19,0,13,지하수로C-18,18,4,0,99,362

0,지하수로C-19,19,10,지하수로C-4,2,36,0,99,362
0,지하수로C-19,19,11,지하수로C-4,2,37,0,99,362

0,지하수로C-4,1,36,지하수로C-19,18,10,0,99,362
0,지하수로C-4,1,37,지하수로C-19,18,11,0,99,362

0,지하수로C-4,34,49,지하수로C-32,14,1,0,99,362
0,지하수로C-4,35,49,지하수로C-32,15,1,0,99,362

0,지하수로C-32,14,0,지하수로C-4,34,48,0,99,362
0,지하수로C-32,15,0,지하수로C-4,35,48,0,99,362

0,지하수로C-32,12,24,지하수로C-31,14,1,0,99,362
0,지하수로C-32,13,24,지하수로C-31,15,1,0,99,362

0,지하수로C-31,14,0,지하수로C-32,12,23,0,99,362
0,지하수로C-31,15,0,지하수로C-32,13,23,0,99,362

0,지하수로C-31,0,5,지하수로C-30,18,10,0,99,362
0,지하수로C-31,0,6,지하수로C-30,18,11,0,99,362

0,지하수로C-30,19,10,지하수로C-31,1,5,0,99,362
0,지하수로C-30,19,11,지하수로C-31,1,6,0,99,362

0,지하수로C-30,9,19,지하수로C-29,17,1,0,99,362
0,지하수로C-30,10,19,지하수로C-29,18,1,0,99,362

0,지하수로C-29,2,0,지하수로C-28,5,18,0,99,362
0,지하수로C-29,3,0,지하수로C-28,6,18,0,99,362

0,지하수로C-28,5,19,지하수로C-29,2,1,0,99,362
0,지하수로C-28,6,19,지하수로C-29,3,1,0,99,362

0,지하수로C-29,0,17,지하수로C-26,18,16,0,99,362
0,지하수로C-29,0,18,지하수로C-26,18,17,0,99,362

0,지하수로C-26,19,16,지하수로C-29,1,17,0,99,362
0,지하수로C-26,19,17,지하수로C-29,1,18,0,99,362

0,지하수로C-26,14,0,지하수로C-27,18,23,0,99,362
0,지하수로C-26,15,0,지하수로C-27,19,23,0,99,362

0,지하수로C-27,18,24,지하수로C-26,14,1,0,99,362
0,지하수로C-27,19,24,지하수로C-26,15,1,0,99,362

0,지하수로C-26,0,5,지하수로C-3,48,15,0,99,362
0,지하수로C-26,0,6,지하수로C-3,48,16,0,99,362

0,지하수로C-3,49,15,지하수로C-26,1,5,0,99,362
0,지하수로C-3,49,16,지하수로C-26,1,6,0,99,362

0,지하수로C-3,20,1,지하수로C-21,9,18,0,99,362
0,지하수로C-3,21,1,지하수로C-21,10,18,0,99,362

0,지하수로C-21,9,19,지하수로C-3,20,2,0,99,362
0,지하수로C-21,10,19,지하수로C-3,21,2,0,99,362

0,지하수로C-21,10,0,지하수로C-20,10,18,0,99,362
0,지하수로C-21,11,0,지하수로C-20,11,18,0,99,362

0,지하수로C-20,10,19,지하수로C-21,10,1,0,99,362
0,지하수로C-20,11,19,지하수로C-21,11,1,0,99,362

0,지하수로C-20,19,9,지하수로C-15,1,17,0,99,362
0,지하수로C-20,19,10,지하수로C-15,1,18,0,99,362

0,지하수로C-15,0,17,지하수로C-20,18,9,0,99,362
0,지하수로C-15,0,18,지하수로C-20,18,10,0,99,362

0,지하수로C-3,1,39,지하수로C-33,18,10,0,99,362
0,지하수로C-3,1,40,지하수로C-33,18,11,0,99,362

0,지하수로C-33,19,10,지하수로C-3,2,39,0,99,362
0,지하수로C-33,19,11,지하수로C-3,2,40,0,99,362

0,지하수로C-33,7,19,지하수로C-34,10,1,0,99,362
0,지하수로C-33,8,19,지하수로C-34,11,1,0,99,362

0,지하수로C-34,10,0,지하수로C-33,7,18,0,99,362
0,지하수로C-34,11,0,지하수로C-33,8,18,0,99,362

0,지하수로C-34,12,24,지하수로C-35,14,1,0,99,362
0,지하수로C-34,13,24,지하수로C-35,15,1,0,99,362

0,지하수로C-35,14,0,지하수로C-34,12,23,0,99,362
0,지하수로C-35,15,0,지하수로C-34,13,23,0,99,362

0,지하수로C-35,19,16,지하수로C-36,1,10,0,99,362
0,지하수로C-35,19,17,지하수로C-36,1,11,0,99,362

0,지하수로C-36,0,10,지하수로C-35,18,16,0,99,362
0,지하수로C-36,0,11,지하수로C-35,18,17,0,99,362

0,지하수로C-35,0,5,지하수로C-37,18,10,0,99,362
0,지하수로C-35,0,6,지하수로C-37,18,11,0,99,362

0,지하수로C-37,19,10,지하수로C-35,1,5,0,99,362
0,지하수로C-37,19,11,지하수로C-35,1,6,0,99,362

0,지하수로C-37,6,0,지하수로C-38,15,18,0,99,362
0,지하수로C-37,7,0,지하수로C-38,16,18,0,99,362

0,지하수로C-38,15,19,지하수로C-37,6,1,0,99,362
0,지하수로C-38,16,19,지하수로C-37,7,1,0,99,362

0,지하수로C-38,8,0,지하수로C-39,7,18,0,99,362
0,지하수로C-38,9,0,지하수로C-39,8,18,0,99,362

0,지하수로C-39,7,19,지하수로C-38,8,1,0,99,362
0,지하수로C-39,8,19,지하수로C-38,9,1,0,99,362

0,지하수로C-39,19,11,지하수로C-5,1,32,0,99,362
0,지하수로C-39,19,12,지하수로C-5,1,33,0,99,362

0,지하수로C-5,0,32,지하수로C-39,18,11,0,99,362
0,지하수로C-5,0,33,지하수로C-39,18,12,0,99,362

0,지하수로C-39,10,0,지하수로C-42,15,18,0,99,362
0,지하수로C-39,11,0,지하수로C-42,16,18,0,99,362

0,지하수로C-42,15,19,지하수로C-39,10,1,0,99,362
0,지하수로C-42,16,19,지하수로C-39,11,1,0,99,362

0,지하수로C-42,8,0,지하수로C-25,12,18,0,99,362
0,지하수로C-42,9,0,지하수로C-25,13,18,0,99,362

0,지하수로C-25,12,19,지하수로C-42,8,1,0,99,362
0,지하수로C-25,13,19,지하수로C-42,9,1,0,99,362

0,지하수로C-39,0,2,지하수로C-40,18,10,0,99,362
0,지하수로C-39,0,3,지하수로C-40,18,11,0,99,362

0,지하수로C-40,19,10,지하수로C-39,1,2,0,99,362
0,지하수로C-40,19,11,지하수로C-39,1,3,0,99,362

0,지하수로C-40,9,19,지하수로C-41,9,1,0,99,362
0,지하수로C-40,10,19,지하수로C-41,10,1,0,99,362

0,지하수로C-25,14,0,지하수로C-22,13,18,0,99,362
0,지하수로C-25,15,0,지하수로C-22,14,18,0,99,362

0,지하수로C-22,13,19,지하수로C-25,14,1,0,99,362
0,지하수로C-22,14,19,지하수로C-25,15,1,0,99,362

0,지하수로C-22,19,8,지하수로C-1,1,35,0,99,362
0,지하수로C-22,19,9,지하수로C-1,1,36,0,99,362

0,지하수로C-1,0,35,지하수로C-22,18,8,0,99,362
0,지하수로C-1,0,36,지하수로C-22,18,9,0,99,362

0,지하수로C-22,0,17,지하수로C-23,18,10,0,99,362
0,지하수로C-22,0,18,지하수로C-23,18,11,0,99,362

0,지하수로C-23,19,10,지하수로C-22,1,17,0,99,362
0,지하수로C-23,19,11,지하수로C-22,1,18,0,99,362

0,지하수로C-23,10,19,지하수로C-24,14,1,0,99,362
0,지하수로C-23,11,19,지하수로C-24,15,1,0,99,362

0,지하수로C-24,14,0,지하수로C-23,10,18,0,99,362
0,지하수로C-24,15,0,지하수로C-23,11,18,0,99,362

0,지하수로C-24,19,15,지하수로C-25,1,5,0,99,362
0,지하수로C-24,19,16,지하수로C-25,1,6,0,99,362
//D
0,지하수로D-1,49,31,지하수로D-6,1,17,0,99,362
0,지하수로D-1,49,32,지하수로D-6,1,18,0,99,362

0,지하수로D-6,0,17,지하수로D-1,48,31,0,99,362
0,지하수로D-6,0,18,지하수로D-1,48,32,0,99,362

0,지하수로D-6,6,0,지하수로D-7,8,18,0,99,362
0,지하수로D-6,7,0,지하수로D-7,9,18,0,99,362

0,지하수로D-7,8,19,지하수로D-6,6,1,0,99,362
0,지하수로D-7,9,19,지하수로D-6,7,1,0,99,362

0,지하수로D-6,19,8,지하수로D-8,1,10,0,99,362
0,지하수로D-6,19,9,지하수로D-8,1,11,0,99,362

0,지하수로D-8,0,10,지하수로D-6,18,8,0,99,362
0,지하수로D-8,0,11,지하수로D-6,18,9,0,99,362

0,지하수로D-8,24,13,지하수로D-9,1,18,0,99,362
0,지하수로D-8,24,14,지하수로D-9,1,19,0,99,362

0,지하수로D-9,0,18,지하수로D-8,23,13,0,99,362
0,지하수로D-9,0,19,지하수로D-8,23,14,0,99,362

0,지하수로D-9,19,0,지하수로D-2,25,48,0,99,362
0,지하수로D-9,20,0,지하수로D-2,26,48,0,99,362

0,지하수로D-2,25,49,지하수로D-9,19,1,0,99,362
0,지하수로D-2,26,49,지하수로D-9,20,1,0,99,362

0,지하수로D-2,0,36,지하수로D-10,18,11,0,99,362
0,지하수로D-2,0,37,지하수로D-10,18,12,0,99,362

0,지하수로D-11,19,11,지하수로D-2,1,36,0,99,362
0,지하수로D-11,19,12,지하수로D-2,1,37,0,99,362

0,지하수로D-6,14,19,지하수로D-14,5,1,0,99,362
0,지하수로D-6,15,19,지하수로D-14,6,1,0,99,362

0,지하수로D-14,5,0,지하수로D-6,14,18,0,99,362
0,지하수로D-14,6,0,지하수로D-6,15,18,0,99,362

0,지하수로D-14,15,24,지하수로D-15,6,1,0,99,362
0,지하수로D-14,16,24,지하수로D-15,7,1,0,99,362

0,지하수로D-15,6,0,지하수로D-14,15,23,0,99,362
0,지하수로D-15,7,0,지하수로D-14,16,23,0,99,362

0,지하수로D-15,19,8,지하수로D-16,1,2,0,99,362
0,지하수로D-15,19,9,지하수로D-16,1,3,0,99,362

0,지하수로D-16,0,2,지하수로D-15,18,8,0,99,362
0,지하수로D-16,0,3,지하수로D-15,18,9,0,99,362

0,지하수로D-16,10,0,지하수로D-17,10,18,0,99,362
0,지하수로D-16,11,0,지하수로D-17,11,18,0,99,362

0,지하수로D-17,10,19,지하수로D-16,10,1,0,99,362
0,지하수로D-17,11,19,지하수로D-16,11,1,0,99,362

0,지하수로D-16,19,11,지하수로D-18,1,7,0,99,362
0,지하수로D-16,19,12,지하수로D-18,1,8,0,99,362

0,지하수로D-18,0,7,지하수로D-16,18,11,0,99,362
0,지하수로D-18,0,8,지하수로D-16,18,12,0,99,362

0,지하수로D-18,19,3,지하수로D-19,1,12,0,99,362
0,지하수로D-18,19,4,지하수로D-19,1,13,0,99,362

0,지하수로D-19,0,12,지하수로D-18,18,3,0,99,362
0,지하수로D-19,0,13,지하수로D-18,18,4,0,99,362

0,지하수로D-19,19,10,지하수로D-4,2,36,0,99,362
0,지하수로D-19,19,11,지하수로D-4,2,37,0,99,362

0,지하수로D-4,1,36,지하수로D-19,18,10,0,99,362
0,지하수로D-4,1,37,지하수로D-19,18,11,0,99,362

0,지하수로D-4,34,49,지하수로D-32,14,1,0,99,362
0,지하수로D-4,35,49,지하수로D-32,15,1,0,99,362

0,지하수로D-32,14,0,지하수로D-4,34,48,0,99,362
0,지하수로D-32,15,0,지하수로D-4,35,48,0,99,362

0,지하수로D-32,12,24,지하수로D-31,14,1,0,99,362
0,지하수로D-32,13,24,지하수로D-31,15,1,0,99,362

0,지하수로D-31,14,0,지하수로D-32,12,23,0,99,362
0,지하수로D-31,15,0,지하수로D-32,13,23,0,99,362

0,지하수로D-31,0,5,지하수로D-30,18,10,0,99,362
0,지하수로D-31,0,6,지하수로D-30,18,11,0,99,362

0,지하수로D-30,19,10,지하수로D-31,1,5,0,99,362
0,지하수로D-30,19,11,지하수로D-31,1,6,0,99,362

0,지하수로D-30,9,19,지하수로D-29,17,1,0,99,362
0,지하수로D-30,10,19,지하수로D-29,18,1,0,99,362

0,지하수로D-29,2,0,지하수로D-28,5,18,0,99,362
0,지하수로D-29,3,0,지하수로D-28,6,18,0,99,362

0,지하수로D-28,5,19,지하수로D-29,2,1,0,99,362
0,지하수로D-28,6,19,지하수로D-29,3,1,0,99,362

0,지하수로D-29,0,17,지하수로D-26,18,16,0,99,362
0,지하수로D-29,0,18,지하수로D-26,18,17,0,99,362

0,지하수로D-26,19,16,지하수로D-29,1,17,0,99,362
0,지하수로D-26,19,17,지하수로D-29,1,18,0,99,362

0,지하수로D-26,14,0,지하수로D-27,18,23,0,99,362
0,지하수로D-26,15,0,지하수로D-27,19,23,0,99,362

0,지하수로D-27,18,24,지하수로D-26,14,1,0,99,362
0,지하수로D-27,19,24,지하수로D-26,15,1,0,99,362

0,지하수로D-26,0,5,지하수로D-3,48,15,0,99,362
0,지하수로D-26,0,6,지하수로D-3,48,16,0,99,362

0,지하수로D-3,49,15,지하수로D-26,1,5,0,99,362
0,지하수로D-3,49,16,지하수로D-26,1,6,0,99,362

0,지하수로D-3,20,1,지하수로D-21,9,18,0,99,362
0,지하수로D-3,21,1,지하수로D-21,10,18,0,99,362

0,지하수로D-21,9,19,지하수로D-3,20,2,0,99,362
0,지하수로D-21,10,19,지하수로D-3,21,2,0,99,362

0,지하수로D-21,10,0,지하수로D-20,10,18,0,99,362
0,지하수로D-21,11,0,지하수로D-20,11,18,0,99,362

0,지하수로D-20,10,19,지하수로D-21,10,1,0,99,362
0,지하수로D-20,11,19,지하수로D-21,11,1,0,99,362

0,지하수로D-20,19,9,지하수로D-15,1,17,0,99,362
0,지하수로D-20,19,10,지하수로D-15,1,18,0,99,362

0,지하수로D-15,0,17,지하수로D-20,18,9,0,99,362
0,지하수로D-15,0,18,지하수로D-20,18,10,0,99,362

0,지하수로D-3,1,39,지하수로D-33,18,10,0,99,362
0,지하수로D-3,1,40,지하수로D-33,18,11,0,99,362

0,지하수로D-33,19,10,지하수로D-3,2,39,0,99,362
0,지하수로D-33,19,11,지하수로D-3,2,40,0,99,362

0,지하수로D-33,7,19,지하수로D-34,10,1,0,99,362
0,지하수로D-33,8,19,지하수로D-34,11,1,0,99,362

0,지하수로D-34,10,0,지하수로D-33,7,18,0,99,362
0,지하수로D-34,11,0,지하수로D-33,8,18,0,99,362

0,지하수로D-34,12,24,지하수로D-35,14,1,0,99,362
0,지하수로D-34,13,24,지하수로D-35,15,1,0,99,362

0,지하수로D-35,14,0,지하수로D-34,12,23,0,99,362
0,지하수로D-35,15,0,지하수로D-34,13,23,0,99,362

0,지하수로D-35,19,16,지하수로D-36,1,10,0,99,362
0,지하수로D-35,19,17,지하수로D-36,1,11,0,99,362

0,지하수로D-36,0,10,지하수로D-35,18,16,0,99,362
0,지하수로D-36,0,11,지하수로D-35,18,17,0,99,362

0,지하수로D-35,0,5,지하수로D-37,18,10,0,99,362
0,지하수로D-35,0,6,지하수로D-37,18,11,0,99,362

0,지하수로D-37,19,10,지하수로D-35,1,5,0,99,362
0,지하수로D-37,19,11,지하수로D-35,1,6,0,99,362

0,지하수로D-37,6,0,지하수로D-38,15,18,0,99,362
0,지하수로D-37,7,0,지하수로D-38,16,18,0,99,362

0,지하수로D-38,15,19,지하수로D-37,6,1,0,99,362
0,지하수로D-38,16,19,지하수로D-37,7,1,0,99,362

0,지하수로D-38,8,0,지하수로D-39,7,18,0,99,362
0,지하수로D-38,9,0,지하수로D-39,8,18,0,99,362

0,지하수로D-39,7,19,지하수로D-38,8,1,0,99,362
0,지하수로D-39,8,19,지하수로D-38,9,1,0,99,362

0,지하수로D-39,19,11,지하수로D-5,1,32,0,99,362
0,지하수로D-39,19,12,지하수로D-5,1,33,0,99,362

0,지하수로D-5,0,32,지하수로D-39,18,11,0,99,362
0,지하수로D-5,0,33,지하수로D-39,18,12,0,99,362

0,지하수로D-39,10,0,지하수로D-42,15,18,0,99,362
0,지하수로D-39,11,0,지하수로D-42,16,18,0,99,362

0,지하수로D-42,15,19,지하수로D-39,10,1,0,99,362
0,지하수로D-42,16,19,지하수로D-39,11,1,0,99,362

0,지하수로D-42,8,0,지하수로D-25,12,18,0,99,362
0,지하수로D-42,9,0,지하수로D-25,13,18,0,99,362

0,지하수로D-25,12,19,지하수로D-42,8,1,0,99,362
0,지하수로D-25,13,19,지하수로D-42,9,1,0,99,362

0,지하수로D-39,0,2,지하수로D-40,18,10,0,99,362
0,지하수로D-39,0,3,지하수로D-40,18,11,0,99,362

0,지하수로D-40,19,10,지하수로D-39,1,2,0,99,362
0,지하수로D-40,19,11,지하수로D-39,1,3,0,99,362

0,지하수로D-40,9,19,지하수로D-41,9,1,0,99,362
0,지하수로D-40,10,19,지하수로D-41,10,1,0,99,362

0,지하수로D-25,14,0,지하수로D-22,13,18,0,99,362
0,지하수로D-25,15,0,지하수로D-22,14,18,0,99,362

0,지하수로D-22,13,19,지하수로D-25,14,1,0,99,362
0,지하수로D-22,14,19,지하수로D-25,15,1,0,99,362

0,지하수로D-22,19,8,지하수로D-1,1,35,0,99,362
0,지하수로D-22,19,9,지하수로D-1,1,36,0,99,362

0,지하수로D-1,0,35,지하수로D-22,18,8,0,99,362
0,지하수로D-1,0,36,지하수로D-22,18,9,0,99,362

0,지하수로D-22,0,17,지하수로D-23,18,10,0,99,362
0,지하수로D-22,0,18,지하수로D-23,18,11,0,99,362

0,지하수로D-23,19,10,지하수로D-22,1,17,0,99,362
0,지하수로D-23,19,11,지하수로D-22,1,18,0,99,362

0,지하수로D-23,10,19,지하수로D-24,14,1,0,99,362
0,지하수로D-23,11,19,지하수로D-24,15,1,0,99,362

0,지하수로D-24,14,0,지하수로D-23,10,18,0,99,362
0,지하수로D-24,15,0,지하수로D-23,11,18,0,99,362

0,지하수로D-24,19,15,지하수로D-25,1,5,0,99,362
0,지하수로D-24,19,16,지하수로D-25,1,6,0,99,362
//S
0,지하수로S-1,49,31,지하수로S-6,1,17,0,99,362
0,지하수로S-1,49,32,지하수로S-6,1,18,0,99,362

0,지하수로S-6,0,17,지하수로S-1,48,31,0,99,362
0,지하수로S-6,0,18,지하수로S-1,48,32,0,99,362

0,지하수로S-6,6,0,지하수로S-7,8,18,0,99,362
0,지하수로S-6,7,0,지하수로S-7,9,18,0,99,362

0,지하수로S-7,8,19,지하수로S-6,6,1,0,99,362
0,지하수로S-7,9,19,지하수로S-6,7,1,0,99,362

0,지하수로S-6,19,8,지하수로S-8,1,10,0,99,362
0,지하수로S-6,19,9,지하수로S-8,1,11,0,99,362

0,지하수로S-8,0,10,지하수로S-6,18,8,0,99,362
0,지하수로S-8,0,11,지하수로S-6,18,9,0,99,362

0,지하수로S-8,24,13,지하수로S-9,1,18,0,99,362
0,지하수로S-8,24,14,지하수로S-9,1,19,0,99,362

0,지하수로S-9,0,18,지하수로S-8,23,13,0,99,362
0,지하수로S-9,0,19,지하수로S-8,23,14,0,99,362

0,지하수로S-9,19,0,지하수로S-2,25,48,0,99,362
0,지하수로S-9,20,0,지하수로S-2,26,48,0,99,362

0,지하수로S-2,25,49,지하수로S-9,19,1,0,99,362
0,지하수로S-2,26,49,지하수로S-9,20,1,0,99,362

0,지하수로S-2,0,36,지하수로S-10,18,11,0,99,362
0,지하수로S-2,0,37,지하수로S-10,18,12,0,99,362

0,지하수로S-11,19,11,지하수로S-2,1,36,0,99,362
0,지하수로S-11,19,12,지하수로S-2,1,37,0,99,362

0,지하수로S-6,14,19,지하수로S-14,5,1,0,99,362
0,지하수로S-6,15,19,지하수로S-14,6,1,0,99,362

0,지하수로S-14,5,0,지하수로S-6,14,18,0,99,362
0,지하수로S-14,6,0,지하수로S-6,15,18,0,99,362

0,지하수로S-14,15,24,지하수로S-15,6,1,0,99,362
0,지하수로S-14,16,24,지하수로S-15,7,1,0,99,362

0,지하수로S-15,6,0,지하수로S-14,15,23,0,99,362
0,지하수로S-15,7,0,지하수로S-14,16,23,0,99,362

0,지하수로S-15,19,8,지하수로S-16,1,2,0,99,362
0,지하수로S-15,19,9,지하수로S-16,1,3,0,99,362

0,지하수로S-16,0,2,지하수로S-15,18,8,0,99,362
0,지하수로S-16,0,3,지하수로S-15,18,9,0,99,362

0,지하수로S-16,10,0,지하수로S-17,10,18,0,99,362
0,지하수로S-16,11,0,지하수로S-17,11,18,0,99,362

0,지하수로S-17,10,19,지하수로S-16,10,1,0,99,362
0,지하수로S-17,11,19,지하수로S-16,11,1,0,99,362

0,지하수로S-16,19,11,지하수로S-18,1,7,0,99,362
0,지하수로S-16,19,12,지하수로S-18,1,8,0,99,362

0,지하수로S-18,0,7,지하수로S-16,18,11,0,99,362
0,지하수로S-18,0,8,지하수로S-16,18,12,0,99,362

0,지하수로S-18,19,3,지하수로S-19,1,12,0,99,362
0,지하수로S-18,19,4,지하수로S-19,1,13,0,99,362

0,지하수로S-19,0,12,지하수로S-18,18,3,0,99,362
0,지하수로S-19,0,13,지하수로S-18,18,4,0,99,362

0,지하수로S-19,19,10,지하수로S-4,2,36,0,99,362
0,지하수로S-19,19,11,지하수로S-4,2,37,0,99,362

0,지하수로S-4,1,36,지하수로S-19,18,10,0,99,362
0,지하수로S-4,1,37,지하수로S-19,18,11,0,99,362

0,지하수로S-4,34,49,지하수로S-32,14,1,0,99,362
0,지하수로S-4,35,49,지하수로S-32,15,1,0,99,362

0,지하수로S-32,14,0,지하수로S-4,34,48,0,99,362
0,지하수로S-32,15,0,지하수로S-4,35,48,0,99,362

0,지하수로S-32,12,24,지하수로S-31,14,1,0,99,362
0,지하수로S-32,13,24,지하수로S-31,15,1,0,99,362

0,지하수로S-31,14,0,지하수로S-32,12,23,0,99,362
0,지하수로S-31,15,0,지하수로S-32,13,23,0,99,362

0,지하수로S-31,0,5,지하수로S-30,18,10,0,99,362
0,지하수로S-31,0,6,지하수로S-30,18,11,0,99,362

0,지하수로S-30,19,10,지하수로S-31,1,5,0,99,362
0,지하수로S-30,19,11,지하수로S-31,1,6,0,99,362

0,지하수로S-30,9,19,지하수로S-29,17,1,0,99,362
0,지하수로S-30,10,19,지하수로S-29,18,1,0,99,362

0,지하수로S-29,2,0,지하수로S-28,5,18,0,99,362
0,지하수로S-29,3,0,지하수로S-28,6,18,0,99,362

0,지하수로S-28,5,19,지하수로S-29,2,1,0,99,362
0,지하수로S-28,6,19,지하수로S-29,3,1,0,99,362

0,지하수로S-29,0,17,지하수로S-26,18,16,0,99,362
0,지하수로S-29,0,18,지하수로S-26,18,17,0,99,362

0,지하수로S-26,19,16,지하수로S-29,1,17,0,99,362
0,지하수로S-26,19,17,지하수로S-29,1,18,0,99,362

0,지하수로S-26,14,0,지하수로S-27,18,23,0,99,362
0,지하수로S-26,15,0,지하수로S-27,19,23,0,99,362

0,지하수로S-27,18,24,지하수로S-26,14,1,0,99,362
0,지하수로S-27,19,24,지하수로S-26,15,1,0,99,362

0,지하수로S-26,0,5,지하수로S-3,48,15,0,99,362
0,지하수로S-26,0,6,지하수로S-3,48,16,0,99,362

0,지하수로S-3,49,15,지하수로S-26,1,5,0,99,362
0,지하수로S-3,49,16,지하수로S-26,1,6,0,99,362

0,지하수로S-3,20,1,지하수로S-21,9,18,0,99,362
0,지하수로S-3,21,1,지하수로S-21,10,18,0,99,362

0,지하수로S-21,9,19,지하수로S-3,20,2,0,99,362
0,지하수로S-21,10,19,지하수로S-3,21,2,0,99,362

0,지하수로S-21,10,0,지하수로S-20,10,18,0,99,362
0,지하수로S-21,11,0,지하수로S-20,11,18,0,99,362

0,지하수로S-20,10,19,지하수로S-21,10,1,0,99,362
0,지하수로S-20,11,19,지하수로S-21,11,1,0,99,362

0,지하수로S-20,19,9,지하수로S-15,1,17,0,99,362
0,지하수로S-20,19,10,지하수로S-15,1,18,0,99,362

0,지하수로S-15,0,17,지하수로S-20,18,9,0,99,362
0,지하수로S-15,0,18,지하수로S-20,18,10,0,99,362

0,지하수로S-3,1,39,지하수로S-33,18,10,0,99,362
0,지하수로S-3,1,40,지하수로S-33,18,11,0,99,362

0,지하수로S-33,19,10,지하수로S-3,2,39,0,99,362
0,지하수로S-33,19,11,지하수로S-3,2,40,0,99,362

0,지하수로S-33,7,19,지하수로S-34,10,1,0,99,362
0,지하수로S-33,8,19,지하수로S-34,11,1,0,99,362

0,지하수로S-34,10,0,지하수로S-33,7,18,0,99,362
0,지하수로S-34,11,0,지하수로S-33,8,18,0,99,362

0,지하수로S-34,12,24,지하수로S-35,14,1,0,99,362
0,지하수로S-34,13,24,지하수로S-35,15,1,0,99,362

0,지하수로S-35,14,0,지하수로S-34,12,23,0,99,362
0,지하수로S-35,15,0,지하수로S-34,13,23,0,99,362

0,지하수로S-35,19,16,지하수로S-36,1,10,0,99,362
0,지하수로S-35,19,17,지하수로S-36,1,11,0,99,362

0,지하수로S-36,0,10,지하수로S-35,18,16,0,99,362
0,지하수로S-36,0,11,지하수로S-35,18,17,0,99,362

0,지하수로S-35,0,5,지하수로S-37,18,10,0,99,362
0,지하수로S-35,0,6,지하수로S-37,18,11,0,99,362

0,지하수로S-37,19,10,지하수로S-35,1,5,0,99,362
0,지하수로S-37,19,11,지하수로S-35,1,6,0,99,362

0,지하수로S-37,6,0,지하수로S-38,15,18,0,99,362
0,지하수로S-37,7,0,지하수로S-38,16,18,0,99,362

0,지하수로S-38,15,19,지하수로S-37,6,1,0,99,362
0,지하수로S-38,16,19,지하수로S-37,7,1,0,99,362

0,지하수로S-38,8,0,지하수로S-39,7,18,0,99,362
0,지하수로S-38,9,0,지하수로S-39,8,18,0,99,362

0,지하수로S-39,7,19,지하수로S-38,8,1,0,99,362
0,지하수로S-39,8,19,지하수로S-38,9,1,0,99,362

0,지하수로S-39,19,11,지하수로S-5,1,32,0,99,362
0,지하수로S-39,19,12,지하수로S-5,1,33,0,99,362

0,지하수로S-5,0,32,지하수로S-39,18,11,0,99,362
0,지하수로S-5,0,33,지하수로S-39,18,12,0,99,362

0,지하수로S-39,10,0,지하수로S-42,15,18,0,99,362
0,지하수로S-39,11,0,지하수로S-42,16,18,0,99,362

0,지하수로S-42,15,19,지하수로S-39,10,1,0,99,362
0,지하수로S-42,16,19,지하수로S-39,11,1,0,99,362

0,지하수로S-42,8,0,지하수로S-25,12,18,0,99,362
0,지하수로S-42,9,0,지하수로S-25,13,18,0,99,362

0,지하수로S-25,12,19,지하수로S-42,8,1,0,99,362
0,지하수로S-25,13,19,지하수로S-42,9,1,0,99,362

0,지하수로S-39,0,2,지하수로S-40,18,10,0,99,362
0,지하수로S-39,0,3,지하수로S-40,18,11,0,99,362

0,지하수로S-40,19,10,지하수로S-39,1,2,0,99,362
0,지하수로S-40,19,11,지하수로S-39,1,3,0,99,362

0,지하수로S-40,9,19,지하수로S-41,9,1,0,99,362
0,지하수로S-40,10,19,지하수로S-41,10,1,0,99,362

0,지하수로S-25,14,0,지하수로S-22,13,18,0,99,362
0,지하수로S-25,15,0,지하수로S-22,14,18,0,99,362

0,지하수로S-22,13,19,지하수로S-25,14,1,0,99,362
0,지하수로S-22,14,19,지하수로S-25,15,1,0,99,362

0,지하수로S-22,19,8,지하수로S-1,1,35,0,99,362
0,지하수로S-22,19,9,지하수로S-1,1,36,0,99,362

0,지하수로S-1,0,35,지하수로S-22,18,8,0,99,362
0,지하수로S-1,0,36,지하수로S-22,18,9,0,99,362

0,지하수로S-22,0,17,지하수로S-23,18,10,0,99,362
0,지하수로S-22,0,18,지하수로S-23,18,11,0,99,362

0,지하수로S-23,19,10,지하수로S-22,1,17,0,99,362
0,지하수로S-23,19,11,지하수로S-22,1,18,0,99,362

0,지하수로S-23,10,19,지하수로S-24,14,1,0,99,362
0,지하수로S-23,11,19,지하수로S-24,15,1,0,99,362

0,지하수로S-24,14,0,지하수로S-23,10,18,0,99,362
0,지하수로S-24,15,0,지하수로S-23,11,18,0,99,362

0,지하수로S-24,19,15,지하수로S-25,1,5,0,99,362
0,지하수로S-24,19,16,지하수로S-25,1,6,0,99,362