0,마인마을,99,24,카스마늄광산진입로,16,10,99,99,362
0,마인마을,99,25,카스마늄광산진입로,16,10,99,99,362
0,마인마을,99,26,카스마늄광산진입로,16,10,99,99,362
0,마인마을,99,27,카스마늄광산진입로,16,10,99,99,362
0,마인마을,99,28,카스마늄광산진입로,16,10,99,99,362
0,마인마을,99,29,카스마늄광산진입로,16,10,99,99,362
0,마인마을,99,30,카스마늄광산진입로,16,10,99,99,362
0,카스마늄광산진입로,18,11,마인마을,97,27,99,99,362
0,카스마늄광산진입로,18,10,마인마을,97,27,99,99,362

0,카스마늄광산진입로,0,11,카스마늄제1광산입구,17,11,0,99,362
0,카스마늄광산진입로,0,12,카스마늄제1광산입구,17,11,0,99,362
0,카스마늄광산진입로,0,13,카스마늄제1광산입구,17,11,0,99,362

0,카스마늄제1광산입구,18,10,카스마늄광산진입로,2,11,0,99,362
0,카스마늄제1광산입구,18,11,카스마늄광산진입로,2,11,0,99,362
0,카스마늄제1광산입구,18,12,카스마늄광산진입로,2,11,0,99,362

0,카스마늄제1광산입구,3,8,카스마늄제1광산,23,11,0,99,362
0,카스마늄제1광산입구,3,9,카스마늄제1광산,23,11,0,99,362
0,카스마늄제1광산입구,3,10,카스마늄제1광산,23,11,0,99,362

0,카스마늄제1광산,26,12,카스마늄제1광산입구,5,10,0,99,362
0,카스마늄제1광산,26,13,카스마늄제1광산입구,5,10,0,99,362

4,카스마늄제1광산,14,3,casswarp,0,0,0,99,362
4,카스마늄제1광산,15,3,casswarp,0,0,0,99,362

4,카스마늄제1광산,3,14,casswarp,0,0,0,99,362
4,카스마늄제1광산,3,15,casswarp,0,0,0,99,362

4,카스마늄제1광산,14,32,casswarp,0,0,0,99,362
4,카스마늄제1광산,15,32,casswarp,0,0,0,99,362

0,카스마늄제1-1갱도,64,97,카스마늄제1광산,15,5,0,99,362
0,카스마늄제1-1갱도,65,97,카스마늄제1광산,15,5,0,99,362

0,카스마늄제1-2갱도,25,34,카스마늄제1광산,5,15,0,99,362
0,카스마늄제1-2갱도,25,35,카스마늄제1광산,5,15,0,99,362

0,카스마늄제1-3갱도,1,52,카스마늄제1광산,14,30,0,99,362
0,카스마늄제1-3갱도,1,53,카스마늄제1광산,14,30,0,99,362

0,카스마늄광산진입로,9,0,카스마늄제2광산입구,11,18,0,99,362
0,카스마늄광산진입로,10,0,카스마늄제2광산입구,11,18,0,99,362
0,카스마늄광산진입로,11,0,카스마늄제2광산입구,11,18,0,99,362

0,카스마늄제2광산입구,10,20,카스마늄광산진입로,9,3,0,99,362
0,카스마늄제2광산입구,11,20,카스마늄광산진입로,9,3,0,99,362
0,카스마늄제2광산입구,12,20,카스마늄광산진입로,9,3,0,99,362

0,카스마늄제2광산입구,3,8,카스마늄제2광산,23,11,0,99,362
0,카스마늄제2광산입구,3,9,카스마늄제2광산,23,11,0,99,362
0,카스마늄제2광산입구,3,10,카스마늄제2광산,23,11,0,99,362

0,카스마늄제2광산,26,12,카스마늄제2광산입구,5,10,0,99,362
0,카스마늄제2광산,26,13,카스마늄제2광산입구,5,10,0,99,362

4,카스마늄제2광산,14,3,casswarp,0,0,0,99,362
4,카스마늄제2광산,15,3,casswarp,0,0,0,99,362

4,카스마늄제2광산,3,14,casswarp,0,0,0,99,362
4,카스마늄제2광산,3,15,casswarp,0,0,0,99,362

4,카스마늄제2광산,14,32,casswarp,0,0,0,99,362
4,카스마늄제2광산,15,32,casswarp,0,0,0,99,362

0,카스마늄제2-1갱도,64,97,카스마늄제2광산,15,5,0,99,362
0,카스마늄제2-1갱도,65,97,카스마늄제2광산,15,5,0,99,362

0,카스마늄제2-2갱도,25,34,카스마늄제2광산,5,15,0,99,362
0,카스마늄제2-2갱도,25,35,카스마늄제2광산,5,15,0,99,362

0,카스마늄제2-3갱도,1,52,카스마늄제2광산,14,30,0,99,362
0,카스마늄제2-3갱도,1,53,카스마늄제2광산,14,30,0,99,362

0,카스마늄광산진입로,0,3,카스마늄제3광산입구,17,11,0,99,362
0,카스마늄광산진입로,0,4,카스마늄제3광산입구,17,11,0,99,362
0,카스마늄광산진입로,0,5,카스마늄제3광산입구,17,11,0,99,362

0,카스마늄제3광산입구,18,10,카스마늄광산진입로,2,4,0,99,362
0,카스마늄제3광산입구,18,11,카스마늄광산진입로,2,4,0,99,362
0,카스마늄제3광산입구,18,12,카스마늄광산진입로,2,4,0,99,362