0,크리스마스마을,20,8,스키장리프트대기실,9,8,0,99,362

0,크리스마스마을,8,11,크리스마스선물공장,13,16,0,99,362
0,크리스마스마을,9,11,크리스마스선물공장,13,16,0,99,362

0,스키장리프트대기실,11,7,크리스마스마을,20,11,0,99,362
0,스키장리프트대기실,11,8,크리스마스마을,20,11,0,99,362
0,스키장리프트대기실,11,9,크리스마스마을,20,11,0,99,362

0,크리스마스선물공장,13,18,크리스마스마을,9,13,0,99,362
0,크리스마스선물공장,0,15,크리스마스요정의방,8,8,0,99,362
0,크리스마스선물공장,18,5,산타클로스의방,2,12,0,99,362
0,크리스마스요정의방,10,8,크리스마스선물공장,2,16,0,99,362
0,산타클로스의방,0,12,크리스마스선물공장,16,5,0,99,362

0,산타클로스의방,12,0,루돌프사육장,13,13,0,99,362
0,루돌프사육장,12,15,산타클로스의방,12,2,0,99,362
0,루돌프사육장,13,15,산타클로스의방,12,2,0,99,362