0,타고르마을,16,45,타고르잡화상점,7,12,0,99,362

0,타고르잡화상점,6,14,타고르마을,18,45,0,99,362
0,타고르잡화상점,7,14,타고르마을,18,45,0,99,362

0,타고르마을,11,32,타고르보관소,6,13,0,99,362

0,타고르보관소,19,9,타고르마을,11,34,0,99,362
0,타고르보관소,19,10,타고르마을,11,34,0,99,362
0,타고르보관소,19,11,타고르마을,11,34,0,99,362

0,타고르마을,29,12,마가레타의집,9,5,0,99,362

0,마가레타의집,11,5,타고르마을,29,14,0,99,362
0,마가레타의집,11,6,타고르마을,29,14,0,99,362

0,타고르마을,40,50,타고르여관,8,16,0,99,362
0,타고르마을,45,44,타고르여관,16,7,0,99,362

0,타고르여관,9,19,타고르마을,40,52,0,99,362
0,타고르여관,10,19,타고르마을,40,52,0,99,362
0,타고르여관,19,7,타고르마을,47,44,0,99,362
0,타고르여관,19,8,타고르마을,47,44,0,99,362

0,타고르마을,65,29,타고르교회,8,21,0,99,362

0,타고르교회,8,24,타고르마을,66,31,0,99,362

0,타고르마을,0,34,홀리루딘성,95,50,0,99,362
0,타고르마을,0,35,홀리루딘성,95,50,0,99,362