0,피에트마을,13,36,피에트식당,12,7,0,99,362
0,피에트식당,14,7,피에트마을,15,36,0,99,362
0,피에트식당,14,8,피에트마을,15,36,0,99,362

0,피에트마을,13,27,메사라의집-흑마법,12,7,0,99,362
0,피에트마을,13,28,메사라의집-흑마법,12,8,0,99,362
0,메사라의집-흑마법,14,7,피에트마을,15,27,0,99,362
0,메사라의집-흑마법,14,8,피에트마을,15,28,0,99,362

0,피에트마을,13,20,아레스의집-전투,12,7,0,99,362
0,아레스의집-전투,14,7,피에트마을,15,20,0,99,362
0,아레스의집-전투,14,8,피에트마을,15,20,0,99,362

0,피에트마을,13,11,페이의집-특수,12,7,0,99,362
0,피에트마을,13,12,페이의집-특수,12,8,0,99,362
0,페이의집-특수,14,7,피에트마을,15,11,0,99,362
0,페이의집-특수,14,8,피에트마을,15,11,0,99,362

0,피에트마을,27,14,피에트대장간,8,17,0,99,362
0,피에트마을,28,14,피에트대장간,8,17,0,99,362
0,피에트대장간,9,19,피에트마을,27,16,0,99,362
0,피에트대장간,10,19,피에트마을,28,16,0,99,362

0,피에트마을,35,14,피에트은행,7,15,0,99,362
0,피에트마을,36,14,피에트은행,7,15,0,99,362

0,피에트은행,7,19,피에트마을,36,16,0,99,362
0,피에트은행,8,19,피에트마을,36,16,0,99,362
0,피에트은행,9,19,피에트마을,36,16,0,99,362

0,피에트마을,69,27,피에트여관,16,10,0,99,362
0,피에트마을,69,28,피에트여관,16,10,0,99,362
0,피에트여관,19,9,피에트마을,71,27,0,99,362
0,피에트여관,19,10,피에트마을,71,28,0,99,362

0,피에트마을,66,35,피에트잡화상점,12,7,0,99,362
0,피에트마을,66,36,피에트잡화상점,12,7,0,99,362
0,피에트잡화상점,14,7,피에트마을,68,35,0,99,362
0,피에트잡화상점,14,8,피에트마을,68,36,0,99,362

0,피에트마을,75,12,초급기술관,7,12,0,99,362
0,피에트마을,76,12,초급기술관,7,12,0,99,362
0,초급기술관,6,14,피에트마을,75,14,0,99,362
0,초급기술관,7,14,피에트마을,76,14,0,99,362
0,초급기술관,8,14,피에트마을,76,14,0,99,362

0,피에트마을,91,18,사리의집-백마법,8,12,0,99,362
0,피에트마을,92,18,사리의집-백마법,8,12,0,99,362
0,사리의집-백마법,8,14,피에트마을,91,20,0,99,362
0,사리의집-백마법,9,14,피에트마을,92,20,0,99,362

0,피에트마을,84,39,피에트시약상점,7,12,0,99,362
0,피에트마을,85,39,피에트시약상점,8,12,0,99,362
0,피에트시약상점,7,14,피에트마을,84,41,0,99,362
0,피에트시약상점,8,14,피에트마을,85,41,0,99,362

0,피에트마을,82,70,아이작의집-전투,8,12,0,99,362
0,피에트마을,83,70,아이작의집-전투,9,12,0,99,362
0,아이작의집-전투,8,14,피에트마을,82,72,0,99,362
0,아이작의집-전투,9,14,피에트마을,83,72,0,99,362

0,피에트마을,91,70,윈슬렛의집-흑마법,8,12,0,99,362
0,피에트마을,92,70,윈슬렛의집-흑마법,9,12,0,99,362
0,윈슬렛의집-흑마법,8,14,피에트마을,91,72,0,99,362
0,윈슬렛의집-흑마법,9,14,피에트마을,92,72,0,99,362

0,피에트마을,77,84,키튼의집-특수,12,8,0,99,362
0,키튼의집-특수,14,8,피에트마을,79,84,0,99,362
0,키튼의집-특수,14,9,피에트마을,79,84,0,99,362

0,피에트마을,28,75,초급마법관,12,21,0,99,362
0,피에트마을,28,76,초급마법관,12,21,0,99,362
0,초급마법관,14,20,피에트마을,30,75,0,99,362
0,초급마법관,14,21,피에트마을,30,75,0,99,362
0,초급마법관,14,22,피에트마을,30,76,0,99,362
0,초급마법관,14,23,피에트마을,30,76,0,99,362

0,피에트마을,26,84,시나의집-백마법,12,7,0,99,362
0,시나의집-백마법,14,7,피에트마을,28,84,0,99,362
0,시나의집-백마법,14,8,피에트마을,28,84,0,99,362

//포테의숲
0,피에트마을,0,44,포테의 숲 대기실,25,20,11,99,362
0,피에트마을,0,45,포테의 숲 대기실,25,20,11,99,362
0,피에트마을,0,46,포테의 숲 대기실,25,20,11,99,362
0,피에트마을,0,47,포테의 숲 대기실,25,20,11,99,362
0,피에트마을,0,48,포테의 숲 대기실,25,20,11,99,362
0,피에트마을,0,49,포테의 숲 대기실,25,20,11,99,362
0,피에트마을,0,50,포테의 숲 대기실,25,20,11,99,362
0,피에트마을,0,51,포테의 숲 대기실,25,20,11,99,362
0,피에트마을,0,52,포테의 숲 대기실,25,20,11,99,362
0,피에트마을,0,53,포테의 숲 대기실,25,20,11,99,362
0,피에트마을,0,54,포테의 숲 대기실,25,20,11,99,362
0,피에트마을,0,55,포테의 숲 대기실,25,20,11,99,362
0,피에트마을,0,56,포테의 숲 대기실,25,20,11,99,362
0,피에트마을,0,57,포테의 숲 대기실,25,20,11,99,362
0,피에트마을,0,58,포테의 숲 대기실,25,20,11,99,362
0,피에트마을,0,59,포테의 숲 대기실,25,20,11,99,362

0,포테의 숲 대기실,27,17,피에트마을,2,50,0,99,362

0,포테의 숲 대기실,23,0,포테의 숲 2-C,35,67,11,99,362
0,포테의 숲 대기실,24,0,포테의 숲 2-C,36,67,11,99,362
0,포테의 숲 대기실,25,0,포테의 숲 2-C,36,67,11,99,362
0,포테의 숲 대기실,26,0,포테의 숲 2-C,37,67,11,99,362
0,포테의 숲 대기실,27,0,포테의 숲 2-C,38,67,11,99,362

0,포테의 숲 2-C,35,69,포테의 숲 대기실,24,1,11,99,362
0,포테의 숲 2-C,36,69,포테의 숲 대기실,25,1,11,99,362
0,포테의 숲 2-C,37,69,포테의 숲 대기실,26,1,11,99,362
0,포테의 숲 2-C,38,69,포테의 숲 대기실,27,1,11,99,362

0,포테의 숲 2-C,26,0,포테의 숲 3-C,22,48,11,99,362
0,포테의 숲 2-C,27,0,포테의 숲 3-C,22,48,11,99,362
0,포테의 숲 2-C,28,0,포테의 숲 3-C,23,48,11,99,362
0,포테의 숲 2-C,29,0,포테의 숲 3-C,23,48,11,99,362

0,포테의 숲 3-C,22,49,포테의 숲 2-C,27,1,11,99,362
0,포테의 숲 3-C,23,49,포테의 숲 2-C,28,1,11,99,362

0,포테의 숲 3-C,22,0,포테의 숲 4-C,22,48,11,99,362
0,포테의 숲 3-C,23,0,포테의 숲 4-C,22,48,11,99,362
0,포테의 숲 3-C,24,0,포테의 숲 4-C,23,48,11,99,362

0,포테의 숲 4-C,22,49,포테의 숲 3-C,23,1,11,99,362
0,포테의 숲 4-C,23,49,포테의 숲 3-C,24,1,11,99,362

0,포테의 숲 대기실,0,20,포테의 숲 1-L,68,31,11,99,362
0,포테의 숲 대기실,0,21,포테의 숲 1-L,68,31,11,99,362
0,포테의 숲 대기실,0,22,포테의 숲 1-L,68,31,11,99,362
0,포테의 숲 대기실,0,23,포테의 숲 1-L,68,31,11,99,362

0,포테의 숲 1-L,69,33,포테의 숲 대기실,1,23,11,99,362
0,포테의 숲 1-L,69,32,포테의 숲 대기실,1,22,11,99,362
0,포테의 숲 1-L,69,31,포테의 숲 대기실,1,22,11,99,362
0,포테의 숲 1-L,69,30,포테의 숲 대기실,1,21,11,99,362
0,포테의 숲 1-L,69,29,포테의 숲 대기실,1,20,11,99,362

0,포테의 숲 1-L,30,0,포테의 숲 2-L,38,68,11,99,362
0,포테의 숲 1-L,31,0,포테의 숲 2-L,39,68,11,99,362
0,포테의 숲 1-L,32,0,포테의 숲 2-L,40,68,11,99,362
0,포테의 숲 1-L,33,0,포테의 숲 2-L,41,68,11,99,362

0,포테의 숲 2-C,0,46,포테의 숲 2-L,68,15,11,99,362
0,포테의 숲 2-C,0,47,포테의 숲 2-L,68,16,11,99,362
0,포테의 숲 2-C,0,48,포테의 숲 2-L,68,17,11,99,362
0,포테의 숲 2-C,0,49,포테의 숲 2-L,68,18,11,99,362

0,포테의 숲 2-L,69,15,포테의 숲 2-C,1,46,11,99,362
0,포테의 숲 2-L,69,16,포테의 숲 2-C,1,47,11,99,362
0,포테의 숲 2-L,69,17,포테의 숲 2-C,1,48,11,99,362
0,포테의 숲 2-L,69,18,포테의 숲 2-C,1,49,11,99,362

0,포테의 숲 2-L,38,69,포테의 숲 1-L,30,1,11,99,362
0,포테의 숲 2-L,39,69,포테의 숲 1-L,31,1,11,99,362
0,포테의 숲 2-L,40,69,포테의 숲 1-L,32,1,11,99,362
0,포테의 숲 2-L,41,69,포테의 숲 1-L,33,1,11,99,362

0,포테의 숲 2-L,30,0,포테의 숲 3-L,24,48,11,99,362
0,포테의 숲 2-L,31,0,포테의 숲 3-L,25,48,11,99,362
0,포테의 숲 2-L,32,0,포테의 숲 3-L,26,48,11,99,362
0,포테의 숲 2-L,33,0,포테의 숲 3-L,27,48,11,99,362

0,포테의 숲 3-L,23,49,포테의 숲 2-L,30,1,11,99,362
0,포테의 숲 3-L,24,49,포테의 숲 2-L,31,1,11,99,362
0,포테의 숲 3-L,25,49,포테의 숲 2-L,32,1,11,99,362
0,포테의 숲 3-L,26,49,포테의 숲 2-L,32,1,11,99,362
0,포테의 숲 3-L,27,49,포테의 숲 2-L,33,2,11,99,362

0,포테의 숲 3-L,49,30,포테의 숲 3-C,1,46,11,99,362
0,포테의 숲 3-L,49,31,포테의 숲 3-C,1,47,11,99,362
0,포테의 숲 3-L,49,32,포테의 숲 3-C,1,48,11,99,362
0,포테의 숲 3-L,49,33,포테의 숲 3-C,1,48,11,99,362

0,포테의 숲 3-C,0,46,포테의 숲 3-L,48,30,11,99,362
0,포테의 숲 3-C,0,47,포테의 숲 3-L,48,31,11,99,362
0,포테의 숲 3-C,0,48,포테의 숲 3-L,48,32,11,99,362

0,포테의 숲 3-L,22,0,포테의 숲 4-L,25,48,11,99,362
0,포테의 숲 3-L,23,0,포테의 숲 4-L,25,48,11,99,362
0,포테의 숲 3-L,24,0,포테의 숲 4-L,25,48,11,99,362

0,포테의 숲 4-L,25,49,포테의 숲 3-L,23,1,11,99,362
0,포테의 숲 4-L,26,49,포테의 숲 3-L,24,1,11,99,362

0,포테의 숲 4-L,49,22,포테의 숲 4-C,1,27,11,99,362
0,포테의 숲 4-L,49,23,포테의 숲 4-C,1,28,11,99,362
0,포테의 숲 4-L,49,24,포테의 숲 4-C,1,29,11,99,362

0,포테의 숲 4-C,0,27,포테의 숲 4-L,48,22,11,99,362
0,포테의 숲 4-C,0,28,포테의 숲 4-L,48,23,11,99,362
0,포테의 숲 4-C,0,29,포테의 숲 4-L,48,24,11,99,362

0,포테의 숲 대기실,49,23,포테의 숲 1-R,1,35,11,99,362
0,포테의 숲 대기실,49,24,포테의 숲 1-R,1,36,11,99,362
0,포테의 숲 1-R,0,35,포테의 숲 대기실,48,23,11,99,362
0,포테의 숲 1-R,0,36,포테의 숲 대기실,48,24,11,99,362

0,포테의 숲 1-R,31,0,포테의 숲 2-R,24,48,11,99,362
0,포테의 숲 1-R,32,0,포테의 숲 2-R,25,48,11,99,362
0,포테의 숲 1-R,33,0,포테의 숲 2-R,26,48,11,99,362

0,포테의 숲 2-R,23,49,포테의 숲 1-R,31,1,11,99,362
0,포테의 숲 2-R,24,49,포테의 숲 1-R,31,1,11,99,362
0,포테의 숲 2-R,25,49,포테의 숲 1-R,32,1,11,99,362
0,포테의 숲 2-R,26,49,포테의 숲 1-R,33,1,11,99,362
0,포테의 숲 2-R,27,49,포테의 숲 1-R,33,1,11,99,362

0,포테의 숲 2-R,0,17,포테의 숲 2-C,68,12,11,99,362
0,포테의 숲 2-R,0,18,포테의 숲 2-C,68,13,11,99,362
0,포테의 숲 2-R,0,19,포테의 숲 2-C,68,14,11,99,362
0,포테의 숲 2-R,0,20,포테의 숲 2-C,68,15,11,99,362

0,포테의 숲 2-C,69,12,포테의 숲 2-R,1,17,11,99,362
0,포테의 숲 2-C,69,13,포테의 숲 2-R,1,18,11,99,362
0,포테의 숲 2-C,69,14,포테의 숲 2-R,1,19,11,99,362
0,포테의 숲 2-C,69,15,포테의 숲 2-R,1,20,11,99,362

0,포테의 숲 2-R,23,0,포테의 숲 3-R,33,48,11,99,362
0,포테의 숲 2-R,24,0,포테의 숲 3-R,33,48,11,99,362
0,포테의 숲 2-R,25,0,포테의 숲 3-R,33,48,11,99,362
0,포테의 숲 2-R,26,0,포테의 숲 3-R,33,48,11,99,362
0,포테의 숲 2-R,27,0,포테의 숲 3-R,33,48,11,99,362

0,포테의 숲 3-R,32,49,포테의 숲 2-R,24,1,11,99,362
0,포테의 숲 3-R,33,49,포테의 숲 2-R,25,1,11,99,362
0,포테의 숲 3-R,34,49,포테의 숲 2-R,26,1,11,99,362

0,포테의 숲 3-R,0,17,포테의 숲 3-C,48,28,11,99,362
0,포테의 숲 3-R,0,18,포테의 숲 3-C,48,29,11,99,362
0,포테의 숲 3-R,0,19,포테의 숲 3-C,48,30,11,99,362
0,포테의 숲 3-R,0,20,포테의 숲 3-C,48,31,11,99,362

0,포테의 숲 3-C,49,28,포테의 숲 3-R,1,17,11,99,362
0,포테의 숲 3-C,49,29,포테의 숲 3-R,1,18,11,99,362
0,포테의 숲 3-C,49,30,포테의 숲 3-R,1,19,11,99,362
0,포테의 숲 3-C,49,31,포테의 숲 3-R,1,20,11,99,362

0,포테의 숲 3-R,25,0,포테의 숲 4-R,25,48,11,99,362
0,포테의 숲 3-R,26,0,포테의 숲 4-R,25,48,11,99,362
0,포테의 숲 3-R,27,0,포테의 숲 4-R,26,48,11,99,362
0,포테의 숲 3-R,28,0,포테의 숲 4-R,26,48,11,99,362

0,포테의 숲 4-R,25,49,포테의 숲 3-R,26,1,11,99,362
0,포테의 숲 4-R,26,49,포테의 숲 3-R,27,1,11,99,362

0,포테의 숲 4-R,0,20,포테의 숲 4-C,48,29,11,99,362
0,포테의 숲 4-R,0,21,포테의 숲 4-C,48,30,11,99,362
0,포테의 숲 4-R,0,22,포테의 숲 4-C,48,31,11,99,362

0,포테의 숲 4-C,49,28,포테의 숲 4-R,1,20,11,99,362
0,포테의 숲 4-C,49,29,포테의 숲 4-R,1,20,11,99,362
0,포테의 숲 4-C,49,30,포테의 숲 4-R,1,21,11,99,362
0,포테의 숲 4-C,49,31,포테의 숲 4-R,1,22,11,99,362

0,피에트마을,7,64,피에트던전대기실,10,3,11,99,362
0,피에트마을,7,65,피에트던전대기실,10,3,11,99,362
0,피에트마을,7,66,피에트던전대기실,10,3,11,99,362

0,피에트던전대기실,9,0,피에트마을,6,64,11,99,362
0,피에트던전대기실,10,0,피에트마을,6,64,11,99,362
0,피에트던전대기실,11,0,피에트마을,6,64,11,99,362

0,피에트던전대기실,20,19,피에트던전1-1,10,3,11,99,362

0,피에트던전1-1,9,0,피에트던전대기실,20,17,11,99,362
0,피에트던전1-1,10,0,피에트던전대기실,20,17,11,99,362
0,피에트던전1-1,11,0,피에트던전대기실,20,17,11,99,362

0,피에트던전1-1,1,8,피에트던전2-1,2,9,11,99,362
0,피에트던전2-1,0,9,피에트던전1-1,2,7,11,99,362

0,피에트던전1-1,13,3,피에트던전2-2,18,22,11,99,362
0,피에트던전2-2,17,24,피에트던전1-1,14,2,11,99,362
0,피에트던전2-2,18,24,피에트던전1-1,14,2,11,99,362
0,피에트던전2-2,19,24,피에트던전1-1,14,2,11,99,362

0,피에트던전2-1,1,3,피에트던전3-1,5,8,0,99,362
0,피에트던전3-1,3,8,피에트던전2-1,2,2,0,99,362

0,피에트던전2-1,14,15,피에트던전3-2,3,10,0,99,362
0,피에트던전3-2,1,10,피에트던전2-1,15,14,0,99,362

0,피에트던전2-2,12,20,피에트던전3-3,2,6,11,99,362
0,피에트던전3-3,0,6,피에트던전2-2,13,19,11,99,362

0,피에트던전2-2,2,9,피에트던전3-4,2,43,11,99,362
0,피에트던전3-4,0,43,피에트던전2-2,3,8,11,99,362

0,피에트던전3-1,10,4,피에트던전4-1,3,37,0,99,362
0,피에트던전4-1,4,39,피에트던전3-1,11,3,0,99,362

0,피에트던전3-3,14,11,피에트던전4-2,13,7,11,99,362
0,피에트던전4-2,15,6,피에트던전3-3,15,10,11,99,362
0,피에트던전4-2,15,7,피에트던전3-3,15,10,11,99,362
0,피에트던전4-2,15,8,피에트던전3-3,15,10,11,99,362

0,피에트던전3-2,18,5,피에트던전4-2,2,7,0,99,362
0,피에트던전4-2,0,6,피에트던전3-2,19,4,0,99,362
0,피에트던전4-2,0,7,피에트던전3-2,19,4,0,99,362
0,피에트던전4-2,0,8,피에트던전3-2,19,4,0,99,362

0,피에트던전3-4,41,4,피에트던전4-3,2,20,11,99,362
0,피에트던전4-3,0,19,피에트던전3-4,42,3,11,99,362
0,피에트던전4-3,0,20,피에트던전3-4,42,3,11,99,362
0,피에트던전4-3,0,21,피에트던전3-4,42,3,11,99,362

0,피에트던전4-1,36,32,피에트던전5-1,10,2,0,99,362
0,피에트던전5-1,10,0,피에트던전4-1,35,31,0,99,362

0,피에트던전4-1,26,10,피에트던전5-2,2,9,0,99,362
0,피에트던전5-2,0,9,피에트던전4-1,27,9,0,99,362

0,피에트던전4-3,10,3,피에트던전5-3,17,22,0,99,362
0,피에트던전5-3,17,24,피에트던전4-3,11,2,0,99,362
0,피에트던전5-3,18,24,피에트던전4-3,11,2,0,99,362
0,피에트던전5-3,19,24,피에트던전4-3,11,2,0,99,362

0,피에트던전5-3,1,11,피에트던전6-3,47,10,0,99,362
0,피에트던전6-3,49,10,피에트던전5-3,2,10,0,99,362

0,피에트던전4-2,9,3,피에트던전5-3,13,2,0,99,362
0,피에트던전5-3,13,0,피에트던전4-2,8,2,0,99,362
0,피에트던전5-3,14,0,피에트던전4-2,8,2,0,99,362

0,피에트던전4-2,2,2,피에트던전5-2,17,7,0,99,362
0,피에트던전5-2,19,7,피에트던전4-2,3,3,0,99,362

0,피에트던전5-2,1,4,피에트던전6-1,12,2,0,99,362
0,피에트던전6-1,12,0,피에트던전5-2,2,3,0,99,362

0,피에트던전5-1,11,19,피에트던전6-1,2,7,0,99,362
0,피에트던전6-1,0,7,피에트던전5-1,11,17,0,99,362

0,피에트던전5-2,14,4,피에트던전6-2,3,10,0,99,362
0,피에트던전6-2,1,10,피에트던전5-2,15,3,0,99,362

0,피에트던전5-3,10,20,피에트던전6-2,23,10,0,99,362
0,피에트던전6-2,25,10,피에트던전5-3,11,19,0,99,362

0,피에트던전6-1,4,2,피에트던전7-1,4,37,0,99,362
0,피에트던전7-1,4,39,피에트던전6-1,5,1,0,99,362

0,피에트던전6-2,1,21,피에트던전7-1,37,2,0,99,362
0,피에트던전7-1,37,0,피에트던전6-2,2,20,0,99,362

0,피에트던전6-3,2,31,피에트던전7-2,7,13,0,99,362
0,피에트던전7-2,7,15,피에트던전6-3,3,30,0,99,362
0,피에트던전7-2,8,15,피에트던전6-3,3,30,0,99,362
0,피에트던전7-2,9,15,피에트던전6-3,3,30,0,99,362

0,피에트던전7-1,36,32,피에트던전8-1,2,31,0,99,362
0,피에트던전8-1,0,31,피에트던전7-1,35,31,0,99,362
0,피에트던전8-1,0,32,피에트던전7-1,35,31,0,99,362

0,피에트던전7-1,3,12,피에트던전8-2,2,7,0,99,362
0,피에트던전8-2,0,7,피에트던전7-1,2,11,0,99,362

0,피에트던전7-2,9,1,피에트던전8-3,2,9,0,99,362
0,피에트던전8-3,0,9,피에트던전7-2,10,2,0,99,362

0,피에트던전8-1,15,3,피에트던전9-1,3,22,0,99,362
0,피에트던전9-1,2,24,피에트던전8-1,16,2,0,99,362
0,피에트던전9-1,3,24,피에트던전8-1,16,2,0,99,362
0,피에트던전9-1,4,24,피에트던전8-1,16,2,0,99,362

0,피에트던전8-1,37,37,피에트던전9-2,2,9,0,99,362
0,피에트던전9-2,0,9,피에트던전8-1,36,36,0,99,362

0,피에트던전8-2,11,19,피에트던전9-2,12,2,0,99,362
0,피에트던전9-2,12,0,피에트던전8-2,11,17,0,99,362

0,피에트던전8-2,20,3,피에트던전9-3,2,10,0,99,362
0,피에트던전9-3,0,10,피에트던전8-2,21,2,0,99,362

0,피에트던전9-1,15,3,피에트던전10-1,4,37,0,99,362
0,피에트던전10-1,4,39,피에트던전9-1,16,2,0,99,362

0,피에트던전9-2,9,14,피에트던전10-2,13,7,0,99,362
0,피에트던전10-2,15,6,피에트던전9-2,10,13,0,99,362
0,피에트던전10-2,15,7,피에트던전9-2,10,13,0,99,362
0,피에트던전10-2,15,8,피에트던전9-2,10,13,0,99,362

0,피에트던전9-3,2,21,피에트던전10-3,35,2,0,99,362
0,피에트던전10-3,34,0,피에트던전9-3,3,20,0,99,362
0,피에트던전10-3,35,0,피에트던전9-3,3,20,0,99,362

0,피에트던전10-1,36,32,피에트던전11-1,2,7,0,99,362
0,피에트던전11-1,0,7,피에트던전10-1,36,30,0,99,362

0,피에트던전10-2,2,3,피에트던전11-2,2,9,0,99,362
0,피에트던전11-2,0,9,피에트던전10-2,3,2,0,99,362

0,피에트던전10-3,2,31,피에트던전11-3,2,10,0,99,362
0,피에트던전11-3,0,9,피에트던전10-3,3,30,0,99,362
0,피에트던전11-3,0,10,피에트던전10-3,3,30,0,99,362
0,피에트던전11-3,0,11,피에트던전10-3,3,30,0,99,362

0,피에트던전11-1,11,19,피에트던전12-1,12,2,0,99,362
0,피에트던전12-1,12,0,피에트던전11-1,11,17,0,99,362

0,피에트던전11-1,20,3,피에트던전12-2,2,10,0,99,362
0,피에트던전12-2,0,10,피에트던전11-1,21,2,0,99,362

0,피에트던전11-2,5,14,피에트던전12-2,23,9,0,99,362
0,피에트던전12-2,25,9,피에트던전11-2,6,13,0,99,362

0,피에트던전11-2,10,3,피에트던전12-3,14,47,0,99,362
0,피에트던전12-3,14,49,피에트던전11-2,11,2,0,99,362

0,피에트던전11-3,19,19,피에트던전12-3,20,2,0,99,362
0,피에트던전12-3,19,0,피에트던전11-3,20,18,0,99,362

0,피에트던전11-3,3,3,피에트던전12-4,4,37,0,99,362
0,피에트던전12-4,4,39,피에트던전11-3,4,2,0,99,362

0,피에트던전12-1,9,14,피에트던전13-1,13,7,0,99,362
0,피에트던전13-1,15,6,피에트던전12-1,9,12,0,99,362
0,피에트던전13-1,15,7,피에트던전12-1,9,12,0,99,362
0,피에트던전13-1,15,8,피에트던전12-1,9,12,0,99,362

0,피에트던전12-2,2,21,피에트던전13-2,2,14,0,99,362
0,피에트던전13-2,0,13,피에트던전12-2,3,20,0,99,362
0,피에트던전13-2,0,14,피에트던전12-2,3,20,0,99,362
0,피에트던전13-2,0,15,피에트던전12-2,3,20,0,99,362

0,피에트던전12-3,2,10,피에트던전13-2,35,2,0,99,362
0,피에트던전13-2,34,0,피에트던전12-3,3,9,0,99,362
0,피에트던전13-2,35,0,피에트던전12-3,3,9,0,99,362

0,피에트던전12-4,21,33,피에트던전13-3,2,7,0,99,362
0,피에트던전13-3,0,7,피에트던전12-4,21,31,0,99,362

0,피에트던전13-1,2,3,피에트던전14-1,2,9,0,99,362
0,피에트던전14-1,0,9,피에트던전13-1,3,2,0,99,362

0,피에트던전13-2,2,31,피에트던전14-2,3,22,0,99,362
0,피에트던전14-2,2,24,피에트던전13-2,2,29,0,99,362
0,피에트던전14-2,3,24,피에트던전13-2,2,29,0,99,362
0,피에트던전14-2,4,24,피에트던전13-2,2,29,0,99,362

0,피에트던전13-2,26,36,피에트던전14-3,2,9,0,99,362
0,피에트던전14-3,0,9,피에트던전13-2,26,34,0,99,362

0,피에트던전13-3,11,19,피에트던전14-3,12,2,0,99,362
0,피에트던전14-3,12,0,피에트던전13-3,12,18,0,99,362

0,피에트던전13-3,9,4,피에트던전14-4,2,10,0,99,362
0,피에트던전14-4,0,10,피에트던전13-3,10,3,0,99,362

0,피에트던전14-1,10,3,피에트던전15-1,14,47,0,99,362
0,피에트던전15-1,14,49,피에트던전14-1,11,2,0,99,362

0,피에트던전14-2,11,20,피에트던전15-2,4,37,0,99,362
0,피에트던전15-2,4,39,피에트던전14-2,12,19,0,99,362

0,피에트던전14-2,15,3,피에트던전15-3,8,13,0,99,362
0,피에트던전15-3,7,15,피에트던전14-2,16,2,0,99,362
0,피에트던전15-3,8,15,피에트던전14-2,16,2,0,99,362
0,피에트던전15-3,9,15,피에트던전14-2,16,2,0,99,362

0,피에트던전14-3,9,14,피에트던전15-3,13,7,0,99,362
0,피에트던전15-3,15,6,피에트던전14-3,9,12,0,99,362
0,피에트던전15-3,15,7,피에트던전14-3,9,12,0,99,362
0,피에트던전15-3,15,8,피에트던전14-3,9,12,0,99,362

0,피에트던전14-3,2,3,피에트던전15-4,27,37,0,99,362
0,피에트던전15-4,26,39,피에트던전14-3,3,2,0,99,362
0,피에트던전15-4,27,39,피에트던전14-3,3,2,0,99,362
0,피에트던전15-4,28,39,피에트던전14-3,3,2,0,99,362

0,피에트던전14-4,2,21,피에트던전15-4,35,2,0,99,362
0,피에트던전15-4,34,0,피에트던전14-4,2,19,0,99,362
0,피에트던전15-4,35,0,피에트던전14-4,2,19,0,99,362

0,피에트던전14-4,18,4,피에트던전15-5,18,12,0,99,362
0,피에트던전15-5,19,13,피에트던전14-4,19,3,0,99,362

0,피에트던전15-1,30,6,피에트던전16-1,12,23,0,99,362
0,피에트던전16-1,12,25,피에트던전15-1,31,5,0,99,362

0,피에트던전15-2,25,10,피에트던전16-2,11,2,0,99,362
0,피에트던전16-2,11,0,피에트던전15-2,25,8,0,99,362

0,피에트던전15-3,2,3,피에트던전16-3,2,10,0,99,362
0,피에트던전16-3,0,9,피에트던전15-3,3,2,0,99,362
0,피에트던전16-3,0,10,피에트던전15-3,3,2,0,99,362
0,피에트던전16-3,0,11,피에트던전15-3,3,2,0,99,362

0,피에트던전15-4,2,31,피에트던전16-4,2,10,0,99,362
0,피에트던전16-4,0,9,피에트던전15-4,3,30,0,99,362

0,피에트던전15-5,8,4,피에트던전16-4,17,13,0,99,362
0,피에트던전16-4,19,13,피에트던전15-5,9,3,0,99,362

0,피에트던전16-1,20,3,피에트던전17-1,23,9,0,99,362
0,피에트던전17-1,25,9,피에트던전16-1,21,2,0,99,362

0,피에트던전16-2,2,15,피에트던전17-2,14,47,0,99,362
0,피에트던전17-2,14,49,피에트던전16-2,3,14,0,99,362

0,피에트던전16-3,19,19,피에트던전17-2,2,40,0,99,362
0,피에트던전17-2,0,40,피에트던전16-3,18,18,0,99,362

0,피에트던전16-3,3,3,피에트던전17-3,4,37,0,99,362
0,피에트던전17-3,4,39,피에트던전16-3,4,2,0,99,362

0,피에트던전16-4,6,2,피에트던전17-3,20,2,0,99,362
0,피에트던전17-3,20,0,피에트던전16-4,7,1,0,99,362

0,피에트던전17-2,28,2,피에트던전18-1,2,10,0,99,362
0,피에트던전18-1,0,10,피에트던전17-2,28,4,0,99,362

0,피에트던전17-3,21,33,피에트던전18-1,36,2,0,99,362
0,피에트던전18-1,36,0,피에트던전17-3,21,31,0,99,362