0,호러캐슬메인홀,22,19,죽음의마을입구5,9,4,99,99,362
0,호러캐슬메인홀,23,19,죽음의마을입구5,9,4,99,99,362
0,호러캐슬메인홀,24,19,죽음의마을입구5,9,4,99,99,362
0,호러캐슬메인홀,25,19,죽음의마을입구5,9,4,99,99,362
0,호러캐슬메인홀,26,19,죽음의마을입구5,9,4,99,99,362

0,호러캐슬메인홀,22,10,호러캐슬서쪽복도,2,33,0,99,362
0,호러캐슬메인홀,23,10,호러캐슬서쪽복도,3,33,0,99,362
0,호러캐슬메인홀,24,10,호러캐슬서쪽복도,4,33,0,99,362
0,호러캐슬메인홀,25,10,호러캐슬서쪽복도,5,33,0,99,362
0,호러캐슬메인홀,26,10,호러캐슬서쪽복도,7,33,0,99,362

0,호러캐슬서쪽복도,3,34,호러캐슬메인홀,23,11,0,99,362
0,호러캐슬서쪽복도,4,34,호러캐슬메인홀,23,11,0,99,362
0,호러캐슬서쪽복도,5,34,호러캐슬메인홀,24,11,0,99,362
0,호러캐슬서쪽복도,6,34,호러캐슬메인홀,25,11,0,99,362

0,호러캐슬서쪽복도,4,1,호러캐슬2층-1,6,27,0,99,362
0,호러캐슬중앙복도,4,1,호러캐슬2층-2,6,27,0,99,362
0,호러캐슬동쪽복도,4,1,호러캐슬2층-3,6,27,0,99,362

0,호러캐슬2층-1,5,29,호러캐슬서쪽복도,5,3,0,99,362
0,호러캐슬2층-1,6,29,호러캐슬서쪽복도,5,3,0,99,362

0,호러캐슬2층-2,5,29,호러캐슬중앙복도,5,3,0,99,362
0,호러캐슬2층-2,6,29,호러캐슬중앙복도,5,3,0,99,362

0,호러캐슬2층-3,5,29,호러캐슬동쪽복도,5,3,0,99,362
0,호러캐슬2층-3,6,29,호러캐슬동쪽복도,5,3,0,99,362

0,호러캐슬중앙복도,2,34,호러캐슬메인홀,18,3,0,99,362
0,호러캐슬중앙복도,3,34,호러캐슬메인홀,18,3,0,99,362
0,호러캐슬중앙복도,4,34,호러캐슬메인홀,18,3,0,99,362
0,호러캐슬중앙복도,5,34,호러캐슬메인홀,18,3,0,99,362
0,호러캐슬중앙복도,6,34,호러캐슬메인홀,18,3,0,99,362
0,호러캐슬중앙복도,7,34,호러캐슬메인홀,18,3,0,99,362

0,호러캐슬메인홀,18,1,호러캐슬중앙복도,4,32,0,99,362

0,호러캐슬동쪽복도,2,34,호러캐슬메인홀,46,5,0,99,362
0,호러캐슬동쪽복도,3,34,호러캐슬메인홀,46,5,0,99,362
0,호러캐슬동쪽복도,4,34,호러캐슬메인홀,46,5,0,99,362
0,호러캐슬동쪽복도,5,34,호러캐슬메인홀,46,5,0,99,362
0,호러캐슬동쪽복도,6,34,호러캐슬메인홀,46,5,0,99,362
0,호러캐슬동쪽복도,7,34,호러캐슬메인홀,46,5,0,99,362

0,호러캐슬메인홀,46,2,호러캐슬동쪽복도,4,32,0,99,362
0,호러캐슬메인홀,46,3,호러캐슬동쪽복도,4,32,0,99,362

3,호러캐슬서쪽복도,0,30,죽음의마을이동1,0,0,0,99,362
3,호러캐슬서쪽복도,9,30,죽음의마을이동1,0,0,0,99,362
3,호러캐슬서쪽복도,0,24,죽음의마을이동1,0,0,0,99,362
3,호러캐슬서쪽복도,9,24,죽음의마을이동1,0,0,0,99,362

3,호러캐슬01,6,0,죽음의마을이동1,0,0,0,99,362
3,호러캐슬02,6,0,죽음의마을이동1,0,0,0,99,362
3,호러캐슬03,6,0,죽음의마을이동1,0,0,0,99,362
3,호러캐슬04,6,0,죽음의마을이동1,0,0,0,99,362