0,수오미마을,99,43,홀리루딘성,97,49,0,99,362
0,수오미마을,99,44,홀리루딘성,97,49,0,99,362
0,수오미마을,99,45,홀리루딘성,97,49,0,99,362
0,수오미마을,99,46,홀리루딘성,97,49,0,99,362
0,수오미마을,99,47,홀리루딘성,97,49,0,99,362
0,수오미마을,99,48,홀리루딘성,97,49,0,99,362
0,수오미마을,99,49,홀리루딘성,97,49,0,99,362

0,홀리루딘성,99,48,수오미마을,95,44,0,99,362
0,홀리루딘성,99,49,수오미마을,95,44,0,99,362
0,홀리루딘성,99,50,수오미마을,95,44,0,99,362
0,홀리루딘성,99,51,수오미마을,95,44,0,99,362

0,홀리루딘성,60,28,홀리루딘성여관,7,16,0,99,362
0,홀리루딘성여관,5,19,홀리루딘성,58,32,0,99,362
0,홀리루딘성여관,6,19,홀리루딘성,58,32,0,99,362
0,홀리루딘성여관,7,19,홀리루딘성,58,32,0,99,362
0,홀리루딘성여관,8,19,홀리루딘성,58,32,0,99,362
0,홀리루딘성여관,9,19,홀리루딘성,58,32,0,99,362
0,홀리루딘성여관,10,19,홀리루딘성,58,32,0,99,362
0,홀리루딘성여관,11,19,홀리루딘성,58,32,0,99,362
0,홀리루딘성,65,23,홀리루딘성여관,16,6,0,99,362
0,홀리루딘성여관,19,3,홀리루딘성,68,21,0,99,362
0,홀리루딘성여관,19,4,홀리루딘성,68,21,0,99,362
0,홀리루딘성여관,19,5,홀리루딘성,68,21,0,99,362
0,홀리루딘성여관,19,6,홀리루딘성,68,21,0,99,362
0,홀리루딘성여관,19,7,홀리루딘성,68,21,0,99,362
0,홀리루딘성여관,19,8,홀리루딘성,68,21,0,99,362
0,홀리루딘성여관,19,9,홀리루딘성,68,21,0,99,362

0,홀리루딘성,33,22,홀리루딘마법상점,7,10,0,99,362
0,홀리루딘마법상점,6,14,홀리루딘성,31,24,0,99,362
0,홀리루딘마법상점,7,14,홀리루딘성,31,24,0,99,362
0,홀리루딘마법상점,8,14,홀리루딘성,31,24,0,99,362

0,홀리루딘성,15,72,홀리루딘잡화상점,7,12,0,99,362
0,홀리루딘잡화상점,6,14,홀리루딘성,20,70,0,99,362
0,홀리루딘잡화상점,7,14,홀리루딘성,20,70,0,99,362

0,홀리루딘성,15,48,홀리데이옷상점,15,10,0,99,362
0,홀리데이옷상점,3,19,홀리루딘성,22,46,0,99,362
0,홀리데이옷상점,4,19,홀리루딘성,22,46,0,99,362
0,홀리데이옷상점,5,19,홀리루딘성,22,46,0,99,362
0,홀리데이옷상점,6,19,홀리루딘성,22,46,0,99,362
0,홀리데이옷상점,7,19,홀리루딘성,22,46,0,99,362
0,홀리데이옷상점,8,19,홀리루딘성,22,46,0,99,362
0,홀리데이옷상점,9,19,홀리루딘성,22,46,0,99,362
0,홀리데이옷상점,10,19,홀리루딘성,22,46,0,99,362

0,홀리루딘성,64,73,홀리루딘보관소,16,7,0,99,362
0,홀리루딘보관소,19,5,홀리루딘성,67,71,0,99,362
0,홀리루딘보관소,19,6,홀리루딘성,67,71,0,99,362
0,홀리루딘보관소,19,7,홀리루딘성,67,71,0,99,362
0,홀리루딘보관소,19,8,홀리루딘성,67,71,0,99,362
0,홀리루딘보관소,19,9,홀리루딘성,67,71,0,99,362
0,홀리루딘보관소,19,10,홀리루딘성,67,71,0,99,362
0,홀리루딘보관소,5,19,홀리루딘성,57,80,0,99,362
0,홀리루딘보관소,6,19,홀리루딘성,57,80,0,99,362
0,홀리루딘보관소,7,19,홀리루딘성,57,80,0,99,362
0,홀리루딘보관소,8,19,홀리루딘성,57,80,0,99,362
0,홀리루딘보관소,9,19,홀리루딘성,57,80,0,99,362
0,홀리루딘보관소,10,19,홀리루딘성,57,80,0,99,362
0,홀리루딘성,59,78,홀리루딘보관소,7,16,0,99,362

