# 번호 프레임수 — scripts/build-client-effects.py
1 4
4 8
5 5
6 7
8 6
10 4
12 6
20 8
22 2
23 3
24 8
25 4
26 3
27 4
32 4
33 3
34 5
40 4
41 4
42 4
48 4
52 12
54 4
57 15
65 5
68 5
69 4
71 8
72 8
73 6
83 20
86 20
87 18
89 9
91 13
92 5
94 21
97 5
100 4
101 15
102 15
103 12
104 17
109 13
111 6
118 4
126 2
136 4
137 6
138 6
146 12
157 8
158 2
166 5
168 6
186 14
188 10
194 14
201 5
203 1
226 12
232 10
234 9
235 9
236 9
243 20
244 20
245 20
246 4
249 3
257 20
258 20
259 20
260 9
261 5
262 19
263 15
265 4
266 4
267 17
269 20
271 20
273 8
276 8
277 8
280 10
281 10
282 10
284 4
288 12
289 16
290 35
291 21
296 12
299 16
301 11
303 8
360 19
379 21
380 17
383 20
391 10
