# 번호 바닥줄 빨강 초록 파랑 — scripts/gen/client/build-client-effects.py (화면이 처음 쓸 때 훑던 것을 미리)
1 68 255 255 255
4 80 212 231 255
5 74 255 208 150
6 78 255 205 143
8 82 166 255 244
10 104 165 161 255
12 96 255 188 145
15 108 192 206 255
18 102 252 255 240
20 62 185 198 255
21 70 209 237 255
22 47 202 229 255
23 73 255 182 206
24 24 253 255 241
25 22 255 156 171
26 81 231 231 255
27 45 255 255 184
28 30 255 221 255
32 39 255 221 255
33 22 255 149 167
34 82 255 148 164
40 22 166 166 255
41 22 255 186 142
42 22 255 255 255
43 102 255 140 154
44 102 255 186 140
45 102 181 181 255
47 109 211 236 255
48 109 255 238 173
50 107 202 228 255
51 110 255 152 159
52 109 255 229 196
53 109 255 205 152
54 83 215 255 255
57 108 247 244 255
64 109 197 216 255
65 109 250 183 255
66 104 170 255 248
67 110 187 191 255
68 67 255 234 182
69 63 231 230 255
70 98 255 250 193
71 80 255 219 143
72 152 255 199 167
73 99 255 179 136
78 132 217 218 255
79 48 255 196 149
81 107 230 255 236
82 109 189 189 255
83 154 252 255 188
86 236 200 218 255
87 109 255 203 158
88 98 255 176 200
89 164 230 232 255
90 263 255 246 194
91 109 190 201 255
92 106 255 246 184
93 211 207 223 255
94 98 215 220 255
97 169 128 255 128
100 109 255 233 174
101 150 206 211 255
102 258 255 189 161
103 109 255 214 182
104 189 255 159 173
109 132 255 196 170
110 82 255 178 134
111 105 255 225 194
115 22 178 178 255
118 22 255 169 255
119 54 255 141 156
120 109 255 143 157
126 70 255 186 207
136 104 252 247 255
137 99 136 255 131
138 107 255 201 150
146 282 255 203 191
157 108 175 255 253
158 98 255 220 166
166 106 246 246 255
167 106 250 255 226
168 96 255 243 237
185 108 227 227 255
186 109 255 189 248
187 95 255 231 137
188 109 255 245 197
194 107 156 224 255
200 82 244 255 158
201 73 255 220 142
203 62 255 204 138
208 56 255 228 153
226 84 232 255 228
232 111 255 226 151
234 83 160 243 255
235 176 196 246 255
236 148 226 217 255
243 159 255 144 239
244 159 255 231 160
245 129 166 245 255
246 118 255 255 227
249 93 143 255 236
257 159 255 162 147
258 160 255 215 144
259 154 162 147 255
260 95 148 255 235
261 122 154 215 255
262 104 207 183 255
263 105 255 254 233
265 103 219 220 255
266 155 255 162 142
267 129 202 232 255
269 90 253 169 255
271 159 160 255 250
273 108 255 187 172
276 114 255 251 247
277 119 239 255 244
279 112 151 255 215
280 111 226 152 255
281 111 255 162 154
282 111 163 154 255
284 96 145 168 255
288 163 184 204 255
289 222 255 200 199
290 115 255 171 150
291 143 255 167 144
296 98 255 244 212
299 103 167 239 255
301 145 186 214 255
303 101 255 170 146
306 167 255 205 164
307 167 221 166 255
360 174 255 193 201
379 171 255 244 169
380 174 254 255 191
383 129 255 187 159
391 22 255 174 175
