0	텔리포트의깃털	0	1	0	0	1	0
1	세오의깃털	0	1	0	0	1	0
2	마법의리콜	0	1	1559027281	0	1	0
3	만남의광장리콜	0	99	0	0	1	0
4	부서진강화조각	0	39	0	0	1	0
12	장갑강화석	0	294	0	0	0	0
13	각반강화석	0	19	0	0	0	0
14	투구강화석	0	11	0	0	0	0
15	무기강화석	0	1	0	0	0	0
21	여의주	0	8	0	0	1	0
22	드래곤뉴트의뿔	0	24	0	0	1	0
23	비밀의황금열쇠	0	4	0	0	1	0
24	운챠챠	0	4	0	0	1	0
25	블루오피온의등껍질	0	1	0	0	1	0
26	마그마바룬스의머리	0	32	0	0	1	0
27	뉴트의혀	0	33	0	0	1	0
28	서펜트바룬스의머리	0	5	0	0	1	0
29	안크본드라곤의머리	0	7	0	0	1	0
30	다이아몬드	0	73	0	0	1	0
31	챰릴리	0	21	0	0	1	0
32	블러드스톤	0	1	0	0	1	0
33	별의눈물	0	5	0	0	1	0
36	엑스쿠라눔	0	12	0	0	0	0
37	리턴스피릿	0	77	0	0	0	0
38	세오의가호(SLev1)	0	6	0	0	1	0
39	자칼의칼	0	6	0	0	1	0
40	차원의핵파편	0	1	0	0	1	0
41	이아의영혼	0	2	0	0	1	0
46	[도적]뮤레칸의디그(+1)	1000000	1	0	0	1	0
47	암흑의시약	0	2	0	0	1	0
48	생명의목걸이	299942	1	0	0	1	0
49	생명의벨트	100000	1	0	0	1	0
50	저격기술서	0	1	0	0	0	0
51	저격기술서	0	1	0	0	0	0
52	Charge마법서	0	1	0	0	0	0
53	사격기술서	0	1	0	0	0	0
54	사격기술서	0	1	0	0	0	0
55	사격기술서	0	1	0	0	0	0
56	사격기술서	0	1	0	0	0	0
57	고대신전열쇠	0	1	0	0	1	0
58	순수의증표(도적)	0	4	0	0	0	0
