0	텔리포트의깃털	0	1	0	0	1	0
1	세오의깃털	0	1	0	0	1	0
2	마법의리콜	0	1	1558946071	0	1	0
3	엑스쿠라눔	0	42	0	0	0	0
6	연주기술서	0	1	0	0	0	0
7	연주기술서	0	1	0	0	0	0
10	연주공격기술서	0	1	0	0	0	0
11	만남의광장리콜	0	100	0	0	0	0
12	크리스마스가호(Lev1)	0	5	0	0	0	0
13	세오의가호(SLev1)	0	8	0	0	1	0
14	연주공격기술서	0	1	0	0	0	0
15	리젠마법서	0	1	0	0	0	0
16	리젠마법서	0	1	0	0	0	0
17	리젠마법서	0	1	0	0	0	0
18	리젠마법서	0	1	0	0	0	0
20	홀리쿠라네라마법서	0	1	0	0	0	0
21	홀리쿠라네라마법서	0	1	0	0	0	0
22	홀리쿠라네라마법서	0	1	0	0	0	0
23	슈페이아움마법서	0	1	0	0	0	0
24	슈페이아움마법서	0	1	0	0	0	0
25	슈페이아움마법서	0	1	0	0	0	0
26	슈페이아움마법서	0	1	0	0	0	0
27	연주공격기술서	0	1	0	0	0	0
48	[10일]생명의목걸이	299986	1	1551170098	0	1	0
49	[10일]생명의벨트	100000	1	1551170098	0	0	0
50	[10일]루딘블레이드	999705	1	1551170098	0	1	0
51	성승모	1000000	1	0	0	0	0
52	성승	1000000	1	0	0	0	0
57	리턴스피릿	0	77	0	0	0	0
58	순수의증표(성직자)	0	5	0	0	0	0
