0,기숙사1호실,9,6,기숙사복도,1,15,1,99
0,기숙사1호실,9,5,기숙사복도,1,15,1,99
0,기숙사1호실,9,4,기숙사복도,1,15,1,99
0,기숙사1호실,9,3,기숙사복도,1,15,1,99

0,기숙사복도,0,15,기숙사1호실,8,5,1,99
0,기숙사복도,0,27,기숙사1호실,8,5,1,99
0,기숙사복도,0,23,기숙사1호실,8,5,1,99
0,기숙사복도,0,19,기숙사1호실,8,5,1,99
0,기숙사복도,0,3,기숙사1호실,8,5,1,99
0,기숙사복도,0,7,기숙사1호실,8,5,1,99
0,기숙사복도,0,11,기숙사1호실,8,5,1,99

0,기숙사복도,8,18,기숙사로비,2,10,1,99
0,기숙사복도,8,17,기숙사로비,2,10,1,99
0,기숙사복도,8,16,기숙사로비,2,10,1,99
0,기숙사복도,8,15,기숙사로비,2,10,1,99
0,기숙사복도,8,14,기숙사로비,2,10,1,99
0,기숙사복도,8,13,기숙사로비,2,10,1,99

0,기숙사로비,1,10,기숙사복도,7,15,1,99
0,기숙사로비,1,4,기숙사복도,7,16,1,99
0,기숙사로비,1,16,기숙사복도,7,15,1,99

0,기숙사로비,14,12,직업선택의장,5,5,1,99
0,기숙사로비,14,11,직업선택의장,5,5,1,99
0,기숙사로비,14,10,직업선택의장,6,6,1,99
0,기숙사로비,14,9,직업선택의장,6,6,1,99
0,기숙사로비,14,8,직업선택의장,6,6,1,99