0,밀레스마을,25,15,밀레스시약상점,6,13,0,99
0,밀레스마을,26,15,밀레스시약상점,7,13,0,99
0,밀레스시약상점,6,14,밀레스마을,25,16,0,99
0,밀레스시약상점,7,14,밀레스마을,26,16,0,99

0,밀레스마을,30,82,밀레스우체국,6,13,0,99
0,밀레스마을,31,82,밀레스우체국,7,13,0,99
0,밀레스우체국,6,14,밀레스마을,30,83,0,99
0,밀레스우체국,7,14,밀레스마을,31,83,0,99

0,밀레스마을,62,61,밀레스음식점,8,13,0,99
0,밀레스마을,63,61,밀레스음식점,9,13,0,99
0,밀레스음식점,8,14,밀레스마을,63,63,0,99
0,밀레스음식점,9,14,밀레스마을,63,63,0,99

0,밀레스마을,69,54,밀레스주점,13,4,0,99
0,밀레스마을,69,55,밀레스주점,13,5,0,99
0,밀레스주점,14,4,밀레스마을,70,54,0,99
0,밀레스주점,14,5,밀레스마을,70,55,0,99

0,밀레스마을,42,58,밀레스리콜상점,6,13,0,99
0,밀레스마을,43,58,밀레스리콜상점,7,13,0,99
0,밀레스리콜상점,6,14,밀레스마을,42,59,0,99
0,밀레스리콜상점,7,14,밀레스마을,43,59,0,99

0,밀레스마을,18,61,밀레스방어구점,10,8,0,99
0,밀레스마을,18,62,밀레스방어구점,10,9,0,99
0,밀레스방어구점,11,8,밀레스마을,19,61,0,99
0,밀레스방어구점,11,9,밀레스마을,19,62,0,99

0,밀레스방어구점,0,9,밀레스무기점,12,1,0,99
0,밀레스무기점,12,0,밀레스방어구점,1,9,0,99

0,밀레스마을,12,69,밀레스무기점,6,13,0,99
0,밀레스마을,13,69,밀레스무기점,7,13,0,99
0,밀레스무기점,6,14,밀레스마을,12,69,0,99
0,밀레스무기점,7,14,밀레스마을,13,69,0,99

0,밀레스마을,54,70,밀레스은행,8,15,0,99
0,밀레스마을,55,70,밀레스은행,9,15,0,99
0,밀레스은행,19,7,밀레스마을,51,61,0,99
0,밀레스은행,19,8,밀레스마을,51,61,0,99
0,밀레스은행,19,9,밀레스마을,51,61,0,99
0,밀레스은행,19,10,밀레스마을,51,61,0,99
0,밀레스은행,19,11,밀레스마을,51,61,0,99
0,밀레스은행,19,12,밀레스마을,51,61,0,99
0,밀레스은행,19,13,밀레스마을,51,61,0,99

0,밀레스마을,27,43,밀레스여관,8,16,0,99
0,밀레스마을,28,43,밀레스여관,9,16,0,99
0,밀레스여관,6,19,밀레스마을,28,45,0,99
0,밀레스여관,7,19,밀레스마을,28,45,0,99
0,밀레스여관,8,19,밀레스마을,28,45,0,99
0,밀레스여관,9,19,밀레스마을,28,45,0,99
0,밀레스여관,10,19,밀레스마을,28,45,0,99
0,밀레스여관,11,19,밀레스마을,28,45,0,99
0,밀레스여관,12,19,밀레스마을,28,45,0,99
0,밀레스여관,13,19,밀레스마을,28,45,0,99

0,밀레스마을,32,38,밀레스여관,16,8,0,99
0,밀레스마을,32,37,밀레스여관,16,7,0,99
0,밀레스여관,19,5,밀레스마을,34,38,0,99
0,밀레스여관,19,6,밀레스마을,34,38,0,99
0,밀레스여관,19,7,밀레스마을,34,38,0,99
0,밀레스여관,19,8,밀레스마을,34,38,0,99
0,밀레스여관,19,9,밀레스마을,34,38,0,99
0,밀레스여관,19,10,밀레스마을,34,38,0,99
0,밀레스여관,19,11,밀레스마을,34,38,0,99
0,밀레스마을,40,75,밀레스교회,8,22,0,99
0,밀레스교회,8,24,밀레스마을,40,77,0,99

0,서밀레스마을,78,80,보석상점2,4,9,0,99
0,서밀레스마을,79,80,보석상점2,4,9,0,99
0,보석상점2,14,10,서밀레스마을,85,75,0,99
0,보석상점2,14,11,서밀레스마을,85,75,0,99

0,서밀레스마을,22,92,지하묘지대기실,5,5,0,99
0,지하묘지대기실,6,15,서밀레스마을,22,95,0,99
0,지하묘지대기실,7,15,서밀레스마을,22,95,0,99
0,지하묘지대기실,8,15,서밀레스마을,22,95,0,99 
0,지하묘지대기실,9,15,서밀레스마을,22,95,0,99            

0,서밀레스마을,21,0,북밀레스마을,33,97,0,99
0,서밀레스마을,22,0,북밀레스마을,33,97,0,99
0,서밀레스마을,23,0,북밀레스마을,33,97,0,99
0,서밀레스마을,24,0,북밀레스마을,33,97,0,99

0,북밀레스마을,33,99,서밀레스마을,23,1,0,99
0,북밀레스마을,34,99,서밀레스마을,23,1,0,99
0,북밀레스마을,35,99,서밀레스마을,23,1,0,99

0,북밀레스마을,99,49,동밀레스마을,2,23,0,99
0,북밀레스마을,99,48,동밀레스마을,2,23,0,99
0,북밀레스마을,99,47,동밀레스마을,2,23,0,99
0,북밀레스마을,99,46,동밀레스마을,2,23,0,99

0,동밀레스마을,0,24,북밀레스마을,98,50,0,99
0,동밀레스마을,0,23,북밀레스마을,98,50,0,99

0,동밀레스마을,49,99,밀레스마을,55,2,0,99         
0,동밀레스마을,50,99,밀레스마을,55,2,0,99
0,동밀레스마을,51,99,밀레스마을,55,2,0,99
0,동밀레스마을,52,99,밀레스마을,55,2,0,99
0,동밀레스마을,53,99,밀레스마을,55,2,0,99
0,동밀레스마을,54,99,밀레스마을,55,2,0,99

0,밀레스마을,52,0,동밀레스마을,51,97,0,99
0,밀레스마을,53,0,동밀레스마을,51,97,0,99
0,밀레스마을,54,0,동밀레스마을,51,97,0,99
0,밀레스마을,55,0,동밀레스마을,51,97,0,99
0,밀레스마을,56,0,동밀레스마을,51,97,0,99
0,밀레스마을,57,0,동밀레스마을,51,97,0,99


0,시작의방,11,5아벨마을,58,52,0,99
0,시작의방,11,6,아벨마을,58,53,0,99
0,뤼케시온마을,0,0,시작의방,0,0,0,99
0,뤼케시온마을,0,0,시작의방,0,0,0,99

0,뤼케시온마을,22,19,뤼케시온여관,8,16,0,99
0,뤼케시온마을,22,19,뤼케시온여관,9,16,0,99
0,뤼케시온여관,6,19,뤼케시온마을,24,20,0,99
0,뤼케시온여관,7,19,뤼케시온마을,24,20,0,99
0,뤼케시온여관,8,19,뤼케시온마을,24,20,0,99
0,뤼케시온여관,9,19,뤼케시온마을,24,20,0,99
0,뤼케시온여관,10,19,뤼케시온마을,24,20,0,99
0,뤼케시온여관,11,19,뤼케시온마을,24,20,0,99
0,뤼케시온여관,12,19,뤼케시온마을,24,20,0,99
0,뤼케시온여관,13,19,뤼케시온마을,24,20,0,99

0,뤼케시온마을,42,11,뤼케시온은행,8,15,0,99
0,뤼케시온마을,42,11,뤼케시온은행,9,15,0,99
0,뤼케시온은행,19,7,뤼케시온마을,43,13,0,99
0,뤼케시온은행,19,8,뤼케시온마을,43,13,0,99
0,뤼케시온은행,19,9,뤼케시온마을,43,13,0,99
0,뤼케시온은행,19,10,뤼케시온마을,42,13,0,99
0,뤼케시온은행,19,11,뤼케시온마을,42,13,0,99
0,뤼케시온은행,19,12,뤼케시온마을,42,13,0,99
0,뤼케시온은행,19,13,뤼케시온마을,42,13,0,99

0,뤼케시온마을,37,28,뤼케시온방어구점,10,8,0,99
0,뤼케시온마을,38,28,뤼케시온방어구점,10,9,0,99
0,뤼케시온방어구점,11,8,뤼케시온마을,38,29,0,99
0,뤼케시온방어구점,11,9,뤼케시온마을,38,30,0,99

0,뤼케시온방어구점,0,9,뤼케시온무기점,12,1,0,99
0,뤼케시온무기점,12,0,뤼케시온방어구점,1,9,0,99

0,뤼케시온마을,32,34,뤼케시온무기점,6,13,0,99
0,뤼케시온마을,32,34,뤼케시온무기점,7,13,0,99
0,뤼케시온무기점,6,14,뤼케시온마을,33,34,0,99
0,뤼케시온무기점,7,14,뤼케시온마을,33,34,0,99

0,뤼케시온마을,7,23,뤼케시온리콜상점,6,13,0,99
0,뤼케시온마을,7,23,뤼케시온리콜상점,7,13,0,99
0,뤼케시온리콜상점,6,14,뤼케시온마을,8,24,0,99
0,뤼케시온리콜상점,7,14,뤼케시온마을,8,24,0,99

0,뤼케시온마을,10,31,뤼케시온전투기술사범,7,12,99,99
0,뤼케시온전투기술사범,7,14,뤼케시온마을,11,31,99,99
0,뤼케시온전투기술사범,6,14,뤼케시온마을,11,31,99,99   
                   
////////// 뤼케시온 feld /////////////////////
0,뤼케시온필드,22,19,뤼케시온여관field,8,16,0,99
0,뤼케시온필드,22,19,뤼케시온여관field,9,16,0,99
0,뤼케시온여관field,6,19,뤼케시온필드,24,20,0,99
0,뤼케시온여관field,7,19,뤼케시온필드,24,20,0,99
0,뤼케시온여관field,8,19,뤼케시온필드,24,20,0,99
0,뤼케시온여관field,9,19,뤼케시온필드,24,20,0,99
0,뤼케시온여관field,10,19,뤼케시온필드,24,20,0,99
0,뤼케시온여관field,11,19,뤼케시온필드,24,20,0,99
0,뤼케시온여관field,12,19,뤼케시온필드,24,20,0,99
0,뤼케시온여관field,13,19,뤼케시온필드,24,20,0,99

0,뤼케시온필드,42,11,뤼케시온은행field,8,15,0,99
0,뤼케시온필드,42,11,뤼케시온은행field,9,15,0,99
0,뤼케시온은행field,19,7,뤼케시온필드,43,13,0,99
0,뤼케시온은행field,19,8,뤼케시온필드,43,13,0,99
0,뤼케시온은행field,19,9,뤼케시온필드,43,13,0,99
0,뤼케시온은행field,19,10,뤼케시온필드,42,13,0,99
0,뤼케시온은행field,19,11,뤼케시온필드,42,13,0,99
0,뤼케시온은행field,19,12,뤼케시온필드,42,13,0,99
0,뤼케시온은행field,19,13,뤼케시온필드,42,13,0,99

0,뤼케시온필드,37,28,뤼케시온방어구점field,10,8,0,99
0,뤼케시온필드,38,28,뤼케시온방어구점field,10,9,0,99
0,뤼케시온방어구점field,11,8,뤼케시온필드,38,29,0,99
0,뤼케시온방어구점field,11,9,뤼케시온필드,38,30,0,99

0,뤼케시온방어구점field,0,9,뤼케시온무기점field,12,1,0,99
0,뤼케시온무기점field,12,0,뤼케시온방어구점field,1,9,0,99

0,뤼케시온field,32,34,뤼케시온무기점field,6,13,0,99
0,뤼케시온field,32,34,뤼케시온무기점field,7,13,0,99
0,뤼케시온무기점field,6,14,뤼케시온필드,33,34,0,99
0,뤼케시온무기점field,7,14,뤼케시온필드,33,34,0,99

0,뤼케시온필드,7,23,뤼케시온field대기실,6,13,0,99
0,뤼케시온필드,7,23,뤼케시온field대기실,7,13,0,99
0,뤼케시온field대기실,6,14,뤼케시온필드,8,24,0,99
0,뤼케시온field대기실,7,14,뤼케시온필드,8,24,0,99

0,아벨마을,59,39,아벨여관,8,16,0,99
0,아벨마을,59,39,아벨여관,9,16,0,99
0,아벨여관,6,19,아벨마을,60,39,0,99
0,아벨여관,7,19,아벨마을,60,39,0,99
0,아벨여관,8,19,아벨마을,60,39,0,99
0,아벨여관,9,19,아벨마을,60,39,0,99

0,아벨마을,14,8,아벨은행,8,15,0,99
0,아벨은행,6,19,아벨마을,14,9,0,99
0,아벨은행,7,19,아벨마을,14,9,0,99
0,아벨은행,8,19,아벨마을,14,9,0,99
0,아벨은행,9,19,아벨마을,14,9,0,99
0,아벨은행,10,19,아벨마을,14,9,0,99
0,아벨은행,11,19,아벨마을,14,9,0,99
0,아벨은행,12,19,아벨마을,14,9,0,99

0,북아벨마을,28,77,서아벨마을,30,2,0,99
0,북아벨마을,29,77,서아벨마을,30,2,0,99
0,북아벨마을,30,77,서아벨마을,30,2,0,99
0,북아벨마을,31,77,서아벨마을,30,2,0,99

0,서아벨마을,28,0,북아벨마을,29,75,0,99
0,서아벨마을,29,0,북아벨마을,29,75,0,99
0,서아벨마을,30,0,북아벨마을,29,75,0,99
0,서아벨마을,31,0,북아벨마을,29,75,0,99

0,동아벨마을,0,24,북아벨마을,67,23,0,99
0,동아벨마을,0,23,북아벨마을,67,23,0,99
0,동아벨마을,0,22,북아벨마을,67,23,0,99

0,북아벨마을,69,24,동아벨마을,2,23,0,99
0,북아벨마을,69,23,동아벨마을,2,23,0,99
0,북아벨마을,69,22,동아벨마을,2,23,0,99

0,동아벨마을,29,77,아벨마을,29,2,0,99
0,동아벨마을,30,77,아벨마을,29,2,0,99
0,동아벨마을,31,77,아벨마을,29,2,0,99
0,동아벨마을,32,77,아벨마을,29,2,0,99

0,아벨마을,28,0,동아벨마을,29,76,0,99
0,아벨마을,29,0,동아벨마을,29,76,0,99
0,아벨마을,30,0,동아벨마을,29,76,0,99

0,아벨마을,0,26,서아벨마을,67,17,0,99
0,아벨마을,0,25,서아벨마을,67,17,0,99
0,아벨마을,0,24,서아벨마을,67,17,0,99
0,아벨마을,0,23,서아벨마을,67,17,0,99
0,아벨마을,0,22,서아벨마을,67,17,0,99

0,서아벨마을,69,16,아벨마을,2,23,0,99
0,서아벨마을,69,17,아벨마을,2,23,0,99
0,서아벨마을,69,18,아벨마을,2,23,0,99

0,서아벨마을,13,7,보석상점1,4,9,0,99
0,보석상점1,7,14,서아벨마을,15,7,0,99
0,보석상점1,6,14,서아벨마을,15,7,0,99

0,아벨무기점,12,0,아벨방어구점,1,10,0,99
0,아벨방어구점,0,9,아벨무기점,13,1,0,99

0,아벨마을,14,8,아벨은행,8,15,0,99
0,아벨은행,19,7,아벨마을,14,9,0,99

0,아벨마을,60,12,아벨방어구점,10,8,0,99
0,아벨마을,60,11,아벨방어구점,10,8,0,99
0,아벨방어구점,11,8,아벨마을,62,12,0,99

0,아벨마을,55,18,아벨무기점,6,13,0,99
0,아벨무기점,6,14,아벨마을,55,19,0,99

0,아벨마을,24,8,아벨리콜상점,6,13,0,99
0,아벨리콜상점,6,14,아벨마을,25,9,0,99
0,아벨리콜상점,7,14,아벨마을,25,9,0,99

0,아벨마을,44,11,아벨시약상점,7,12,0,99
0,아벨시약상점,6,14,아벨마을,44,12,0,99
0,아벨시약상점,6,14,아벨마을,44,12,0,99

0,피에트마을,30,55,피에트백마법사범,8,9,0,99
0,피에트백마법사범,14,7,피에트마을,32,55,0,99

0,아벨마을,26,46,아벨전투기술사범,7,12,0,99
0,아벨전투기술사범,6,14,아벨마을,28,46,0,99
0,아벨전투기술사범,7,14,아벨마을,28,46,0,99

0,수오미마을,71,81,수오미기술사범,6,11,0,99
0,수오미기술사범,6,14,수오미마을,71,83,0,99

0,수오미기술사범,12,0,수오미마법사범,7,11,0,99
0,수오미마법사범,8,14,수오미기술사범,12,3,0,99

0,수오미마법사범,14,7,수오미마을,81,74,0,99
0,수오미마을,79,74,수오미마법사범,12,7,0,99                              

0,기초1,8,3,기초2,10,28,0,99
0,기초1,7,3,기초2,11,28,0,99
0,기초1,6,3,기초2,12,28,0,99
0,기초1,5,3,기초2,13,28,0,99


0,기초2,10,7,기초3,6,14,0,99
0,기초2,11,7,기초3,9,14,0,99

0,기초3,11,0,기초4,9,30,0,99

0,밀레스마을,91,54,지하묘지대기실,6,14,0,99
0,밀레스마을,90,55,지하묘지대기실,7,14,0,99
0,지하묘지대기실,6,15,밀레스마을,92,54,0,99
0,지하묘지대기실,7,15,밀레스마을,92,54,0,99
0,지하묘지대기실,8,15,밀레스마을,92,54,0,99
0,지하묘지대기실,9,15,밀레스마을,92,54,0,99

0,지하묘지대기실,8,7,지하묘지1층,12,49,0,99
0,지하묘지1층,12,49,지하묘지대기실,8,8,0,99
0,지하묘지1층,13,49,지하묘지대기실,8,8,0,99
0,지하묘지1층,14,49,지하묘지대기실,8,8,0,99
0,지하묘지1층,15,49,지하묘지대기실,8,8,0,99
0,지하묘지1층,16,49,지하묘지대기실,8,8,0,99
0,지하묘지1층,17,49,지하묘지대기실,8,8,0,99
0,지하묘지1층,18,49,지하묘지대기실,8,8,0,99

0,지하묘지1층,2,5,지하묘지2층,44,23,0,99
0,지하묘지2층,44,22,지하묘지1층,3,5,0,99

0,지하묘지2층,11,23,지하묘지3층,11,8,0,99
0,지하묘지3층,10,8,지하묘지2층,12,23,0,99

0,죽대,8,0,죽마,57,98,0,99
0,죽대,9,0,죽마,58,98,0,99
0,죽대,10,0,죽마,59,98,0,99
0,죽대,11,0,죽마,60,98,0,99
0,죽마,57,99,죽대,8,1,0,99
0,죽마,58,99,죽대,9,1,0,99
0,죽마,59,99,죽대,10,1,0,99
0,죽마,60,99,죽대,,11,1,0,99

0,죽마,0,42,죽마2,98,42,0,99
0,죽마2,99,42,죽마,1,42,0,99
0,죽마,57,0,죽마3,57,98,0,99
0,죽마,58,0,죽마3,58,98,0,99
0,죽마,59,0,죽마3,59,98,0,99
0,죽마3,57,99,죽마,57,1,0,99
0,죽마3,58,99,죽마,58,1,0,99
0,죽마3,59,99,죽마,59,1,0,99

0,죽마,99,42,죽마4,1,42,0,99
0,죽마4,0,42,죽마,98,42,0,99

0,LC마을,39,48,LC무기점,7,13,0,99
0,LC무기점,6,14,LC마을,39,49,0,99
0,LC무기점,6,14,LC마을,39,49,0,99

0,LC무기점,13,0,LC방어구점,1,10,0,99
0,LC방어구점,0,10,LC무기점,13,1,0,99

0,LC마을,45,43,LC방어구점,10,9,0,99
0,LC방어구점,11,8,LC마을,46,43,0,99
0,LC방어구점,11,9,LC마을,46,43,0,99

0,LC마을,42,24,LC성인용품점,7,13,0,99
0,LC성인용품점,6,14,LC마을,43,24,0,99

0,LC마을,39,69,LC펫상점,7,13,0,99
0,LC마을,38,69,LC펫상점,7,13,0,99
0,LC펫상점,6,14,LC마을,39,69,0,99

0,LC마을,34,28,LC고급의류점,7,13,0,99
0,LC고급의류점,6,14,LC마을,34,30,0,99

0,LC마을,18,47,이아네집,14,9,0,99
0,이아네집,15,9,LC마을,19,47,0,99

0,LC마을,16,27,하데스네집,14,9,0,99
0,하데스네집,15,9,LC마을,17,27,0,99

0,LC마을,16,72,지킴이네집,14,9,0,99
0,지킴이네집,15,9,LC마을,17,72,0,99

0,기초4,15,49,시작의방,5,5,0,99
0,기초4,16,49,시작의방,5,5,0,99

0,리파이너의던전대기실,49,10,리파이너의던전1층,4,80,99,99
0,리파이너의던전1층,2,80,리파이너의던전대기실,48,10,99,99

0,리파이너의던전1층,88,1,리파이너의던전2층,2,55,0,99
0,리파이너의던전2층,1,55,리파이너의던전1층,88,1,0,99


0,리파이너의던전2층,67,87,리파이너의던전3층,16,5,0,99
0,리파이너의던전3층,16,4,리파이너의던전2층,69,87,0,99


//0,리파이너의던전3층,91,1,리파이너의던전4층,58,3,0,99
//0,리파이너의던전4층,58,2,리파이너의던전3층,91,2,0,99

0,리파이너의던전4층,59,83,리파이너의던전5층,92,43,0,99

0,리파이너의던전5층,13,35,리파이너의던전6층,92,45,0,99
0,리파이너의던전5층,13,34,리파이너의던전6층,92,45,0,99
0,리파이너의던전6층,92,44,리파이너의던전5층,15,35,0,99

0,리파이너의던전6층,27,2,리파이너의던전7층,90,93,0,99

0,리파이너의던전7층,68,14,리파이너의작업실,5,5,0,99
0,리파이너의던전7층,67,14,리파이너의작업실,5,5,0,99

0,리파이너의던전3층,50,56,리파이너의함정,5,5,0,99
0,리파이너의던전4층,13,32,리파이너의함정,5,5,0,99
0,리파이너의던전6층,47,99,리파이너의함정,5,5,0,99
0,리파이너의던전7층,46,99,리파이너의함정,5,5,0,99
0,리파이너의던전7층,13,52,던전보스방,15,15,0,99
0,리파이너의던전7층,13,53,던전보스방,15,15,0,99

0,노비스,69,31,노비스사냥터,1,12,0,99
0,노비스,69,30,노비스사냥터,2,12,0,99
0,노비스,69,29,노비스사냥터,1,12,0,99
0,노비스,69,28,노비스사냥터,2,12,0,99
0,노비스,69,27,노비스사냥터,1,12,0,99
0,노비스,69,26,노비스사냥터,2,12,0,99
0,노비스,69,27,노비스사냥터,1,12,0,99
0,노비스,69,25,노비스사냥터,2,12,0,99
0,노비스사냥터,0,11,노비스,68,31,0,99
0,노비스사냥터,0,12,노비스,68,30,0,99
0,노비스사냥터,36,9,노비스던전,9,32,0,99
0,노비스던전,6,33,노비스사냥터,33,9,0,99
0,노비스던전,7,32,노비스사냥터,33,9,0,99
0,노비스던전,7,33,노비스사냥터,33,9,0,99
0,노비스던전,6,32,노비스사냥터,33,9,0,99
0,노비스,25,0,직업신전3,5,5,0,99
0,노비스,26,0,직업신전3,5,5,0,99
0,노비스,27,0,직업신전3,5,5,0,99
0,노비스,28,0,직업신전3,5,5,0,99
0,노비스,29,0,직업신전3,5,5,0,99
0,노비스,30,0,직업신전3,5,5,0,99
0,노비스,31,0,직업신전3,5,5,0,99


0,노비스,44,25,노비스상점,7,13,0,99
0,노비스,50,25,노비스상점,7,13,0,99
0,노비스상점,6,14,노비스,46,27,0,99

0,로톤마을,67,70,기술사범의집,7,13,0,99
0,로톤마을,12,18,로톤대장간,6,13,99,99
0,로톤마을,13,18,로톤대장간,6,13,99,99
0,로톤대장간,6,14,로톤마을,13,19,99,99

0,로톤마을,16,72,미용실2,15,15,0,99
0,미용실2,19,9,로톤마을,18,72,0,99
0,미용실2,19,10,로톤마을,18,72,0,99
0,미용실2,19,9,로톤마을,18,72,0,99

0,호러캐슬대기실,22,0,승급호러캐슬1,23,47,99,99
0,승급호러캐슬1,22,49,호러캐슬대기실,22,2,99,99
0,승급호러캐슬1,23,49,호러캐슬대기실,22,2,99,99
0,호러캐슬대기실,14,0,호러캐슬1,21,47,99,99 
0,호러캐슬1,20,49,호러캐슬대기실,14,3,99,99
0,호러캐슬1,21,49,호러캐슬대기실,14,3,99,99       

0,호러캐슬1,35,32,캐슬방1,2,9,99,99
0,캐슬방1,1,9,호러캐슬1,33,32,99,99

0,호러캐슬1,37,49,캐슬방2,6,15,99,99              
0,캐슬방2,6,24,호러캐슬1,37,47,99,99
     
0,호러캐슬1,27,31,캐슬방3,12,11,99,99
0,캐슬방3,14,11,호러캐슬1,29,31,99,99
0,캐슬방3,14,12,호러캐슬1,29,31,99,99

0,호러캐슬대기실,28,7,호러캐슬비밀의방,12,5,99,99

0,승급호러캐슬1,0,23,캐슬방4,22,13,99,99
0,캐슬방4,24,13,승급호러캐슬1,2,23,99,99
0,캐슬방4,24,14,승급호러캐슬1,2,23,99,99
0,승급호러캐슬1,8,36,캐슬방5,17,2,99,99
0,캐슬방5,17,0,승급호러캐슬1,8,34,99,99

0,천족의성,9,16,메인홀,5,15,0,99
0,메인홀,5,15,천족의성,11,16,0,99

0,메인홀,15,6,식당,6,7,0,99
0,메인홀,14,6,식당,6,7,0,99
0,식당,6,9,메인홀,12,7,0,99

0,식당,8,0,알현실,8,13,0,99
0,알현실,8,15,식당,8,1,0,99

0,왕실상점,9,6,식당,2,5,0,99
0,식당,0,5,왕실상점,7,6,0,99

0,밀레스마을,91,12,밀레스신전,5,5,0,99
0,밀레스신전,0,0,밀레스마을,93,12,0,99


0,승급던전대기실,11,1,승급던전 1층,30,66,99,99
0,승급던전대기실,16,1,승급던전 1층,30,66,99,99
0,승급던전대기실,23,1,승급던전 1층,30,66,99,99
0,승급던전대기실,34,1,승급던전 1층,30,66,99,99
0,승급던전대기실,42,1,승급던전 1층,30,66,99,99
0,승급던전 1층,30,68,승급던전대기실,21,11,99,99

0,승급던전 1층,4,1,승급던전 2층,44,66,99,99
0,승급던전 2층,44,68,승급던전 1층,5,2,99,99

0,승급던전 2층,21,1,승급던전 3층,8,196,99,99
0,승급던전 3층,30,68,승급던전 2층,21,2,99,99
0,승급던전 3층,8,99,승급던전 2층,21,2,99,99
0,승급던전 3층,9,99,승급던전 2층,21,2,99,99

0,승급던전 3층,7,0,승급던전 4층,43,57,99,99
0,승급던전 3층,8,0,승급던전 4층,43,57,99,99
0,승급던전 4층,42,58,승급던전 3층,8,2,99,99

0,승급던전 4층,1,22,승급던전 5층,21,11,99,99
0,승급던전 5층,28,18,승급던전 4층,26,18,99,99

0,승급던전 5층,14,1,승급던전 6층,24,45,99,99
0,승급던전 6층,24,48,승급던전 5층,15,2,99,99

0,승급던전 6층,19,1,승급던전 7층,5,23,99,99
0,승급던전 7층,48,25,승급던전 5다리,27,15,99,99

0,승급던전 5다리,0,6,승급던전 3층,8,2,99,99
0,승급던전 5다리,0,7,승급신전2,5,5,99,99
0,승급던전 5다리,0,8,승급던전 3층,8,2,99,99
0,승급던전 5다리,0,9,승급신전2,5,5,99,99
0,승급던전 5다리,0,17,승급신전2,5,5,99,99
0,승급던전 5다리,0,16,승급던전 3층,8,2,99,99
0,승급던전 5다리,0,15,승급신전2,5,5,99,99
0,승급던전 5다리,0,14,승급던전 3층,8,2,99,99


0,캐슬2,9,18,캐슬3,23,13,0,99
0,캐슬3,24,13,캐슬2,9,15,0,99

0,캐슬2,10,18,캐슬3,23,13,0,99
0,캐슬3,24,14,캐슬2,9,15,0,99

0,수오미마을,19,48,수오미방어구점,10,8,0,99
0,수오미방어구점,11,8,수오미마을,20,20,0,99
0,수오미방어구점,11,9,수오미마을,20,48,0,99

0,수오미방어구점,0,9,수오미무기점,12,1,0,99
0,수오미무기점,12,0,수오미방어구점,1,9,0,99

0,수오미마을,11,55,수오미무기점,6,13,0,99
0,수오미마을,11,55,수오미무기점,7,13,0,99
0,수오미무기점,6,14,수오미마을,11,57,0,99
0,수오미무기점,7,14,수오미마을,11,57,0,99

0,수오미마을,62,42,수오미여관,8,16,0,99
0,수오미마을,62,42,수오미여관,9,16,0,99
0,수오미여관,6,19,수오미마을,64,42,0,99
0,수오미여관,7,19,수오미마을,64,42,0,99
0,수오미여관,8,19,수오미마을,64,42,0,99
0,수오미여관,9,19,수오미마을,64,42,0,99
0,수오미여관,10,19,수오미마을,64,42,0,99
0,수오미여관,11,19,수오미마을,64,42,0,99
0,수오미여관,12,19,수오미마을,64,42,0,99
0,수오미여관,13,19,수오미마을,64,42,0,99

0,레드오피온의굴 1층,69,33,레드오피온의굴 2층,47,12,0,99
0,레드오피온의굴 2층,47,10,레드오피온의굴 1층,67,33,0,99

0,레드오피온의굴 2층,26,77,레드오피온의굴 3층,20,3,0,99
0,레드오피온의굴 3층,20,1,레드오피온의굴 2층,26,75,0,99

0,레드오피온의굴 3층,48,25,레드오피온의굴 4층,41,46,0,99
0,레드오피온의굴 4층,41,48,레드오피온의굴 3층,46,25,0,99

0,레드오피온의굴 4층,1,38,레드오피온의굴 5층,66,48,0,99
0,레드오피온의굴 5층,68,48,레드오피온의굴 4층,3,38,0,99

0,레드오피온의굴 5층,1,38,레드오피온의굴 6층,76,39,0,99
0,레드오피온의굴 6층,78,39,레드오피온의굴 5층,3,38,0,99

0,레드오피온의굴 6층,1,43,레드오피온의굴 7층,67,19,0,99
0,레드오피온의굴 7층,69,20,레드오피온의굴 6층,3,43,0,99
0,레드오피온의굴 7층,69,19,레드오피온의굴 6층,3,43,0,99
0,레드오피온의굴 7층,69,18,레드오피온의굴 6층,3,43,0,99

0,레드오피온의굴 7층,0,50,레드오피온의굴 8층,2,27,0,99
0,레드오피온의굴 8층,0,27,레드오피온의굴 7층,1,50,0,99

0,레드오피온의굴 8층,4,59,레드오피온의굴 9층,8,1,0,99
0,레드오피온의굴 8층,5,59,레드오피온의굴 9층,8,1,0,99
0,레드오피온의굴 8층,6,59,레드오피온의굴 9층,8,1,0,99
0,레드오피온의굴 9층,8,0,레드오피온의굴 8층,5,57,0,99

0,레드오피온의굴 9층,68,1,레드오피온의굴 10층,26,,0,99
0,레드오피온의굴 9층,68,1,레드오피온의굴 10층,26,,0,99
0,레드오피온의굴 10층,13,79,레드오피온의굴 9층,67,1,0,99
0,레드오피온의굴 10층,14,79,레드오피온의굴 9층,67,1,0,99
0,레드오피온의굴 10층,15,79,레드오피온의굴 9층,67,1,0,99
0,레드오피온의굴 10층,16,79,레드오피온의굴 9층,67,1,0,99

0,레드오피온의굴 10층,26,0,레드오피온의굴 11층,18,98,0,99
0,레드오피온의굴 11층,18,99,레드오피온의굴 10층,26,1,0,99
	
0,레드오피온의굴 11층,46,0,레드오피온의굴 12층,70,2,0,99
0,레드오피온의굴 12층,70,0,레드오피온의굴 11층,46,1,0,99

0,레드오피온의굴 12층,4,79,레드오피온의굴 13층,1,95,0,99
0,레드오피온의굴 13층,0,95,레드오피온의굴 12층,4,77,0,99

0,레드오피온의굴 13층,0,30,레드오피온의굴 14층,1,27,0,99
0,레드오피온의굴 14층,0,27,레드오피온의굴 13층,1,30,0,99

0,레드오피온의굴 14층,29,79,레드오피온의굴 15층,23,1,0,99
0,레드오피온의굴 14층,30,79,레드오피온의굴 15층,23,1,0,99
0,레드오피온의굴 15층,23,0,레드오피온의굴 14층,29,77,0,99

0,레드오피온의굴 15층,55,69,레드오피온의굴 16층,1,31,0,99
0,레드오피온의굴 15층,56,69,레드오피온의굴 16층,1,31,0,99
0,레드오피온의굴 16층,0,31,레드오피온의굴 15층,55,67,0,99

0,레드오피온의굴 16층,31,49,레드오피온의굴 17층,32,1,0,99
0,레드오피온의굴 16층,30,49,레드오피온의굴 17층,32,1,0,99
0,레드오피온의굴 17층,32,0,레드오피온의굴 16층,30,48,0,99

0,레드오피온의굴 17층,56,79,레드오피온의굴 18층,28,66,0,99
0,레드오피온의굴 17층,57,79,레드오피온의굴 18층,28,66,0,99
0,레드오피온의굴 17층,58,79,레드오피온의굴 18층,28,66,0,99
0,레드오피온의굴 17층,59,79,레드오피온의굴 18층,28,66,0,99
0,레드오피온의굴 18층,26,69,레드오피온의굴 17층,57,76,0,99
0,레드오피온의굴 18층,27,69,레드오피온의굴 17층,57,76,0,99
0,레드오피온의굴 18층,28,69,레드오피온의굴 17층,57,76,0,99
0,레드오피온의굴 18층,29,69,레드오피온의굴 17층,57,76,0,99
0,레드오피온의굴 18층,30,69,레드오피온의굴 17층,57,76,0,99
0,레드오피온의굴 18층,31,69,레드오피온의굴 17층,57,76,0,99
0,레드오피온의굴 18층,32,69,레드오피온의굴 17층,57,76,0,99
0,레드오피온의굴 18층,33,69,레드오피온의굴 17층,57,76,0,99

0,레드오피온의굴 18층,34,8,레드오피온의굴 19층,4,39,0,99
0,레드오피온의굴 18층,34,7,레드오피온의굴 19층,4,40,0,99
0,레드오피온의굴 19층,3,40,레드오피온의굴 18층,35,7,0,99
0,레드오피온의굴 19층,3,39,레드오피온의굴 18층,35,7,0,99

0,레드오피온의굴 19층,28,4,레드오피온의굴 20층,5,47,0,99
0,레드오피온의굴 19층,29,4,레드오피온의굴 20층,5,47,0,99
0,레드오피온의굴 19층,30,4,레드오피온의굴 20층,5,47,0,99
0,레드오피온의굴 20층,4,49,레드오피온의굴 19층,29,6,0,99
0,레드오피온의굴 20층,5,49,레드오피온의굴 19층,29,6,0,99

0,레드오피온의굴 20층,49,23,레드오피온의굴 21층,1,66,0,99
0,레드오피온의굴 20층,49,24,레드오피온의굴 21층,1,65,0,99
0,레드오피온의굴 21층,0,69,레드오피온의굴 20층,47,24,0,99
0,레드오피온의굴 21층,0,68,레드오피온의굴 20층,47,24,0,99
0,레드오피온의굴 21층,0,67,레드오피온의굴 20층,47,24,0,99
0,레드오피온의굴 21층,0,66,레드오피온의굴 20층,47,24,0,99
0,레드오피온의굴 21층,0,65,레드오피온의굴 20층,47,24,0,99
0,레드오피온의굴 21층,0,64,레드오피온의굴 20층,47,24,0,99
0,레드오피온의굴 21층,0,63,레드오피온의굴 20층,47,24,0,99
0,레드오피온의굴 21층,0,62,레드오피온의굴 20층,47,24,0,99
0,레드오피온의굴 21층,0,61,레드오피온의굴 20층,47,24,0,99
0,레드오피온의굴 21층,0,60,레드오피온의굴 20층,47,24,0,99
0,레드오피온의굴 21층,0,59,레드오피온의굴 20층,47,24,0,99

//0,레드오피온의굴 21층,30,0,레드오피온의굴 22층,29,2,0,99
//0,레드오피온의굴 21층,31,0,레드오피온의굴 22층,28,1,0,99
0,레드오피온의굴 22층,24,0,레드오피온의굴 21층,30,1,0,99
0,레드오피온의굴 22층,25,0,레드오피온의굴 21층,30,1,0,99
0,레드오피온의굴 22층,26,0,레드오피온의굴 21층,30,1,0,99
0,레드오피온의굴 22층,27,0,레드오피온의굴 21층,30,1,0,99
0,레드오피온의굴 22층,28,0,레드오피온의굴 21층,30,1,0,99
0,레드오피온의굴 22층,29,0,레드오피온의굴 21층,30,1,0,99

0,초보자1,0,7,초보자1,4,5,0,99
0,초보자1,0,6,초보자1,4,5,0,99
//0,초보자2,39,39,초보자1,1,7,0,99
//0,초보자2,39,31,초보자1,1,6,0,99
//0,초보자2,39,32,초보자1,1,6,0,99

0,초보자2,12,22,라봉네집,5,9,0,99

0,라봉네집,5,12,초보자2,14,22,0,99
0,라봉네집,4,12,초보자2,14,22,0,99
0,라봉네집,3,12,초보자2,14,22,0,99
0,라봉네집,6,12,초보자2,14,22,0,99
0,라봉네집,8,0,초보자2,13,34,0,99


0,아벨마을,45,65,아벨해안대기실,38,42,41,70
0,아벨마을,44,65,아벨해안대기실,38,41,41,70


0,뤼케시온마을,42,49,뤼케시온필드,42,47,71,99
0,뤼케시온마을,43,49,뤼케시온필드,43,47,71,99
0,뤼케시온마을,44,49,뤼케시온필드,44,47,71,99
0,뤼케시온마을,45,49,뤼케시온필드,45,47,71,99
0,뤼케시온마을,46,49,뤼케시온필드,46,47,71,99
0,뤼케시온마을,47,49,뤼케시온필드,47,47,71,99

0,루어스마을,39,86,루어스필드,21,85,98,99
0,루어스마을,38,87,루어스필드,22,85,98,99
0,루어스마을,43,80,루어스기타상점,6,13,99,99
0,루어스기타상점,6,14,루어스마을,43,80,0,99
0,루어스필드,38,86,루어스마을,21,85,98,99
0,루어스필드,38,87,루어스마을,22,85,98,99

0,수오미마을,99,27,포테의 숲1존,33,47,11,41
0,수오미마을,99,26,포테의 숲1존,33,47,11,41
0,수오미마을,99,25,포테의 숲1존,33,47,11,41
0,수오미마을,99,24,포테의 숲1존,33,47,11,41

0,포테의 숲1존,28,0,포테의 숲2존,22,47,11,41
0,포테의 숲1존,27,0,포테의 숲2존,22,47,11,41
0,포테의 숲1존,26,0,포테의 숲2존,22,47,11,41
0,포테의 숲1존,25,0,포테의 숲2존,22,47,11,41
0,포테의 숲2존,23,49,포테의 숲1존,28,2,11,41
0,포테의 숲2존,22,49,포테의 숲1존,27,2,11,41
0,포테의 숲2존,21,49,포테의 숲1존,26,0,11,41

0,포테의 숲2존,10,0,포테의 숲3존,37,68,11,41
0,포테의 숲2존,9,0,포테의 숲3존,36,68,11,41
0,포테의 숲2존,8,0,포테의 숲3존,35,68,11,41
0,포테의 숲3존,35,69,포테의 숲2존,8,1,11,41
0,포테의 숲3존,36,69,포테의 숲2존,9,1,11,41
0,포테의 숲3존,37,69,포테의 숲2존,10,1,11,41

0,포테의 숲2존,22,0,포테의 숲3존,37,67,11,41
0,포테의 숲2존,23,0,포테의 숲3존,37,67,11,41
0,포테의 숲2존,24,0,포테의 숲3존,37,67,11,41
0,포테의 숲3존,36,49,포테의 숲2존,24,2,11,41
0,포테의 숲3존,37,69,포테의 숲2존,24,2,11,41

0,포테의 숲3존,69,14,포테의 숲4존,1,13,11,41
0,포테의 숲3존,69,13,포테의 숲4존,1,13,11,41
0,포테의 숲3존,69,15,포테의 숲4존,1,13,11,41
0,포테의 숲4존,0,13,포테의 숲3존,67,15,11,41

0,포테의 숲4존,40,11,포테의 숲5존,1,15,11,41
0,포테의 숲4존,40,10,포테의 숲5존,1,15,11,41
0,포테의 숲4존,40,9,포테의 숲5존,1,15,11,41
0,포테의 숲5존,0,15,포테의 숲4존,38,10,11,41
0,포테의 숲4존,19,0,포테의 숲6존,24,28,11,41
0,포테의 숲4존,20,0,포테의 숲6존,24,28,11,41
0,포테의 숲6존,24,30,포테의 숲4존,20,1,11,41
0,포테의 숲6존,25,30,포테의 숲4존,19,1,11,41


0,카스마늄광산,23,14,광산대기실,18,47,99,99
0,카스마늄광산,24,14,광산대기실,18,47,99,99
0,광산대기실,18,49,카스마늄광산,24,16,99,99

0,광산대기실,49,10,광산1층,5,80,99,99
0,광산1층,2,80,광산대기실,48,10,99,99

0,광산1층,88,1,광산2층,2,55,99,99
0,광산2층,1,55,광산1층,88,1,99,99

0,광산2층,67,87,광산3층,16,5,99,99
0,광산3층,16,4,광산2층,69,87,99,99

0,광산3층,91,1,광산4층,58,3,99,99
0,광산4층,58,2,광산3층,91,2,99,99

0,광산4층,59,83,광산5층,92,43,99,99

0,광산5층,13,35,광산6층,92,45,99,99
0,광산5층,13,34,광산6층,92,45,99,99
0,광산6층,92,44,광산5층,15,35,99,99

0,광산3층,50,56,리파이너의함정,5,5,99,99
0,광산4층,13,32,리파이너의함정,5,5,99,99
0,광산6층,47,99,리파이너의함정,5,5,99,99


0,마인마을,0,49,카스마늄광산,24,47,99,99
0,마인마을,0,50,카스마늄광산,24,47,99,99
0,마인마을,0,51,카스마늄광산,24,47,99,99
0,마인마을,0,52,카스마늄광산,25,47,99,99
0,마인마을,0,53,카스마늄광산,25,47,99,99
0,마인마을,0,54,카스마늄광산,25,47,99,99

0,카스마늄광산,24,49,마인마을,1,49,99,99
0,카스마늄광산,23,49,마인마을,1,49,99,99

//0,집털대기실,5,7,집털1-1,9,13,99,99

0,집털1-1,17,5,다락,3,2,99,99
0,다락,2,2,집털1-1,16,6,99,99

0,다락,1,5,다락2,5,4,99,99
0,다락2,4,3,다락,1,6,99,99

0,집털1-1,17,2,집털1-2,13,2,99,99
0,집털1-2,19,14,집털1-3,12,8,99,99
0,집털1-3,5,0,집털1-4,11,3,99,99


0,집털1-5,17,5,다락3,3,2,99,99
0,다락3,2,2,집털1-5,16,6,99,99

0,다락3,1,5,다락4,5,4,99,99
0,다락4,4,3,다락3,1,6,99,99

0,집털1-5,17,2,집털1-6,13,2,99,99
0,집털1-6,19,14,집털1-7,12,8,99,99
0,집털1-7,5,0,집털1-8,11,3,99,99

0,집털1-2,3,8,집털1-1,16,10,99,99
0,집털1-3,19,11,집털1-2,16,13,99,99
0,집털1-4,11,0,집털1-3,5,2,99,99
0,집털1-4,12,14,집털1-1,17,13
0,집털1-6,3,8,집털1-5,16,10,99,99
0,집털1-7,19,11,집털1-6,16,13,99,99
0,집털1-8,11,0,집털1-7,5,2,99,99
0,집털1-8,12,14,집털1-5,17,13



0,마인마을,86,17,마인제조상점,7,13,0,99
0,마인제조상점,6,14,마인마을,85.19,0,99

0,블루오피온의굴 1층,69,33,블루오피온의굴 2층,47,12,0,99
0,블루오피온의굴 2층,47,10,블루오피온의굴 1층,67,33,0,99

0,블루오피온의굴 2층,26,77,블루오피온의굴 3층,20,3,0,99
0,블루오피온의굴 3층,20,1,블루오피온의굴 2층,26,75,0,99

0,블루오피온의굴 3층,48,25,블루오피온의굴 4층,41,46,0,99
0,블루오피온의굴 4층,41,48,블루오피온의굴 3층,46,25,0,99

0,블루오피온의굴 4층,1,38,블루오피온의굴 5층,66,48,0,99
0,블루오피온의굴 5층,68,48,블루오피온의굴 4층,3,38,0,99

0,블루오피온의굴 5층,1,38,블루오피온의굴 6층,76,39,0,99
0,블루오피온의굴 6층,78,39,블루오피온의굴 5층,3,38,0,99

0,블루오피온의굴 6층,1,43,블루오피온의굴 7층,67,19,0,99
//0,블루오피온의굴 7층,69,20,블루오피온의굴 6층,3,43,0,99
//0,블루오피온의굴 7층,69,19,블루오피온의굴 6층,3,43,0,99
//0,블루오피온의굴 7층,69,18,블루오피온의굴 6층,3,43,0,99

0,블루오피온의굴 7층,0,50,블루오피온의굴 8층,2,27,0,99
0,블루오피온의굴 8층,0,27,블루오피온의굴 7층,1,50,0,99

0,블루오피온의굴 8층,4,59,블루오피온의굴 9층,8,1,0,99
0,블루오피온의굴 8층,5,59,블루오피온의굴 9층,8,1,0,99
0,블루오피온의굴 8층,6,59,블루오피온의굴 9층,8,1,0,99
0,블루오피온의굴 9층,8,0,블루오피온의굴 8층,5,57,0,99

0,블루오피온의굴 9층,68,1,블루오피온의굴 10층,26,,0,99
0,블루오피온의굴 9층,68,1,블루오피온의굴 10층,26,,0,99
0,블루오피온의굴 10층,13,79,블루오피온의굴 9층,67,1,0,99
0,블루오피온의굴 10층,14,79,블루오피온의굴 9층,67,1,0,99
0,블루오피온의굴 10층,15,79,블루오피온의굴 9층,67,1,0,99
0,블루오피온의굴 10층,16,79,블루오피온의굴 9층,67,1,0,99

//0,블루오피온의굴 10층,26,0,블루오피온의굴 11층,18,98,0,99
0,블루오피온의굴 11층,18,99,블루오피온의굴 10층,26,1,0,99
	
0,블루오피온의굴 11층,46,0,블루오피온의굴 12층,70,2,0,99
0,블루오피온의굴 12층,70,0,블루오피온의굴 11층,46,1,0,99

0,블루오피온의굴 12층,4,79,블루오피온의굴 13층,1,95,0,99
0,블루오피온의굴 13층,0,95,블루오피온의굴 12층,4,77,0,99

0,블루오피온의굴 13층,0,30,블루오피온의굴 14층,1,27,0,99
0,블루오피온의굴 14층,0,27,블루오피온의굴 13층,1,30,0,99

0,블루오피온의굴 14층,29,79,블루오피온의굴 15층,23,1,0,99
0,블루오피온의굴 14층,30,79,블루오피온의굴 15층,23,1,0,99
0,블루오피온의굴 15층,23,0,블루오피온의굴 14층,29,77,0,99

0,블루오피온의굴 15층,55,69,블루오피온의굴 16층,1,31,0,99
0,블루오피온의굴 15층,56,69,블루오피온의굴 16층,1,31,0,99
0,블루오피온의굴 16층,0,31,블루오피온의굴 15층,55,67,0,99

0,블루오피온의굴 16층,31,49,블루오피온의굴 17층,32,1,0,99
0,블루오피온의굴 16층,30,49,블루오피온의굴 17층,32,1,0,99
0,블루오피온의굴 17층,32,0,블루오피온의굴 16층,30,48,0,99

0,블루오피온의굴 17층,56,79,블루오피온의굴 18층,28,66,0,99
0,블루오피온의굴 17층,57,79,블루오피온의굴 18층,28,66,0,99
0,블루오피온의굴 17층,58,79,블루오피온의굴 18층,28,66,0,99
0,블루오피온의굴 17층,59,79,블루오피온의굴 18층,28,66,0,99
0,블루오피온의굴 18층,26,69,블루오피온의굴 17층,57,76,0,99
0,블루오피온의굴 18층,27,69,블루오피온의굴 17층,57,76,0,99
0,블루오피온의굴 18층,28,69,블루오피온의굴 17층,57,76,0,99
0,블루오피온의굴 18층,29,69,블루오피온의굴 17층,57,76,0,99
0,블루오피온의굴 18층,30,69,블루오피온의굴 17층,57,76,0,99
0,블루오피온의굴 18층,31,69,블루오피온의굴 17층,57,76,0,99
0,블루오피온의굴 18층,32,69,블루오피온의굴 17층,57,76,0,99
0,블루오피온의굴 18층,33,69,블루오피온의굴 17층,57,76,0,99

0,블루오피온의굴 18층,34,8,블루오피온의굴 19층,4,39,0,99
0,블루오피온의굴 18층,34,7,블루오피온의굴 19층,4,40,0,99
0,블루오피온의굴 19층,3,40,블루오피온의굴 18층,35,7,0,99
0,블루오피온의굴 19층,3,39,블루오피온의굴 18층,35,7,0,99

0,블루오피온의굴 19층,28,4,블루오피온의굴 20층,5,47,0,99
0,블루오피온의굴 19층,29,4,블루오피온의굴 20층,5,47,0,99
0,블루오피온의굴 19층,30,4,블루오피온의굴 20층,5,47,0,99
0,블루오피온의굴 20층,4,49,블루오피온의굴 19층,29,6,0,99
0,블루오피온의굴 20층,5,49,블루오피온의굴 19층,29,6,0,99

0,블루오피온의굴 20층,49,23,블루오피온의굴 21층,1,66,0,99
0,블루오피온의굴 20층,49,24,블루오피온의굴 21층,1,65,0,99
0,블루오피온의굴 21층,0,69,블루오피온의굴 20층,47,24,0,99
0,블루오피온의굴 21층,0,68,블루오피온의굴 20층,47,24,0,99
0,블루오피온의굴 21층,0,67,블루오피온의굴 20층,47,24,0,99
0,블루오피온의굴 21층,0,66,블루오피온의굴 20층,47,24,0,99
0,블루오피온의굴 21층,0,65,블루오피온의굴 20층,47,24,0,99
0,블루오피온의굴 21층,0,64,블루오피온의굴 20층,47,24,0,99
0,블루오피온의굴 21층,0,63,블루오피온의굴 20층,47,24,0,99
0,블루오피온의굴 21층,0,62,블루오피온의굴 20층,47,24,0,99
0,블루오피온의굴 21층,0,61,블루오피온의굴 20층,47,24,0,99
0,블루오피온의굴 21층,0,60,블루오피온의굴 20층,47,24,0,99
0,블루오피온의굴 21층,0,59,블루오피온의굴 20층,47,24,0,99

0,블루오피온의굴 21층,30,0,블루오피온의굴 22층,29,2,99,99
0,블루오피온의굴 21층,31,0,블루오피온의굴 22층,28,1,99,99
0,블루오피온의굴 22층,24,0,블루오피온의굴 21층,30,1,99,99
0,블루오피온의굴 22층,25,0,블루오피온의굴 21층,30,1,99,99
0,블루오피온의굴 22층,26,0,블루오피온의굴 21층,30,1,99,99
0,블루오피온의굴 22층,27,0,블루오피온의굴 21층,30,1,99,99
0,블루오피온의굴 22층,28,0,블루오피온의굴 21층,30,1,99,99
0,블루오피온의굴 22층,29,0,블루오피온의굴 21층,30,1,99,99

0,신의영역,20,25,전직신전,5,5,99,99
0,전직신전,12,6,신의영역,22,25,99,99

0,신의영역,22,10,체마신전,5,5,99,99
0,체마신전,12,6,신의영역,24,10,99,99

0,신의영역,9,19,환생,5,5,99,99

0,신의영역,8,6,포인트신전,5,5,99,99
0,포인트신전,12,6,신의영역,10,6,99,99

0,2차초급연습장-1,0,17,2차초급연습장-2,10,9,99,99
0,2차초급연습장-2,0,9,2차초급연습장-3,18,17,99,99
0,2차초급연습장-3,0,17,2차초급연습장-4,18,17,99,99
0,2차초급연습장-4,0,17,2차초급연습장-1,6,17,99,99

0,홀리루딘성,99,54,타고르마을,2,35,0,99
0,홀리루딘성,99,53,타고르마을,2,35,0,99
0,홀리루딘성,99,52,타고르마을,2,35,0,99
0,홀리루딘성,99,51,타고르마을,2,35,0,99
0,홀리루딘성,99,50,타고르마을,2,35,0,99
0,홀리루딘성,99,49,타고르마을,2,35,0,99
0,홀리루딘성,99,48,타고르마을,2,35,0,99
0,홀리루딘성,99,47,타고르마을,2,35,0,99

0,타고르마을,0,35,홀리루딘성,97,50,0,99
0,타고르마을,0,34,홀리루딘성,97,50,0,99

0,타고르마을,29,77,타고르상점,9,16,0,99
0,타고르마을,28,77,타고르상점,9,16,0,99
0,타고르상점,8,19,타고르마을,28,78,0,99
0,타고르상점,9,19,타고르마을,28,78,0,99
0,타고르상점,10,19,타고르마을,28,78,0,99
0,타고르상점,11,19,타고르마을,28,78,0,99

0,시장,8,7,시장은행,17,10,0,99
0,시장,13,0,용자의공원,48,98,0,99
0,시장,14,0,용자의공원,49,98,0,99
0,시장,15,0,용자의공원,50,98,0,99
0,시장,16,0,용자의공원,51,98,0,99
0,시장은행,19,8,시장,11,7,0,99
0,시장은행,19,9,시장,11,7,0,99
0,시장은행,19,10,시장,11,7,0,99
0,시장은행,19,11,시장,11,7,0,99

0,뮤레칸의역습::아벨,69,25,시장,1,16,0,99
0,뮤레칸의역습::아벨,69,24,시장,1,15,0,99
0,뮤레칸의역습::아벨,69,23,시장,1,14,0,99
0,뮤레칸의역습::아벨,69,22,시장,1,13,0,99

0,아벨마을,44,66,아벨해안대기실,9,29,0,99
0,아벨마을,45,66,아벨해안대기실,9,29,0,99
0,아벨해안대기실,7,29,아벨마을,45,64,0,99

0,결계보스1,1,9,결계보스2,5,5,99,99
0,결계보스2,1,8,결계보스방,5,5,99,99

0,레드오피온의굴 1층,1,14,적룡굴대기실,25,13,99,99         
0,적룡굴대기실,28,13,레드오피온의굴 1층,3,14,99,99

0,블루오피온의굴 1층,1,14,적룡굴대기실,26,16,99,99
0,적룡굴대기실,28,16,블루오피온의굴 1층,3,14,99,99

0,브론즈오피온의굴 1층,1,14,적룡굴대기실,26,22,99,99
0,적룡굴대기실,28,22,브론즈오피온의굴 1층,3,14,99,99



0,죽음의마을던전대기실,5,7,죽음의마을던전1,39,1,99,99

0,죽음의마을던전1,7,39,죽음의마을던전2,40,1,99,99

0,죽음의마을던전8,77,8,죽음의마을던전9,23,6,99,99

0,죽음의마을던전29,46,40,죽음의마을던전30,18,45,99,99

0,죽음의마을던전30,18,48,죽음의마을던전29,46,41,99,99

0,죽음의마을던전30,48,39,적룡굴대기실,3,14,99,99

0,적룡굴대기실,1,14,죽음의마을던전30,46,39,99,99