//리치의신전 빽길
3,리치의신전1,-1,-1,로열함정,0,0,1,99
3,리치의신전1,9,26,로열함정,0,0,1,99
3,리치의신전1,3,21,로열함정,0,0,1,99
3,리치의신전1,8,16,로열함정,0,0,1,99
3,리치의신전1,3,13,로열함정,0,0,1,99
3,리치의신전1,8,11,로열함정,0,0,1,99
3,리치의신전2,-1,-1,로열함정,0,0,1,99
3,리치의신전2,9,25,로열함정,0,0,1,99
3,리치의신전2,2,27,로열함정,0,0,1,99
3,리치의신전2,3,20,로열함정,0,0,1,99
3,리치의신전2,8,19,로열함정,0,0,1,99
3,리치의신전2,8,13,로열함정,0,0,1,99
3,리치의신전2,4,12,로열함정,0,0,1,99
3,리치의신전4,-1,-1,로열함정,0,0,1,99
3,리치의신전4,9,26,로열함정,0,0,1,99
3,리치의신전4,3,21,로열함정,0,0,1,99
3,리치의신전4,8,16,로열함정,0,0,1,99
3,리치의신전4,3,13,로열함정,0,0,1,99
3,리치의신전4,8,11,로열함정,0,0,1,99
3,리치의신전5,-1,-1,로열함정,0,0,1,99
3,리치의신전5,9,25,로열함정,0,0,1,99
3,리치의신전5,2,27,로열함정,0,0,1,99
3,리치의신전5,3,20,로열함정,0,0,1,99
3,리치의신전5,8,19,로열함정,0,0,1,99
3,리치의신전5,8,13,로열함정,0,0,1,99
3,리치의신전5,4,12,로열함정,0,0,1,99
3,리치의신전6,-1,-1,로열함정,0,0,1,99
3,리치의신전6,9,26,로열함정,0,0,1,99
3,리치의신전6,3,21,로열함정,0,0,1,99
3,리치의신전6,8,16,로열함정,0,0,1,99
3,리치의신전6,3,13,로열함정,0,0,1,99
3,리치의신전6,8,11,로열함정,0,0,1,99
//용자의공원 박물관가는길
3,용자의공원,49,48,못지나가,0,0,1,99
3,용자의공원,48,48,못지나가,0,0,1,99
3,용자의공원,47,48,못지나가,0,0,1,99
//용자의공원 월드맵
3,용자의공원,46,99,월드맵가자,0,0,1,99
3,용자의공원,47,99,월드맵가자,0,0,1,99
3,용자의공원,48,99,월드맵가자,0,0,1,99
3,용자의공원,49,99,월드맵가자,0,0,1,99
3,용자의공원,50,99,월드맵가자,0,0,1,99
3,용자의공원,51,99,월드맵가자,0,0,1,99
//노비스마을 설명1
3,노비스마을,47,30,노비스설명,0,0,1,99
3,노비스마을,47,29,노비스설명,0,0,1,99
3,노비스마을,47,28,노비스설명,0,0,1,99
3,노비스마을,47,27,노비스설명,0,0,1,99
3,노비스마을,47,32,노비스설명,0,0,1,99
3,노비스마을,47,33,노비스설명,0,0,1,99
3,노비스마을,47,34,노비스설명,0,0,1,99
3,노비스마을,47,35,노비스설명,0,0,1,99
3,노비스마을,32,9,노비스설명2,0,0,1,99
3,노비스마을,31,10,노비스설명2,0,0,1,99
3,노비스마을,31,8,노비스설명2,0,0,1,99
3,노비스마을,30,10,노비스설명2,0,0,1,99
3,노비스마을,30,8,노비스설명2,0,0,1,99
3,노비스마을,29,9,노비스설명2,0,0,1,99
//혼돈의탑
3,혼돈의탑대기실,12,0,혼돈의탑입장,0,0,99,99
3,혼돈의탑대기실,13,0,혼돈의탑입장,0,0,99,99
3,혼돈의탑대기실,14,0,혼돈의탑입장,0,0,99,99
3,혼돈의탑대기실,15,0,혼돈의탑입장,0,0,99,99
3,혼돈의탑대기실,16,0,혼돈의탑입장,0,0,99,99
3,혼돈의탑대기실,17,0,혼돈의탑입장,0,0,99,99
3,혼돈의탑대기실,18,0,혼돈의탑입장,0,0,99,99
//1층
3,혼돈의탑1층1,12,0,혼돈의탑2층가기,0,0,99,99
3,혼돈의탑1층2,12,0,혼돈의탑2층가기,0,0,99,99
3,혼돈의탑1층3,12,0,혼돈의탑2층가기,0,0,99,99
3,혼돈의탑1층4,12,0,혼돈의탑2층가기,0,0,99,99
3,혼돈의탑1층5,12,0,혼돈의탑2층가기,0,0,99,99
3,혼돈의탑1층1,13,0,혼돈의탑2층가기,0,0,99,99
3,혼돈의탑1층2,13,0,혼돈의탑2층가기,0,0,99,99
3,혼돈의탑1층3,13,0,혼돈의탑2층가기,0,0,99,99
3,혼돈의탑1층4,13,0,혼돈의탑2층가기,0,0,99,99
3,혼돈의탑1층5,13,0,혼돈의탑2층가기,0,0,99,99
3,혼돈의탑1층1,14,0,혼돈의탑2층가기,0,0,99,99
3,혼돈의탑1층2,14,0,혼돈의탑2층가기,0,0,99,99
3,혼돈의탑1층3,14,0,혼돈의탑2층가기,0,0,99,99
3,혼돈의탑1층4,14,0,혼돈의탑2층가기,0,0,99,99
3,혼돈의탑1층5,14,0,혼돈의탑2층가기,0,0,99,99
3,혼돈의탑1층1,15,0,혼돈의탑2층가기,0,0,99,99
3,혼돈의탑1층2,15,0,혼돈의탑2층가기,0,0,99,99
3,혼돈의탑1층3,15,0,혼돈의탑2층가기,0,0,99,99
3,혼돈의탑1층4,15,0,혼돈의탑2층가기,0,0,99,99
3,혼돈의탑1층5,15,0,혼돈의탑2층가기,0,0,99,99
3,혼돈의탑1층1,16,0,혼돈의탑2층가기,0,0,99,99
3,혼돈의탑1층2,16,0,혼돈의탑2층가기,0,0,99,99
3,혼돈의탑1층3,16,0,혼돈의탑2층가기,0,0,99,99
3,혼돈의탑1층4,16,0,혼돈의탑2층가기,0,0,99,99
3,혼돈의탑1층5,16,0,혼돈의탑2층가기,0,0,99,99
3,혼돈의탑1층1,17,0,혼돈의탑2층가기,0,0,99,99
3,혼돈의탑1층2,17,0,혼돈의탑2층가기,0,0,99,99
3,혼돈의탑1층3,17,0,혼돈의탑2층가기,0,0,99,99
3,혼돈의탑1층4,17,0,혼돈의탑2층가기,0,0,99,99
3,혼돈의탑1층5,17,0,혼돈의탑2층가기,0,0,99,99
3,혼돈의탑1층1,18,0,혼돈의탑2층가기,0,0,99,99
3,혼돈의탑1층2,18,0,혼돈의탑2층가기,0,0,99,99
3,혼돈의탑1층3,18,0,혼돈의탑2층가기,0,0,99,99
3,혼돈의탑1층4,18,0,혼돈의탑2층가기,0,0,99,99
3,혼돈의탑1층5,18,0,혼돈의탑2층가기,0,0,99,99
//2층
3,혼돈의탑2층1,12,0,혼돈의탑3층가기,0,0,99,99
3,혼돈의탑2층2,12,0,혼돈의탑3층가기,0,0,99,99
3,혼돈의탑2층3,12,0,혼돈의탑3층가기,0,0,99,99
3,혼돈의탑2층4,12,0,혼돈의탑3층가기,0,0,99,99
3,혼돈의탑2층5,12,0,혼돈의탑3층가기,0,0,99,99
3,혼돈의탑2층1,13,0,혼돈의탑3층가기,0,0,99,99
3,혼돈의탑2층2,13,0,혼돈의탑3층가기,0,0,99,99
3,혼돈의탑2층3,13,0,혼돈의탑3층가기,0,0,99,99
3,혼돈의탑2층4,13,0,혼돈의탑3층가기,0,0,99,99
3,혼돈의탑2층5,13,0,혼돈의탑3층가기,0,0,99,99
3,혼돈의탑2층1,14,0,혼돈의탑3층가기,0,0,99,99
3,혼돈의탑2층2,14,0,혼돈의탑3층가기,0,0,99,99
3,혼돈의탑2층3,14,0,혼돈의탑3층가기,0,0,99,99
3,혼돈의탑2층4,14,0,혼돈의탑3층가기,0,0,99,99
3,혼돈의탑2층5,14,0,혼돈의탑3층가기,0,0,99,99
3,혼돈의탑2층1,15,0,혼돈의탑3층가기,0,0,99,99
3,혼돈의탑2층2,15,0,혼돈의탑3층가기,0,0,99,99
3,혼돈의탑2층3,15,0,혼돈의탑3층가기,0,0,99,99
3,혼돈의탑2층4,15,0,혼돈의탑3층가기,0,0,99,99
3,혼돈의탑2층5,15,0,혼돈의탑3층가기,0,0,99,99
3,혼돈의탑2층1,16,0,혼돈의탑3층가기,0,0,99,99
3,혼돈의탑2층2,16,0,혼돈의탑3층가기,0,0,99,99
3,혼돈의탑2층3,16,0,혼돈의탑3층가기,0,0,99,99
3,혼돈의탑2층4,16,0,혼돈의탑3층가기,0,0,99,99
3,혼돈의탑2층5,16,0,혼돈의탑3층가기,0,0,99,99
3,혼돈의탑2층1,17,0,혼돈의탑3층가기,0,0,99,99
3,혼돈의탑2층2,17,0,혼돈의탑3층가기,0,0,99,99
3,혼돈의탑2층3,17,0,혼돈의탑3층가기,0,0,99,99
3,혼돈의탑2층4,17,0,혼돈의탑3층가기,0,0,99,99
3,혼돈의탑2층5,17,0,혼돈의탑3층가기,0,0,99,99
3,혼돈의탑2층1,18,0,혼돈의탑3층가기,0,0,99,99
3,혼돈의탑2층2,18,0,혼돈의탑3층가기,0,0,99,99
3,혼돈의탑2층3,18,0,혼돈의탑3층가기,0,0,99,99
3,혼돈의탑2층4,18,0,혼돈의탑3층가기,0,0,99,99
3,혼돈의탑2층5,18,0,혼돈의탑3층가기,0,0,99,99
//3층
3,혼돈의탑3층1,12,0,혼돈의탑4층가기,0,0,99,99
3,혼돈의탑3층2,12,0,혼돈의탑4층가기,0,0,99,99
3,혼돈의탑3층3,12,0,혼돈의탑4층가기,0,0,99,99
3,혼돈의탑3층4,12,0,혼돈의탑4층가기,0,0,99,99
3,혼돈의탑3층5,12,0,혼돈의탑4층가기,0,0,99,99
3,혼돈의탑3층1,13,0,혼돈의탑4층가기,0,0,99,99
3,혼돈의탑3층2,13,0,혼돈의탑4층가기,0,0,99,99
3,혼돈의탑3층3,13,0,혼돈의탑4층가기,0,0,99,99
3,혼돈의탑3층4,13,0,혼돈의탑4층가기,0,0,99,99
3,혼돈의탑3층5,13,0,혼돈의탑4층가기,0,0,99,99
3,혼돈의탑3층1,14,0,혼돈의탑4층가기,0,0,99,99
3,혼돈의탑3층2,14,0,혼돈의탑4층가기,0,0,99,99
3,혼돈의탑3층3,14,0,혼돈의탑4층가기,0,0,99,99
3,혼돈의탑3층4,14,0,혼돈의탑4층가기,0,0,99,99
3,혼돈의탑3층5,14,0,혼돈의탑4층가기,0,0,99,99
3,혼돈의탑3층1,15,0,혼돈의탑4층가기,0,0,99,99
3,혼돈의탑3층2,15,0,혼돈의탑4층가기,0,0,99,99
3,혼돈의탑3층3,15,0,혼돈의탑4층가기,0,0,99,99
3,혼돈의탑3층4,15,0,혼돈의탑4층가기,0,0,99,99
3,혼돈의탑3층5,15,0,혼돈의탑4층가기,0,0,99,99
3,혼돈의탑3층1,16,0,혼돈의탑4층가기,0,0,99,99
3,혼돈의탑3층2,16,0,혼돈의탑4층가기,0,0,99,99
3,혼돈의탑3층3,16,0,혼돈의탑4층가기,0,0,99,99
3,혼돈의탑3층4,16,0,혼돈의탑4층가기,0,0,99,99
3,혼돈의탑3층5,16,0,혼돈의탑4층가기,0,0,99,99
3,혼돈의탑3층1,17,0,혼돈의탑4층가기,0,0,99,99
3,혼돈의탑3층2,17,0,혼돈의탑4층가기,0,0,99,99
3,혼돈의탑3층3,17,0,혼돈의탑4층가기,0,0,99,99
3,혼돈의탑3층4,17,0,혼돈의탑4층가기,0,0,99,99
3,혼돈의탑3층5,17,0,혼돈의탑4층가기,0,0,99,99
3,혼돈의탑3층1,18,0,혼돈의탑4층가기,0,0,99,99
3,혼돈의탑3층2,18,0,혼돈의탑4층가기,0,0,99,99
3,혼돈의탑3층3,18,0,혼돈의탑4층가기,0,0,99,99
3,혼돈의탑3층4,18,0,혼돈의탑4층가기,0,0,99,99
3,혼돈의탑3층5,18,0,혼돈의탑4층가기,0,0,99,99
//4층
3,혼돈의탑4층1,12,0,혼돈의탑5층가기,0,0,99,99
3,혼돈의탑4층2,12,0,혼돈의탑5층가기,0,0,99,99
3,혼돈의탑4층3,12,0,혼돈의탑5층가기,0,0,99,99
3,혼돈의탑4층4,12,0,혼돈의탑5층가기,0,0,99,99
3,혼돈의탑4층5,12,0,혼돈의탑5층가기,0,0,99,99
3,혼돈의탑4층1,13,0,혼돈의탑5층가기,0,0,99,99
3,혼돈의탑4층2,13,0,혼돈의탑5층가기,0,0,99,99
3,혼돈의탑4층3,13,0,혼돈의탑5층가기,0,0,99,99
3,혼돈의탑4층4,13,0,혼돈의탑5층가기,0,0,99,99
3,혼돈의탑4층5,13,0,혼돈의탑5층가기,0,0,99,99
3,혼돈의탑4층1,14,0,혼돈의탑5층가기,0,0,99,99
3,혼돈의탑4층2,14,0,혼돈의탑5층가기,0,0,99,99
3,혼돈의탑4층3,14,0,혼돈의탑5층가기,0,0,99,99
3,혼돈의탑4층4,14,0,혼돈의탑5층가기,0,0,99,99
3,혼돈의탑4층5,14,0,혼돈의탑5층가기,0,0,99,99
3,혼돈의탑4층1,15,0,혼돈의탑5층가기,0,0,99,99
3,혼돈의탑4층2,15,0,혼돈의탑5층가기,0,0,99,99
3,혼돈의탑4층3,15,0,혼돈의탑5층가기,0,0,99,99
3,혼돈의탑4층4,15,0,혼돈의탑5층가기,0,0,99,99
3,혼돈의탑4층5,15,0,혼돈의탑5층가기,0,0,99,99
3,혼돈의탑4층1,16,0,혼돈의탑5층가기,0,0,99,99
3,혼돈의탑4층2,16,0,혼돈의탑5층가기,0,0,99,99
3,혼돈의탑4층3,16,0,혼돈의탑5층가기,0,0,99,99
3,혼돈의탑4층4,16,0,혼돈의탑5층가기,0,0,99,99
3,혼돈의탑4층5,16,0,혼돈의탑5층가기,0,0,99,99
3,혼돈의탑4층1,17,0,혼돈의탑5층가기,0,0,99,99
3,혼돈의탑4층2,17,0,혼돈의탑5층가기,0,0,99,99
3,혼돈의탑4층3,17,0,혼돈의탑5층가기,0,0,99,99
3,혼돈의탑4층4,17,0,혼돈의탑5층가기,0,0,99,99
3,혼돈의탑4층5,17,0,혼돈의탑5층가기,0,0,99,99
3,혼돈의탑4층1,18,0,혼돈의탑5층가기,0,0,99,99
3,혼돈의탑4층2,18,0,혼돈의탑5층가기,0,0,99,99
3,혼돈의탑4층3,18,0,혼돈의탑5층가기,0,0,99,99
3,혼돈의탑4층4,18,0,혼돈의탑5층가기,0,0,99,99
3,혼돈의탑4층5,18,0,혼돈의탑5층가기,0,0,99,99
//5층
3,혼돈의탑5층1,12,0,혼돈의탑6층가기,0,0,99,99
3,혼돈의탑5층2,12,0,혼돈의탑6층가기,0,0,99,99
3,혼돈의탑5층3,12,0,혼돈의탑6층가기,0,0,99,99
3,혼돈의탑5층4,12,0,혼돈의탑6층가기,0,0,99,99
3,혼돈의탑5층5,12,0,혼돈의탑6층가기,0,0,99,99
3,혼돈의탑5층1,13,0,혼돈의탑6층가기,0,0,99,99
3,혼돈의탑5층2,13,0,혼돈의탑6층가기,0,0,99,99
3,혼돈의탑5층3,13,0,혼돈의탑6층가기,0,0,99,99
3,혼돈의탑5층4,13,0,혼돈의탑6층가기,0,0,99,99
3,혼돈의탑5층5,13,0,혼돈의탑6층가기,0,0,99,99
3,혼돈의탑5층1,14,0,혼돈의탑6층가기,0,0,99,99
3,혼돈의탑5층2,14,0,혼돈의탑6층가기,0,0,99,99
3,혼돈의탑5층3,14,0,혼돈의탑6층가기,0,0,99,99
3,혼돈의탑5층4,14,0,혼돈의탑6층가기,0,0,99,99
3,혼돈의탑5층5,14,0,혼돈의탑6층가기,0,0,99,99
3,혼돈의탑5층1,15,0,혼돈의탑6층가기,0,0,99,99
3,혼돈의탑5층2,15,0,혼돈의탑6층가기,0,0,99,99
3,혼돈의탑5층3,15,0,혼돈의탑6층가기,0,0,99,99
3,혼돈의탑5층4,15,0,혼돈의탑6층가기,0,0,99,99
3,혼돈의탑5층5,15,0,혼돈의탑6층가기,0,0,99,99
3,혼돈의탑5층1,16,0,혼돈의탑6층가기,0,0,99,99
3,혼돈의탑5층2,16,0,혼돈의탑6층가기,0,0,99,99
3,혼돈의탑5층3,16,0,혼돈의탑6층가기,0,0,99,99
3,혼돈의탑5층4,16,0,혼돈의탑6층가기,0,0,99,99
3,혼돈의탑5층5,16,0,혼돈의탑6층가기,0,0,99,99
3,혼돈의탑5층1,17,0,혼돈의탑6층가기,0,0,99,99
3,혼돈의탑5층2,17,0,혼돈의탑6층가기,0,0,99,99
3,혼돈의탑5층3,17,0,혼돈의탑6층가기,0,0,99,99
3,혼돈의탑5층4,17,0,혼돈의탑6층가기,0,0,99,99
3,혼돈의탑5층5,17,0,혼돈의탑6층가기,0,0,99,99
3,혼돈의탑5층1,18,0,혼돈의탑6층가기,0,0,99,99
3,혼돈의탑5층2,18,0,혼돈의탑6층가기,0,0,99,99
3,혼돈의탑5층3,18,0,혼돈의탑6층가기,0,0,99,99
3,혼돈의탑5층4,18,0,혼돈의탑6층가기,0,0,99,99
3,혼돈의탑5층5,18,0,혼돈의탑6층가기,0,0,99,99
//6층
3,혼돈의탑6층1,12,0,혼돈의탑7층가기,0,0,99,99
3,혼돈의탑6층2,12,0,혼돈의탑7층가기,0,0,99,99
3,혼돈의탑6층3,12,0,혼돈의탑7층가기,0,0,99,99
3,혼돈의탑6층4,12,0,혼돈의탑7층가기,0,0,99,99
3,혼돈의탑6층5,12,0,혼돈의탑7층가기,0,0,99,99
3,혼돈의탑6층1,13,0,혼돈의탑7층가기,0,0,99,99
3,혼돈의탑6층2,13,0,혼돈의탑7층가기,0,0,99,99
3,혼돈의탑6층3,13,0,혼돈의탑7층가기,0,0,99,99
3,혼돈의탑6층4,13,0,혼돈의탑7층가기,0,0,99,99
3,혼돈의탑6층5,13,0,혼돈의탑7층가기,0,0,99,99
3,혼돈의탑6층1,14,0,혼돈의탑7층가기,0,0,99,99
3,혼돈의탑6층2,14,0,혼돈의탑7층가기,0,0,99,99
3,혼돈의탑6층3,14,0,혼돈의탑7층가기,0,0,99,99
3,혼돈의탑6층4,14,0,혼돈의탑7층가기,0,0,99,99
3,혼돈의탑6층5,14,0,혼돈의탑7층가기,0,0,99,99
3,혼돈의탑6층1,15,0,혼돈의탑7층가기,0,0,99,99
3,혼돈의탑6층2,15,0,혼돈의탑7층가기,0,0,99,99
3,혼돈의탑6층3,15,0,혼돈의탑7층가기,0,0,99,99
3,혼돈의탑6층4,15,0,혼돈의탑7층가기,0,0,99,99
3,혼돈의탑6층5,15,0,혼돈의탑7층가기,0,0,99,99
3,혼돈의탑6층1,16,0,혼돈의탑7층가기,0,0,99,99
3,혼돈의탑6층2,16,0,혼돈의탑7층가기,0,0,99,99
3,혼돈의탑6층3,16,0,혼돈의탑7층가기,0,0,99,99
3,혼돈의탑6층4,16,0,혼돈의탑7층가기,0,0,99,99
3,혼돈의탑6층5,16,0,혼돈의탑7층가기,0,0,99,99
3,혼돈의탑6층1,17,0,혼돈의탑7층가기,0,0,99,99
3,혼돈의탑6층2,17,0,혼돈의탑7층가기,0,0,99,99
3,혼돈의탑6층3,17,0,혼돈의탑7층가기,0,0,99,99
3,혼돈의탑6층4,17,0,혼돈의탑7층가기,0,0,99,99
3,혼돈의탑6층5,17,0,혼돈의탑7층가기,0,0,99,99
3,혼돈의탑6층1,18,0,혼돈의탑7층가기,0,0,99,99
3,혼돈의탑6층2,18,0,혼돈의탑7층가기,0,0,99,99
3,혼돈의탑6층3,18,0,혼돈의탑7층가기,0,0,99,99
3,혼돈의탑6층4,18,0,혼돈의탑7층가기,0,0,99,99
3,혼돈의탑6층5,18,0,혼돈의탑7층가기,0,0,99,99
//7층
3,혼돈의탑7층1,12,0,혼돈의탑8층가기,0,0,99,99
3,혼돈의탑7층2,12,0,혼돈의탑8층가기,0,0,99,99
3,혼돈의탑7층3,12,0,혼돈의탑8층가기,0,0,99,99
3,혼돈의탑7층4,12,0,혼돈의탑8층가기,0,0,99,99
3,혼돈의탑7층5,12,0,혼돈의탑8층가기,0,0,99,99
3,혼돈의탑7층1,13,0,혼돈의탑8층가기,0,0,99,99
3,혼돈의탑7층2,13,0,혼돈의탑8층가기,0,0,99,99
3,혼돈의탑7층3,13,0,혼돈의탑8층가기,0,0,99,99
3,혼돈의탑7층4,13,0,혼돈의탑8층가기,0,0,99,99
3,혼돈의탑7층5,13,0,혼돈의탑8층가기,0,0,99,99
3,혼돈의탑7층1,14,0,혼돈의탑8층가기,0,0,99,99
3,혼돈의탑7층2,14,0,혼돈의탑8층가기,0,0,99,99
3,혼돈의탑7층3,14,0,혼돈의탑8층가기,0,0,99,99
3,혼돈의탑7층4,14,0,혼돈의탑8층가기,0,0,99,99
3,혼돈의탑7층5,14,0,혼돈의탑8층가기,0,0,99,99
3,혼돈의탑7층1,15,0,혼돈의탑8층가기,0,0,99,99
3,혼돈의탑7층2,15,0,혼돈의탑8층가기,0,0,99,99
3,혼돈의탑7층3,15,0,혼돈의탑8층가기,0,0,99,99
3,혼돈의탑7층4,15,0,혼돈의탑8층가기,0,0,99,99
3,혼돈의탑7층5,15,0,혼돈의탑8층가기,0,0,99,99
3,혼돈의탑7층1,16,0,혼돈의탑8층가기,0,0,99,99
3,혼돈의탑7층2,16,0,혼돈의탑8층가기,0,0,99,99
3,혼돈의탑7층3,16,0,혼돈의탑8층가기,0,0,99,99
3,혼돈의탑7층4,16,0,혼돈의탑8층가기,0,0,99,99
3,혼돈의탑7층5,16,0,혼돈의탑8층가기,0,0,99,99
3,혼돈의탑7층1,17,0,혼돈의탑8층가기,0,0,99,99
3,혼돈의탑7층2,17,0,혼돈의탑8층가기,0,0,99,99
3,혼돈의탑7층3,17,0,혼돈의탑8층가기,0,0,99,99
3,혼돈의탑7층4,17,0,혼돈의탑8층가기,0,0,99,99
3,혼돈의탑7층5,17,0,혼돈의탑8층가기,0,0,99,99
3,혼돈의탑7층1,18,0,혼돈의탑8층가기,0,0,99,99
3,혼돈의탑7층2,18,0,혼돈의탑8층가기,0,0,99,99
3,혼돈의탑7층3,18,0,혼돈의탑8층가기,0,0,99,99
3,혼돈의탑7층4,18,0,혼돈의탑8층가기,0,0,99,99
3,혼돈의탑7층5,18,0,혼돈의탑8층가기,0,0,99,99
//8층
3,혼돈의탑8층1,12,0,혼돈의탑9층가기,0,0,99,99
3,혼돈의탑8층2,12,0,혼돈의탑9층가기,0,0,99,99
3,혼돈의탑8층3,12,0,혼돈의탑9층가기,0,0,99,99
3,혼돈의탑8층4,12,0,혼돈의탑9층가기,0,0,99,99
3,혼돈의탑8층5,12,0,혼돈의탑9층가기,0,0,99,99
3,혼돈의탑8층1,13,0,혼돈의탑9층가기,0,0,99,99
3,혼돈의탑8층2,13,0,혼돈의탑9층가기,0,0,99,99
3,혼돈의탑8층3,13,0,혼돈의탑9층가기,0,0,99,99
3,혼돈의탑8층4,13,0,혼돈의탑9층가기,0,0,99,99
3,혼돈의탑8층5,13,0,혼돈의탑9층가기,0,0,99,99
3,혼돈의탑8층1,14,0,혼돈의탑9층가기,0,0,99,99
3,혼돈의탑8층2,14,0,혼돈의탑9층가기,0,0,99,99
3,혼돈의탑8층3,14,0,혼돈의탑9층가기,0,0,99,99
3,혼돈의탑8층4,14,0,혼돈의탑9층가기,0,0,99,99
3,혼돈의탑8층5,14,0,혼돈의탑9층가기,0,0,99,99
3,혼돈의탑8층1,15,0,혼돈의탑9층가기,0,0,99,99
3,혼돈의탑8층2,15,0,혼돈의탑9층가기,0,0,99,99
3,혼돈의탑8층3,15,0,혼돈의탑9층가기,0,0,99,99
3,혼돈의탑8층4,15,0,혼돈의탑9층가기,0,0,99,99
3,혼돈의탑8층5,15,0,혼돈의탑9층가기,0,0,99,99
3,혼돈의탑8층1,16,0,혼돈의탑9층가기,0,0,99,99
3,혼돈의탑8층2,16,0,혼돈의탑9층가기,0,0,99,99
3,혼돈의탑8층3,16,0,혼돈의탑9층가기,0,0,99,99
3,혼돈의탑8층4,16,0,혼돈의탑9층가기,0,0,99,99
3,혼돈의탑8층5,16,0,혼돈의탑9층가기,0,0,99,99
3,혼돈의탑8층1,17,0,혼돈의탑9층가기,0,0,99,99
3,혼돈의탑8층2,17,0,혼돈의탑9층가기,0,0,99,99
3,혼돈의탑8층3,17,0,혼돈의탑9층가기,0,0,99,99
3,혼돈의탑8층4,17,0,혼돈의탑9층가기,0,0,99,99
3,혼돈의탑8층5,17,0,혼돈의탑9층가기,0,0,99,99
3,혼돈의탑8층1,18,0,혼돈의탑9층가기,0,0,99,99
3,혼돈의탑8층2,18,0,혼돈의탑9층가기,0,0,99,99
3,혼돈의탑8층3,18,0,혼돈의탑9층가기,0,0,99,99
3,혼돈의탑8층4,18,0,혼돈의탑9층가기,0,0,99,99
3,혼돈의탑8층5,18,0,혼돈의탑9층가기,0,0,99,99
//9층
3,혼돈의탑9층1,12,0,혼돈의탑10층가기,0,0,99,99
3,혼돈의탑9층2,12,0,혼돈의탑10층가기,0,0,99,99
3,혼돈의탑9층3,12,0,혼돈의탑10층가기,0,0,99,99
3,혼돈의탑9층4,12,0,혼돈의탑10층가기,0,0,99,99
3,혼돈의탑9층5,12,0,혼돈의탑10층가기,0,0,99,99
3,혼돈의탑9층1,13,0,혼돈의탑10층가기,0,0,99,99
3,혼돈의탑9층2,13,0,혼돈의탑10층가기,0,0,99,99
3,혼돈의탑9층3,13,0,혼돈의탑10층가기,0,0,99,99
3,혼돈의탑9층4,13,0,혼돈의탑10층가기,0,0,99,99
3,혼돈의탑9층5,13,0,혼돈의탑10층가기,0,0,99,99
3,혼돈의탑9층1,14,0,혼돈의탑10층가기,0,0,99,99
3,혼돈의탑9층2,14,0,혼돈의탑10층가기,0,0,99,99
3,혼돈의탑9층3,14,0,혼돈의탑10층가기,0,0,99,99
3,혼돈의탑9층4,14,0,혼돈의탑10층가기,0,0,99,99
3,혼돈의탑9층5,14,0,혼돈의탑10층가기,0,0,99,99
3,혼돈의탑9층1,15,0,혼돈의탑10층가기,0,0,99,99
3,혼돈의탑9층2,15,0,혼돈의탑10층가기,0,0,99,99
3,혼돈의탑9층3,15,0,혼돈의탑10층가기,0,0,99,99
3,혼돈의탑9층4,15,0,혼돈의탑10층가기,0,0,99,99
3,혼돈의탑9층5,15,0,혼돈의탑10층가기,0,0,99,99
3,혼돈의탑9층1,16,0,혼돈의탑10층가기,0,0,99,99
3,혼돈의탑9층2,16,0,혼돈의탑10층가기,0,0,99,99
3,혼돈의탑9층3,16,0,혼돈의탑10층가기,0,0,99,99
3,혼돈의탑9층4,16,0,혼돈의탑10층가기,0,0,99,99
3,혼돈의탑9층5,16,0,혼돈의탑10층가기,0,0,99,99
3,혼돈의탑9층1,17,0,혼돈의탑10층가기,0,0,99,99
3,혼돈의탑9층2,17,0,혼돈의탑10층가기,0,0,99,99
3,혼돈의탑9층3,17,0,혼돈의탑10층가기,0,0,99,99
3,혼돈의탑9층4,17,0,혼돈의탑10층가기,0,0,99,99
3,혼돈의탑9층5,17,0,혼돈의탑10층가기,0,0,99,99
3,혼돈의탑9층1,18,0,혼돈의탑10층가기,0,0,99,99
3,혼돈의탑9층2,18,0,혼돈의탑10층가기,0,0,99,99
3,혼돈의탑9층3,18,0,혼돈의탑10층가기,0,0,99,99
3,혼돈의탑9층4,18,0,혼돈의탑10층가기,0,0,99,99
3,혼돈의탑9층5,18,0,혼돈의탑10층가기,0,0,99,99
//10층
3,혼돈의탑10층1,12,0,혼돈의탑11층가기,0,0,99,99
3,혼돈의탑10층2,12,0,혼돈의탑11층가기,0,0,99,99
3,혼돈의탑10층3,12,0,혼돈의탑11층가기,0,0,99,99
3,혼돈의탑10층4,12,0,혼돈의탑11층가기,0,0,99,99
3,혼돈의탑10층5,12,0,혼돈의탑11층가기,0,0,99,99
3,혼돈의탑10층1,13,0,혼돈의탑11층가기,0,0,99,99
3,혼돈의탑10층2,13,0,혼돈의탑11층가기,0,0,99,99
3,혼돈의탑10층3,13,0,혼돈의탑11층가기,0,0,99,99
3,혼돈의탑10층4,13,0,혼돈의탑11층가기,0,0,99,99
3,혼돈의탑10층5,13,0,혼돈의탑11층가기,0,0,99,99
3,혼돈의탑10층1,14,0,혼돈의탑11층가기,0,0,99,99
3,혼돈의탑10층2,14,0,혼돈의탑11층가기,0,0,99,99
3,혼돈의탑10층3,14,0,혼돈의탑11층가기,0,0,99,99
3,혼돈의탑10층4,14,0,혼돈의탑11층가기,0,0,99,99
3,혼돈의탑10층5,14,0,혼돈의탑11층가기,0,0,99,99
3,혼돈의탑10층1,15,0,혼돈의탑11층가기,0,0,99,99
3,혼돈의탑10층2,15,0,혼돈의탑11층가기,0,0,99,99
3,혼돈의탑10층3,15,0,혼돈의탑11층가기,0,0,99,99
3,혼돈의탑10층4,15,0,혼돈의탑11층가기,0,0,99,99
3,혼돈의탑10층5,15,0,혼돈의탑11층가기,0,0,99,99
3,혼돈의탑10층1,16,0,혼돈의탑11층가기,0,0,99,99
3,혼돈의탑10층2,16,0,혼돈의탑11층가기,0,0,99,99
3,혼돈의탑10층3,16,0,혼돈의탑11층가기,0,0,99,99
3,혼돈의탑10층4,16,0,혼돈의탑11층가기,0,0,99,99
3,혼돈의탑10층5,16,0,혼돈의탑11층가기,0,0,99,99
3,혼돈의탑10층1,17,0,혼돈의탑11층가기,0,0,99,99
3,혼돈의탑10층2,17,0,혼돈의탑11층가기,0,0,99,99
3,혼돈의탑10층3,17,0,혼돈의탑11층가기,0,0,99,99
3,혼돈의탑10층4,17,0,혼돈의탑11층가기,0,0,99,99
3,혼돈의탑10층5,17,0,혼돈의탑11층가기,0,0,99,99
3,혼돈의탑10층1,18,0,혼돈의탑11층가기,0,0,99,99
3,혼돈의탑10층2,18,0,혼돈의탑11층가기,0,0,99,99
3,혼돈의탑10층3,18,0,혼돈의탑11층가기,0,0,99,99
3,혼돈의탑10층4,18,0,혼돈의탑11층가기,0,0,99,99
3,혼돈의탑10층5,18,0,혼돈의탑11층가기,0,0,99,99
//11층
3,혼돈의탑11층1,12,0,혼돈의탑12층가기,0,0,99,99
3,혼돈의탑11층2,12,0,혼돈의탑12층가기,0,0,99,99
3,혼돈의탑11층3,12,0,혼돈의탑12층가기,0,0,99,99
3,혼돈의탑11층4,12,0,혼돈의탑12층가기,0,0,99,99
3,혼돈의탑11층5,12,0,혼돈의탑12층가기,0,0,99,99
3,혼돈의탑11층1,13,0,혼돈의탑12층가기,0,0,99,99
3,혼돈의탑11층2,13,0,혼돈의탑12층가기,0,0,99,99
3,혼돈의탑11층3,13,0,혼돈의탑12층가기,0,0,99,99
3,혼돈의탑11층4,13,0,혼돈의탑12층가기,0,0,99,99
3,혼돈의탑11층5,13,0,혼돈의탑12층가기,0,0,99,99
3,혼돈의탑11층1,14,0,혼돈의탑12층가기,0,0,99,99
3,혼돈의탑11층2,14,0,혼돈의탑12층가기,0,0,99,99
3,혼돈의탑11층3,14,0,혼돈의탑12층가기,0,0,99,99
3,혼돈의탑11층4,14,0,혼돈의탑12층가기,0,0,99,99
3,혼돈의탑11층5,14,0,혼돈의탑12층가기,0,0,99,99
3,혼돈의탑11층1,15,0,혼돈의탑12층가기,0,0,99,99
3,혼돈의탑11층2,15,0,혼돈의탑12층가기,0,0,99,99
3,혼돈의탑11층3,15,0,혼돈의탑12층가기,0,0,99,99
3,혼돈의탑11층4,15,0,혼돈의탑12층가기,0,0,99,99
3,혼돈의탑11층5,15,0,혼돈의탑12층가기,0,0,99,99
3,혼돈의탑11층1,16,0,혼돈의탑12층가기,0,0,99,99
3,혼돈의탑11층2,16,0,혼돈의탑12층가기,0,0,99,99
3,혼돈의탑11층3,16,0,혼돈의탑12층가기,0,0,99,99
3,혼돈의탑11층4,16,0,혼돈의탑12층가기,0,0,99,99
3,혼돈의탑11층5,16,0,혼돈의탑12층가기,0,0,99,99
3,혼돈의탑11층1,17,0,혼돈의탑12층가기,0,0,99,99
3,혼돈의탑11층2,17,0,혼돈의탑12층가기,0,0,99,99
3,혼돈의탑11층3,17,0,혼돈의탑12층가기,0,0,99,99
3,혼돈의탑11층4,17,0,혼돈의탑12층가기,0,0,99,99
3,혼돈의탑11층5,17,0,혼돈의탑12층가기,0,0,99,99
3,혼돈의탑11층1,18,0,혼돈의탑12층가기,0,0,99,99
3,혼돈의탑11층2,18,0,혼돈의탑12층가기,0,0,99,99
3,혼돈의탑11층3,18,0,혼돈의탑12층가기,0,0,99,99
3,혼돈의탑11층4,18,0,혼돈의탑12층가기,0,0,99,99
3,혼돈의탑11층5,18,0,혼돈의탑12층가기,0,0,99,99
//12층
3,혼돈의탑12층1,12,0,혼돈의탑13층가기,0,0,99,99
3,혼돈의탑12층2,12,0,혼돈의탑13층가기,0,0,99,99
3,혼돈의탑12층3,12,0,혼돈의탑13층가기,0,0,99,99
3,혼돈의탑12층4,12,0,혼돈의탑13층가기,0,0,99,99
3,혼돈의탑12층5,12,0,혼돈의탑13층가기,0,0,99,99
3,혼돈의탑12층1,13,0,혼돈의탑13층가기,0,0,99,99
3,혼돈의탑12층2,13,0,혼돈의탑13층가기,0,0,99,99
3,혼돈의탑12층3,13,0,혼돈의탑13층가기,0,0,99,99
3,혼돈의탑12층4,13,0,혼돈의탑13층가기,0,0,99,99
3,혼돈의탑12층5,13,0,혼돈의탑13층가기,0,0,99,99
3,혼돈의탑12층1,14,0,혼돈의탑13층가기,0,0,99,99
3,혼돈의탑12층2,14,0,혼돈의탑13층가기,0,0,99,99
3,혼돈의탑12층3,14,0,혼돈의탑13층가기,0,0,99,99
3,혼돈의탑12층4,14,0,혼돈의탑13층가기,0,0,99,99
3,혼돈의탑12층5,14,0,혼돈의탑13층가기,0,0,99,99
3,혼돈의탑12층1,15,0,혼돈의탑13층가기,0,0,99,99
3,혼돈의탑12층2,15,0,혼돈의탑13층가기,0,0,99,99
3,혼돈의탑12층3,15,0,혼돈의탑13층가기,0,0,99,99
3,혼돈의탑12층4,15,0,혼돈의탑13층가기,0,0,99,99
3,혼돈의탑12층5,15,0,혼돈의탑13층가기,0,0,99,99
3,혼돈의탑12층1,16,0,혼돈의탑13층가기,0,0,99,99
3,혼돈의탑12층2,16,0,혼돈의탑13층가기,0,0,99,99
3,혼돈의탑12층3,16,0,혼돈의탑13층가기,0,0,99,99
3,혼돈의탑12층4,16,0,혼돈의탑13층가기,0,0,99,99
3,혼돈의탑12층5,16,0,혼돈의탑13층가기,0,0,99,99
3,혼돈의탑12층1,17,0,혼돈의탑13층가기,0,0,99,99
3,혼돈의탑12층2,17,0,혼돈의탑13층가기,0,0,99,99
3,혼돈의탑12층3,17,0,혼돈의탑13층가기,0,0,99,99
3,혼돈의탑12층4,17,0,혼돈의탑13층가기,0,0,99,99
3,혼돈의탑12층5,17,0,혼돈의탑13층가기,0,0,99,99
3,혼돈의탑12층1,18,0,혼돈의탑13층가기,0,0,99,99
3,혼돈의탑12층2,18,0,혼돈의탑13층가기,0,0,99,99
3,혼돈의탑12층3,18,0,혼돈의탑13층가기,0,0,99,99
3,혼돈의탑12층4,18,0,혼돈의탑13층가기,0,0,99,99
3,혼돈의탑12층5,18,0,혼돈의탑13층가기,0,0,99,99
//13층
3,혼돈의탑13층1,12,0,혼돈의탑14층가기,0,0,99,99
3,혼돈의탑13층2,12,0,혼돈의탑14층가기,0,0,99,99
3,혼돈의탑13층3,12,0,혼돈의탑14층가기,0,0,99,99
3,혼돈의탑13층4,12,0,혼돈의탑14층가기,0,0,99,99
3,혼돈의탑13층5,12,0,혼돈의탑14층가기,0,0,99,99
3,혼돈의탑13층1,13,0,혼돈의탑14층가기,0,0,99,99
3,혼돈의탑13층2,13,0,혼돈의탑14층가기,0,0,99,99
3,혼돈의탑13층3,13,0,혼돈의탑14층가기,0,0,99,99
3,혼돈의탑13층4,13,0,혼돈의탑14층가기,0,0,99,99
3,혼돈의탑13층5,13,0,혼돈의탑14층가기,0,0,99,99
3,혼돈의탑13층1,14,0,혼돈의탑14층가기,0,0,99,99
3,혼돈의탑13층2,14,0,혼돈의탑14층가기,0,0,99,99
3,혼돈의탑13층3,14,0,혼돈의탑14층가기,0,0,99,99
3,혼돈의탑13층4,14,0,혼돈의탑14층가기,0,0,99,99
3,혼돈의탑13층5,14,0,혼돈의탑14층가기,0,0,99,99
3,혼돈의탑13층1,15,0,혼돈의탑14층가기,0,0,99,99
3,혼돈의탑13층2,15,0,혼돈의탑14층가기,0,0,99,99
3,혼돈의탑13층3,15,0,혼돈의탑14층가기,0,0,99,99
3,혼돈의탑13층4,15,0,혼돈의탑14층가기,0,0,99,99
3,혼돈의탑13층5,15,0,혼돈의탑14층가기,0,0,99,99
3,혼돈의탑13층1,16,0,혼돈의탑14층가기,0,0,99,99
3,혼돈의탑13층2,16,0,혼돈의탑14층가기,0,0,99,99
3,혼돈의탑13층3,16,0,혼돈의탑14층가기,0,0,99,99
3,혼돈의탑13층4,16,0,혼돈의탑14층가기,0,0,99,99
3,혼돈의탑13층5,16,0,혼돈의탑14층가기,0,0,99,99
3,혼돈의탑13층1,17,0,혼돈의탑14층가기,0,0,99,99
3,혼돈의탑13층2,17,0,혼돈의탑14층가기,0,0,99,99
3,혼돈의탑13층3,17,0,혼돈의탑14층가기,0,0,99,99
3,혼돈의탑13층4,17,0,혼돈의탑14층가기,0,0,99,99
3,혼돈의탑13층5,17,0,혼돈의탑14층가기,0,0,99,99
3,혼돈의탑13층1,18,0,혼돈의탑14층가기,0,0,99,99
3,혼돈의탑13층2,18,0,혼돈의탑14층가기,0,0,99,99
3,혼돈의탑13층3,18,0,혼돈의탑14층가기,0,0,99,99
3,혼돈의탑13층4,18,0,혼돈의탑14층가기,0,0,99,99
3,혼돈의탑13층5,18,0,혼돈의탑14층가기,0,0,99,99
//14층
3,혼돈의탑14층1,12,0,혼돈의탑보상층가기,0,0,99,99
3,혼돈의탑14층2,12,0,혼돈의탑보상층가기,0,0,99,99
3,혼돈의탑14층3,12,0,혼돈의탑보상층가기,0,0,99,99
3,혼돈의탑14층4,12,0,혼돈의탑보상층가기,0,0,99,99
3,혼돈의탑14층5,12,0,혼돈의탑보상층가기,0,0,99,99
3,혼돈의탑14층1,13,0,혼돈의탑보상층가기,0,0,99,99
3,혼돈의탑14층2,13,0,혼돈의탑보상층가기,0,0,99,99
3,혼돈의탑14층3,13,0,혼돈의탑보상층가기,0,0,99,99
3,혼돈의탑14층4,13,0,혼돈의탑보상층가기,0,0,99,99
3,혼돈의탑14층5,13,0,혼돈의탑보상층가기,0,0,99,99
3,혼돈의탑14층1,14,0,혼돈의탑보상층가기,0,0,99,99
3,혼돈의탑14층2,14,0,혼돈의탑보상층가기,0,0,99,99
3,혼돈의탑14층3,14,0,혼돈의탑보상층가기,0,0,99,99
3,혼돈의탑14층4,14,0,혼돈의탑보상층가기,0,0,99,99
3,혼돈의탑14층5,14,0,혼돈의탑보상층가기,0,0,99,99
3,혼돈의탑14층1,15,0,혼돈의탑보상층가기,0,0,99,99
3,혼돈의탑14층2,15,0,혼돈의탑보상층가기,0,0,99,99
3,혼돈의탑14층3,15,0,혼돈의탑보상층가기,0,0,99,99
3,혼돈의탑14층4,15,0,혼돈의탑보상층가기,0,0,99,99
3,혼돈의탑14층5,15,0,혼돈의탑보상층가기,0,0,99,99
3,혼돈의탑14층1,16,0,혼돈의탑보상층가기,0,0,99,99
3,혼돈의탑14층2,16,0,혼돈의탑보상층가기,0,0,99,99
3,혼돈의탑14층3,16,0,혼돈의탑보상층가기,0,0,99,99
3,혼돈의탑14층4,16,0,혼돈의탑보상층가기,0,0,99,99
3,혼돈의탑14층5,16,0,혼돈의탑보상층가기,0,0,99,99
3,혼돈의탑14층1,17,0,혼돈의탑보상층가기,0,0,99,99
3,혼돈의탑14층2,17,0,혼돈의탑보상층가기,0,0,99,99
3,혼돈의탑14층3,17,0,혼돈의탑보상층가기,0,0,99,99
3,혼돈의탑14층4,17,0,혼돈의탑보상층가기,0,0,99,99
3,혼돈의탑14층5,17,0,혼돈의탑보상층가기,0,0,99,99
3,혼돈의탑14층1,18,0,혼돈의탑보상층가기,0,0,99,99
3,혼돈의탑14층2,18,0,혼돈의탑보상층가기,0,0,99,99
3,혼돈의탑14층3,18,0,혼돈의탑보상층가기,0,0,99,99
3,혼돈의탑14층4,18,0,혼돈의탑보상층가기,0,0,99,99
3,혼돈의탑14층5,18,0,혼돈의탑보상층가기,0,0,99,99
//채집 스크립트
//나무작업
3,설탕채집장,3,6,채집,0,0,1,99
3,설탕채집장,4,7,채집,0,0,1,99
3,설탕채집장,4,5,채집,0,0,1,99
3,설탕채집장,5,6,채집,0,0,1,99
3,설탕채집장,6,5,채집,0,0,1,99
3,설탕채집장,7,6,채집,0,0,1,99
3,설탕채집장,7,4,채집,0,0,1,99
3,설탕채집장,8,5,채집,0,0,1,99
3,설탕채집장,14,8,채집,0,0,1,99
3,설탕채집장,15,9,채집,0,0,1,99
3,설탕채집장,15,7,채집,0,0,1,99
3,설탕채집장,16,8,채집,0,0,1,99
3,설탕채집장,4,12,채집,0,0,1,99
3,설탕채집장,5,13,채집,0,0,1,99
3,설탕채집장,5,11,채집,0,0,1,99
3,설탕채집장,6,12,채집,0,0,1,99
3,설탕채집장,9,14,채집,0,0,1,99
3,설탕채집장,10,15,채집,0,0,1,99
3,설탕채집장,10,13,채집,0,0,1,99
3,설탕채집장,11,14,채집,0,0,1,99
3,설탕채집장,4,20,채집,0,0,1,99
3,설탕채집장,5,21,채집,0,0,1,99
3,설탕채집장,5,19,채집,0,0,1,99
3,설탕채집장,6,20,채집,0,0,1,99
3,설탕채집장,2,21,채집,0,0,1,99
3,설탕채집장,3,22,채집,0,0,1,99
3,설탕채집장,3,20,채집,0,0,1,99
3,설탕채집장,4,21,채집,0,0,1,99
3,설탕채집장,4,27,채집,0,0,1,99
3,설탕채집장,5,28,채집,0,0,1,99
3,설탕채집장,5,26,채집,0,0,1,99
3,설탕채집장,6,27,채집,0,0,1,99
3,설탕채집장,2,35,채집,0,0,1,99
3,설탕채집장,3,36,채집,0,0,1,99
3,설탕채집장,3,34,채집,0,0,1,99
3,설탕채집장,4,35,채집,0,0,1,99
3,설탕채집장,5,43,채집,0,0,1,99
3,설탕채집장,6,44,채집,0,0,1,99
3,설탕채집장,6,42,채집,0,0,1,99
3,설탕채집장,7,43,채집,0,0,1,99
//본작업
3,설탕채집장,9,12,채집,0,0,1,99
3,설탕채집장,17,35,채집,0,0,1,99
3,설탕채집장,35,37,채집,0,0,1,99
3,설탕채집장,25,15,채집,0,0,1,99
3,설탕채집장,67,57,채집,0,0,1,99
3,설탕채집장,82,81,채집,0,0,1,99
3,설탕채집장,95,25,채집,0,0,1,99
3,설탕채집장,28,43,채집,0,0,1,99
3,설탕채집장,37,25,채집,0,0,1,99
3,설탕채집장,12,43,채집,0,0,1,99
3,설탕채집장,7,20,채집,0,0,1,99
3,설탕채집장,90,12,채집,0,0,1,99
3,설탕채집장,99,99,채집,0,0,1,99
3,설탕채집장,53,50,채집,0,0,1,99
3,설탕채집장,50,27,채집,0,0,1,99
3,설탕채집장,85,23,채집,0,0,1,99
3,설탕채집장,17,25,채집,0,0,1,99
3,설탕채집장,38,21,채집,0,0,1,99
3,설탕채집장,42,12,채집,0,0,1,99
3,설탕채집장,75,21,채집,0,0,1,99
3,설탕채집장,21,57,채집,0,0,1,99
3,설탕채집장,35,32,채집,0,0,1,99
3,설탕채집장,100,25,채집,0,0,1,99
3,설탕채집장,30,43,채집,0,0,1,99
3,설탕채집장,38,25,채집,0,0,1,99
3,설탕채집장,14,43,채집,0,0,1,99
3,설탕채집장,8,20,채집,0,0,1,99
3,설탕채집장,35,12,채집,0,0,1,99
3,설탕채집장,98,98,채집,0,0,1,99
3,설탕채집장,27,85,채집,0,0,1,99
3,설탕채집장,45,21,채집,0,0,1,99
3,설탕채집장,62,23,채집,0,0,1,99
//호러캐슬
3,호러캐슬대기실,11,7,호러캐슬,0,0,1,99
3,호러캐슬대기실,12,7,호러캐슬,0,0,1,99
3,호러캐슬대기실,13,7,호러캐슬,0,0,1,99
3,호러캐슬대기실,14,7,호러캐슬,0,0,1,99
3,호러캐슬대기실,15,7,호러캐슬,0,0,1,99
3,호러캐슬대기실,16,7,호러캐슬,0,0,1,99
3,호러캐슬대기실,17,7,호러캐슬,0,0,1,99
3,호러캐슬대기실,18,7,호러캐슬,0,0,1,99
3,호러캐슬대기실,19,7,호러캐슬,0,0,1,99
3,호러캐슬대기실,20,7,호러캐슬,0,0,1,99
3,호러캐슬대기실,21,7,호러캐슬,0,0,1,99
3,호러캐슬대기실,22,7,호러캐슬,0,0,1,99
3,호러캐슬대기실,23,7,호러캐슬,0,0,1,99
3,호러캐슬대기실,24,7,호러캐슬,0,0,1,99
3,호러캐슬대기실,25,7,호러캐슬,0,0,1,99
3,호러캐슬대기실,26,7,호러캐슬,0,0,1,99
3,호러캐슬대기실,27,7,호러캐슬,0,0,1,99
3,호러캐슬대기실,28,7,호러캐슬,0,0,1,99
3,호러캐슬대기실,29,7,호러캐슬,0,0,1,99
3,호러캐슬대기실,30,7,호러캐슬,0,0,1,99
3,호러캐슬대기실,31,7,호러캐슬,0,0,1,99
3,호러캐슬대기실,32,7,호러캐슬,0,0,1,99
3,호러캐슬대기실,33,7,호러캐슬,0,0,1,99
3,호러캐슬대기실,34,7,호러캐슬,0,0,1,99
3,호러캐슬대기실,35,7,호러캐슬,0,0,1,99
3,호러캐슬대기실,36,7,호러캐슬,0,0,1,99
//호러캐슬다음방
3,캐슬1,9,0,호러캐슬담방,0,0,0,99
3,캐슬2,9,0,호러캐슬담방,0,0,0,99
3,캐슬3,9,0,호러캐슬담방,0,0,0,99
3,캐슬4,9,0,호러캐슬담방,0,0,0,99
3,캐슬5,9,0,호러캐슬담방,0,0,0,99
3,캐슬6,9,0,호러캐슬담방,0,0,0,99
3,캐슬7,9,0,호러캐슬담방,0,0,0,99
3,캐슬8,9,0,호러캐슬담방,0,0,0,99
3,캐슬9,9,0,호러캐슬담방,0,0,0,99
3,캐슬10,9,0,호러캐슬담방,0,0,0,99
3,캐슬11,9,0,호러캐슬담방,0,0,0,99
3,캐슬12,9,0,호러캐슬담방,0,0,0,99
3,캐슬13,9,0,호러캐슬담방,0,0,0,99
3,캐슬14,9,0,호러캐슬담방,0,0,0,99
3,캐슬15,9,0,호러캐슬담방,0,0,0,99
3,캐슬16,9,0,호러캐슬담방,0,0,0,99
3,캐슬17,9,0,호러캐슬담방,0,0,0,99
3,캐슬18,9,0,호러캐슬담방,0,0,0,99
3,캐슬19,9,0,호러캐슬담방,0,0,0,99
3,캐슬20,9,0,호러캐슬담방,0,0,0,99
//죽음의마을던전
3,죽음의마을1,86,90,죽음의마을던전,0,0,99,99
3,죽음의마을1,87,90,죽음의마을던전,0,0,99,99
3,신죽마집안21-1-1,16,5,죽음의마을던전다음,0,0,99,99
3,신죽마집안21-1-2,16,5,죽음의마을던전다음,0,0,99,99
3,신죽마집안21-1-3,16,5,죽음의마을던전다음,0,0,99,99
3,신죽마집안21-2-1,16,5,죽음의마을던전다음,0,0,99,99
3,신죽마집안21-2-2,16,5,죽음의마을던전다음,0,0,99,99
3,신죽마집안21-2-3,16,5,죽음의마을던전다음,0,0,99,99
3,신죽마집안21-3-1,16,5,죽음의마을던전다음,0,0,99,99
3,신죽마집안21-3-2,16,5,죽음의마을던전다음,0,0,99,99
3,신죽마집안21-3-3,16,5,죽음의마을던전다음,0,0,99,99
3,신죽마집안21-1-1,17,5,죽음의마을던전다음,0,0,99,99
3,신죽마집안21-1-2,17,5,죽음의마을던전다음,0,0,99,99
3,신죽마집안21-1-3,17,5,죽음의마을던전다음,0,0,99,99
3,신죽마집안21-2-1,17,5,죽음의마을던전다음,0,0,99,99
3,신죽마집안21-2-2,17,5,죽음의마을던전다음,0,0,99,99
3,신죽마집안21-2-3,17,5,죽음의마을던전다음,0,0,99,99
3,신죽마집안21-3-1,17,5,죽음의마을던전다음,0,0,99,99
3,신죽마집안21-3-2,17,5,죽음의마을던전다음,0,0,99,99
3,신죽마집안21-3-3,17,5,죽음의마을던전다음,0,0,99,99

//시장이동
3,시장,0,16,뮤레칸역습이동,0,0,99,99
3,시장,0,15,뮤레칸역습이동,0,0,99,99
3,시장,0,14,뮤레칸역습이동,0,0,99,99
3,시장,0,13,뮤레칸역습이동,0,0,99,99
3,시장,14,29,결계2이동,0,0,99,99
3,시장,15,29,결계2이동,0,0,99,99
3,시장,16,29,결계2이동,0,0,99,99

//스크립트발동,맵,x좌표,y좌표,스크립트이름,0,0,최소렙,최대렙