0,노바의신전대기실,6,38,용자의공원,49,63,1,99
0,노바의신전대기실,7,38,용자의공원,49,63,1,99
0,노바의신전대기실,6,2,노바의신전1,6,37,1,99
0,노바의신전대기실,7,2,노바의신전1,7,37,1,99

0,노바의신전1,6,2,노바의신전2,6,37,1,99
0,노바의신전1,7,2,노바의신전2,7,37,1,99

0,노바의신전2,6,2,노바의신전3대기실,6,37,1,99
0,노바의신전2,7,2,노바의신전3대기실,7,37,1,99

0,노바의신전3대기실,6,2,노바의신전4,6,37,1,99
0,노바의신전3대기실,7,2,노바의신전4,7,37,1,99

0,노바의신전4,6,2,노바의신전5,6,37,1,99
0,노바의신전4,7,2,노바의신전5,7,37,1,99

0,노바의신전5,6,2,노바의신전6,6,37,1,99
0,노바의신전5,7,2,노바의신전6,7,37,1,99

0,노바의신전6,6,2,노바의방1,6,37,1,99
0,노바의신전6,7,2,노바의방1,7,37,1,99

0,노바의방,6,2,용자의공원,49,63,1,99
0,노바의방,7,2,용자의공원,49,63,1,99

0,노바의방1,6,38,노바의신전6,6,3,1,99
0,노바의방1,7,38,노바의신전6,7,3,1,99

0,노바의신전6,6,38,노바의신전5,6,3,1,99
0,노바의신전6,7,38,노바의신전5,7,3,1,99

0,노바의신전5,6,38,노바의신전4,6,3,1,99
0,노바의신전5,7,38,노바의신전4,7,3,1,99

0,노바의신전4,6,38,노바의신전3대기실,6,3,1,99
0,노바의신전4,7,38,노바의신전3대기실,7,3,1,99

0,노바의신전3대기실,6,38,노바의신전2,6,3,1,99
0,노바의신전3대기실,7,38,노바의신전2,7,3,1,99

0,노바의신전2,6,38,노바의신전1,6,3,1,99
0,노바의신전2,7,38,노바의신전1,7,3,1,99

0,노바의신전1,6,38,노바의신전대기실,6,3,1,99
0,노바의신전1,7,38,노바의신전대기실,7,3,1,99