0,노비스마을,44,25,노비스잡화상점,9,18,1,99
0,노비스마을,50,25,노비스무기방어구상점,9,18,1,99
0,노비스마을,31,25,노비스민가1,28,10,1,99
0,노비스마을,28,26,노비스민가1,13,13,1,99
0,노비스마을,32,42,노비스주점,18,9,1,99
0,노비스마을,29,49,노비스마을식당,18,4,1,99
0,노비스마을,48,51,노비스민가2,11,6,1,99
0,노비스마을,63,49,월드맵,4,4,11,99
0,연습장,0,2,용자의공원,45,62,0,99
0,노비스민가2,12,6,노비스마을,49,51,1,99
0,노비스민가2,12,5,노비스마을,49,51,1,99
0,노비스무기방어구상점,9,19,노비스마을,50,26,1,99
0,노비스무기방어구상점,10,19,노비스마을,50,26,1,99
0,노비스잡화상점,9,19,노비스마을,44,26,1,99
0,노비스잡화상점,10,19,노비스마을,44,26,1,99
0,노비스민가1,29,10,노비스마을,32,25,1,99
0,노비스민가1,29,11,노비스마을,32,25,1,99
0,노비스민가1,13,14,노비스마을,28,27,1,99
0,노비스민가1,14,14,노비스마을,28,27,1,99
0,노비스주점,19,9,노비스마을,33,42,1,99
0,노비스주점,19,10,노비스마을,33,42,1,99
0,노비스마을식당,19,4,노비스마을,30,49,1,99
0,노비스마을식당,19,5,노비스마을,30,49,1,99

0,노비스마을,69,30,노비스평원A,1,13,1,11
0,노비스마을,69,29,노비스평원A,1,12,1,11
0,노비스마을,69,28,노비스평원A,1,11,1,11
0,노비스마을,69,27,노비스평원A,1,10,1,11
0,노비스마을,69,26,노비스평원A,1,9,1,11
0,노비스평원A,36,9,노비스지하던전A1,9,32,1,11
0,노비스지하던전A1,13,0,노비스지하던전A2,14,38,1,99
0,노비스지하던전A1,12,0,노비스지하던전A2,13,38,1,99
0,노비스지하던전A1,39,23,노비스지하던전B1,1,17,1,99
0,노비스지하던전A1,39,24,노비스지하던전B1,1,18,1,99
0,노비스지하던전A2,13,0,노비스지하던전A3,14,38,1,99
0,노비스지하던전A2,12,0,노비스지하던전A3,13,38,1,99
0,노비스지하던전A2,39,23,노비스지하던전B2,1,17,1,99
0,노비스지하던전A2,39,24,노비스지하던전B2,1,18,1,99
0,노비스지하던전A3,39,23,노비스지하던전B3,1,17,1,99
0,노비스지하던전A3,39,24,노비스지하던전B3,1,18,1,99
0,노비스지하던전B1,13,0,노비스지하던전B2,14,38,1,99
0,노비스지하던전B1,12,0,노비스지하던전B2,13,38,1,99
0,노비스지하던전B1,39,23,노비스지하던전C1,1,17,1,99
0,노비스지하던전B1,39,24,노비스지하던전C1,1,18,1,99
0,노비스지하던전B2,13,0,노비스지하던전B3,14,38,1,99
0,노비스지하던전B2,12,0,노비스지하던전B3,13,38,1,99
0,노비스지하던전B2,39,23,노비스지하던전C2,1,17,1,99
0,노비스지하던전B2,39,24,노비스지하던전C2,1,18,1,99
0,노비스지하던전B3,39,23,노비스지하던전C3,1,17,1,99
0,노비스지하던전B3,39,24,노비스지하던전C3,1,18,1,99
0,노비스지하던전C1,13,0,노비스지하던전C2,14,38,1,99
0,노비스지하던전C1,12,0,노비스지하던전C2,13,38,1,99
0,노비스지하던전C2,13,0,노비스지하던전C3,14,38,1,99
0,노비스지하던전C2,12,0,노비스지하던전C3,13,38,1,99
0,노비스지하던전C3,30,6,노비스평원B,45,32,1,99
0,노비스지하던전C3,30,5,노비스평원B,43,29,1,99
0,노비스지하던전C3,31,6,노비스평원B,47,31,1,99
0,노비스지하던전C3,31,5,노비스평원B,46,28,1,99

0,노비스마을,33,69,노비스평원B,28,1,1,11
0,노비스마을,32,69,노비스평원B,27,1,1,11
0,노비스마을,31,69,노비스평원B,26,1,1,11
0,노비스마을,30,69,노비스평원B,25,1,1,11
0,노비스마을,29,69,노비스평원B,24,1,1,11
0,노비스평원B,45,30,노비스지하던전C3,30,8,1,11
0,노비스지하던전C3,0,17,노비스지하던전B3,38,23,1,99
0,노비스지하던전C3,0,18,노비스지하던전B3,38,24,1,99
0,노비스지하던전C3,13,39,노비스지하던전C2,12,1,1,99
0,노비스지하던전C3,14,39,노비스지하던전C2,13,1,1,99
0,노비스지하던전C2,0,17,노비스지하던전B2,38,23,1,99
0,노비스지하던전C2,0,18,노비스지하던전B2,38,24,1,99
0,노비스지하던전C2,13,39,노비스지하던전C1,12,1,1,99
0,노비스지하던전C2,14,39,노비스지하던전C1,13,1,1,99
0,노비스지하던전C1,0,17,노비스지하던전B1,38,23,1,99
0,노비스지하던전C1,0,18,노비스지하던전B1,38,24,1,99
0,노비스지하던전B3,0,17,노비스지하던전A3,38,23,1,99
0,노비스지하던전B3,0,18,노비스지하던전A3,38,24,1,99
0,노비스지하던전B3,13,39,노비스지하던전B2,12,1,1,99
0,노비스지하던전B3,14,39,노비스지하던전B2,13,1,1,99
0,노비스지하던전B2,0,17,노비스지하던전A2,38,23,1,99
0,노비스지하던전B2,0,18,노비스지하던전A2,38,24,1,99
0,노비스지하던전B2,13,39,노비스지하던전B1,12,1,1,99
0,노비스지하던전B2,14,39,노비스지하던전B1,13,1,1,99
0,노비스지하던전B1,0,17,노비스지하던전A1,38,23,1,99
0,노비스지하던전B1,0,18,노비스지하던전A1,38,24,1,99
0,노비스지하던전A3,13,39,노비스지하던전A2,12,1,1,99
0,노비스지하던전A3,14,39,노비스지하던전A2,13,1,1,99
0,노비스지하던전A2,13,39,노비스지하던전A1,12,1,1,99
0,노비스지하던전A2,14,39,노비스지하던전A1,13,1,1,99
0,노비스지하던전A1,7,32,노비스평원A,38,7,1,99
0,노비스지하던전A1,7,33,노비스평원A,38,11,1,99
0,노비스지하던전A1,6,32,노비스평원A,34,7,1,99
0,노비스지하던전A1,6,33,노비스평원A,34,11,1,99

0,노비스평원A,0,0,노비스마을,68,28,1,99
0,노비스평원A,0,1,노비스마을,68,28,1,99
0,노비스평원A,0,2,노비스마을,68,28,1,99
0,노비스평원A,0,3,노비스마을,68,28,1,99
0,노비스평원A,0,4,노비스마을,68,28,1,99
0,노비스평원A,0,5,노비스마을,68,28,1,99
0,노비스평원A,0,6,노비스마을,68,28,1,99
0,노비스평원A,0,7,노비스마을,68,28,1,99
0,노비스평원A,0,8,노비스마을,68,28,1,99
0,노비스평원A,0,9,노비스마을,68,28,1,99
0,노비스평원A,0,10,노비스마을,68,28,1,99
0,노비스평원A,0,11,노비스마을,68,28,1,99
0,노비스평원A,0,12,노비스마을,68,28,1,99
0,노비스평원A,0,13,노비스마을,68,28,1,99
0,노비스평원A,0,14,노비스마을,68,28,1,99
0,노비스평원A,0,15,노비스마을,68,28,1,99
0,노비스평원A,0,16,노비스마을,68,28,1,99
0,노비스평원A,0,17,노비스마을,68,28,1,99
0,노비스평원A,0,18,노비스마을,68,28,1,99
0,노비스평원A,0,19,노비스마을,68,28,1,99
0,노비스평원A,0,20,노비스마을,68,28,1,99
0,노비스평원A,0,21,노비스마을,68,28,1,99
0,노비스평원A,0,22,노비스마을,68,28,1,99
0,노비스평원A,0,23,노비스마을,68,28,1,99
0,노비스평원A,0,24,노비스마을,68,28,1,99
0,노비스평원A,0,25,노비스마을,68,28,1,99
0,노비스평원A,0,26,노비스마을,68,28,1,99

0,노비스평원B,21,0,노비스마을,31,68,1,99
0,노비스평원B,22,0,노비스마을,31,68,1,99
0,노비스평원B,23,0,노비스마을,31,68,1,99
0,노비스평원B,24,0,노비스마을,31,68,1,99
0,노비스평원B,25,0,노비스마을,31,68,1,99
0,노비스평원B,26,0,노비스마을,31,68,1,99
0,노비스평원B,27,0,노비스마을,31,68,1,99
0,노비스평원B,28,0,노비스마을,31,68,1,99
0,노비스평원B,29,0,노비스마을,31,68,1,99
0,노비스평원B,30,0,노비스마을,31,68,1,99
0,노비스평원B,31,0,노비스마을,31,68,1,99
0,노비스평원B,32,0,노비스마을,31,68,1,99
0,노비스평원B,33,0,노비스마을,31,68,1,99
0,노비스평원B,34,0,노비스마을,31,68,1,99
0,노비스평원B,35,0,노비스마을,31,68,1,99
0,노비스평원B,36,0,노비스마을,31,68,1,99
0,노비스평원B,37,0,노비스마을,31,68,1,99
0,노비스평원B,38,0,노비스마을,31,68,1,99
0,노비스평원B,39,0,노비스마을,31,68,1,99
0,노비스평원B,40,0,노비스마을,31,68,1,99
0,노비스평원B,41,0,노비스마을,31,68,1,99
0,노비스평원B,42,0,노비스마을,31,68,1,99
0,노비스평원B,43,0,노비스마을,31,68,1,99
0,노비스평원B,44,0,노비스마을,31,68,1,99

0,노비스지하던전B2,20,18,노비스지하동굴A,3,15,1,99
0,노비스지하던전B2,20,17,노비스지하동굴A,4,13,1,99
0,노비스지하던전B2,19,18,노비스지하동굴A,1,14,1,99
0,노비스지하던전B2,19,17,노비스지하동굴A,2,12,1,99
0,노비스지하동굴A,19,12,노비스지하동굴B,3,5,1,99
0,노비스지하동굴B,20,4,노비스지하동굴C,1,2,1,99
0,노비스지하동굴C,31,0,노비스지하동굴D,3,19,1,99
0,노비스지하동굴C,32,0,노비스지하동굴D,3,19,1,99
0,노비스지하동굴C,33,0,노비스지하동굴D,3,19,1,99
0,노비스지하동굴C,34,0,노비스지하동굴D,3,19,1,99
0,노비스지하동굴D,1,19,노비스지하동굴C,30,2,1,99
0,노비스지하동굴C,0,0,노비스지하동굴B,18,4,1,99
0,노비스지하동굴C,0,1,노비스지하동굴B,18,4,1,99
0,노비스지하동굴C,0,2,노비스지하동굴B,18,4,1,99
0,노비스지하동굴C,0,3,노비스지하동굴B,18,4,1,99
0,노비스지하동굴C,0,4,노비스지하동굴B,18,4,1,99
0,노비스지하동굴B,1,5,노비스지하동굴A,17,12,1,99
0,노비스지하동굴A,3,14,노비스지하던전B2,21,18,1,99
0,노비스지하동굴A,3,13,노비스지하던전B2,20,16,1,99
0,노비스지하동굴A,2,14,노비스지하던전B2,19,19,1,99
0,노비스지하동굴A,2,13,노비스지하던전B2,18,17,1,99