0,레전드호,9,11,레전드호,12,13,99,99
0,레전드호,9,12,레전드호,12,13,99,99
0,레전드호,12,13,레전드호,8,12,99,99
0,레전드호,17,13,레전드호,20,15,99,99
0,레전드호,17,14,레전드호,20,16,99,99
0,레전드호,20,15,레전드호,17,13,99,99

0,레전드호,10,15,선장실,13,8,99,99
0,선장실,14,8,레전드호,11,15,99,99

0,레전드호,18,12,레전드호내부,1,11,99,99
0,레전드호,18,17,레전드호내부,1,11,99,99
0,레전드호내부,0,11,레전드호,19,17,99,99
0,레전드호내부,16,2,레전드호선실1,9,18,99,99
0,레전드호내부,23,2,레전드호선실2,9,18,99,99
0,레전드호내부,30,2,레전드호선실3,9,23,99,99
0,레전드호내부,41,2,레전드호선실4,26,38,99,99
0,레전드호내부,18,19,레전드호선실5,9,2,99,99
0,레전드호내부,25,19,레전드호선실6,5,2,99,99
0,레전드호내부,32,19,레전드호선실7,5,2,99,99
0,레전드호내부,43,19,레전드호선실8,25,1,99,99

0,레전드호선실1,9,19,레전드호내부,16,3,99,99
0,레전드호선실2,9,19,레전드호내부,23,3,99,99
0,레전드호선실3,9,24,레전드호내부,30,3,99,99
0,레전드호선실4,26,39,레전드호내부,41,3,99,99
0,레전드호선실5,9,1,레전드호내부,18,18,99,99
0,레전드호선실6,5,1,레전드호내부,25,18,99,99
0,레전드호선실7,5,1,레전드호내부,32,18,99,99
0,레전드호선실8,25,0,레전드호내부,43,18,99,99