0,리치길드성,60,29,리치길드성무기점,6,13,0,99
0,리치길드성무기점,12,0,리치길드성방어구점,1,10,0,99
0,리치길드성방어구점,0,9,리치길드성무기점,13,0,0,99
0,리치길드성,66,23,리치길드성방어구점,10,8,0,99
0,리치길드성,16,48,리치길드성제조실,14,9,0,99
0,리치길드성제조실,15,9,리치길드성,17,48,0,99
0,리치길드성방어구점,11,8,리치길드성,67,23,0,99
0,리치길드성무기점,6,14,리치길드성,60,30,0,99

0,리치길드성,59,79,리치길드성민가1,6,13,0,99
0,리치길드성민가1,12,0,리치길드성민가2,1,10,0,99
0,리치길드성민가2,0,9,리치길드성민가1,13,0,0,99
0,리치길드성,65,73,리치길드성민가2,10,8,0,99
0,리치길드성민가2,11,8,리치길드성,59,80,0,99
0,리치길드성민가1,6,14,리치길드성,66,73,0,99

0,리치길드성,33,78,리치길드성민가3,6,13,0,99
0,리치길드성,33,22,리치길드성시약점,6,13,0,99
0,리치길드성시약점,6,14,리치길드성,33,23,0,99
0,리치길드성시약점,7,14,리치길드성,33,23,0,99
0,리치길드성민가3,6,14,리치길드성,33,79,0,99
0,리치길드성민가3,7,14,리치길드성,33,79,0,99

//리치길드성궁

0,리치길드성궁,9,16,리치길드성궁메인홀,5,15,0,99
0,리치길드성궁메인홀,5,15,리치길드성궁,11,16,0,99

0,리치길드성궁메인홀,15,6,리치길드성궁식당,6,7,0,99
0,리치길드성궁메인홀,14,6,리치길드성궁식당,6,7,0,99
0,리치길드성궁식당,6,9,리치길드성궁메인홀,12,7,0,99

0,리치길드성궁식당,8,0,리치길드성궁알현실,8,13,0,99
0,리치길드성궁알현실,8,15,리치길드성궁식당,8,1,0,99

0,리치길드성궁회의실,9,6,리치길드성궁식당,2,5,0,99
0,리치길드성궁식당,0,5,리치길드성궁회의실,7,6,0,99

0,리치길드성궁알현실,0,8,리치길드성궁왕의방,7,6,0,99
0,리치길드성궁왕의방,9,6,리치길드성궁알현실,2,8,0,99