0,리치성1층홀,5,15,월드맵,4,4,1,99
0,리치성1층홀,5,0,리치성1층복도,6,13,1,99
0,리치성1층복도,6,15,리치성1층홀,5,2,1,99
0,리치성1층복도,8,0,리치성1층식당,6,7,1,99
0,리치성1층식당,6,9,리치성1층복도,8,2,1,99
0,리치성1층식당,0,5,리치성1층침실,7,7,1,99
0,리치성1층침실,9,6,리치성1층식당,1,4,1,99
0,리치성1층식당,8,0,리치성1층무기고,7,7,1,99
0,리치성1층무기고,6,9,리치성1층식당,8,2,1,99
0,리치성1층무기고,9,5,리치성지하감옥,2,7,1,99
0,리치성지하감옥,1,8,리치성1층무기고,8,4,1,99

0,리치성1층홀,14,6,리치성2층복도,2,30,1,99
0,리치성1층홀,15,6,리치성2층복도,2,30,1,99
0,리치성2층복도,2,32,리치성1층홀,15,7,1,99
0,리치성2층복도,0,28,리치성2층빈방1,6,5,1,99
0,리치성2층빈방1,9,6,리치성2층복도,1,28,1,99
0,리치성2층복도,0,22,길드마스터의방,14,11,1,99
0,길드마스터의방,18,11,리치성2층복도,1,23,1,99
0,리치성2층복도,0,16,리치성2층식당,14,10,1,99
0,리치성2층식당,15,9,리치성2층복도,1,17,1,99
0,리치성2층복도,0,10,리치성2층바,7,6,1,99
0,리치성2층바,9,6,리치성2층복도,1,10,1,99
0,리치성2층복도,0,4,리치성2층침실,7,6,1,99
0,리치성2층침실,9,6,리치성2층복도,1,4,1,99
0,리치성2층침실,5,0,리치성2층무기고,7,7,1,99
0,리치성2층무기고,6,9,리치성2층침실,5,2,1,99
0,리치성2층복도,2,0,리치성2층홀,6,13,1,99
0,리치성2층홀,5,15,리치성2층복도,2,2,1,99
0,리치성2층홀,14,6,리치성3층집무실,9,13,1,99
0,리치성2층홀,15,6,리치성3층집무실,9,13,1,99
0,리치성3층집무실,8,15,리치성2층홀,15,7,1,99
0,리치성3층집무실,0,8,리치성3층복도,7,6,1,99
0,리치성3층복도,9,6,리치성3층집무실,1,8,1,99
0,리치성3층복도,0,5,리치성3층마법방,7,7,1,99
0,리치성3층마법방,9,6,리치성3층복도,1,5,1,99
0,리치성3층복도,5,0,리치성3층책방,7,7,1,99
0,리치성3층책방,6,9,리치성3층복도,4,2,1,99