0,미궁대기실,12,12,미궁미로1,12,29,99,99
0,미궁대기실,12,13,미궁미로1,12,29,99,99
0,미궁미로1,12,31,미궁대기실,14,16,99,99
0,미궁미로1,13,31,미궁대기실,14,16,99,99

0,미궁미로1,16,2,미궁미로2,12,29,99,99
0,미궁미로1,17,2,미궁미로2,12,29,99,99
0,미궁미로2,12,31,미궁미로1,16,3,99,99
0,미궁미로2,13,31,미궁미로1,16,3,99,99

0,미궁미로2,16,2,미궁미로3,12,29,99,99
0,미궁미로2,17,2,미궁미로3,12,29,99,99
0,미궁미로3,12,31,미궁미로2,16,3,99,99
0,미궁미로3,13,31,미궁미로2,16,3,99,99

0,미궁미로3,16,2,미궁미로4,12,29,99,99
0,미궁미로3,17,2,미궁미로4,12,29,99,99
0,미궁미로4,12,31,미궁미로3,16,3,99,99
0,미궁미로4,13,31,미궁미로3,16,3,99,99

0,미궁미로4,16,2,미궁미로5,12,29,99,99
0,미궁미로4,17,2,미궁미로5,12,29,99,99
0,미궁미로5,12,31,미궁미로4,16,3,99,99
0,미궁미로5,13,31,미궁미로4,16,3,99,99

0,미궁미로5,16,2,미궁미로6,12,29,99,99
0,미궁미로5,17,2,미궁미로6,12,29,99,99
0,미궁미로6,12,31,미궁미로5,16,3,99,99
0,미궁미로6,13,31,미궁미로5,16,3,99,99

0,미궁미로6,16,2,미궁1,39,70,99,99
0,미궁미로6,17,2,미궁1,39,70,99,99
0,미궁1,39,74,미궁미로6,16,3,99,99
0,미궁1,40,74,미궁미로6,16,3,99,99
0,미궁1,41,74,미궁미로6,16,3,99,99

0,미궁1,1,0,미궁2,38,72,99,99
0,미궁2,38,74,미궁1,1,1,99,99
0,미궁1,2,0,미궁1,39,72,99,99
0,미궁1,3,0,미궁1,39,72,99,99

0,미궁2,0,20,미궁3,11,2,99,99
0,미궁2,0,21,미궁3,11,2,99,99
0,미궁3,11,0,미궁2,2,20,99,99

0,미궁3,47,0,미궁1,39,70,99,99
0,미궁3,48,0,미궁1,39,70,99,99
0,미궁3,49,0,미궁1,39,70,99,99
0,미궁3,50,0,미궁4,42,72,99,99

0,미궁4,44,74,미궁3,42,72,99,99
0,미궁4,43,74,미궁3,42,72,99,99
0,미궁4,42,74,미궁3,47,1,99,99
0,미궁4,41,74,미궁3,47,1,99,99
0,미궁4,40,74,미궁3,47,1,99,99

0,미궁보스방,6,32,미궁4,32,44,99,99


0,미궁대기실1,12,12,미궁미로7,12,29,99,99
0,미궁대기실1,12,13,미궁미로7,12,29,99,99
0,미궁미로7,12,31,미궁대기실1,14,16,99,99
0,미궁미로7,13,31,미궁대기실1,14,16,99,99

0,미궁미로7,16,2,미궁미로8,12,29,99,99
0,미궁미로7,17,2,미궁미로8,12,29,99,99
0,미궁미로8,12,31,미궁미로7,16,3,99,99
0,미궁미로8,13,31,미궁미로7,16,3,99,99

0,미궁미로8,16,2,미궁미로9,12,29,99,99
0,미궁미로8,17,2,미궁미로9,12,29,99,99
0,미궁미로9,12,31,미궁미로8,16,3,99,99
0,미궁미로9,13,31,미궁미로8,16,3,99,99

0,미궁미로9,16,2,미궁미로10,12,29,99,99
0,미궁미로9,17,2,미궁미로10,12,29,99,99
0,미궁미로10,12,31,미궁미로9,16,3,99,99
0,미궁미로10,13,31,미궁미로9,16,3,99,99

0,미궁미로10,16,2,미궁미로11,12,29,99,99
0,미궁미로10,17,2,미궁미로11,12,29,99,99
0,미궁미로11,12,31,미궁미로10,16,3,99,99
0,미궁미로11,13,31,미궁미로10,16,3,99,99

0,미궁미로11,16,2,미궁미로12,12,29,99,99
0,미궁미로11,17,2,미궁미로12,12,29,99,99
0,미궁미로12,12,31,미궁미로11,16,3,99,99
0,미궁미로12,13,31,미궁미로11,16,3,99,99

0,미궁미로12,16,2,미궁5,39,70,99,99
0,미궁미로12,17,2,미궁5,39,70,99,99
0,미궁5,39,74,미궁미로12,16,3,99,99
0,미궁5,40,74,미궁미로12,16,3,99,99
0,미궁5,41,74,미궁미로12,16,3,99,99


0,미궁5,1,0,미궁6,38,72,99,99
0,미궁5,38,74,미궁6,1,1,99,99
0,미궁5,2,0,미궁6,39,72,99,99
0,미궁5,3,0,미궁6,39,72,99,99

0,미궁6,0,20,미궁7,11,2,99,99
0,미궁6,0,21,미궁7,11,2,99,99
0,미궁7,11,0,미궁6,2,20,99,99

0,미궁7,47,9,미궁8,42,72,99,99
0,미궁7,48,0,미궁8,42,72,99,99
0,미궁7,49,0,미궁8,42,72,99,99
0,미궁7,50,0,미궁8,42,72,99,99

0,미궁8,44,74,미궁7,42,72,99,99
0,미궁8,43,74,미궁7,42,72,99,99
0,미궁8,42,74,미궁7,47,1,99,99
0,미궁8,41,74,미궁7,47,1,99,99
0,미궁8,40,74,미궁7,47,1,99,99

0,미궁보스방1,6,32,미궁8,32,44,99,99

0,결계대기실,0,13,직자방,12,5,99,99
0,직자방,14,5,결계대기실,5,8,99,99

0,결계대기실,0,4,법사방,12,5,99,99
0,법사방,14,5,결계대기실,5,8,99,99

0,결계대기실,4,0,전사방,5,8,99,99
0,전사방,8,8,결계대기실,5,8,99,99

0,결계대기실,13,0,도가방,5,8,99,99
0,도가방,8,8,결계대기실,5,8,99,99

0,결계대기실,23,0,도적방,5,8,99,99
0,도적방,8,8,결계대기실,5,8,99,99

0,결계대기실,19,12,결계보상방,19,18,99,99

