0,아벨해안대기실,41,42,월드맵,4,4,1,99
0,아벨해안대기실,41,43,월드맵,4,4,1,99

0,아벨해안대기실,14,0,아벨해안2-C,9,47,41,70
0,아벨해안대기실,15,0,아벨해안2-C,10,47,41,70
0,아벨해안대기실,16,0,아벨해안2-C,11,47,41,70
0,아벨해안대기실,17,0,아벨해안2-C,12,47,41,70

0,아벨해안2-C,9,49,아벨해안대기실,14,2,41,98
0,아벨해안2-C,10,49,아벨해안대기실,15,2,41,98
0,아벨해안2-C,11,49,아벨해안대기실,16,2,41,98
0,아벨해안2-C,12,49,아벨해안대기실,17,2,41,98

0,아벨해안2-C,0,7,아벨해안2-B,47,14,41,98
0,아벨해안2-C,0,8,아벨해안2-B,47,15,41,98
0,아벨해안2-C,0,9,아벨해안2-B,47,16,41,98
0,아벨해안2-C,0,10,아벨해안2-B,47,17,41,98

0,아벨해안2-B,49,14,아벨해안2-C,2,7,41,98
0,아벨해안2-B,49,15,아벨해안2-C,2,8,41,98
0,아벨해안2-B,49,16,아벨해안2-C,2,9,41,98
0,아벨해안2-B,49,17,아벨해안2-C,2,10,41,98

0,아벨해안2-B,36,49,아벨해안1-B,22,2,41,98
0,아벨해안2-B,37,49,아벨해안1-B,23,2,41,98
0,아벨해안2-B,38,49,아벨해안1-B,24,2,41,98
0,아벨해안2-B,39,49,아벨해안1-B,25,2,41,98

0,아벨해안1-B,22,0,아벨해안2-B,36,47,41,98
0,아벨해안1-B,23,0,아벨해안2-B,37,47,41,98
0,아벨해안1-B,24,0,아벨해안2-B,38,47,41,98
0,아벨해안1-B,25,0,아벨해안2-B,39,47,41,98

0,아벨해안1-B,49,17,아벨해안대기실,2,31,41,98
0,아벨해안1-B,49,18,아벨해안대기실,2,32,41,98
0,아벨해안1-B,49,19,아벨해안대기실,2,33,41,98
0,아벨해안1-B,49,20,아벨해안대기실,2,34,41,98

0,아벨해안대기실,0,31,아벨해안1-B,47,17,41,70
0,아벨해안대기실,0,32,아벨해안1-B,47,18,41,70
0,아벨해안대기실,0,33,아벨해안1-B,47,19,41,70
0,아벨해안대기실,0,34,아벨해안1-B,47,20,41,70

0,아벨해안2-B,13,0,아벨해안3-B,26,47,41,98
0,아벨해안2-B,14,0,아벨해안3-B,27,47,41,98
0,아벨해안2-B,15,0,아벨해안3-B,28,47,41,98
0,아벨해안2-B,16,0,아벨해안3-B,29,47,41,98

0,아벨해안3-B,26,49,아벨해안2-B,13,2,41,98
0,아벨해안3-B,27,49,아벨해안2-B,14,2,41,98
0,아벨해안3-B,28,49,아벨해안2-B,15,2,41,98
0,아벨해안3-B,29,49,아벨해안2-B,16,2,41,98

0,아벨해안3-B,22,0,아벨해안4-B,36,47,41,98
0,아벨해안3-B,23,0,아벨해안4-B,37,47,41,98
0,아벨해안3-B,24,0,아벨해안4-B,38,47,41,98

0,아벨해안4-B,36,49,아벨해안3-B,22,2,41,98
0,아벨해안4-B,37,49,아벨해안3-B,23,2,41,98
0,아벨해안4-B,38,49,아벨해안3-B,24,2,41,98

0,아벨해안1-B,0,9,아벨해안1-A,47,12,41,98
0,아벨해안1-B,0,10,아벨해안1-A,47,13,41,98
0,아벨해안1-B,0,11,아벨해안1-A,47,14,41,98
0,아벨해안1-B,0,12,아벨해안1-A,47,15,41,98

0,아벨해안1-A,49,12,아벨해안1-B,2,9,41,98
0,아벨해안1-A,49,13,아벨해안1-B,2,10,41,98
0,아벨해안1-A,49,14,아벨해안1-B,2,11,41,98
0,아벨해안1-A,49,15,아벨해안1-B,2,12,41,98

0,아벨해안1-A,12,0,아벨해안2-A,26,47,41,98
0,아벨해안1-A,13,0,아벨해안2-A,27,47,41,98
0,아벨해안1-A,14,0,아벨해안2-A,28,47,41,98
0,아벨해안1-A,15,0,아벨해안2-A,29,47,41,98

0,아벨해안2-A,26,49,아벨해안1-A,12,2,41,98
0,아벨해안2-A,27,49,아벨해안1-A,13,2,41,98
0,아벨해안2-A,28,49,아벨해안1-A,14,2,41,98
0,아벨해안2-A,29,49,아벨해안1-A,15,2,41,98

0,아벨해안2-A,29,0,아벨해안3-A,29,47,41,98
0,아벨해안2-A,30,0,아벨해안3-A,30,47,41,98
0,아벨해안2-A,31,0,아벨해안3-A,31,47,41,98
0,아벨해안2-A,32,0,아벨해안3-A,32,47,41,98

0,아벨해안3-A,29,49,아벨해안2-A,29,2,41,98
0,아벨해안3-A,30,49,아벨해안2-A,30,2,41,98
0,아벨해안3-A,31,49,아벨해안2-A,31,2,41,98
0,아벨해안3-A,32,49,아벨해안2-A,32,2,41,98

0,아벨해안3-A,13,0,아벨해안4-A,37,47,41,98
0,아벨해안3-A,14,0,아벨해안4-A,38,47,41,98
0,아벨해안3-A,15,0,아벨해안4-A,39,47,41,98
0,아벨해안3-A,16,0,아벨해안4-A,40,47,41,98

0,아벨해안4-A,37,49,아벨해안3-A,13,2,41,98
0,아벨해안4-A,38,49,아벨해안3-A,14,2,41,98
0,아벨해안4-A,39,49,아벨해안3-A,15,2,41,98
0,아벨해안4-A,40,49,아벨해안3-A,16,2,41,98

0,아벨해안4-A,49,23,아벨해안4-B,2,10,41,98
0,아벨해안4-A,49,24,아벨해안4-B,2,11,41,98
0,아벨해안4-A,49,25,아벨해안4-B,2,12,41,98
0,아벨해안4-A,49,26,아벨해안4-B,2,13,41,98

0,아벨해안4-B,0,10,아벨해안4-A,47,23,41,98
0,아벨해안4-B,0,11,아벨해안4-A,47,24,41,98
0,아벨해안4-B,0,12,아벨해안4-A,47,25,41,98
0,아벨해안4-B,0,13,아벨해안4-A,47,26,41,98

0,아벨해안3-A,49,35,아벨해안3-B,2,11,41,98
0,아벨해안3-A,49,36,아벨해안3-B,2,12,41,98
0,아벨해안3-A,49,37,아벨해안3-B,2,13,41,98

0,아벨해안3-B,0,11,아벨해안3-A,47,35,41,98
0,아벨해안3-B,0,12,아벨해안3-A,47,36,41,98
0,아벨해안3-B,0,13,아벨해안3-A,47,37,41,98

0,아벨해안2-A,49,22,아벨해안2-B,2,22,41,98
0,아벨해안2-A,49,23,아벨해안2-B,2,23,41,98
0,아벨해안2-A,49,24,아벨해안2-B,2,24,41,98
0,아벨해안2-A,49,25,아벨해안2-B,2,25,41,98

0,아벨해안2-B,0,22,아벨해안2-A,47,22,41,98
0,아벨해안2-B,0,23,아벨해안2-A,47,23,41,98
0,아벨해안2-B,0,24,아벨해안2-A,47,24,41,98
0,아벨해안2-B,0,25,아벨해안2-A,47,25,41,98

0,아벨해안2-C,17,0,아벨해안3-C,21,47,41,98
0,아벨해안2-C,18,0,아벨해안3-C,22,47,41,98
0,아벨해안2-C,19,0,아벨해안3-C,23,47,41,98
0,아벨해안2-C,20,0,아벨해안3-C,24,47,41,98

0,아벨해안3-C,21,49,아벨해안2-C,17,2,41,98
0,아벨해안3-C,22,49,아벨해안2-C,18,2,41,98
0,아벨해안3-C,23,49,아벨해안2-C,19,2,41,98
0,아벨해안3-C,24,49,아벨해안2-C,20,2,41,98

0,아벨해안3-C,0,18,아벨해안3-B,47,20,41,98
0,아벨해안3-C,0,19,아벨해안3-B,47,21,41,98
0,아벨해안3-C,0,20,아벨해안3-B,47,22,41,98
0,아벨해안3-C,0,21,아벨해안3-B,47,23,41,98

0,아벨해안3-B,49,20,아벨해안3-C,2,18,41,98
0,아벨해안3-B,49,21,아벨해안3-C,2,19,41,98
0,아벨해안3-B,49,22,아벨해안3-C,2,20,41,98
0,아벨해안3-B,49,23,아벨해안3-C,2,21,41,98

0,아벨해안3-C,19,0,아벨해안4-C,9,47,41,98
0,아벨해안3-C,20,0,아벨해안4-C,10,47,41,98
0,아벨해안3-C,21,0,아벨해안4-C,11,47,41,98

0,아벨해안4-C,9,49,아벨해안3-C,19,2,41,98
0,아벨해안4-C,10,49,아벨해안3-C,20,2,41,98
0,아벨해안4-C,11,49,아벨해안3-C,21,2,41,98

0,아벨해안4-C,0,30,아벨해안4-B,47,29,41,98
0,아벨해안4-C,0,31,아벨해안4-B,47,30,41,98
0,아벨해안4-C,0,32,아벨해안4-B,47,31,41,98

0,아벨해안4-B,49,29,아벨해안4-C,2,30,41,98
0,아벨해안4-B,49,30,아벨해안4-C,2,31,41,98
0,아벨해안4-B,49,31,아벨해안4-C,2,32,41,98