0,아슬론마을,3,4,아슬론마을,14,34,1,99
0,아슬론마을,3,5,아슬론마을,14,34,1,99
0,아슬론마을,3,6,아슬론마을,14,34,1,99
0,아슬론마을,3,7,아슬론마을,14,34,1,99
0,아슬론마을,3,8,아슬론마을,14,34,1,99
0,아슬론마을,3,9,아슬론마을,14,34,1,99
0,아슬론마을,3,10,아슬론마을,14,34,1,99
0,아슬론마을,3,11,아슬론마을,14,34,1,99
0,아슬론마을,3,12,아슬론마을,14,34,1,99
0,아슬론마을,3,13,아슬론마을,14,34,1,99
0,아슬론마을,3,14,아슬론마을,14,34,1,99
0,아슬론마을,3,15,아슬론마을,14,34,1,99
0,아슬론마을,3,16,아슬론마을,14,34,1,99
0,아슬론마을,3,17,아슬론마을,14,34,1,99
0,아슬론마을,3,18,아슬론마을,14,34,1,99
0,아슬론마을,3,19,아슬론마을,14,34,1,99
0,아슬론마을,3,20,아슬론마을,14,34,1,99
0,아슬론마을,3,21,아슬론마을,14,34,1,99
0,아슬론마을,3,22,아슬론마을,14,34,1,99
0,아슬론마을,3,23,아슬론마을,14,34,1,99
0,아슬론마을,3,24,아슬론마을,14,34,1,99
0,아슬론마을,3,25,아슬론마을,14,34,1,99
0,아슬론마을,3,26,아슬론마을,14,34,1,99
0,아슬론마을,3,27,아슬론마을,14,34,1,99
0,아슬론마을,3,28,아슬론마을,14,34,1,99
0,아슬론마을,3,29,아슬론마을,14,34,1,99
0,아슬론마을,3,30,아슬론마을,14,34,1,99
0,아슬론마을,3,31,아슬론마을,14,34,1,99
0,아슬론마을,3,32,아슬론마을,14,34,1,99
0,아슬론마을,3,33,아슬론마을,14,34,1,99
0,아슬론마을,3,34,아슬론마을,14,34,1,99
0,아슬론마을,3,35,아슬론마을,14,34,1,99
0,아슬론마을,3,36,아슬론마을,14,34,1,99
0,아슬론마을,3,37,아슬론마을,14,34,1,99
0,아슬론마을,3,38,아슬론마을,14,34,1,99
0,아슬론마을,3,39,아슬론마을,14,34,1,99
0,아슬론마을,3,40,아슬론마을,14,34,1,99
0,아슬론마을,3,41,아슬론마을,14,34,1,99
0,아슬론마을,4,42,아슬론마을,14,34,1,99
0,아슬론마을,3,42,아슬론마을,14,34,1,99
0,아슬론마을,3,43,아슬론마을,14,34,1,99
0,아슬론마을,3,44,아슬론마을,14,34,1,99
0,아슬론마을,3,45,아슬론마을,14,34,1,99
0,아슬론마을,3,46,아슬론마을,14,34,1,99
0,아슬론마을,3,47,아슬론마을,14,34,1,99
0,아슬론마을,3,48,아슬론마을,14,34,1,99
0,아슬론마을,3,49,아슬론마을,14,34,1,99
0,아슬론마을,3,50,아슬론마을,14,34,1,99
0,아슬론마을,3,51,아슬론마을,14,34,1,99
0,아슬론마을,3,52,아슬론마을,14,34,1,99
0,아슬론마을,3,53,아슬론마을,14,34,1,99
0,아슬론마을,3,54,아슬론마을,14,34,1,99
0,아슬론마을,3,55,아슬론마을,14,34,1,99
0,아슬론마을,3,56,아슬론마을,14,34,1,99
0,아슬론마을,3,57,아슬론마을,14,34,1,99
0,아슬론마을,3,58,아슬론마을,14,34,1,99
0,아슬론마을,3,59,아슬론마을,14,34,1,99
0,아슬론마을,3,60,아슬론마을,14,34,1,99
0,아슬론마을,3,61,아슬론마을,14,34,1,99
0,아슬론마을,3,62,아슬론마을,14,34,1,99
0,아슬론마을,3,63,아슬론마을,14,34,1,99
0,아슬론마을,3,64,아슬론마을,14,34,1,99
0,아슬론마을,3,65,아슬론마을,14,34,1,99
0,아슬론마을,3,66,아슬론마을,14,34,1,99
0,아슬론마을,3,67,아슬론마을,14,34,1,99
0,아슬론마을,3,68,아슬론마을,14,34,1,99
0,아슬론마을,3,69,아슬론마을,14,34,1,99
0,아슬론마을,3,70,아슬론마을,14,34,1,99
0,아슬론마을,3,71,아슬론마을,14,34,1,99
0,아슬론마을,3,72,아슬론마을,14,34,1,99
0,아슬론마을,3,73,아슬론마을,14,34,1,99
0,아슬론마을,3,74,아슬론마을,14,34,1,99
0,아슬론마을,3,75,아슬론마을,14,34,1,99
0,아슬론마을,3,76,아슬론마을,14,34,1,99
0,아슬론마을,3,77,아슬론마을,14,34,1,99
0,아슬론마을,3,78,아슬론마을,14,34,1,99
0,아슬론마을,2,4,아슬론마을,14,34,1,99
0,아슬론마을,2,5,아슬론마을,14,34,1,99
0,아슬론마을,2,6,아슬론마을,14,34,1,99
0,아슬론마을,2,7,아슬론마을,14,34,1,99
0,아슬론마을,2,8,아슬론마을,14,34,1,99
0,아슬론마을,2,9,아슬론마을,14,34,1,99
0,아슬론마을,2,10,아슬론마을,14,34,1,99
0,아슬론마을,2,11,아슬론마을,14,34,1,99
0,아슬론마을,2,12,아슬론마을,14,34,1,99
0,아슬론마을,2,13,아슬론마을,14,34,1,99
0,아슬론마을,2,14,아슬론마을,14,34,1,99
0,아슬론마을,2,15,아슬론마을,14,34,1,99
0,아슬론마을,2,16,아슬론마을,14,34,1,99
0,아슬론마을,2,17,아슬론마을,14,34,1,99
0,아슬론마을,2,18,아슬론마을,14,34,1,99
0,아슬론마을,2,19,아슬론마을,14,34,1,99
0,아슬론마을,2,20,아슬론마을,14,34,1,99
0,아슬론마을,2,21,아슬론마을,14,34,1,99
0,아슬론마을,2,22,아슬론마을,14,34,1,99
0,아슬론마을,2,23,아슬론마을,14,34,1,99
0,아슬론마을,2,24,아슬론마을,14,34,1,99
0,아슬론마을,2,25,아슬론마을,14,34,1,99
0,아슬론마을,2,26,아슬론마을,14,34,1,99
0,아슬론마을,2,27,아슬론마을,14,34,1,99
0,아슬론마을,2,28,아슬론마을,14,34,1,99
0,아슬론마을,2,29,아슬론마을,14,34,1,99
0,아슬론마을,2,30,아슬론마을,14,34,1,99
0,아슬론마을,2,31,아슬론마을,14,34,1,99
0,아슬론마을,2,32,아슬론마을,14,34,1,99
0,아슬론마을,2,33,아슬론마을,14,34,1,99
0,아슬론마을,2,34,아슬론마을,14,34,1,99
0,아슬론마을,2,35,아슬론마을,14,34,1,99
0,아슬론마을,2,36,아슬론마을,14,34,1,99
0,아슬론마을,2,37,아슬론마을,14,34,1,99
0,아슬론마을,2,38,아슬론마을,14,34,1,99
0,아슬론마을,2,39,아슬론마을,14,34,1,99
0,아슬론마을,2,40,아슬론마을,14,34,1,99
0,아슬론마을,2,41,아슬론마을,14,34,1,99
0,아슬론마을,2,42,아슬론마을,14,34,1,99
0,아슬론마을,2,43,아슬론마을,14,34,1,99
0,아슬론마을,2,44,아슬론마을,14,34,1,99
0,아슬론마을,2,45,아슬론마을,14,34,1,99
0,아슬론마을,2,46,아슬론마을,14,34,1,99
0,아슬론마을,2,47,아슬론마을,14,34,1,99
0,아슬론마을,2,48,아슬론마을,14,34,1,99
0,아슬론마을,2,49,아슬론마을,14,34,1,99
0,아슬론마을,2,50,아슬론마을,14,34,1,99
0,아슬론마을,2,51,아슬론마을,14,34,1,99
0,아슬론마을,2,52,아슬론마을,14,34,1,99
0,아슬론마을,2,53,아슬론마을,14,34,1,99
0,아슬론마을,2,54,아슬론마을,14,34,1,99
0,아슬론마을,2,55,아슬론마을,14,34,1,99
0,아슬론마을,2,56,아슬론마을,14,34,1,99
0,아슬론마을,2,57,아슬론마을,14,34,1,99
0,아슬론마을,2,58,아슬론마을,14,34,1,99
0,아슬론마을,2,59,아슬론마을,14,34,1,99
0,아슬론마을,2,60,아슬론마을,14,34,1,99
0,아슬론마을,2,61,아슬론마을,14,34,1,99
0,아슬론마을,2,62,아슬론마을,14,34,1,99
0,아슬론마을,2,63,아슬론마을,14,34,1,99
0,아슬론마을,2,64,아슬론마을,14,34,1,99
0,아슬론마을,2,65,아슬론마을,14,34,1,99
0,아슬론마을,2,66,아슬론마을,14,34,1,99
0,아슬론마을,2,67,아슬론마을,14,34,1,99
0,아슬론마을,2,68,아슬론마을,14,34,1,99
0,아슬론마을,2,69,아슬론마을,14,34,1,99
0,아슬론마을,2,70,아슬론마을,14,34,1,99
0,아슬론마을,2,71,아슬론마을,14,34,1,99
0,아슬론마을,2,72,아슬론마을,14,34,1,99
0,아슬론마을,2,73,아슬론마을,14,34,1,99
0,아슬론마을,2,74,아슬론마을,14,34,1,99
0,아슬론마을,2,75,아슬론마을,14,34,1,99
0,아슬론마을,2,76,아슬론마을,14,34,1,99
0,아슬론마을,2,77,아슬론마을,14,34,1,99
0,아슬론마을,2,78,아슬론마을,14,34,1,99

0,아슬론마을,3,77,아슬론마을,14,34,1,99
0,아슬론마을,4,77,아슬론마을,14,34,1,99
0,아슬론마을,5,77,아슬론마을,14,34,1,99
0,아슬론마을,6,77,아슬론마을,14,34,1,99
0,아슬론마을,7,77,아슬론마을,14,34,1,99
0,아슬론마을,8,77,아슬론마을,14,34,1,99
0,아슬론마을,9,77,아슬론마을,14,34,1,99
0,아슬론마을,10,77,아슬론마을,14,34,1,99
0,아슬론마을,11,77,아슬론마을,14,34,1,99
0,아슬론마을,12,77,아슬론마을,14,34,1,99
0,아슬론마을,13,77,아슬론마을,14,34,1,99
0,아슬론마을,14,77,아슬론마을,14,34,1,99
0,아슬론마을,15,77,아슬론마을,14,34,1,99
0,아슬론마을,16,77,아슬론마을,14,34,1,99
0,아슬론마을,17,77,아슬론마을,14,34,1,99
0,아슬론마을,18,77,아슬론마을,14,34,1,99
0,아슬론마을,19,77,아슬론마을,14,34,1,99
0,아슬론마을,20,77,아슬론마을,14,34,1,99
0,아슬론마을,21,77,아슬론마을,14,34,1,99
0,아슬론마을,22,77,아슬론마을,14,34,1,99
0,아슬론마을,23,77,아슬론마을,14,34,1,99
0,아슬론마을,24,77,아슬론마을,14,34,1,99
0,아슬론마을,25,77,아슬론마을,14,34,1,99
0,아슬론마을,26,77,아슬론마을,14,34,1,99
0,아슬론마을,27,77,아슬론마을,14,34,1,99
0,아슬론마을,28,77,아슬론마을,14,34,1,99
0,아슬론마을,29,77,아슬론마을,14,34,1,99
0,아슬론마을,30,77,아슬론마을,14,34,1,99
0,아슬론마을,31,77,아슬론마을,14,34,1,99
0,아슬론마을,32,77,아슬론마을,14,34,1,99
0,아슬론마을,33,77,아슬론마을,14,34,1,99
0,아슬론마을,34,77,아슬론마을,14,34,1,99
0,아슬론마을,35,77,아슬론마을,14,34,1,99
0,아슬론마을,36,77,아슬론마을,14,34,1,99
0,아슬론마을,37,77,아슬론마을,14,34,1,99
0,아슬론마을,38,77,아슬론마을,14,34,1,99
0,아슬론마을,39,77,아슬론마을,14,34,1,99
0,아슬론마을,40,77,아슬론마을,14,34,1,99
0,아슬론마을,41,77,아슬론마을,14,34,1,99
0,아슬론마을,42,77,아슬론마을,14,34,1,99
0,아슬론마을,43,77,아슬론마을,14,34,1,99
0,아슬론마을,44,77,아슬론마을,14,34,1,99
0,아슬론마을,45,77,아슬론마을,14,34,1,99
0,아슬론마을,46,77,아슬론마을,14,34,1,99
0,아슬론마을,47,77,아슬론마을,14,34,1,99
0,아슬론마을,48,77,아슬론마을,14,34,1,99
0,아슬론마을,49,77,아슬론마을,14,34,1,99
0,아슬론마을,50,77,아슬론마을,14,34,1,99
0,아슬론마을,51,77,아슬론마을,14,34,1,99
0,아슬론마을,52,77,아슬론마을,14,34,1,99
0,아슬론마을,53,77,아슬론마을,14,34,1,99
0,아슬론마을,54,77,아슬론마을,14,34,1,99
0,아슬론마을,55,77,아슬론마을,14,34,1,99
0,아슬론마을,56,77,아슬론마을,14,34,1,99
0,아슬론마을,57,77,아슬론마을,14,34,1,99
0,아슬론마을,58,77,아슬론마을,14,34,1,99
0,아슬론마을,59,77,아슬론마을,14,34,1,99
0,아슬론마을,60,77,아슬론마을,14,34,1,99
0,아슬론마을,61,77,아슬론마을,14,34,1,99
0,아슬론마을,62,77,아슬론마을,14,34,1,99
0,아슬론마을,63,77,아슬론마을,14,34,1,99
0,아슬론마을,64,77,아슬론마을,14,34,1,99
0,아슬론마을,65,77,아슬론마을,14,34,1,99
0,아슬론마을,66,77,아슬론마을,14,34,1,99
0,아슬론마을,67,77,아슬론마을,14,34,1,99
0,아슬론마을,68,77,아슬론마을,14,34,1,99
0,아슬론마을,69,77,아슬론마을,14,34,1,99
0,아슬론마을,70,77,아슬론마을,14,34,1,99
0,아슬론마을,71,77,아슬론마을,14,34,1,99
0,아슬론마을,72,77,아슬론마을,14,34,1,99
0,아슬론마을,73,77,아슬론마을,14,34,1,99
0,아슬론마을,74,77,아슬론마을,14,34,1,99
0,아슬론마을,75,77,아슬론마을,14,34,1,99
0,아슬론마을,76,77,아슬론마을,14,34,1,99
0,아슬론마을,77,77,아슬론마을,14,34,1,99
0,아슬론마을,78,77,아슬론마을,14,34,1,99
0,아슬론마을,79,77,아슬론마을,14,34,1,99
0,아슬론마을,80,77,아슬론마을,14,34,1,99
0,아슬론마을,81,77,아슬론마을,14,34,1,99
0,아슬론마을,82,77,아슬론마을,14,34,1,99
0,아슬론마을,83,77,아슬론마을,14,34,1,99
0,아슬론마을,84,77,아슬론마을,14,34,1,99
0,아슬론마을,85,77,아슬론마을,14,34,1,99
0,아슬론마을,86,77,아슬론마을,14,34,1,99
0,아슬론마을,87,77,아슬론마을,14,34,1,99
0,아슬론마을,88,77,아슬론마을,14,34,1,99
0,아슬론마을,3,76,아슬론마을,14,34,1,99
0,아슬론마을,4,76,아슬론마을,14,34,1,99
0,아슬론마을,5,76,아슬론마을,14,34,1,99
0,아슬론마을,6,76,아슬론마을,14,34,1,99
0,아슬론마을,7,76,아슬론마을,14,34,1,99
0,아슬론마을,8,76,아슬론마을,14,34,1,99
0,아슬론마을,9,76,아슬론마을,14,34,1,99
0,아슬론마을,10,76,아슬론마을,14,34,1,99
0,아슬론마을,11,76,아슬론마을,14,34,1,99
0,아슬론마을,12,76,아슬론마을,14,34,1,99
0,아슬론마을,13,76,아슬론마을,14,34,1,99
0,아슬론마을,14,76,아슬론마을,14,34,1,99
0,아슬론마을,15,76,아슬론마을,14,34,1,99
0,아슬론마을,16,76,아슬론마을,14,34,1,99
0,아슬론마을,17,76,아슬론마을,14,34,1,99
0,아슬론마을,18,76,아슬론마을,14,34,1,99
0,아슬론마을,19,76,아슬론마을,14,34,1,99
0,아슬론마을,20,76,아슬론마을,14,34,1,99
0,아슬론마을,21,76,아슬론마을,14,34,1,99
0,아슬론마을,22,76,아슬론마을,14,34,1,99
0,아슬론마을,23,76,아슬론마을,14,34,1,99
0,아슬론마을,24,76,아슬론마을,14,34,1,99
0,아슬론마을,25,76,아슬론마을,14,34,1,99
0,아슬론마을,26,76,아슬론마을,14,34,1,99
0,아슬론마을,27,76,아슬론마을,14,34,1,99
0,아슬론마을,28,76,아슬론마을,14,34,1,99
0,아슬론마을,29,76,아슬론마을,14,34,1,99
0,아슬론마을,30,76,아슬론마을,14,34,1,99
0,아슬론마을,31,76,아슬론마을,14,34,1,99
0,아슬론마을,32,76,아슬론마을,14,34,1,99
0,아슬론마을,33,76,아슬론마을,14,34,1,99
0,아슬론마을,34,76,아슬론마을,14,34,1,99
0,아슬론마을,35,76,아슬론마을,14,34,1,99
0,아슬론마을,36,76,아슬론마을,14,34,1,99
0,아슬론마을,37,76,아슬론마을,14,34,1,99
0,아슬론마을,38,76,아슬론마을,14,34,1,99
0,아슬론마을,39,76,아슬론마을,14,34,1,99
0,아슬론마을,40,76,아슬론마을,14,34,1,99
0,아슬론마을,41,76,아슬론마을,14,34,1,99
0,아슬론마을,42,76,아슬론마을,14,34,1,99
0,아슬론마을,43,76,아슬론마을,14,34,1,99
0,아슬론마을,44,76,아슬론마을,14,34,1,99
0,아슬론마을,45,76,아슬론마을,14,34,1,99
0,아슬론마을,46,76,아슬론마을,14,34,1,99
0,아슬론마을,47,76,아슬론마을,14,34,1,99
0,아슬론마을,48,76,아슬론마을,14,34,1,99
0,아슬론마을,49,76,아슬론마을,14,34,1,99
0,아슬론마을,50,76,아슬론마을,14,34,1,99
0,아슬론마을,51,76,아슬론마을,14,34,1,99
0,아슬론마을,52,76,아슬론마을,14,34,1,99
0,아슬론마을,53,76,아슬론마을,14,34,1,99
0,아슬론마을,54,76,아슬론마을,14,34,1,99
0,아슬론마을,55,76,아슬론마을,14,34,1,99
0,아슬론마을,56,76,아슬론마을,14,34,1,99
0,아슬론마을,57,76,아슬론마을,14,34,1,99
0,아슬론마을,58,76,아슬론마을,14,34,1,99
0,아슬론마을,59,76,아슬론마을,14,34,1,99
0,아슬론마을,60,76,아슬론마을,14,34,1,99
0,아슬론마을,61,76,아슬론마을,14,34,1,99
0,아슬론마을,62,76,아슬론마을,14,34,1,99
0,아슬론마을,63,76,아슬론마을,14,34,1,99
0,아슬론마을,64,76,아슬론마을,14,34,1,99
0,아슬론마을,65,76,아슬론마을,14,34,1,99
0,아슬론마을,66,76,아슬론마을,14,34,1,99
0,아슬론마을,67,76,아슬론마을,14,34,1,99
0,아슬론마을,68,76,아슬론마을,14,34,1,99
0,아슬론마을,69,76,아슬론마을,14,34,1,99
0,아슬론마을,70,76,아슬론마을,14,34,1,99
0,아슬론마을,71,76,아슬론마을,14,34,1,99
0,아슬론마을,72,76,아슬론마을,14,34,1,99
0,아슬론마을,73,76,아슬론마을,14,34,1,99
0,아슬론마을,74,76,아슬론마을,14,34,1,99
0,아슬론마을,75,76,아슬론마을,14,34,1,99
0,아슬론마을,76,76,아슬론마을,14,34,1,99
0,아슬론마을,77,76,아슬론마을,14,34,1,99
0,아슬론마을,78,76,아슬론마을,14,34,1,99
0,아슬론마을,79,76,아슬론마을,14,34,1,99
0,아슬론마을,80,76,아슬론마을,14,34,1,99
0,아슬론마을,81,76,아슬론마을,14,34,1,99
0,아슬론마을,82,76,아슬론마을,14,34,1,99
0,아슬론마을,83,76,아슬론마을,14,34,1,99
0,아슬론마을,84,76,아슬론마을,14,34,1,99
0,아슬론마을,85,76,아슬론마을,14,34,1,99
0,아슬론마을,86,76,아슬론마을,14,34,1,99
0,아슬론마을,87,76,아슬론마을,14,34,1,99
0,아슬론마을,88,76,아슬론마을,14,34,1,99
0,아슬론마을,12,75,아슬론마을,14,34,1,99
0,아슬론마을,12,74,아슬론마을,14,34,1,99

0,아슬론마을,88,0,아슬론마을,14,34,1,99
0,아슬론마을,88,1,아슬론마을,14,34,1,99
0,아슬론마을,88,2,아슬론마을,14,34,1,99
0,아슬론마을,88,3,아슬론마을,14,34,1,99
0,아슬론마을,88,4,아슬론마을,14,34,1,99
0,아슬론마을,88,5,아슬론마을,14,34,1,99
0,아슬론마을,88,6,아슬론마을,14,34,1,99
0,아슬론마을,88,7,아슬론마을,14,34,1,99
0,아슬론마을,88,8,아슬론마을,14,34,1,99
0,아슬론마을,88,9,아슬론마을,14,34,1,99
0,아슬론마을,88,10,아슬론마을,14,34,1,99
0,아슬론마을,88,11,아슬론마을,14,34,1,99
0,아슬론마을,88,12,아슬론마을,14,34,1,99
0,아슬론마을,88,13,아슬론마을,14,34,1,99
0,아슬론마을,88,14,아슬론마을,14,34,1,99
0,아슬론마을,88,15,아슬론마을,14,34,1,99
0,아슬론마을,88,16,아슬론마을,14,34,1,99
0,아슬론마을,88,17,아슬론마을,14,34,1,99
0,아슬론마을,88,18,아슬론마을,14,34,1,99
0,아슬론마을,88,19,아슬론마을,14,34,1,99
0,아슬론마을,88,20,아슬론마을,14,34,1,99
0,아슬론마을,88,21,아슬론마을,14,34,1,99
0,아슬론마을,88,22,아슬론마을,14,34,1,99
0,아슬론마을,88,23,아슬론마을,14,34,1,99
0,아슬론마을,88,24,아슬론마을,14,34,1,99
0,아슬론마을,88,25,아슬론마을,14,34,1,99
0,아슬론마을,88,26,아슬론마을,14,34,1,99
0,아슬론마을,88,27,아슬론마을,14,34,1,99
0,아슬론마을,88,28,아슬론마을,14,34,1,99
0,아슬론마을,88,29,아슬론마을,14,34,1,99
0,아슬론마을,88,30,아슬론마을,14,34,1,99
0,아슬론마을,88,31,아슬론마을,14,34,1,99
0,아슬론마을,88,32,아슬론마을,14,34,1,99
0,아슬론마을,88,33,아슬론마을,14,34,1,99
0,아슬론마을,88,34,아슬론마을,14,34,1,99
0,아슬론마을,88,35,아슬론마을,14,34,1,99
0,아슬론마을,88,36,아슬론마을,14,34,1,99
0,아슬론마을,88,37,아슬론마을,14,34,1,99
0,아슬론마을,88,38,아슬론마을,14,34,1,99
0,아슬론마을,88,39,아슬론마을,14,34,1,99
0,아슬론마을,88,40,아슬론마을,14,34,1,99
0,아슬론마을,88,41,아슬론마을,14,34,1,99
0,아슬론마을,88,42,아슬론마을,14,34,1,99
0,아슬론마을,88,43,아슬론마을,14,34,1,99
0,아슬론마을,88,44,아슬론마을,14,34,1,99
0,아슬론마을,88,45,아슬론마을,14,34,1,99
0,아슬론마을,88,46,아슬론마을,14,34,1,99
0,아슬론마을,88,47,아슬론마을,14,34,1,99
0,아슬론마을,88,48,아슬론마을,14,34,1,99
0,아슬론마을,88,49,아슬론마을,14,34,1,99
0,아슬론마을,88,50,아슬론마을,14,34,1,99
0,아슬론마을,88,51,아슬론마을,14,34,1,99
0,아슬론마을,88,52,아슬론마을,14,34,1,99
0,아슬론마을,88,53,아슬론마을,14,34,1,99
0,아슬론마을,88,54,아슬론마을,14,34,1,99
0,아슬론마을,88,55,아슬론마을,14,34,1,99
0,아슬론마을,88,56,아슬론마을,14,34,1,99
0,아슬론마을,88,57,아슬론마을,14,34,1,99
0,아슬론마을,88,58,아슬론마을,14,34,1,99
0,아슬론마을,88,59,아슬론마을,14,34,1,99
0,아슬론마을,88,60,아슬론마을,14,34,1,99
0,아슬론마을,88,61,아슬론마을,14,34,1,99
0,아슬론마을,88,62,아슬론마을,14,34,1,99
0,아슬론마을,88,63,아슬론마을,14,34,1,99
0,아슬론마을,88,64,아슬론마을,14,34,1,99
0,아슬론마을,88,65,아슬론마을,14,34,1,99
0,아슬론마을,88,66,아슬론마을,14,34,1,99
0,아슬론마을,88,67,아슬론마을,14,34,1,99
0,아슬론마을,88,68,아슬론마을,14,34,1,99
0,아슬론마을,88,69,아슬론마을,14,34,1,99
0,아슬론마을,88,70,아슬론마을,14,34,1,99
0,아슬론마을,88,71,아슬론마을,14,34,1,99
0,아슬론마을,88,72,아슬론마을,14,34,1,99
0,아슬론마을,88,73,아슬론마을,14,34,1,99
0,아슬론마을,88,74,아슬론마을,14,34,1,99
0,아슬론마을,88,75,아슬론마을,14,34,1,99
0,아슬론마을,87,0,아슬론마을,14,34,1,99
0,아슬론마을,87,1,아슬론마을,14,34,1,99
0,아슬론마을,87,2,아슬론마을,14,34,1,99
0,아슬론마을,87,3,아슬론마을,14,34,1,99
0,아슬론마을,87,4,아슬론마을,14,34,1,99
0,아슬론마을,87,5,아슬론마을,14,34,1,99
0,아슬론마을,87,6,아슬론마을,14,34,1,99
0,아슬론마을,87,7,아슬론마을,14,34,1,99
0,아슬론마을,87,8,아슬론마을,14,34,1,99
0,아슬론마을,87,9,아슬론마을,14,34,1,99
0,아슬론마을,87,10,아슬론마을,14,34,1,99
0,아슬론마을,87,11,아슬론마을,14,34,1,99
0,아슬론마을,87,12,아슬론마을,14,34,1,99
0,아슬론마을,87,13,아슬론마을,14,34,1,99
0,아슬론마을,87,14,아슬론마을,14,34,1,99
0,아슬론마을,87,15,아슬론마을,14,34,1,99
0,아슬론마을,87,16,아슬론마을,14,34,1,99
0,아슬론마을,87,17,아슬론마을,14,34,1,99
0,아슬론마을,87,18,아슬론마을,14,34,1,99
0,아슬론마을,87,19,아슬론마을,14,34,1,99
0,아슬론마을,87,20,아슬론마을,14,34,1,99
0,아슬론마을,87,21,아슬론마을,14,34,1,99
0,아슬론마을,87,22,아슬론마을,14,34,1,99
0,아슬론마을,87,23,아슬론마을,14,34,1,99
0,아슬론마을,87,24,아슬론마을,14,34,1,99
0,아슬론마을,87,25,아슬론마을,14,34,1,99
0,아슬론마을,87,26,아슬론마을,14,34,1,99
0,아슬론마을,87,27,아슬론마을,14,34,1,99
0,아슬론마을,87,28,아슬론마을,14,34,1,99
0,아슬론마을,87,29,아슬론마을,14,34,1,99
0,아슬론마을,87,30,아슬론마을,14,34,1,99
0,아슬론마을,87,31,아슬론마을,14,34,1,99
0,아슬론마을,87,32,아슬론마을,14,34,1,99
0,아슬론마을,87,33,아슬론마을,14,34,1,99
0,아슬론마을,87,34,아슬론마을,14,34,1,99
0,아슬론마을,87,35,아슬론마을,14,34,1,99
0,아슬론마을,87,36,아슬론마을,14,34,1,99
0,아슬론마을,87,37,아슬론마을,14,34,1,99
0,아슬론마을,87,38,아슬론마을,14,34,1,99
0,아슬론마을,87,39,아슬론마을,14,34,1,99
0,아슬론마을,87,40,아슬론마을,14,34,1,99
0,아슬론마을,87,41,아슬론마을,14,34,1,99
0,아슬론마을,87,42,아슬론마을,14,34,1,99
0,아슬론마을,87,43,아슬론마을,14,34,1,99
0,아슬론마을,87,44,아슬론마을,14,34,1,99
0,아슬론마을,87,45,아슬론마을,14,34,1,99
0,아슬론마을,87,46,아슬론마을,14,34,1,99
0,아슬론마을,87,47,아슬론마을,14,34,1,99
0,아슬론마을,87,48,아슬론마을,14,34,1,99
0,아슬론마을,87,49,아슬론마을,14,34,1,99
0,아슬론마을,87,50,아슬론마을,14,34,1,99
0,아슬론마을,87,51,아슬론마을,14,34,1,99
0,아슬론마을,87,52,아슬론마을,14,34,1,99
0,아슬론마을,87,53,아슬론마을,14,34,1,99
0,아슬론마을,87,54,아슬론마을,14,34,1,99
0,아슬론마을,87,55,아슬론마을,14,34,1,99
0,아슬론마을,87,56,아슬론마을,14,34,1,99
0,아슬론마을,87,57,아슬론마을,14,34,1,99
0,아슬론마을,87,58,아슬론마을,14,34,1,99
0,아슬론마을,87,59,아슬론마을,14,34,1,99
0,아슬론마을,87,60,아슬론마을,14,34,1,99
0,아슬론마을,87,61,아슬론마을,14,34,1,99
0,아슬론마을,87,62,아슬론마을,14,34,1,99
0,아슬론마을,87,63,아슬론마을,14,34,1,99
0,아슬론마을,87,64,아슬론마을,14,34,1,99
0,아슬론마을,87,65,아슬론마을,14,34,1,99
0,아슬론마을,87,66,아슬론마을,14,34,1,99
0,아슬론마을,87,67,아슬론마을,14,34,1,99
0,아슬론마을,87,68,아슬론마을,14,34,1,99
0,아슬론마을,87,69,아슬론마을,14,34,1,99
0,아슬론마을,87,70,아슬론마을,14,34,1,99
0,아슬론마을,87,71,아슬론마을,14,34,1,99
0,아슬론마을,87,72,아슬론마을,14,34,1,99
0,아슬론마을,87,73,아슬론마을,14,34,1,99
0,아슬론마을,87,74,아슬론마을,14,34,1,99
0,아슬론마을,87,75,아슬론마을,14,34,1,99
0,아슬론마을,86,55,아슬론마을,14,34,1,99
0,아슬론마을,86,56,아슬론마을,14,34,1,99
0,아슬론마을,86,57,아슬론마을,14,34,1,99
0,아슬론마을,86,10,아슬론마을,14,34,1,99
0,아슬론마을,86,11,아슬론마을,14,34,1,99
0,아슬론마을,86,12,아슬론마을,14,34,1,99

0,아슬론마을,1,0,아슬론마을,14,34,1,99
0,아슬론마을,2,0,아슬론마을,14,34,1,99
0,아슬론마을,3,0,아슬론마을,14,34,1,99
0,아슬론마을,4,0,아슬론마을,14,34,1,99
0,아슬론마을,5,0,아슬론마을,14,34,1,99
0,아슬론마을,6,0,아슬론마을,14,34,1,99
0,아슬론마을,7,0,아슬론마을,14,34,1,99
0,아슬론마을,8,0,아슬론마을,14,34,1,99
0,아슬론마을,9,0,아슬론마을,14,34,1,99
0,아슬론마을,10,0,아슬론마을,14,34,1,99
0,아슬론마을,11,0,아슬론마을,14,34,1,99
0,아슬론마을,12,0,아슬론마을,14,34,1,99
0,아슬론마을,13,0,아슬론마을,14,34,1,99
0,아슬론마을,14,0,아슬론마을,14,34,1,99
0,아슬론마을,15,0,아슬론마을,14,34,1,99
0,아슬론마을,16,0,아슬론마을,14,34,1,99
0,아슬론마을,17,0,아슬론마을,14,34,1,99
0,아슬론마을,18,0,아슬론마을,14,34,1,99
0,아슬론마을,19,0,아슬론마을,14,34,1,99
0,아슬론마을,20,0,아슬론마을,14,34,1,99
0,아슬론마을,21,0,아슬론마을,14,34,1,99
0,아슬론마을,22,0,아슬론마을,14,34,1,99
0,아슬론마을,23,0,아슬론마을,14,34,1,99
0,아슬론마을,24,0,아슬론마을,14,34,1,99
0,아슬론마을,25,0,아슬론마을,14,34,1,99
0,아슬론마을,26,0,아슬론마을,14,34,1,99
0,아슬론마을,27,0,아슬론마을,14,34,1,99
0,아슬론마을,28,0,아슬론마을,14,34,1,99
0,아슬론마을,29,0,아슬론마을,14,34,1,99
0,아슬론마을,30,0,아슬론마을,14,34,1,99
0,아슬론마을,31,0,아슬론마을,14,34,1,99
0,아슬론마을,32,0,아슬론마을,14,34,1,99
0,아슬론마을,33,0,아슬론마을,14,34,1,99
0,아슬론마을,34,0,아슬론마을,14,34,1,99
0,아슬론마을,35,0,아슬론마을,14,34,1,99
0,아슬론마을,36,0,아슬론마을,14,34,1,99
0,아슬론마을,37,0,아슬론마을,14,34,1,99
0,아슬론마을,38,0,아슬론마을,14,34,1,99
0,아슬론마을,39,0,아슬론마을,14,34,1,99
0,아슬론마을,40,0,아슬론마을,14,34,1,99
0,아슬론마을,41,0,아슬론마을,14,34,1,99
0,아슬론마을,42,0,아슬론마을,14,34,1,99
0,아슬론마을,43,0,아슬론마을,14,34,1,99
0,아슬론마을,44,0,아슬론마을,14,34,1,99
0,아슬론마을,45,0,아슬론마을,14,34,1,99
0,아슬론마을,46,0,아슬론마을,14,34,1,99
0,아슬론마을,47,0,아슬론마을,14,34,1,99
0,아슬론마을,48,0,아슬론마을,14,34,1,99
0,아슬론마을,49,0,아슬론마을,14,34,1,99
0,아슬론마을,50,0,아슬론마을,14,34,1,99
0,아슬론마을,51,0,아슬론마을,14,34,1,99
0,아슬론마을,52,0,아슬론마을,14,34,1,99
0,아슬론마을,53,0,아슬론마을,14,34,1,99
0,아슬론마을,54,0,아슬론마을,14,34,1,99
0,아슬론마을,55,0,아슬론마을,14,34,1,99
0,아슬론마을,56,0,아슬론마을,14,34,1,99
0,아슬론마을,57,0,아슬론마을,14,34,1,99
0,아슬론마을,58,0,아슬론마을,14,34,1,99
0,아슬론마을,59,0,아슬론마을,14,34,1,99
0,아슬론마을,60,0,아슬론마을,14,34,1,99
0,아슬론마을,61,0,아슬론마을,14,34,1,99
0,아슬론마을,62,0,아슬론마을,14,34,1,99
0,아슬론마을,63,0,아슬론마을,14,34,1,99
0,아슬론마을,64,0,아슬론마을,14,34,1,99
0,아슬론마을,65,0,아슬론마을,14,34,1,99
0,아슬론마을,66,0,아슬론마을,14,34,1,99
0,아슬론마을,67,0,아슬론마을,14,34,1,99
0,아슬론마을,68,0,아슬론마을,14,34,1,99
0,아슬론마을,69,0,아슬론마을,14,34,1,99
0,아슬론마을,70,0,아슬론마을,14,34,1,99
0,아슬론마을,71,0,아슬론마을,14,34,1,99
0,아슬론마을,72,0,아슬론마을,14,34,1,99
0,아슬론마을,73,0,아슬론마을,14,34,1,99
0,아슬론마을,74,0,아슬론마을,14,34,1,99
0,아슬론마을,75,0,아슬론마을,14,34,1,99
0,아슬론마을,76,0,아슬론마을,14,34,1,99
0,아슬론마을,77,0,아슬론마을,14,34,1,99
0,아슬론마을,78,0,아슬론마을,14,34,1,99
0,아슬론마을,79,0,아슬론마을,14,34,1,99
0,아슬론마을,80,0,아슬론마을,14,34,1,99
0,아슬론마을,81,0,아슬론마을,14,34,1,99
0,아슬론마을,82,0,아슬론마을,14,34,1,99
0,아슬론마을,83,0,아슬론마을,14,34,1,99
0,아슬론마을,84,0,아슬론마을,14,34,1,99
0,아슬론마을,85,0,아슬론마을,14,34,1,99
0,아슬론마을,86,0,아슬론마을,14,34,1,99

0,아슬론마을,1,1,아슬론마을,14,34,1,99
0,아슬론마을,2,1,아슬론마을,14,34,1,99
0,아슬론마을,3,1,아슬론마을,14,34,1,99
0,아슬론마을,4,1,아슬론마을,14,34,1,99
0,아슬론마을,5,1,아슬론마을,14,34,1,99
0,아슬론마을,6,1,아슬론마을,14,34,1,99
0,아슬론마을,7,1,아슬론마을,14,34,1,99
0,아슬론마을,8,1,아슬론마을,14,34,1,99
0,아슬론마을,9,1,아슬론마을,14,34,1,99
0,아슬론마을,10,1,아슬론마을,14,34,1,99
0,아슬론마을,11,1,아슬론마을,14,34,1,99
0,아슬론마을,12,1,아슬론마을,14,34,1,99
0,아슬론마을,13,1,아슬론마을,14,34,1,99
0,아슬론마을,14,1,아슬론마을,14,34,1,99
0,아슬론마을,15,1,아슬론마을,14,34,1,99
0,아슬론마을,16,1,아슬론마을,14,34,1,99
0,아슬론마을,17,1,아슬론마을,14,34,1,99
0,아슬론마을,18,1,아슬론마을,14,34,1,99
0,아슬론마을,19,1,아슬론마을,14,34,1,99
0,아슬론마을,20,1,아슬론마을,14,34,1,99
0,아슬론마을,21,1,아슬론마을,14,34,1,99
0,아슬론마을,22,1,아슬론마을,14,34,1,99
0,아슬론마을,23,1,아슬론마을,14,34,1,99
0,아슬론마을,24,1,아슬론마을,14,34,1,99
0,아슬론마을,25,1,아슬론마을,14,34,1,99
0,아슬론마을,26,1,아슬론마을,14,34,1,99
0,아슬론마을,27,1,아슬론마을,14,34,1,99
0,아슬론마을,28,1,아슬론마을,14,34,1,99
0,아슬론마을,29,1,아슬론마을,14,34,1,99
0,아슬론마을,30,1,아슬론마을,14,34,1,99
0,아슬론마을,31,1,아슬론마을,14,34,1,99
0,아슬론마을,32,1,아슬론마을,14,34,1,99
0,아슬론마을,33,1,아슬론마을,14,34,1,99
0,아슬론마을,34,1,아슬론마을,14,34,1,99
0,아슬론마을,35,1,아슬론마을,14,34,1,99
0,아슬론마을,36,1,아슬론마을,14,34,1,99
0,아슬론마을,37,1,아슬론마을,14,34,1,99
0,아슬론마을,38,1,아슬론마을,14,34,1,99
0,아슬론마을,39,1,아슬론마을,14,34,1,99
0,아슬론마을,40,1,아슬론마을,14,34,1,99
0,아슬론마을,41,1,아슬론마을,14,34,1,99
0,아슬론마을,42,1,아슬론마을,14,34,1,99
0,아슬론마을,43,1,아슬론마을,14,34,1,99
0,아슬론마을,44,1,아슬론마을,14,34,1,99
0,아슬론마을,45,1,아슬론마을,14,34,1,99
0,아슬론마을,46,1,아슬론마을,14,34,1,99
0,아슬론마을,47,1,아슬론마을,14,34,1,99
0,아슬론마을,48,1,아슬론마을,14,34,1,99
0,아슬론마을,49,1,아슬론마을,14,34,1,99
0,아슬론마을,50,1,아슬론마을,14,34,1,99
0,아슬론마을,51,1,아슬론마을,14,34,1,99
0,아슬론마을,52,1,아슬론마을,14,34,1,99
0,아슬론마을,53,1,아슬론마을,14,34,1,99
0,아슬론마을,54,1,아슬론마을,14,34,1,99
0,아슬론마을,55,1,아슬론마을,14,34,1,99
0,아슬론마을,56,1,아슬론마을,14,34,1,99
0,아슬론마을,57,1,아슬론마을,14,34,1,99
0,아슬론마을,58,1,아슬론마을,14,34,1,99
0,아슬론마을,59,1,아슬론마을,14,34,1,99
0,아슬론마을,60,1,아슬론마을,14,34,1,99
0,아슬론마을,61,1,아슬론마을,14,34,1,99
0,아슬론마을,62,1,아슬론마을,14,34,1,99
0,아슬론마을,63,1,아슬론마을,14,34,1,99
0,아슬론마을,64,1,아슬론마을,14,34,1,99
0,아슬론마을,65,1,아슬론마을,14,34,1,99
0,아슬론마을,66,1,아슬론마을,14,34,1,99
0,아슬론마을,67,1,아슬론마을,14,34,1,99
0,아슬론마을,68,1,아슬론마을,14,34,1,99
0,아슬론마을,69,1,아슬론마을,14,34,1,99
0,아슬론마을,70,1,아슬론마을,14,34,1,99
0,아슬론마을,71,1,아슬론마을,14,34,1,99
0,아슬론마을,72,1,아슬론마을,14,34,1,99
0,아슬론마을,73,1,아슬론마을,14,34,1,99
0,아슬론마을,74,1,아슬론마을,14,34,1,99
0,아슬론마을,75,1,아슬론마을,14,34,1,99
0,아슬론마을,76,1,아슬론마을,14,34,1,99
0,아슬론마을,77,1,아슬론마을,14,34,1,99
0,아슬론마을,78,1,아슬론마을,14,34,1,99
0,아슬론마을,79,1,아슬론마을,14,34,1,99
0,아슬론마을,80,1,아슬론마을,14,34,1,99
0,아슬론마을,81,1,아슬론마을,14,34,1,99
0,아슬론마을,82,1,아슬론마을,14,34,1,99
0,아슬론마을,83,1,아슬론마을,14,34,1,99
0,아슬론마을,84,1,아슬론마을,14,34,1,99
0,아슬론마을,85,1,아슬론마을,14,34,1,99
0,아슬론마을,86,1,아슬론마을,14,34,1,99
0,아슬론마을,58,2,아슬론마을,14,34,1,99
0,아슬론마을,57,2,아슬론마을,14,34,1,99
0,아슬론마을,56,2,아슬론마을,14,34,1,99
0,아슬론마을,12,1,아슬론마을,14,34,1,99
0,아슬론마을,12,2,아슬론마을,14,34,1,99
0,아슬론마을,11,1,아슬론마을,14,34,1,99
0,아슬론마을,11,2,아슬론마을,14,34,1,99
0,아슬론마을,10,1,아슬론마을,14,34,1,99
0,아슬론마을,10,2,아슬론마을,14,34,1,99
0,아슬론마을,9,0,아슬론마을,14,34,1,99
0,아슬론마을,9,1,아슬론마을,14,34,1,99
0,아슬론마을,9,2,아슬론마을,14,34,1,99
0,아슬론마을,8,0,아슬론마을,14,34,1,99
0,아슬론마을,8,1,아슬론마을,14,34,1,99
0,아슬론마을,7,1,아슬론마을,14,34,1,99
0,아슬론마을,8,2,아슬론마을,14,34,1,99
0,아슬론마을,8,3,아슬론마을,14,34,1,99
0,아슬론마을,7,4,아슬론마을,14,34,1,99
0,아슬론마을,7,3,아슬론마을,14,34,1,99
0,아슬론마을,6,4,아슬론마을,14,34,1,99
0,아슬론마을,6,3,아슬론마을,14,34,1,99
0,아슬론마을,5,3,아슬론마을,14,34,1,99
0,아슬론마을,5,4,아슬론마을,14,34,1,99
0,아슬론마을,4,4,아슬론마을,14,34,1,99
0,아슬론마을,4,3,아슬론마을,14,34,1,99
0,아슬론마을,4,2,아슬론마을,14,34,1,99
0,아슬론마을,4,1,아슬론마을,14,34,1,99
0,아슬론마을,3,2,아슬론마을,14,34,1,99
0,아슬론마을,3,3,아슬론마을,14,34,1,99
0,아슬론마을,2,2,아슬론마을,14,34,1,99
0,아슬론마을,2,3,아슬론마을,14,34,1,99
0,아슬론마을,1,1,아슬론마을,14,34,1,99
0,아슬론마을,1,2,아슬론마을,14,34,1,99
0,아슬론마을,1,3,아슬론마을,14,34,1,99
