0,아이스월드1,9,0,아이스월드2,10,17,0,99
0,아이스월드2,10,19,아이스월드1,9,2,0,99
0,아이스월드2,8,0,아이스월드왕실,10,17,0,99
0,아이스월드2,9,0,아이스월드왕실,10,17,0,99
0,아이스월드2,10,0,아이스월드왕실,10,17,0,99
0,아이스월드2,11,0,아이스월드왕실,10,17,0,99
0,아이스월드왕실,10,19,아이스월드2,9,1,0,99

0,아이스월드대기실,19,9,아이스월드3,2,9,0,99
0,아이스월드대기실,9,19,아이스월드미로1,2,2,0,99
0,아이스월드미로1,2,0,아이스월드대기실,9,17,0,99                                     

0,아이스월드3,9,0,아이스상점2,9,17,0,99
0,아이스상점2,9,19,아이스월드3,9,2,0,99
0,아이스월드4,9,0,아이스상점1,9,17,0,99
0,아이스상점1,9,19,아이스월드4,9,2,0,99


0,아이스월드3,0,9,아이스월드4,17,9,0,99
0,아이스월드4,19,9,아이스월드3,2,9,0,99


0,아이스월드미로1,19,17,아이스월드미로2,2,10,0,99                               
0,아이스월드미로1,19,18,아이스월드미로2,2,10,0,99
0,아이스월드미로2,0,10,아이스월드미로1,17,17,0,99


0,아이스월드미로2,17,6,아이스월드미로3,2,11,0,99                                          
0,아이스월드미로3,2,13,아이스월드미로2,17,8,0,99


0,아이스월드미로3,19,11,아이스월드미로4,2,4,0,99                                                
0,아이스월드미로4,0,4,아이스월드미로3,18,11,0,99

0,아이스월드미로4,8,19,아이스월드보스,6,2,0,99
0,아이스월드미로4,9,19,아이스월드보스,7,2,0,99
0,아이스월드미로4,10,19,아이스월드보스,8,2,0,99