0,아슬론여관,7,14,아슬론마을,50,52,0,99
0,아슬론여관,8,14,아슬론마을,50,52,0,99
0,아슬론여관,9,14,아슬론마을,50,52,0,99
0,아슬론여관,10,14,아슬론마을,50,52,0,99

0,아슬론마을,49,50,아슬론여관,9,11,0,99
0,아슬론마을,50,50,아슬론여관,9,11,0,99
0,아슬론마을,51,50,아슬론여관,9,11,0,99
0,아슬론마을,52,50,아슬론여관,9,11,0,99

0,아슬론마을,15,65,아슬론촌장의집,4,19,0,99

0,아슬론촌장의집,4,21,아슬론마을,17,67,0,99
0,아슬론촌장의집,5,21,아슬론마을,17,67,0,99

0,아슬론마을,12,49,아슬론잡화상점,10,6,0,99
0,아슬론마을,12,50,아슬론잡화상점,10,6,0,99
0,아슬론마을,12,51,아슬론잡화상점,10,6,0,99

0,아슬론잡화상점,13,5,아슬론마을,15,50,0,99
0,아슬론잡화상점,13,6,아슬론마을,15,50,0,99
0,아슬론잡화상점,13,7,아슬론마을,15,50,0,99
0,아슬론잡화상점,13,8,아슬론마을,15,50,0,99

0,아슬론마을,9,39,메데니아뱅크(아슬론지점),8,5,0,99

0,메데니아뱅크(아슬론지점),11,5,아슬론마을,11,37,0,99
0,메데니아뱅크(아슬론지점),11,6,아슬론마을,11,37,0,99

0,아슬론마을,10,29,아슬론무기상점,11,11,0,99
0,아슬론마을,11,29,아슬론무기상점,11,11,0,99
0,아슬론마을,12,29,아슬론무기상점,11,11,0,99
0,아슬론마을,13,29,아슬론무기상점,11,11,0,99

0,아슬론무기상점,10,14,아슬론마을,13,34,0,99
0,아슬론무기상점,11,14,아슬론마을,13,34,0,99
0,아슬론무기상점,12,14,아슬론마을,13,34,0,99
0,아슬론무기상점,13,14,아슬론마을,13,34,0,99

0,아슬론마을,41,25,아슬론식당,6,12,0,99
0,아슬론마을,42,25,아슬론식당,6,12,0,99
0,아슬론마을,43,25,아슬론식당,6,12,0,99
0,아슬론마을,44,25,아슬론식당,6,12,0,99

0,아슬론식당,5,14,아슬론마을,42,28,0,99
0,아슬론식당,6,14,아슬론마을,42,28,0,99
0,아슬론식당,7,14,아슬론마을,42,28,0,99
0,아슬론식당,8,14,아슬론마을,42,28,0,99
--------쓸경우팅김---------------------
0,아슬론항구,32,0,아슬론초원,108,76,0,99
0,아슬론항구,33,0,아슬론초원,109,76,0,99
0,아슬론항구,34,0,아슬론초원,110,76,0,99
0,아슬론항구,35,0,아슬론초원,111,76,0,99
0,아슬론항구,36,0,아슬론초원,112,76,0,99
0,아슬론항구,37,0,아슬론초원,113,76,0,99
0,아슬론항구,38,0,아슬론초원,114,76,0,99
0,아슬론항구,39,0,아슬론초원,115,76,0,99
0,아슬론항구,40,0,아슬론초원,116,76,0,99

0,아슬론초원,108,78,아슬론항구,32,2,0,99
0,아슬론초원,109,78,아슬론항구,33,2,0,99
0,아슬론초원,110,78,아슬론항구,34,2,0,99
0,아슬론초원,111,78,아슬론항구,35,2,0,99
0,아슬론초원,112,78,아슬론항구,36,2,0,99
0,아슬론초원,113,78,아슬론항구,37,2,0,99
0,아슬론초원,114,78,아슬론항구,38,2,0,99
0,아슬론초원,115,78,아슬론항구,39,2,0,99
0,아슬론초원,116,78,아슬론항구,40,2,0,99

0,아슬론마을,89,13,아슬론초원,49,15,0,99
0,아슬론마을,89,14,아슬론초원,49,16,0,99
0,아슬론마을,89,15,아슬론초원,49,17,0,99
0,아슬론마을,89,16,아슬론초원,49,18,0,99
0,아슬론마을,89,17,아슬론초원,49,19,0,99
0,아슬론마을,89,18,아슬론초원,49,15,0,99
0,아슬론마을,89,19,아슬론초원,49,16,0,99
0,아슬론마을,89,20,아슬론초원,49,17,0,99
0,아슬론마을,89,21,아슬론초원,49,18,0,99
0,아슬론마을,89,22,아슬론초원,49,19,0,99
0,아슬론마을,89,23,아슬론초원,49,15,0,99
0,아슬론마을,89,24,아슬론초원,49,16,0,99
0,아슬론마을,89,25,아슬론초원,49,17,0,99
0,아슬론마을,89,26,아슬론초원,49,18,0,99
0,아슬론마을,89,27,아슬론초원,49,19,0,99
0,아슬론마을,89,28,아슬론초원,49,15,0,99
0,아슬론마을,89,29,아슬론초원,49,16,0,99
0,아슬론마을,89,30,아슬론초원,49,17,0,99
0,아슬론마을,89,31,아슬론초원,49,18,0,99
0,아슬론마을,89,32,아슬론초원,49,19,0,99
0,아슬론마을,89,33,아슬론초원,49,15,0,99
0,아슬론마을,89,34,아슬론초원,49,16,0,99
0,아슬론마을,89,35,아슬론초원,49,17,0,99
0,아슬론마을,89,36,아슬론초원,49,18,0,99
0,아슬론마을,89,37,아슬론초원,49,19,0,99
0,아슬론마을,89,38,아슬론초원,49,15,0,99
0,아슬론마을,89,39,아슬론초원,49,16,0,99
0,아슬론마을,89,40,아슬론초원,49,17,0,99
0,아슬론마을,89,41,아슬론초원,49,18,0,99
0,아슬론마을,89,42,아슬론초원,49,19,0,99
0,아슬론마을,89,43,아슬론초원,49,15,0,99
0,아슬론마을,89,44,아슬론초원,49,16,0,99
0,아슬론마을,89,45,아슬론초원,49,17,0,99
0,아슬론마을,89,46,아슬론초원,49,18,0,99
0,아슬론마을,89,47,아슬론초원,49,19,0,99
0,아슬론마을,89,48,아슬론초원,49,15,0,99
0,아슬론마을,89,49,아슬론초원,49,16,0,99
0,아슬론마을,89,50,아슬론초원,49,17,0,99
0,아슬론마을,89,51,아슬론초원,49,18,0,99
0,아슬론마을,89,52,아슬론초원,49,19,0,99
0,아슬론마을,89,53,아슬론초원,49,15,0,99
0,아슬론마을,89,54,아슬론초원,49,16,0,99
0,아슬론마을,89,55,아슬론초원,49,17,0,99
0,아슬론마을,89,56,아슬론초원,49,18,0,99

0,아슬론마을,13,0,아슬론초원,46,15,0,99
0,아슬론마을,14,0,아슬론초원,47,15,0,99
0,아슬론마을,15,0,아슬론초원,48,15,0,99
0,아슬론마을,16,0,아슬론초원,46,15,0,99
0,아슬론마을,17,0,아슬론초원,47,15,0,99
0,아슬론마을,18,0,아슬론초원,48,15,0,99
0,아슬론마을,19,0,아슬론초원,46,15,0,99
0,아슬론마을,20,0,아슬론초원,47,15,0,99
0,아슬론마을,21,0,아슬론초원,48,15,0,99
0,아슬론마을,22,0,아슬론초원,46,15,0,99
0,아슬론마을,23,0,아슬론초원,47,15,0,99
0,아슬론마을,24,0,아슬론초원,48,15,0,99
0,아슬론마을,25,0,아슬론초원,46,15,0,99
0,아슬론마을,26,0,아슬론초원,47,15,0,99
0,아슬론마을,27,0,아슬론초원,48,15,0,99
0,아슬론마을,28,0,아슬론초원,46,15,0,99
0,아슬론마을,29,0,아슬론초원,47,15,0,99
0,아슬론마을,30,0,아슬론초원,48,15,0,99
0,아슬론마을,31,0,아슬론초원,46,15,0,99
0,아슬론마을,32,0,아슬론초원,47,15,0,99
0,아슬론마을,33,0,아슬론초원,48,15,0,99
0,아슬론마을,34,0,아슬론초원,46,15,0,99
0,아슬론마을,35,0,아슬론초원,47,15,0,99
0,아슬론마을,36,0,아슬론초원,48,15,0,99
0,아슬론마을,37,0,아슬론초원,46,15,0,99
0,아슬론마을,38,0,아슬론초원,47,15,0,99
0,아슬론마을,39,0,아슬론초원,48,15,0,99
0,아슬론마을,40,0,아슬론초원,46,15,0,99
0,아슬론마을,41,0,아슬론초원,47,15,0,99
0,아슬론마을,42,0,아슬론초원,48,15,0,99
0,아슬론마을,43,0,아슬론초원,46,15,0,99
0,아슬론마을,44,0,아슬론초원,47,15,0,99
0,아슬론마을,45,0,아슬론초원,48,15,0,99
0,아슬론마을,46,0,아슬론초원,46,15,0,99
0,아슬론마을,47,0,아슬론초원,47,15,0,99
0,아슬론마을,48,0,아슬론초원,48,15,0,99
0,아슬론마을,49,0,아슬론초원,46,15,0,99
0,아슬론마을,50,0,아슬론초원,47,15,0,99
0,아슬론마을,51,0,아슬론초원,48,15,0,99
0,아슬론마을,52,0,아슬론초원,46,15,0,99
0,아슬론마을,53,0,아슬론초원,47,15,0,99
0,아슬론마을,54,0,아슬론초원,48,15,0,99
0,아슬론마을,55,0,아슬론초원,46,15,0,99
0,아슬론마을,56,0,아슬론초원,47,15,0,99

0,아슬론마을,0,13,아슬론초원,45,16,0,99
0,아슬론마을,0,14,아슬론초원,45,17,0,99
0,아슬론마을,0,15,아슬론초원,45,18,0,99
0,아슬론마을,0,16,아슬론초원,45,16,0,99
0,아슬론마을,0,17,아슬론초원,45,17,0,99
0,아슬론마을,0,18,아슬론초원,45,18,0,99
0,아슬론마을,0,19,아슬론초원,45,16,0,99
0,아슬론마을,0,20,아슬론초원,45,17,0,99
0,아슬론마을,0,21,아슬론초원,45,18,0,99
0,아슬론마을,0,22,아슬론초원,45,16,0,99
0,아슬론마을,0,23,아슬론초원,45,17,0,99
0,아슬론마을,0,24,아슬론초원,45,18,0,99
0,아슬론마을,0,25,아슬론초원,45,16,0,99
0,아슬론마을,0,26,아슬론초원,45,17,0,99
0,아슬론마을,0,27,아슬론초원,45,18,0,99
0,아슬론마을,0,28,아슬론초원,45,16,0,99
0,아슬론마을,0,29,아슬론초원,45,17,0,99
0,아슬론마을,0,30,아슬론초원,45,18,0,99
0,아슬론마을,0,31,아슬론초원,45,16,0,99
0,아슬론마을,0,32,아슬론초원,45,17,0,99
0,아슬론마을,0,33,아슬론초원,45,18,0,99
0,아슬론마을,0,34,아슬론초원,45,16,0,99
0,아슬론마을,0,35,아슬론초원,45,17,0,99
0,아슬론마을,0,36,아슬론초원,45,18,0,99
0,아슬론마을,0,37,아슬론초원,45,16,0,99
0,아슬론마을,0,38,아슬론초원,45,17,0,99
0,아슬론마을,0,39,아슬론초원,45,18,0,99
0,아슬론마을,0,40,아슬론초원,45,16,0,99
0,아슬론마을,0,41,아슬론초원,45,17,0,99
0,아슬론마을,0,42,아슬론초원,45,18,0,99
0,아슬론마을,0,43,아슬론초원,45,16,0,99
0,아슬론마을,0,44,아슬론초원,45,17,0,99
0,아슬론마을,0,45,아슬론초원,45,18,0,99
0,아슬론마을,0,46,아슬론초원,45,16,0,99
0,아슬론마을,0,47,아슬론초원,45,17,0,99
0,아슬론마을,0,48,아슬론초원,45,18,0,99
0,아슬론마을,0,49,아슬론초원,45,16,0,99
0,아슬론마을,0,50,아슬론초원,45,17,0,99
0,아슬론마을,0,51,아슬론초원,45,18,0,99
0,아슬론마을,0,52,아슬론초원,45,16,0,99
0,아슬론마을,0,53,아슬론초원,45,17,0,99
0,아슬론마을,0,54,아슬론초원,45,18,0,99
0,아슬론마을,0,55,아슬론초원,45,16,0,99
0,아슬론마을,0,56,아슬론초원,45,17,0,99

0,아슬론초원,46,17,아슬론마을,2,22,0,99
0,아슬론초원,46,18,아슬론마을,2,22,0,99

0,아슬론초원,46,16,아슬론마을,45,3,0,99
0,아슬론초원,47,16,아슬론마을,46,3,0,99
0,아슬론초원,47,18,아슬론마을,16,75,0,99
0,아슬론초원,48,16,아슬론마을,86,40,0,99
0,아슬론초원,48,17,아슬론마을,86,42,0,99
0,아슬론초원,48,18,아슬론마을,16,75,0,99

0,아슬론초원,11,0,노엠대평원,58,144,0,99
0,아슬론초원,12,0,노엠대평원,59,144,0,99
0,아슬론초원,13,0,노엠대평원,60,144,0,99
0,아슬론초원,14,0,노엠대평원,61,144,0,99
0,아슬론초원,15,0,노엠대평원,62,144,0,99
0,아슬론초원,16,0,노엠대평원,63,144,0,99
0,아슬론초원,17,0,노엠대평원,64,144,0,99
0,아슬론초원,18,0,노엠대평원,65,144,0,99
0,아슬론초원,19,0,노엠대평원,66,144,0,99
0,아슬론초원,20,0,노엠대평원,66,144,0,99
0,아슬론초원,21,0,노엠대평원,67,144,0,99
0,아슬론초원,22,0,노엠대평원,67,144,0,99
0,아슬론초원,23,0,노엠대평원,68,144,0,99
0,아슬론초원,24,0,노엠대평원,68,144,0,99

0,아슬론초원,43,0,노엠대평원,60,142,0,99
0,아슬론초원,44,0,노엠대평원,61,142,0,99
0,아슬론초원,45,0,노엠대평원,62,142,0,99
0,아슬론초원,46,0,노엠대평원,63,142,0,99
0,아슬론초원,47,0,노엠대평원,64,142,0,99
0,아슬론초원,48,0,노엠대평원,65,142,0,99
0,아슬론초원,49,0,노엠대평원,66,142,0,99