///////////배

0,루어스마을,21,89,아침호,23,15,99,99
0,루어스마을,21,88,아침호,23,15,99,99

0,아침호,9,11,아침호,12,13,99,99
0,아침호,9,12,아침호,12,13,99,99
0,아침호,12,13,아침호,8,12,99,99
0,아침호,17,13,아침호,20,15,99,99
0,아침호,17,14,아침호,20,16,99,99
0,아침호,20,15,아침호,17,13,99,99

0,아침호,10,15,선장실,13,8,99,99
0,선장실,14,8,아침호,11,15,99,99

0,아침호,18,12,아침호내부,1,11,99,99   
0,아침호,18,17,아침호내부,1,11,99,99
0,아침호내부,0,11,아침호,19,17,99,99
0,아침호내부,16,2,아침호선실1,9,18,99,99  
0,아침호내부,23,2,아침호선실2,9,18,99,99  
0,아침호내부,30,2,아침호선실3,9,23,99,99
0,아침호내부,41,2,아침호선실4,26,38,99,99
0,아침호내부,18,19,아침호선실5,9,2,99,99
0,아침호내부,25,19,아침호선실6,5,2,99,99
0,아침호내부,32,19,아침호선실7,5,2,99,99
0,아침호내부,43,19,아침호선실8,25,1,99,99

0,아침호선실1,9,19,아침호내부,16,3,99,99  
0,아침호선실2,9,19,아침호내부,23,3,99,99   
0,아침호선실3,9,24,아침호내부,30,3,99,99   
0,아침호선실4,26,39,아침호내부,41,3,99,99
0,아침호선실5,9,1,아침호내부,18,18,99,99   
0,아침호선실6,5,1,아침호내부,25,18,99,99    
0,아침호선실7,5,1,아침호내부,32,18,99,99   
0,아침호선실8,25,0,아침호내부,43,18,99,99