

0,박물관1층1,14,26,용자의공원,47,50,0,99
0,박물관1층1,15,26,용자의공원,48,50,0,99
0,박물관1층2,14,26,용자의공원,47,50,0,99
0,박물관1층2,15,26,용자의공원,48,50,0,99

0,박물관1층1,14,14,박물관2층,9,15,0,99
0,박물관1층1,15,14,박물관2층,9,15,0,99
0,박물관1층2,14,14,박물관2층,9,15,0,99
0,박물관1층2,15,14,박물관2층,9,15,0,99

0,박물관2층,9,14,박물관1층,14,16,0,99
0,박물관2층,10,14,박물관1층,14,16,0,99

0,박물관2층,14,14,박물관3층,9,15,0,99
0,박물관2층,15,14,박물관3층,9,15,0,99

0,박물관3층,9,14,박물관2층,14,16,0,99
0,박물관3층,10,14,박물관2층,14,16,0,99

0,박물관3층,14,14,박물관옥탑,11,20,0,99
0,박물관3층,15,14,박물관옥탑,11,20,0,99

0,박물관옥탑,13,19,박물관3층,15,16,0,99

0,격수사범의집,6,14,월드맵,4,4,0,99
0,격수사범의집,7,14,월드맵,4,4,0,99
0,격수사범의집,8,14,월드맵,4,4,0,99
0,격수사범의집,9,14,월드맵,4,4,0,99
0,비격수사범의집,13,12,월드맵,4,4,0,99