0,죽음의마을입구,7,0,죽음의마을1,44,94,99,99
0,죽음의마을입구,8,0,죽음의마을1,44,94,99,99
0,죽음의마을입구,9,0,죽음의마을1,44,94,99,99
0,죽음의마을입구,10,0,죽음의마을1,44,94,99,99
0,죽음의마을입구,11,0,죽음의마을1,44,94,99,99

0,죽음의마을1,41,99,죽음의마을입구,10,4,99,99
0,죽음의마을1,42,99,죽음의마을입구,10,4,99,99
0,죽음의마을1,43,99,죽음의마을입구,10,4,99,99
0,죽음의마을1,44,99,죽음의마을입구,10,4,99,99
0,죽음의마을1,45,99,죽음의마을입구,10,4,99,99
0,죽음의마을1,46,99,죽음의마을입구,10,4,99,99

0,죽음의마을1,40,0,죽음의마을2,23,95,99,99
0,죽음의마을1,41,0,죽음의마을2,23,95,99,99
0,죽음의마을1,42,0,죽음의마을2,23,95,99,99
0,죽음의마을1,43,0,죽음의마을2,23,95,99,99

0,죽음의마을2,22,99,죽음의마을1,42,2,99,99
0,죽음의마을2,23,99,죽음의마을1,42,2,99,99
0,죽음의마을2,24,99,죽음의마을1,42,2,99,99
0,죽음의마을2,25,99,죽음의마을1,42,2,99,99
0,죽음의마을2,26,99,죽음의마을1,42,2,99,99

0,죽음의마을2,57,0,죽음의마을3,66,95,99,99
0,죽음의마을2,58,0,죽음의마을3,66,95,99,99
0,죽음의마을2,59,0,죽음의마을3,66,95,99,99
0,죽음의마을2,60,0,죽음의마을3,66,95,99,99
0,죽음의마을2,61,0,죽음의마을3,66,95,99,99
0,죽음의마을2,62,0,죽음의마을3,66,95,99,99

0,죽음의마을3,64,99,죽음의마을2,60,3,99,99
0,죽음의마을3,65,99,죽음의마을2,60,3,99,99
0,죽음의마을3,66,99,죽음의마을2,60,3,99,99
0,죽음의마을3,67,99,죽음의마을2,60,3,99,99
0,죽음의마을3,68,99,죽음의마을2,60,3,99,99
0,죽음의마을3,69,99,죽음의마을2,60,3,99,99

0,죽음의마을3,52,0,죽음의마을4,53,95,99,99
0,죽음의마을3,53,0,죽음의마을4,53,95,99,99
0,죽음의마을3,54,0,죽음의마을4,53,95,99,99

0,죽음의마을4,50,99,죽음의마을3,52,4,99,99
0,죽음의마을4,51,99,죽음의마을3,52,4,99,99
0,죽음의마을4,52,99,죽음의마을3,52,4,99,99
0,죽음의마을4,53,99,죽음의마을3,52,4,99,99
0,죽음의마을4,54,99,죽음의마을3,52,4,99,99
0,죽음의마을4,55,99,죽음의마을3,52,4,99,99
0,죽음의마을4,56,99,죽음의마을3,52,4,99,99
