0,초보자마을1,8,0,초보자마을2,6,12,1,99
0,초보자마을1,9,0,초보자마을2,7,12,1,99
0,초보자마을1,10,0,초보자마을2,8,12,1,99
0,초보자마을1,11,0,초보자마을2,9,12,1,99

0,초보자마을2,6,14,초보자마을1,8,2,1,99
0,초보자마을2,7,14,초보자마을1,8,2,1,99
0,초보자마을2,8,14,초보자마을1,8,2,1,99
0,초보자마을2,9,14,초보자마을1,8,2,1,99

0,초보자마을2,3,0,초보자마을3,7,10,1,99
0,초보자마을2,4,0,초보자마을3,8,10,1,99
0,초보자마을2,5,0,초보자마을3,9,10,1,99

0,초보자마을3,7,11,초보자마을2,4,2,1,99
0,초보자마을3,8,11,초보자마을2,4,2,1,99
0,초보자마을3,9,11,초보자마을2,5,2,1,99

0,초보자마을3,0,4,초보자마을4,10,6,1,99
0,초보자마을3,0,5,초보자마을4,10,7,1,99

0,초보자마을4,11,6,초보자마을3,2,4,1,99
0,초보자마을4,11,7,초보자마을3,2,5,1,99

0,초보자마을4,0,5,초보자마을5,10,4,1,99
0,초보자마을4,0,6,초보자마을5,10,5,1,99
0,초보자마을4,0,7,초보자마을5,10,6,1,99

0,초보자마을5,12,4,초보자마을4,2,5,1,99
0,초보자마을5,12,5,초보자마을4,2,6,1,99
0,초보자마을5,12,6,초보자마을4,2,7,1,99

0,초보자마을5,5,0,초보자마을6,5,17,1,99
0,초보자마을5,6,0,초보자마을6,8,17,1,99

0,초보자마을6,5,19,초보자마을5,5,2,1,99
0,초보자마을6,6,19,초보자마을5,5,2,1,99
0,초보자마을6,7,19,초보자마을5,5,2,1,99
0,초보자마을6,8,19,초보자마을5,6,2,1,99
0,초보자마을6,9,19,초보자마을5,6,2,1,99

0,초보자마을6,5,0,초보자마을7,10,15,1,99
0,초보자마을6,6,0,초보자마을7,10,15,1,99
0,초보자마을6,7,0,초보자마을7,11,15,1,99
0,초보자마을6,8,0,초보자마을7,11,15,1,99

0,초보자마을7,10,17,초보자마을6,5,2,1,99
0,초보자마을7,11,17,초보자마을6,7,2,1,99

0,초보자마을7,5,7,농부의집,5,10,1,99

0,농부의집,3,12,초보자마을7,5,8,1,99
0,농부의집,4,12,초보자마을7,5,8,1,99
0,농부의집,5,12,초보자마을7,5,8,1,99
0,농부의집,6,12,초보자마을7,5,8,1,99

0,농부의집,8,1,농부의밭,15,22,1,99

0,농부의밭,13,22,농부의집,8,3,1,99

0,농부의밭,39,29,초보자마을8,2,9,1,99
0,농부의밭,39,30,초보자마을8,2,9,1,99
0,농부의밭,39,31,초보자마을8,2,10,1,99
0,농부의밭,39,32,초보자마을8,2,10,1,99
0,농부의밭,39,33,초보자마을8,2,11,1,99
0,농부의밭,39,34,초보자마을8,8,3,1,99

0,초보자마을8,0,9,농부의밭,37,29,1,99
0,초보자마을8,0,10,농부의밭,37,31,1,99
0,초보자마을8,0,11,농부의밭,37,33,1,99

0,격수사범의집,11,0,비격수사범의집,1,11,1,99
0,비격수사범의집,0,11,격수사범의집,11,1,1,99