3,혼돈의탑7층1,-1,-1,혼돈의탑함정,0,0,1,99
3,혼돈의탑7층2,-1,-1,혼돈의탑함정,0,0,1,99
3,혼돈의탑7층3,-1,-1,혼돈의탑함정,0,0,1,99
3,혼돈의탑7층4,-1,-1,혼돈의탑함정,0,0,1,99
3,혼돈의탑7층5,-1,-1,혼돈의탑함정,0,0,1,99
3,혼돈의탑7층1,-1,-1,혼돈의탑함정,0,0,1,99
3,혼돈의탑7층2,-1,-1,혼돈의탑함정,0,0,1,99
3,혼돈의탑7층3,-1,-1,혼돈의탑함정,0,0,1,99
3,혼돈의탑7층4,-1,-1,혼돈의탑함정,0,0,1,99
3,혼돈의탑7층5,-1,-1,혼돈의탑함정,0,0,1,99
3,혼돈의탑7층1,-1,-1,혼돈의탑함정,0,0,1,99
3,혼돈의탑7층2,-1,-1,혼돈의탑함정,0,0,1,99
3,혼돈의탑7층3,-1,-1,혼돈의탑함정,0,0,1,99
3,혼돈의탑7층4,-1,-1,혼돈의탑함정,0,0,1,99
3,혼돈의탑7층5,-1,-1,혼돈의탑함정,0,0,1,99
3,혼돈의탑7층1,-1,-1,혼돈의탑함정,0,0,1,99
3,혼돈의탑7층2,-1,-1,혼돈의탑함정,0,0,1,99
3,혼돈의탑7층3,-1,-1,혼돈의탑함정,0,0,1,99
3,혼돈의탑7층4,-1,-1,혼돈의탑함정,0,0,1,99
3,혼돈의탑7층5,-1,-1,혼돈의탑함정,0,0,1,99
3,혼돈의탑7층1,-1,-1,혼돈의탑함정,0,0,1,99
3,혼돈의탑7층2,-1,-1,혼돈의탑함정,0,0,1,99
3,혼돈의탑7층3,-1,-1,혼돈의탑함정,0,0,1,99
3,혼돈의탑7층4,-1,-1,혼돈의탑함정,0,0,1,99
3,혼돈의탑7층5,-1,-1,혼돈의탑함정,0,0,1,99
3,혼돈의탑7층1,-1,-1,혼돈의탑함정,0,0,1,99
3,혼돈의탑7층2,-1,-1,혼돈의탑함정,0,0,1,99
3,혼돈의탑7층3,-1,-1,혼돈의탑함정,0,0,1,99
3,혼돈의탑7층4,-1,-1,혼돈의탑함정,0,0,1,99
3,혼돈의탑7층5,-1,-1,혼돈의탑함정,0,0,1,99
3,혼돈의탑7층1,-1,-1,혼돈의탑함정,0,0,1,99
3,혼돈의탑7층2,-1,-1,혼돈의탑함정,0,0,1,99
3,혼돈의탑7층3,-1,-1,혼돈의탑함정,0,0,1,99
3,혼돈의탑7층4,-1,-1,혼돈의탑함정,0,0,1,99
3,혼돈의탑7층5,-1,-1,혼돈의탑함정,0,0,1,99
3,혼돈의탑7층1,-1,-1,혼돈의탑함정,0,0,1,99
3,혼돈의탑7층2,-1,-1,혼돈의탑함정,0,0,1,99
3,혼돈의탑7층3,-1,-1,혼돈의탑함정,0,0,1,99
3,혼돈의탑7층4,-1,-1,혼돈의탑함정,0,0,1,99
3,혼돈의탑7층5,-1,-1,혼돈의탑함정,0,0,1,99
3,혼돈의탑7층1,-1,-1,혼돈의탑함정,0,0,1,99
3,혼돈의탑7층2,-1,-1,혼돈의탑함정,0,0,1,99
3,혼돈의탑7층3,-1,-1,혼돈의탑함정,0,0,1,99
3,혼돈의탑7층4,-1,-1,혼돈의탑함정,0,0,1,99
3,혼돈의탑7층5,-1,-1,혼돈의탑함정,0,0,1,99
3,혼돈의탑7층1,-1,-1,혼돈의탑함정,0,0,1,99
3,혼돈의탑7층2,-1,-1,혼돈의탑함정,0,0,1,99
3,혼돈의탑7층3,-1,-1,혼돈의탑함정,0,0,1,99
3,혼돈의탑7층4,-1,-1,혼돈의탑함정,0,0,1,99
3,혼돈의탑7층5,-1,-1,혼돈의탑함정,0,0,1,99
3,혼돈의탑7층1,-1,-1,혼돈의탑함정,0,0,1,99
3,혼돈의탑7층2,-1,-1,혼돈의탑함정,0,0,1,99
3,혼돈의탑7층3,-1,-1,혼돈의탑함정,0,0,1,99
3,혼돈의탑7층4,-1,-1,혼돈의탑함정,0,0,1,99
3,혼돈의탑7층5,-1,-1,혼돈의탑함정,0,0,1,99
3,혼돈의탑7층1,-1,-1,혼돈의탑함정,0,0,1,99
3,혼돈의탑7층2,-1,-1,혼돈의탑함정,0,0,1,99
3,혼돈의탑7층3,-1,-1,혼돈의탑함정,0,0,1,99
3,혼돈의탑7층4,-1,-1,혼돈의탑함정,0,0,1,99
3,혼돈의탑7층5,-1,-1,혼돈의탑함정,0,0,1,99
3,혼돈의탑7층1,-1,-1,혼돈의탑함정,0,0,1,99
3,혼돈의탑7층2,-1,-1,혼돈의탑함정,0,0,1,99
3,혼돈의탑7층3,-1,-1,혼돈의탑함정,0,0,1,99
3,혼돈의탑7층4,-1,-1,혼돈의탑함정,0,0,1,99
3,혼돈의탑7층5,-1,-1,혼돈의탑함정,0,0,1,99
3,혼돈의탑7층1,-1,-1,혼돈의탑함정,0,0,1,99
3,혼돈의탑7층2,-1,-1,혼돈의탑함정,0,0,1,99
3,혼돈의탑7층3,-1,-1,혼돈의탑함정,0,0,1,99
3,혼돈의탑7층4,-1,-1,혼돈의탑함정,0,0,1,99
3,혼돈의탑7층5,-1,-1,혼돈의탑함정,0,0,1,99
3,혼돈의탑7층1,-1,-1,혼돈의탑함정,0,0,1,99
3,혼돈의탑7층2,-1,-1,혼돈의탑함정,0,0,1,99
3,혼돈의탑7층3,-1,-1,혼돈의탑함정,0,0,1,99
3,혼돈의탑7층4,-1,-1,혼돈의탑함정,0,0,1,99
3,혼돈의탑7층5,-1,-1,혼돈의탑함정,0,0,1,99
3,혼돈의탑7층1,-1,-1,혼돈의탑함정,0,0,1,99
3,혼돈의탑7층2,-1,-1,혼돈의탑함정,0,0,1,99
3,혼돈의탑7층3,-1,-1,혼돈의탑함정,0,0,1,99
3,혼돈의탑7층4,-1,-1,혼돈의탑함정,0,0,1,99
3,혼돈의탑7층5,-1,-1,혼돈의탑함정,0,0,1,99
3,혼돈의탑7층1,-1,-1,혼돈의탑함정,0,0,1,99
3,혼돈의탑7층2,-1,-1,혼돈의탑함정,0,0,1,99
3,혼돈의탑7층3,-1,-1,혼돈의탑함정,0,0,1,99
3,혼돈의탑7층4,-1,-1,혼돈의탑함정,0,0,1,99
3,혼돈의탑7층5,-1,-1,혼돈의탑함정,0,0,1,99
3,혼돈의탑7층1,-1,-1,혼돈의탑함정,0,0,1,99
3,혼돈의탑7층2,-1,-1,혼돈의탑함정,0,0,1,99
3,혼돈의탑7층3,-1,-1,혼돈의탑함정,0,0,1,99
3,혼돈의탑7층4,-1,-1,혼돈의탑함정,0,0,1,99
3,혼돈의탑7층5,-1,-1,혼돈의탑함정,0,0,1,99
3,혼돈의탑7층1,-1,-1,혼돈의탑함정,0,0,1,99
3,혼돈의탑7층2,-1,-1,혼돈의탑함정,0,0,1,99
3,혼돈의탑7층3,-1,-1,혼돈의탑함정,0,0,1,99
3,혼돈의탑7층4,-1,-1,혼돈의탑함정,0,0,1,99
3,혼돈의탑7층5,-1,-1,혼돈의탑함정,0,0,1,99
3,혼돈의탑7층1,-1,-1,혼돈의탑함정,0,0,1,99
3,혼돈의탑7층2,-1,-1,혼돈의탑함정,0,0,1,99
3,혼돈의탑7층3,-1,-1,혼돈의탑함정,0,0,1,99
3,혼돈의탑7층4,-1,-1,혼돈의탑함정,0,0,1,99
3,혼돈의탑7층5,-1,-1,혼돈의탑함정,0,0,1,99

3,혼돈의탑8층1,-1,-1,혼돈의탑함정,0,0,1,99
3,혼돈의탑8층2,-1,-1,혼돈의탑함정,0,0,1,99
3,혼돈의탑8층3,-1,-1,혼돈의탑함정,0,0,1,99
3,혼돈의탑8층4,-1,-1,혼돈의탑함정,0,0,1,99
3,혼돈의탑8층5,-1,-1,혼돈의탑함정,0,0,1,99
3,혼돈의탑8층1,-1,-1,혼돈의탑함정,0,0,1,99
3,혼돈의탑8층2,-1,-1,혼돈의탑함정,0,0,1,99
3,혼돈의탑8층3,-1,-1,혼돈의탑함정,0,0,1,99
3,혼돈의탑8층4,-1,-1,혼돈의탑함정,0,0,1,99
3,혼돈의탑8층5,-1,-1,혼돈의탑함정,0,0,1,99
3,혼돈의탑8층1,-1,-1,혼돈의탑함정,0,0,1,99
3,혼돈의탑8층2,-1,-1,혼돈의탑함정,0,0,1,99
3,혼돈의탑8층3,-1,-1,혼돈의탑함정,0,0,1,99
3,혼돈의탑8층4,-1,-1,혼돈의탑함정,0,0,1,99
3,혼돈의탑8층5,-1,-1,혼돈의탑함정,0,0,1,99
3,혼돈의탑8층1,-1,-1,혼돈의탑함정,0,0,1,99
3,혼돈의탑8층2,-1,-1,혼돈의탑함정,0,0,1,99
3,혼돈의탑8층3,-1,-1,혼돈의탑함정,0,0,1,99
3,혼돈의탑8층4,-1,-1,혼돈의탑함정,0,0,1,99
3,혼돈의탑8층5,-1,-1,혼돈의탑함정,0,0,1,99
3,혼돈의탑8층1,-1,-1,혼돈의탑함정,0,0,1,99
3,혼돈의탑8층2,-1,-1,혼돈의탑함정,0,0,1,99
3,혼돈의탑8층3,-1,-1,혼돈의탑함정,0,0,1,99
3,혼돈의탑8층4,-1,-1,혼돈의탑함정,0,0,1,99
3,혼돈의탑8층5,-1,-1,혼돈의탑함정,0,0,1,99
3,혼돈의탑8층1,-1,-1,혼돈의탑함정,0,0,1,99
3,혼돈의탑8층2,-1,-1,혼돈의탑함정,0,0,1,99
3,혼돈의탑8층3,-1,-1,혼돈의탑함정,0,0,1,99
3,혼돈의탑8층4,-1,-1,혼돈의탑함정,0,0,1,99
3,혼돈의탑8층5,-1,-1,혼돈의탑함정,0,0,1,99
3,혼돈의탑8층1,-1,-1,혼돈의탑함정,0,0,1,99
3,혼돈의탑8층2,-1,-1,혼돈의탑함정,0,0,1,99
3,혼돈의탑8층3,-1,-1,혼돈의탑함정,0,0,1,99
3,혼돈의탑8층4,-1,-1,혼돈의탑함정,0,0,1,99
3,혼돈의탑8층5,-1,-1,혼돈의탑함정,0,0,1,99
3,혼돈의탑8층1,-1,-1,혼돈의탑함정,0,0,1,99
3,혼돈의탑8층2,-1,-1,혼돈의탑함정,0,0,1,99
3,혼돈의탑8층3,-1,-1,혼돈의탑함정,0,0,1,99
3,혼돈의탑8층4,-1,-1,혼돈의탑함정,0,0,1,99
3,혼돈의탑8층5,-1,-1,혼돈의탑함정,0,0,1,99
3,혼돈의탑8층1,-1,-1,혼돈의탑함정,0,0,1,99
3,혼돈의탑8층2,-1,-1,혼돈의탑함정,0,0,1,99
3,혼돈의탑8층3,-1,-1,혼돈의탑함정,0,0,1,99
3,혼돈의탑8층4,-1,-1,혼돈의탑함정,0,0,1,99
3,혼돈의탑8층5,-1,-1,혼돈의탑함정,0,0,1,99
3,혼돈의탑8층1,-1,-1,혼돈의탑함정,0,0,1,99
3,혼돈의탑8층2,-1,-1,혼돈의탑함정,0,0,1,99
3,혼돈의탑8층3,-1,-1,혼돈의탑함정,0,0,1,99
3,혼돈의탑8층4,-1,-1,혼돈의탑함정,0,0,1,99
3,혼돈의탑8층5,-1,-1,혼돈의탑함정,0,0,1,99
3,혼돈의탑8층1,-1,-1,혼돈의탑함정,0,0,1,99
3,혼돈의탑8층2,-1,-1,혼돈의탑함정,0,0,1,99
3,혼돈의탑8층3,-1,-1,혼돈의탑함정,0,0,1,99
3,혼돈의탑8층4,-1,-1,혼돈의탑함정,0,0,1,99
3,혼돈의탑8층5,-1,-1,혼돈의탑함정,0,0,1,99
3,혼돈의탑8층1,-1,-1,혼돈의탑함정,0,0,1,99
3,혼돈의탑8층2,-1,-1,혼돈의탑함정,0,0,1,99
3,혼돈의탑8층3,-1,-1,혼돈의탑함정,0,0,1,99
3,혼돈의탑8층4,-1,-1,혼돈의탑함정,0,0,1,99
3,혼돈의탑8층5,-1,-1,혼돈의탑함정,0,0,1,99
3,혼돈의탑8층1,-1,-1,혼돈의탑함정,0,0,1,99
3,혼돈의탑8층2,-1,-1,혼돈의탑함정,0,0,1,99
3,혼돈의탑8층3,-1,-1,혼돈의탑함정,0,0,1,99
3,혼돈의탑8층4,-1,-1,혼돈의탑함정,0,0,1,99
3,혼돈의탑8층5,-1,-1,혼돈의탑함정,0,0,1,99
3,혼돈의탑8층1,-1,-1,혼돈의탑함정,0,0,1,99
3,혼돈의탑8층2,-1,-1,혼돈의탑함정,0,0,1,99
3,혼돈의탑8층3,-1,-1,혼돈의탑함정,0,0,1,99
3,혼돈의탑8층4,-1,-1,혼돈의탑함정,0,0,1,99
3,혼돈의탑8층5,-1,-1,혼돈의탑함정,0,0,1,99
3,혼돈의탑8층1,-1,-1,혼돈의탑함정,0,0,1,99
3,혼돈의탑8층2,-1,-1,혼돈의탑함정,0,0,1,99
3,혼돈의탑8층3,-1,-1,혼돈의탑함정,0,0,1,99
3,혼돈의탑8층4,-1,-1,혼돈의탑함정,0,0,1,99
3,혼돈의탑8층5,-1,-1,혼돈의탑함정,0,0,1,99
3,혼돈의탑8층1,-1,-1,혼돈의탑함정,0,0,1,99
3,혼돈의탑8층2,-1,-1,혼돈의탑함정,0,0,1,99
3,혼돈의탑8층3,-1,-1,혼돈의탑함정,0,0,1,99
3,혼돈의탑8층4,-1,-1,혼돈의탑함정,0,0,1,99
3,혼돈의탑8층5,-1,-1,혼돈의탑함정,0,0,1,99
3,혼돈의탑8층1,-1,-1,혼돈의탑함정,0,0,1,99
3,혼돈의탑8층2,-1,-1,혼돈의탑함정,0,0,1,99
3,혼돈의탑8층3,-1,-1,혼돈의탑함정,0,0,1,99
3,혼돈의탑8층4,-1,-1,혼돈의탑함정,0,0,1,99
3,혼돈의탑8층5,-1,-1,혼돈의탑함정,0,0,1,99
3,혼돈의탑8층1,-1,-1,혼돈의탑함정,0,0,1,99
3,혼돈의탑8층2,-1,-1,혼돈의탑함정,0,0,1,99
3,혼돈의탑8층3,-1,-1,혼돈의탑함정,0,0,1,99
3,혼돈의탑8층4,-1,-1,혼돈의탑함정,0,0,1,99
3,혼돈의탑8층5,-1,-1,혼돈의탑함정,0,0,1,99
3,혼돈의탑8층1,-1,-1,혼돈의탑함정,0,0,1,99
3,혼돈의탑8층2,-1,-1,혼돈의탑함정,0,0,1,99
3,혼돈의탑8층3,-1,-1,혼돈의탑함정,0,0,1,99
3,혼돈의탑8층4,-1,-1,혼돈의탑함정,0,0,1,99
3,혼돈의탑8층5,-1,-1,혼돈의탑함정,0,0,1,99
3,혼돈의탑8층1,-1,-1,혼돈의탑함정,0,0,1,99
3,혼돈의탑8층2,-1,-1,혼돈의탑함정,0,0,1,99
3,혼돈의탑8층3,-1,-1,혼돈의탑함정,0,0,1,99
3,혼돈의탑8층4,-1,-1,혼돈의탑함정,0,0,1,99
3,혼돈의탑8층5,-1,-1,혼돈의탑함정,0,0,1,99

3,혼돈의탑9층1,-1,-1,혼돈의탑함정,0,0,1,99
3,혼돈의탑9층2,-1,-1,혼돈의탑함정,0,0,1,99
3,혼돈의탑9층3,-1,-1,혼돈의탑함정,0,0,1,99
3,혼돈의탑9층4,-1,-1,혼돈의탑함정,0,0,1,99
3,혼돈의탑9층5,-1,-1,혼돈의탑함정,0,0,1,99
3,혼돈의탑9층1,-1,-1,혼돈의탑함정,0,0,1,99
3,혼돈의탑9층2,-1,-1,혼돈의탑함정,0,0,1,99
3,혼돈의탑9층3,-1,-1,혼돈의탑함정,0,0,1,99
3,혼돈의탑9층4,-1,-1,혼돈의탑함정,0,0,1,99
3,혼돈의탑9층5,-1,-1,혼돈의탑함정,0,0,1,99
3,혼돈의탑9층1,-1,-1,혼돈의탑함정,0,0,1,99
3,혼돈의탑9층2,-1,-1,혼돈의탑함정,0,0,1,99
3,혼돈의탑9층3,-1,-1,혼돈의탑함정,0,0,1,99
3,혼돈의탑9층4,-1,-1,혼돈의탑함정,0,0,1,99
3,혼돈의탑9층5,-1,-1,혼돈의탑함정,0,0,1,99
3,혼돈의탑9층1,-1,-1,혼돈의탑함정,0,0,1,99
3,혼돈의탑9층2,-1,-1,혼돈의탑함정,0,0,1,99
3,혼돈의탑9층3,-1,-1,혼돈의탑함정,0,0,1,99
3,혼돈의탑9층4,-1,-1,혼돈의탑함정,0,0,1,99
3,혼돈의탑9층5,-1,-1,혼돈의탑함정,0,0,1,99
3,혼돈의탑9층1,-1,-1,혼돈의탑함정,0,0,1,99
3,혼돈의탑9층2,-1,-1,혼돈의탑함정,0,0,1,99
3,혼돈의탑9층3,-1,-1,혼돈의탑함정,0,0,1,99
3,혼돈의탑9층4,-1,-1,혼돈의탑함정,0,0,1,99
3,혼돈의탑9층5,-1,-1,혼돈의탑함정,0,0,1,99
3,혼돈의탑9층1,-1,-1,혼돈의탑함정,0,0,1,99
3,혼돈의탑9층2,-1,-1,혼돈의탑함정,0,0,1,99
3,혼돈의탑9층3,-1,-1,혼돈의탑함정,0,0,1,99
3,혼돈의탑9층4,-1,-1,혼돈의탑함정,0,0,1,99
3,혼돈의탑9층5,-1,-1,혼돈의탑함정,0,0,1,99
3,혼돈의탑9층1,-1,-1,혼돈의탑함정,0,0,1,99
3,혼돈의탑9층2,-1,-1,혼돈의탑함정,0,0,1,99
3,혼돈의탑9층3,-1,-1,혼돈의탑함정,0,0,1,99
3,혼돈의탑9층4,-1,-1,혼돈의탑함정,0,0,1,99
3,혼돈의탑9층5,-1,-1,혼돈의탑함정,0,0,1,99
3,혼돈의탑9층1,-1,-1,혼돈의탑함정,0,0,1,99
3,혼돈의탑9층2,-1,-1,혼돈의탑함정,0,0,1,99
3,혼돈의탑9층3,-1,-1,혼돈의탑함정,0,0,1,99
3,혼돈의탑9층4,-1,-1,혼돈의탑함정,0,0,1,99
3,혼돈의탑9층5,-1,-1,혼돈의탑함정,0,0,1,99
3,혼돈의탑9층1,-1,-1,혼돈의탑함정,0,0,1,99
3,혼돈의탑9층2,-1,-1,혼돈의탑함정,0,0,1,99
3,혼돈의탑9층3,-1,-1,혼돈의탑함정,0,0,1,99
3,혼돈의탑9층4,-1,-1,혼돈의탑함정,0,0,1,99
3,혼돈의탑9층5,-1,-1,혼돈의탑함정,0,0,1,99
3,혼돈의탑9층1,-1,-1,혼돈의탑함정,0,0,1,99
3,혼돈의탑9층2,-1,-1,혼돈의탑함정,0,0,1,99
3,혼돈의탑9층3,-1,-1,혼돈의탑함정,0,0,1,99
3,혼돈의탑9층4,-1,-1,혼돈의탑함정,0,0,1,99
3,혼돈의탑9층5,-1,-1,혼돈의탑함정,0,0,1,99
3,혼돈의탑9층1,-1,-1,혼돈의탑함정,0,0,1,99
3,혼돈의탑9층2,-1,-1,혼돈의탑함정,0,0,1,99
3,혼돈의탑9층3,-1,-1,혼돈의탑함정,0,0,1,99
3,혼돈의탑9층4,-1,-1,혼돈의탑함정,0,0,1,99
3,혼돈의탑9층5,-1,-1,혼돈의탑함정,0,0,1,99
3,혼돈의탑9층1,-1,-1,혼돈의탑함정,0,0,1,99
3,혼돈의탑9층2,-1,-1,혼돈의탑함정,0,0,1,99
3,혼돈의탑9층3,-1,-1,혼돈의탑함정,0,0,1,99
3,혼돈의탑9층4,-1,-1,혼돈의탑함정,0,0,1,99
3,혼돈의탑9층5,-1,-1,혼돈의탑함정,0,0,1,99
3,혼돈의탑9층1,-1,-1,혼돈의탑함정,0,0,1,99
3,혼돈의탑9층2,-1,-1,혼돈의탑함정,0,0,1,99
3,혼돈의탑9층3,-1,-1,혼돈의탑함정,0,0,1,99
3,혼돈의탑9층4,-1,-1,혼돈의탑함정,0,0,1,99
3,혼돈의탑9층5,-1,-1,혼돈의탑함정,0,0,1,99
3,혼돈의탑9층1,-1,-1,혼돈의탑함정,0,0,1,99
3,혼돈의탑9층2,-1,-1,혼돈의탑함정,0,0,1,99
3,혼돈의탑9층3,-1,-1,혼돈의탑함정,0,0,1,99
3,혼돈의탑9층4,-1,-1,혼돈의탑함정,0,0,1,99
3,혼돈의탑9층5,-1,-1,혼돈의탑함정,0,0,1,99
3,혼돈의탑9층1,-1,-1,혼돈의탑함정,0,0,1,99
3,혼돈의탑9층2,-1,-1,혼돈의탑함정,0,0,1,99
3,혼돈의탑9층3,-1,-1,혼돈의탑함정,0,0,1,99
3,혼돈의탑9층4,-1,-1,혼돈의탑함정,0,0,1,99
3,혼돈의탑9층5,-1,-1,혼돈의탑함정,0,0,1,99
3,혼돈의탑9층1,-1,-1,혼돈의탑함정,0,0,1,99
3,혼돈의탑9층2,-1,-1,혼돈의탑함정,0,0,1,99
3,혼돈의탑9층3,-1,-1,혼돈의탑함정,0,0,1,99
3,혼돈의탑9층4,-1,-1,혼돈의탑함정,0,0,1,99
3,혼돈의탑9층5,-1,-1,혼돈의탑함정,0,0,1,99
3,혼돈의탑9층1,-1,-1,혼돈의탑함정,0,0,1,99
3,혼돈의탑9층2,-1,-1,혼돈의탑함정,0,0,1,99
3,혼돈의탑9층3,-1,-1,혼돈의탑함정,0,0,1,99
3,혼돈의탑9층4,-1,-1,혼돈의탑함정,0,0,1,99
3,혼돈의탑9층5,-1,-1,혼돈의탑함정,0,0,1,99
3,혼돈의탑9층1,-1,-1,혼돈의탑함정,0,0,1,99
3,혼돈의탑9층2,-1,-1,혼돈의탑함정,0,0,1,99
3,혼돈의탑9층3,-1,-1,혼돈의탑함정,0,0,1,99
3,혼돈의탑9층4,-1,-1,혼돈의탑함정,0,0,1,99
3,혼돈의탑9층5,-1,-1,혼돈의탑함정,0,0,1,99
3,혼돈의탑9층1,-1,-1,혼돈의탑함정,0,0,1,99
3,혼돈의탑9층2,-1,-1,혼돈의탑함정,0,0,1,99
3,혼돈의탑9층3,-1,-1,혼돈의탑함정,0,0,1,99
3,혼돈의탑9층4,-1,-1,혼돈의탑함정,0,0,1,99
3,혼돈의탑9층5,-1,-1,혼돈의탑함정,0,0,1,99
3,혼돈의탑9층1,-1,-1,혼돈의탑함정,0,0,1,99
3,혼돈의탑9층2,-1,-1,혼돈의탑함정,0,0,1,99
3,혼돈의탑9층3,-1,-1,혼돈의탑함정,0,0,1,99
3,혼돈의탑9층4,-1,-1,혼돈의탑함정,0,0,1,99
3,혼돈의탑9층5,-1,-1,혼돈의탑함정,0,0,1,99

3,혼돈의탑10층1,-1,-1,혼돈의탑함정,0,0,1,99
3,혼돈의탑10층2,-1,-1,혼돈의탑함정,0,0,1,99
3,혼돈의탑10층3,-1,-1,혼돈의탑함정,0,0,1,99
3,혼돈의탑10층4,-1,-1,혼돈의탑함정,0,0,1,99
3,혼돈의탑10층5,-1,-1,혼돈의탑함정,0,0,1,99
3,혼돈의탑10층1,-1,-1,혼돈의탑함정,0,0,1,99
3,혼돈의탑10층2,-1,-1,혼돈의탑함정,0,0,1,99
3,혼돈의탑10층3,-1,-1,혼돈의탑함정,0,0,1,99
3,혼돈의탑10층4,-1,-1,혼돈의탑함정,0,0,1,99
3,혼돈의탑10층5,-1,-1,혼돈의탑함정,0,0,1,99
3,혼돈의탑10층1,-1,-1,혼돈의탑함정,0,0,1,99
3,혼돈의탑10층2,-1,-1,혼돈의탑함정,0,0,1,99
3,혼돈의탑10층3,-1,-1,혼돈의탑함정,0,0,1,99
3,혼돈의탑10층4,-1,-1,혼돈의탑함정,0,0,1,99
3,혼돈의탑10층5,-1,-1,혼돈의탑함정,0,0,1,99
3,혼돈의탑10층1,-1,-1,혼돈의탑함정,0,0,1,99
3,혼돈의탑10층2,-1,-1,혼돈의탑함정,0,0,1,99
3,혼돈의탑10층3,-1,-1,혼돈의탑함정,0,0,1,99
3,혼돈의탑10층4,-1,-1,혼돈의탑함정,0,0,1,99
3,혼돈의탑10층5,-1,-1,혼돈의탑함정,0,0,1,99
3,혼돈의탑10층1,-1,-1,혼돈의탑함정,0,0,1,99
3,혼돈의탑10층2,-1,-1,혼돈의탑함정,0,0,1,99
3,혼돈의탑10층3,-1,-1,혼돈의탑함정,0,0,1,99
3,혼돈의탑10층4,-1,-1,혼돈의탑함정,0,0,1,99
3,혼돈의탑10층5,-1,-1,혼돈의탑함정,0,0,1,99
3,혼돈의탑10층1,-1,-1,혼돈의탑함정,0,0,1,99
3,혼돈의탑10층2,-1,-1,혼돈의탑함정,0,0,1,99
3,혼돈의탑10층3,-1,-1,혼돈의탑함정,0,0,1,99
3,혼돈의탑10층4,-1,-1,혼돈의탑함정,0,0,1,99
3,혼돈의탑10층5,-1,-1,혼돈의탑함정,0,0,1,99
3,혼돈의탑10층1,-1,-1,혼돈의탑함정,0,0,1,99
3,혼돈의탑10층2,-1,-1,혼돈의탑함정,0,0,1,99
3,혼돈의탑10층3,-1,-1,혼돈의탑함정,0,0,1,99
3,혼돈의탑10층4,-1,-1,혼돈의탑함정,0,0,1,99
3,혼돈의탑10층5,-1,-1,혼돈의탑함정,0,0,1,99
3,혼돈의탑10층1,-1,-1,혼돈의탑함정,0,0,1,99
3,혼돈의탑10층2,-1,-1,혼돈의탑함정,0,0,1,99
3,혼돈의탑10층3,-1,-1,혼돈의탑함정,0,0,1,99
3,혼돈의탑10층4,-1,-1,혼돈의탑함정,0,0,1,99
3,혼돈의탑10층5,-1,-1,혼돈의탑함정,0,0,1,99
3,혼돈의탑10층1,-1,-1,혼돈의탑함정,0,0,1,99
3,혼돈의탑10층2,-1,-1,혼돈의탑함정,0,0,1,99
3,혼돈의탑10층3,-1,-1,혼돈의탑함정,0,0,1,99
3,혼돈의탑10층4,-1,-1,혼돈의탑함정,0,0,1,99
3,혼돈의탑10층5,-1,-1,혼돈의탑함정,0,0,1,99
3,혼돈의탑10층1,-1,-1,혼돈의탑함정,0,0,1,99
3,혼돈의탑10층2,-1,-1,혼돈의탑함정,0,0,1,99
3,혼돈의탑10층3,-1,-1,혼돈의탑함정,0,0,1,99
3,혼돈의탑10층4,-1,-1,혼돈의탑함정,0,0,1,99
3,혼돈의탑10층5,-1,-1,혼돈의탑함정,0,0,1,99
3,혼돈의탑10층1,-1,-1,혼돈의탑함정,0,0,1,99
3,혼돈의탑10층2,-1,-1,혼돈의탑함정,0,0,1,99
3,혼돈의탑10층3,-1,-1,혼돈의탑함정,0,0,1,99
3,혼돈의탑10층4,-1,-1,혼돈의탑함정,0,0,1,99
3,혼돈의탑10층5,-1,-1,혼돈의탑함정,0,0,1,99
3,혼돈의탑10층1,-1,-1,혼돈의탑함정,0,0,1,99
3,혼돈의탑10층2,-1,-1,혼돈의탑함정,0,0,1,99
3,혼돈의탑10층3,-1,-1,혼돈의탑함정,0,0,1,99
3,혼돈의탑10층4,-1,-1,혼돈의탑함정,0,0,1,99
3,혼돈의탑10층5,-1,-1,혼돈의탑함정,0,0,1,99
3,혼돈의탑10층1,-1,-1,혼돈의탑함정,0,0,1,99
3,혼돈의탑10층2,-1,-1,혼돈의탑함정,0,0,1,99
3,혼돈의탑10층3,-1,-1,혼돈의탑함정,0,0,1,99
3,혼돈의탑10층4,-1,-1,혼돈의탑함정,0,0,1,99
3,혼돈의탑10층5,-1,-1,혼돈의탑함정,0,0,1,99
3,혼돈의탑10층1,-1,-1,혼돈의탑함정,0,0,1,99
3,혼돈의탑10층2,-1,-1,혼돈의탑함정,0,0,1,99
3,혼돈의탑10층3,-1,-1,혼돈의탑함정,0,0,1,99
3,혼돈의탑10층4,-1,-1,혼돈의탑함정,0,0,1,99
3,혼돈의탑10층5,-1,-1,혼돈의탑함정,0,0,1,99
3,혼돈의탑10층1,-1,-1,혼돈의탑함정,0,0,1,99
3,혼돈의탑10층2,-1,-1,혼돈의탑함정,0,0,1,99
3,혼돈의탑10층3,-1,-1,혼돈의탑함정,0,0,1,99
3,혼돈의탑10층4,-1,-1,혼돈의탑함정,0,0,1,99
3,혼돈의탑10층5,-1,-1,혼돈의탑함정,0,0,1,99
3,혼돈의탑10층1,-1,-1,혼돈의탑함정,0,0,1,99
3,혼돈의탑10층2,-1,-1,혼돈의탑함정,0,0,1,99
3,혼돈의탑10층3,-1,-1,혼돈의탑함정,0,0,1,99
3,혼돈의탑10층4,-1,-1,혼돈의탑함정,0,0,1,99
3,혼돈의탑10층5,-1,-1,혼돈의탑함정,0,0,1,99
3,혼돈의탑10층1,-1,-1,혼돈의탑함정,0,0,1,99
3,혼돈의탑10층2,-1,-1,혼돈의탑함정,0,0,1,99
3,혼돈의탑10층3,-1,-1,혼돈의탑함정,0,0,1,99
3,혼돈의탑10층4,-1,-1,혼돈의탑함정,0,0,1,99
3,혼돈의탑10층5,-1,-1,혼돈의탑함정,0,0,1,99
3,혼돈의탑10층1,-1,-1,혼돈의탑함정,0,0,1,99
3,혼돈의탑10층2,-1,-1,혼돈의탑함정,0,0,1,99
3,혼돈의탑10층3,-1,-1,혼돈의탑함정,0,0,1,99
3,혼돈의탑10층4,-1,-1,혼돈의탑함정,0,0,1,99
3,혼돈의탑10층5,-1,-1,혼돈의탑함정,0,0,1,99
3,혼돈의탑10층1,-1,-1,혼돈의탑함정,0,0,1,99
3,혼돈의탑10층2,-1,-1,혼돈의탑함정,0,0,1,99
3,혼돈의탑10층3,-1,-1,혼돈의탑함정,0,0,1,99
3,혼돈의탑10층4,-1,-1,혼돈의탑함정,0,0,1,99
3,혼돈의탑10층5,-1,-1,혼돈의탑함정,0,0,1,99
3,혼돈의탑10층1,-1,-1,혼돈의탑함정,0,0,1,99
3,혼돈의탑10층2,-1,-1,혼돈의탑함정,0,0,1,99
3,혼돈의탑10층3,-1,-1,혼돈의탑함정,0,0,1,99
3,혼돈의탑10층4,-1,-1,혼돈의탑함정,0,0,1,99
3,혼돈의탑10층5,-1,-1,혼돈의탑함정,0,0,1,99

3,혼돈의탑11층1,-1,-1,혼돈의탑함정,0,0,1,99
3,혼돈의탑11층2,-1,-1,혼돈의탑함정,0,0,1,99
3,혼돈의탑11층3,-1,-1,혼돈의탑함정,0,0,1,99
3,혼돈의탑11층4,-1,-1,혼돈의탑함정,0,0,1,99
3,혼돈의탑11층5,-1,-1,혼돈의탑함정,0,0,1,99
3,혼돈의탑11층1,-1,-1,혼돈의탑함정,0,0,1,99
3,혼돈의탑11층2,-1,-1,혼돈의탑함정,0,0,1,99
3,혼돈의탑11층3,-1,-1,혼돈의탑함정,0,0,1,99
3,혼돈의탑11층4,-1,-1,혼돈의탑함정,0,0,1,99
3,혼돈의탑11층5,-1,-1,혼돈의탑함정,0,0,1,99
3,혼돈의탑11층1,-1,-1,혼돈의탑함정,0,0,1,99
3,혼돈의탑11층2,-1,-1,혼돈의탑함정,0,0,1,99
3,혼돈의탑11층3,-1,-1,혼돈의탑함정,0,0,1,99
3,혼돈의탑11층4,-1,-1,혼돈의탑함정,0,0,1,99
3,혼돈의탑11층5,-1,-1,혼돈의탑함정,0,0,1,99
3,혼돈의탑11층1,-1,-1,혼돈의탑함정,0,0,1,99
3,혼돈의탑11층2,-1,-1,혼돈의탑함정,0,0,1,99
3,혼돈의탑11층3,-1,-1,혼돈의탑함정,0,0,1,99
3,혼돈의탑11층4,-1,-1,혼돈의탑함정,0,0,1,99
3,혼돈의탑11층5,-1,-1,혼돈의탑함정,0,0,1,99
3,혼돈의탑11층1,-1,-1,혼돈의탑함정,0,0,1,99
3,혼돈의탑11층2,-1,-1,혼돈의탑함정,0,0,1,99
3,혼돈의탑11층3,-1,-1,혼돈의탑함정,0,0,1,99
3,혼돈의탑11층4,-1,-1,혼돈의탑함정,0,0,1,99
3,혼돈의탑11층5,-1,-1,혼돈의탑함정,0,0,1,99
3,혼돈의탑11층1,-1,-1,혼돈의탑함정,0,0,1,99
3,혼돈의탑11층2,-1,-1,혼돈의탑함정,0,0,1,99
3,혼돈의탑11층3,-1,-1,혼돈의탑함정,0,0,1,99
3,혼돈의탑11층4,-1,-1,혼돈의탑함정,0,0,1,99
3,혼돈의탑11층5,-1,-1,혼돈의탑함정,0,0,1,99
3,혼돈의탑11층1,-1,-1,혼돈의탑함정,0,0,1,99
3,혼돈의탑11층2,-1,-1,혼돈의탑함정,0,0,1,99
3,혼돈의탑11층3,-1,-1,혼돈의탑함정,0,0,1,99
3,혼돈의탑11층4,-1,-1,혼돈의탑함정,0,0,1,99
3,혼돈의탑11층5,-1,-1,혼돈의탑함정,0,0,1,99
3,혼돈의탑11층1,-1,-1,혼돈의탑함정,0,0,1,99
3,혼돈의탑11층2,-1,-1,혼돈의탑함정,0,0,1,99
3,혼돈의탑11층3,-1,-1,혼돈의탑함정,0,0,1,99
3,혼돈의탑11층4,-1,-1,혼돈의탑함정,0,0,1,99
3,혼돈의탑11층5,-1,-1,혼돈의탑함정,0,0,1,99
3,혼돈의탑11층1,-1,-1,혼돈의탑함정,0,0,1,99
3,혼돈의탑11층2,-1,-1,혼돈의탑함정,0,0,1,99
3,혼돈의탑11층3,-1,-1,혼돈의탑함정,0,0,1,99
3,혼돈의탑11층4,-1,-1,혼돈의탑함정,0,0,1,99
3,혼돈의탑11층5,-1,-1,혼돈의탑함정,0,0,1,99
3,혼돈의탑11층1,-1,-1,혼돈의탑함정,0,0,1,99
3,혼돈의탑11층2,-1,-1,혼돈의탑함정,0,0,1,99
3,혼돈의탑11층3,-1,-1,혼돈의탑함정,0,0,1,99
3,혼돈의탑11층4,-1,-1,혼돈의탑함정,0,0,1,99
3,혼돈의탑11층5,-1,-1,혼돈의탑함정,0,0,1,99
3,혼돈의탑11층1,-1,-1,혼돈의탑함정,0,0,1,99
3,혼돈의탑11층2,-1,-1,혼돈의탑함정,0,0,1,99
3,혼돈의탑11층3,-1,-1,혼돈의탑함정,0,0,1,99
3,혼돈의탑11층4,-1,-1,혼돈의탑함정,0,0,1,99
3,혼돈의탑11층5,-1,-1,혼돈의탑함정,0,0,1,99
3,혼돈의탑11층1,-1,-1,혼돈의탑함정,0,0,1,99
3,혼돈의탑11층2,-1,-1,혼돈의탑함정,0,0,1,99
3,혼돈의탑11층3,-1,-1,혼돈의탑함정,0,0,1,99
3,혼돈의탑11층4,-1,-1,혼돈의탑함정,0,0,1,99
3,혼돈의탑11층5,-1,-1,혼돈의탑함정,0,0,1,99
3,혼돈의탑11층1,-1,-1,혼돈의탑함정,0,0,1,99
3,혼돈의탑11층2,-1,-1,혼돈의탑함정,0,0,1,99
3,혼돈의탑11층3,-1,-1,혼돈의탑함정,0,0,1,99
3,혼돈의탑11층4,-1,-1,혼돈의탑함정,0,0,1,99
3,혼돈의탑11층5,-1,-1,혼돈의탑함정,0,0,1,99
3,혼돈의탑11층1,-1,-1,혼돈의탑함정,0,0,1,99
3,혼돈의탑11층2,-1,-1,혼돈의탑함정,0,0,1,99
3,혼돈의탑11층3,-1,-1,혼돈의탑함정,0,0,1,99
3,혼돈의탑11층4,-1,-1,혼돈의탑함정,0,0,1,99
3,혼돈의탑11층5,-1,-1,혼돈의탑함정,0,0,1,99
3,혼돈의탑11층1,-1,-1,혼돈의탑함정,0,0,1,99
3,혼돈의탑11층2,-1,-1,혼돈의탑함정,0,0,1,99
3,혼돈의탑11층3,-1,-1,혼돈의탑함정,0,0,1,99
3,혼돈의탑11층4,-1,-1,혼돈의탑함정,0,0,1,99
3,혼돈의탑11층5,-1,-1,혼돈의탑함정,0,0,1,99
3,혼돈의탑11층1,-1,-1,혼돈의탑함정,0,0,1,99
3,혼돈의탑11층2,-1,-1,혼돈의탑함정,0,0,1,99
3,혼돈의탑11층3,-1,-1,혼돈의탑함정,0,0,1,99
3,혼돈의탑11층4,-1,-1,혼돈의탑함정,0,0,1,99
3,혼돈의탑11층5,-1,-1,혼돈의탑함정,0,0,1,99
3,혼돈의탑11층1,-1,-1,혼돈의탑함정,0,0,1,99
3,혼돈의탑11층2,-1,-1,혼돈의탑함정,0,0,1,99
3,혼돈의탑11층3,-1,-1,혼돈의탑함정,0,0,1,99
3,혼돈의탑11층4,-1,-1,혼돈의탑함정,0,0,1,99
3,혼돈의탑11층5,-1,-1,혼돈의탑함정,0,0,1,99
3,혼돈의탑11층1,-1,-1,혼돈의탑함정,0,0,1,99
3,혼돈의탑11층2,-1,-1,혼돈의탑함정,0,0,1,99
3,혼돈의탑11층3,-1,-1,혼돈의탑함정,0,0,1,99
3,혼돈의탑11층4,-1,-1,혼돈의탑함정,0,0,1,99
3,혼돈의탑11층5,-1,-1,혼돈의탑함정,0,0,1,99
3,혼돈의탑11층1,-1,-1,혼돈의탑함정,0,0,1,99
3,혼돈의탑11층2,-1,-1,혼돈의탑함정,0,0,1,99
3,혼돈의탑11층3,-1,-1,혼돈의탑함정,0,0,1,99
3,혼돈의탑11층4,-1,-1,혼돈의탑함정,0,0,1,99
3,혼돈의탑11층5,-1,-1,혼돈의탑함정,0,0,1,99
3,혼돈의탑11층1,-1,-1,혼돈의탑함정,0,0,1,99
3,혼돈의탑11층2,-1,-1,혼돈의탑함정,0,0,1,99
3,혼돈의탑11층3,-1,-1,혼돈의탑함정,0,0,1,99
3,혼돈의탑11층4,-1,-1,혼돈의탑함정,0,0,1,99
3,혼돈의탑11층5,-1,-1,혼돈의탑함정,0,0,1,99

3,혼돈의탑12층1,-1,-1,혼돈의탑함정,0,0,1,99
3,혼돈의탑12층2,-1,-1,혼돈의탑함정,0,0,1,99
3,혼돈의탑12층3,-1,-1,혼돈의탑함정,0,0,1,99
3,혼돈의탑12층4,-1,-1,혼돈의탑함정,0,0,1,99
3,혼돈의탑12층5,-1,-1,혼돈의탑함정,0,0,1,99
3,혼돈의탑12층1,-1,-1,혼돈의탑함정,0,0,1,99
3,혼돈의탑12층2,-1,-1,혼돈의탑함정,0,0,1,99
3,혼돈의탑12층3,-1,-1,혼돈의탑함정,0,0,1,99
3,혼돈의탑12층4,-1,-1,혼돈의탑함정,0,0,1,99
3,혼돈의탑12층5,-1,-1,혼돈의탑함정,0,0,1,99
3,혼돈의탑12층1,-1,-1,혼돈의탑함정,0,0,1,99
3,혼돈의탑12층2,-1,-1,혼돈의탑함정,0,0,1,99
3,혼돈의탑12층3,-1,-1,혼돈의탑함정,0,0,1,99
3,혼돈의탑12층4,-1,-1,혼돈의탑함정,0,0,1,99
3,혼돈의탑12층5,-1,-1,혼돈의탑함정,0,0,1,99
3,혼돈의탑12층1,-1,-1,혼돈의탑함정,0,0,1,99
3,혼돈의탑12층2,-1,-1,혼돈의탑함정,0,0,1,99
3,혼돈의탑12층3,-1,-1,혼돈의탑함정,0,0,1,99
3,혼돈의탑12층4,-1,-1,혼돈의탑함정,0,0,1,99
3,혼돈의탑12층5,-1,-1,혼돈의탑함정,0,0,1,99
3,혼돈의탑12층1,-1,-1,혼돈의탑함정,0,0,1,99
3,혼돈의탑12층2,-1,-1,혼돈의탑함정,0,0,1,99
3,혼돈의탑12층3,-1,-1,혼돈의탑함정,0,0,1,99
3,혼돈의탑12층4,-1,-1,혼돈의탑함정,0,0,1,99
3,혼돈의탑12층5,-1,-1,혼돈의탑함정,0,0,1,99
3,혼돈의탑12층1,-1,-1,혼돈의탑함정,0,0,1,99
3,혼돈의탑12층2,-1,-1,혼돈의탑함정,0,0,1,99
3,혼돈의탑12층3,-1,-1,혼돈의탑함정,0,0,1,99
3,혼돈의탑12층4,-1,-1,혼돈의탑함정,0,0,1,99
3,혼돈의탑12층5,-1,-1,혼돈의탑함정,0,0,1,99
3,혼돈의탑12층1,-1,-1,혼돈의탑함정,0,0,1,99
3,혼돈의탑12층2,-1,-1,혼돈의탑함정,0,0,1,99
3,혼돈의탑12층3,-1,-1,혼돈의탑함정,0,0,1,99
3,혼돈의탑12층4,-1,-1,혼돈의탑함정,0,0,1,99
3,혼돈의탑12층5,-1,-1,혼돈의탑함정,0,0,1,99
3,혼돈의탑12층1,-1,-1,혼돈의탑함정,0,0,1,99
3,혼돈의탑12층2,-1,-1,혼돈의탑함정,0,0,1,99
3,혼돈의탑12층3,-1,-1,혼돈의탑함정,0,0,1,99
3,혼돈의탑12층4,-1,-1,혼돈의탑함정,0,0,1,99
3,혼돈의탑12층5,-1,-1,혼돈의탑함정,0,0,1,99
3,혼돈의탑12층1,-1,-1,혼돈의탑함정,0,0,1,99
3,혼돈의탑12층2,-1,-1,혼돈의탑함정,0,0,1,99
3,혼돈의탑12층3,-1,-1,혼돈의탑함정,0,0,1,99
3,혼돈의탑12층4,-1,-1,혼돈의탑함정,0,0,1,99
3,혼돈의탑12층5,-1,-1,혼돈의탑함정,0,0,1,99
3,혼돈의탑12층1,-1,-1,혼돈의탑함정,0,0,1,99
3,혼돈의탑12층2,-1,-1,혼돈의탑함정,0,0,1,99
3,혼돈의탑12층3,-1,-1,혼돈의탑함정,0,0,1,99
3,혼돈의탑12층4,-1,-1,혼돈의탑함정,0,0,1,99
3,혼돈의탑12층5,-1,-1,혼돈의탑함정,0,0,1,99
3,혼돈의탑12층1,-1,-1,혼돈의탑함정,0,0,1,99
3,혼돈의탑12층2,-1,-1,혼돈의탑함정,0,0,1,99
3,혼돈의탑12층3,-1,-1,혼돈의탑함정,0,0,1,99
3,혼돈의탑12층4,-1,-1,혼돈의탑함정,0,0,1,99
3,혼돈의탑12층5,-1,-1,혼돈의탑함정,0,0,1,99
3,혼돈의탑12층1,-1,-1,혼돈의탑함정,0,0,1,99
3,혼돈의탑12층2,-1,-1,혼돈의탑함정,0,0,1,99
3,혼돈의탑12층3,-1,-1,혼돈의탑함정,0,0,1,99
3,혼돈의탑12층4,-1,-1,혼돈의탑함정,0,0,1,99
3,혼돈의탑12층5,-1,-1,혼돈의탑함정,0,0,1,99
3,혼돈의탑12층1,-1,-1,혼돈의탑함정,0,0,1,99
3,혼돈의탑12층2,-1,-1,혼돈의탑함정,0,0,1,99
3,혼돈의탑12층3,-1,-1,혼돈의탑함정,0,0,1,99
3,혼돈의탑12층4,-1,-1,혼돈의탑함정,0,0,1,99
3,혼돈의탑12층5,-1,-1,혼돈의탑함정,0,0,1,99
3,혼돈의탑12층1,-1,-1,혼돈의탑함정,0,0,1,99
3,혼돈의탑12층2,-1,-1,혼돈의탑함정,0,0,1,99
3,혼돈의탑12층3,-1,-1,혼돈의탑함정,0,0,1,99
3,혼돈의탑12층4,-1,-1,혼돈의탑함정,0,0,1,99
3,혼돈의탑12층5,-1,-1,혼돈의탑함정,0,0,1,99
3,혼돈의탑12층1,-1,-1,혼돈의탑함정,0,0,1,99
3,혼돈의탑12층2,-1,-1,혼돈의탑함정,0,0,1,99
3,혼돈의탑12층3,-1,-1,혼돈의탑함정,0,0,1,99
3,혼돈의탑12층4,-1,-1,혼돈의탑함정,0,0,1,99
3,혼돈의탑12층5,-1,-1,혼돈의탑함정,0,0,1,99
3,혼돈의탑12층1,-1,-1,혼돈의탑함정,0,0,1,99
3,혼돈의탑12층2,-1,-1,혼돈의탑함정,0,0,1,99
3,혼돈의탑12층3,-1,-1,혼돈의탑함정,0,0,1,99
3,혼돈의탑12층4,-1,-1,혼돈의탑함정,0,0,1,99
3,혼돈의탑12층5,-1,-1,혼돈의탑함정,0,0,1,99
3,혼돈의탑12층1,-1,-1,혼돈의탑함정,0,0,1,99
3,혼돈의탑12층2,-1,-1,혼돈의탑함정,0,0,1,99
3,혼돈의탑12층3,-1,-1,혼돈의탑함정,0,0,1,99
3,혼돈의탑12층4,-1,-1,혼돈의탑함정,0,0,1,99
3,혼돈의탑12층5,-1,-1,혼돈의탑함정,0,0,1,99
3,혼돈의탑12층1,-1,-1,혼돈의탑함정,0,0,1,99
3,혼돈의탑12층2,-1,-1,혼돈의탑함정,0,0,1,99
3,혼돈의탑12층3,-1,-1,혼돈의탑함정,0,0,1,99
3,혼돈의탑12층4,-1,-1,혼돈의탑함정,0,0,1,99
3,혼돈의탑12층5,-1,-1,혼돈의탑함정,0,0,1,99
3,혼돈의탑12층1,-1,-1,혼돈의탑함정,0,0,1,99
3,혼돈의탑12층2,-1,-1,혼돈의탑함정,0,0,1,99
3,혼돈의탑12층3,-1,-1,혼돈의탑함정,0,0,1,99
3,혼돈의탑12층4,-1,-1,혼돈의탑함정,0,0,1,99
3,혼돈의탑12층5,-1,-1,혼돈의탑함정,0,0,1,99
3,혼돈의탑12층1,-1,-1,혼돈의탑함정,0,0,1,99
3,혼돈의탑12층2,-1,-1,혼돈의탑함정,0,0,1,99
3,혼돈의탑12층3,-1,-1,혼돈의탑함정,0,0,1,99
3,혼돈의탑12층4,-1,-1,혼돈의탑함정,0,0,1,99
3,혼돈의탑12층5,-1,-1,혼돈의탑함정,0,0,1,99

3,혼돈의탑13층1,-1,-1,혼돈의탑함정,0,0,1,99
3,혼돈의탑13층2,-1,-1,혼돈의탑함정,0,0,1,99
3,혼돈의탑13층3,-1,-1,혼돈의탑함정,0,0,1,99
3,혼돈의탑13층4,-1,-1,혼돈의탑함정,0,0,1,99
3,혼돈의탑13층5,-1,-1,혼돈의탑함정,0,0,1,99
3,혼돈의탑13층1,-1,-1,혼돈의탑함정,0,0,1,99
3,혼돈의탑13층2,-1,-1,혼돈의탑함정,0,0,1,99
3,혼돈의탑13층3,-1,-1,혼돈의탑함정,0,0,1,99
3,혼돈의탑13층4,-1,-1,혼돈의탑함정,0,0,1,99
3,혼돈의탑13층5,-1,-1,혼돈의탑함정,0,0,1,99
3,혼돈의탑13층1,-1,-1,혼돈의탑함정,0,0,1,99
3,혼돈의탑13층2,-1,-1,혼돈의탑함정,0,0,1,99
3,혼돈의탑13층3,-1,-1,혼돈의탑함정,0,0,1,99
3,혼돈의탑13층4,-1,-1,혼돈의탑함정,0,0,1,99
3,혼돈의탑13층5,-1,-1,혼돈의탑함정,0,0,1,99
3,혼돈의탑13층1,-1,-1,혼돈의탑함정,0,0,1,99
3,혼돈의탑13층2,-1,-1,혼돈의탑함정,0,0,1,99
3,혼돈의탑13층3,-1,-1,혼돈의탑함정,0,0,1,99
3,혼돈의탑13층4,-1,-1,혼돈의탑함정,0,0,1,99
3,혼돈의탑13층5,-1,-1,혼돈의탑함정,0,0,1,99
3,혼돈의탑13층1,-1,-1,혼돈의탑함정,0,0,1,99
3,혼돈의탑13층2,-1,-1,혼돈의탑함정,0,0,1,99
3,혼돈의탑13층3,-1,-1,혼돈의탑함정,0,0,1,99
3,혼돈의탑13층4,-1,-1,혼돈의탑함정,0,0,1,99
3,혼돈의탑13층5,-1,-1,혼돈의탑함정,0,0,1,99
3,혼돈의탑13층1,-1,-1,혼돈의탑함정,0,0,1,99
3,혼돈의탑13층2,-1,-1,혼돈의탑함정,0,0,1,99
3,혼돈의탑13층3,-1,-1,혼돈의탑함정,0,0,1,99
3,혼돈의탑13층4,-1,-1,혼돈의탑함정,0,0,1,99
3,혼돈의탑13층5,-1,-1,혼돈의탑함정,0,0,1,99
3,혼돈의탑13층1,-1,-1,혼돈의탑함정,0,0,1,99
3,혼돈의탑13층2,-1,-1,혼돈의탑함정,0,0,1,99
3,혼돈의탑13층3,-1,-1,혼돈의탑함정,0,0,1,99
3,혼돈의탑13층4,-1,-1,혼돈의탑함정,0,0,1,99
3,혼돈의탑13층5,-1,-1,혼돈의탑함정,0,0,1,99
3,혼돈의탑13층1,-1,-1,혼돈의탑함정,0,0,1,99
3,혼돈의탑13층2,-1,-1,혼돈의탑함정,0,0,1,99
3,혼돈의탑13층3,-1,-1,혼돈의탑함정,0,0,1,99
3,혼돈의탑13층4,-1,-1,혼돈의탑함정,0,0,1,99
3,혼돈의탑13층5,-1,-1,혼돈의탑함정,0,0,1,99
3,혼돈의탑13층1,-1,-1,혼돈의탑함정,0,0,1,99
3,혼돈의탑13층2,-1,-1,혼돈의탑함정,0,0,1,99
3,혼돈의탑13층3,-1,-1,혼돈의탑함정,0,0,1,99
3,혼돈의탑13층4,-1,-1,혼돈의탑함정,0,0,1,99
3,혼돈의탑13층5,-1,-1,혼돈의탑함정,0,0,1,99
3,혼돈의탑13층1,-1,-1,혼돈의탑함정,0,0,1,99
3,혼돈의탑13층2,-1,-1,혼돈의탑함정,0,0,1,99
3,혼돈의탑13층3,-1,-1,혼돈의탑함정,0,0,1,99
3,혼돈의탑13층4,-1,-1,혼돈의탑함정,0,0,1,99
3,혼돈의탑13층5,-1,-1,혼돈의탑함정,0,0,1,99
3,혼돈의탑13층1,-1,-1,혼돈의탑함정,0,0,1,99
3,혼돈의탑13층2,-1,-1,혼돈의탑함정,0,0,1,99
3,혼돈의탑13층3,-1,-1,혼돈의탑함정,0,0,1,99
3,혼돈의탑13층4,-1,-1,혼돈의탑함정,0,0,1,99
3,혼돈의탑13층5,-1,-1,혼돈의탑함정,0,0,1,99
3,혼돈의탑13층1,-1,-1,혼돈의탑함정,0,0,1,99
3,혼돈의탑13층2,-1,-1,혼돈의탑함정,0,0,1,99
3,혼돈의탑13층3,-1,-1,혼돈의탑함정,0,0,1,99
3,혼돈의탑13층4,-1,-1,혼돈의탑함정,0,0,1,99
3,혼돈의탑13층5,-1,-1,혼돈의탑함정,0,0,1,99
3,혼돈의탑13층1,-1,-1,혼돈의탑함정,0,0,1,99
3,혼돈의탑13층2,-1,-1,혼돈의탑함정,0,0,1,99
3,혼돈의탑13층3,-1,-1,혼돈의탑함정,0,0,1,99
3,혼돈의탑13층4,-1,-1,혼돈의탑함정,0,0,1,99
3,혼돈의탑13층5,-1,-1,혼돈의탑함정,0,0,1,99
3,혼돈의탑13층1,-1,-1,혼돈의탑함정,0,0,1,99
3,혼돈의탑13층2,-1,-1,혼돈의탑함정,0,0,1,99
3,혼돈의탑13층3,-1,-1,혼돈의탑함정,0,0,1,99
3,혼돈의탑13층4,-1,-1,혼돈의탑함정,0,0,1,99
3,혼돈의탑13층5,-1,-1,혼돈의탑함정,0,0,1,99
3,혼돈의탑13층1,-1,-1,혼돈의탑함정,0,0,1,99
3,혼돈의탑13층2,-1,-1,혼돈의탑함정,0,0,1,99
3,혼돈의탑13층3,-1,-1,혼돈의탑함정,0,0,1,99
3,혼돈의탑13층4,-1,-1,혼돈의탑함정,0,0,1,99
3,혼돈의탑13층5,-1,-1,혼돈의탑함정,0,0,1,99
3,혼돈의탑13층1,-1,-1,혼돈의탑함정,0,0,1,99
3,혼돈의탑13층2,-1,-1,혼돈의탑함정,0,0,1,99
3,혼돈의탑13층3,-1,-1,혼돈의탑함정,0,0,1,99
3,혼돈의탑13층4,-1,-1,혼돈의탑함정,0,0,1,99
3,혼돈의탑13층5,-1,-1,혼돈의탑함정,0,0,1,99
3,혼돈의탑13층1,-1,-1,혼돈의탑함정,0,0,1,99
3,혼돈의탑13층2,-1,-1,혼돈의탑함정,0,0,1,99
3,혼돈의탑13층3,-1,-1,혼돈의탑함정,0,0,1,99
3,혼돈의탑13층4,-1,-1,혼돈의탑함정,0,0,1,99
3,혼돈의탑13층5,-1,-1,혼돈의탑함정,0,0,1,99
3,혼돈의탑13층1,-1,-1,혼돈의탑함정,0,0,1,99
3,혼돈의탑13층2,-1,-1,혼돈의탑함정,0,0,1,99
3,혼돈의탑13층3,-1,-1,혼돈의탑함정,0,0,1,99
3,혼돈의탑13층4,-1,-1,혼돈의탑함정,0,0,1,99
3,혼돈의탑13층5,-1,-1,혼돈의탑함정,0,0,1,99
3,혼돈의탑13층1,-1,-1,혼돈의탑함정,0,0,1,99
3,혼돈의탑13층2,-1,-1,혼돈의탑함정,0,0,1,99
3,혼돈의탑13층3,-1,-1,혼돈의탑함정,0,0,1,99
3,혼돈의탑13층4,-1,-1,혼돈의탑함정,0,0,1,99
3,혼돈의탑13층5,-1,-1,혼돈의탑함정,0,0,1,99
3,혼돈의탑13층1,-1,-1,혼돈의탑함정,0,0,1,99
3,혼돈의탑13층2,-1,-1,혼돈의탑함정,0,0,1,99
3,혼돈의탑13층3,-1,-1,혼돈의탑함정,0,0,1,99
3,혼돈의탑13층4,-1,-1,혼돈의탑함정,0,0,1,99
3,혼돈의탑13층5,-1,-1,혼돈의탑함정,0,0,1,99

3,혼돈의탑14층1,-1,-1,혼돈의탑함정,0,0,1,99
3,혼돈의탑14층2,-1,-1,혼돈의탑함정,0,0,1,99
3,혼돈의탑14층3,-1,-1,혼돈의탑함정,0,0,1,99
3,혼돈의탑14층4,-1,-1,혼돈의탑함정,0,0,1,99
3,혼돈의탑14층5,-1,-1,혼돈의탑함정,0,0,1,99
3,혼돈의탑14층1,-1,-1,혼돈의탑함정,0,0,1,99
3,혼돈의탑14층2,-1,-1,혼돈의탑함정,0,0,1,99
3,혼돈의탑14층3,-1,-1,혼돈의탑함정,0,0,1,99
3,혼돈의탑14층4,-1,-1,혼돈의탑함정,0,0,1,99
3,혼돈의탑14층5,-1,-1,혼돈의탑함정,0,0,1,99
3,혼돈의탑14층1,-1,-1,혼돈의탑함정,0,0,1,99
3,혼돈의탑14층2,-1,-1,혼돈의탑함정,0,0,1,99
3,혼돈의탑14층3,-1,-1,혼돈의탑함정,0,0,1,99
3,혼돈의탑14층4,-1,-1,혼돈의탑함정,0,0,1,99
3,혼돈의탑14층5,-1,-1,혼돈의탑함정,0,0,1,99
3,혼돈의탑14층1,-1,-1,혼돈의탑함정,0,0,1,99
3,혼돈의탑14층2,-1,-1,혼돈의탑함정,0,0,1,99
3,혼돈의탑14층3,-1,-1,혼돈의탑함정,0,0,1,99
3,혼돈의탑14층4,-1,-1,혼돈의탑함정,0,0,1,99
3,혼돈의탑14층5,-1,-1,혼돈의탑함정,0,0,1,99
3,혼돈의탑14층1,-1,-1,혼돈의탑함정,0,0,1,99
3,혼돈의탑14층2,-1,-1,혼돈의탑함정,0,0,1,99
3,혼돈의탑14층3,-1,-1,혼돈의탑함정,0,0,1,99
3,혼돈의탑14층4,-1,-1,혼돈의탑함정,0,0,1,99
3,혼돈의탑14층5,-1,-1,혼돈의탑함정,0,0,1,99
3,혼돈의탑14층1,-1,-1,혼돈의탑함정,0,0,1,99
3,혼돈의탑14층2,-1,-1,혼돈의탑함정,0,0,1,99
3,혼돈의탑14층3,-1,-1,혼돈의탑함정,0,0,1,99
3,혼돈의탑14층4,-1,-1,혼돈의탑함정,0,0,1,99
3,혼돈의탑14층5,-1,-1,혼돈의탑함정,0,0,1,99
3,혼돈의탑14층1,-1,-1,혼돈의탑함정,0,0,1,99
3,혼돈의탑14층2,-1,-1,혼돈의탑함정,0,0,1,99
3,혼돈의탑14층3,-1,-1,혼돈의탑함정,0,0,1,99
3,혼돈의탑14층4,-1,-1,혼돈의탑함정,0,0,1,99
3,혼돈의탑14층5,-1,-1,혼돈의탑함정,0,0,1,99
3,혼돈의탑14층1,-1,-1,혼돈의탑함정,0,0,1,99
3,혼돈의탑14층2,-1,-1,혼돈의탑함정,0,0,1,99
3,혼돈의탑14층3,-1,-1,혼돈의탑함정,0,0,1,99
3,혼돈의탑14층4,-1,-1,혼돈의탑함정,0,0,1,99
3,혼돈의탑14층5,-1,-1,혼돈의탑함정,0,0,1,99
3,혼돈의탑14층1,-1,-1,혼돈의탑함정,0,0,1,99
3,혼돈의탑14층2,-1,-1,혼돈의탑함정,0,0,1,99
3,혼돈의탑14층3,-1,-1,혼돈의탑함정,0,0,1,99
3,혼돈의탑14층4,-1,-1,혼돈의탑함정,0,0,1,99
3,혼돈의탑14층5,-1,-1,혼돈의탑함정,0,0,1,99
3,혼돈의탑14층1,-1,-1,혼돈의탑함정,0,0,1,99
3,혼돈의탑14층2,-1,-1,혼돈의탑함정,0,0,1,99
3,혼돈의탑14층3,-1,-1,혼돈의탑함정,0,0,1,99
3,혼돈의탑14층4,-1,-1,혼돈의탑함정,0,0,1,99
3,혼돈의탑14층5,-1,-1,혼돈의탑함정,0,0,1,99
3,혼돈의탑14층1,-1,-1,혼돈의탑함정,0,0,1,99
3,혼돈의탑14층2,-1,-1,혼돈의탑함정,0,0,1,99
3,혼돈의탑14층3,-1,-1,혼돈의탑함정,0,0,1,99
3,혼돈의탑14층4,-1,-1,혼돈의탑함정,0,0,1,99
3,혼돈의탑14층5,-1,-1,혼돈의탑함정,0,0,1,99
3,혼돈의탑14층1,-1,-1,혼돈의탑함정,0,0,1,99
3,혼돈의탑14층2,-1,-1,혼돈의탑함정,0,0,1,99
3,혼돈의탑14층3,-1,-1,혼돈의탑함정,0,0,1,99
3,혼돈의탑14층4,-1,-1,혼돈의탑함정,0,0,1,99
3,혼돈의탑14층5,-1,-1,혼돈의탑함정,0,0,1,99
3,혼돈의탑14층1,-1,-1,혼돈의탑함정,0,0,1,99
3,혼돈의탑14층2,-1,-1,혼돈의탑함정,0,0,1,99
3,혼돈의탑14층3,-1,-1,혼돈의탑함정,0,0,1,99
3,혼돈의탑14층4,-1,-1,혼돈의탑함정,0,0,1,99
3,혼돈의탑14층5,-1,-1,혼돈의탑함정,0,0,1,99
3,혼돈의탑14층1,-1,-1,혼돈의탑함정,0,0,1,99
3,혼돈의탑14층2,-1,-1,혼돈의탑함정,0,0,1,99
3,혼돈의탑14층3,-1,-1,혼돈의탑함정,0,0,1,99
3,혼돈의탑14층4,-1,-1,혼돈의탑함정,0,0,1,99
3,혼돈의탑14층5,-1,-1,혼돈의탑함정,0,0,1,99
3,혼돈의탑14층1,-1,-1,혼돈의탑함정,0,0,1,99
3,혼돈의탑14층2,-1,-1,혼돈의탑함정,0,0,1,99
3,혼돈의탑14층3,-1,-1,혼돈의탑함정,0,0,1,99
3,혼돈의탑14층4,-1,-1,혼돈의탑함정,0,0,1,99
3,혼돈의탑14층5,-1,-1,혼돈의탑함정,0,0,1,99
3,혼돈의탑14층1,-1,-1,혼돈의탑함정,0,0,1,99
3,혼돈의탑14층2,-1,-1,혼돈의탑함정,0,0,1,99
3,혼돈의탑14층3,-1,-1,혼돈의탑함정,0,0,1,99
3,혼돈의탑14층4,-1,-1,혼돈의탑함정,0,0,1,99
3,혼돈의탑14층5,-1,-1,혼돈의탑함정,0,0,1,99
3,혼돈의탑14층1,-1,-1,혼돈의탑함정,0,0,1,99
3,혼돈의탑14층2,-1,-1,혼돈의탑함정,0,0,1,99
3,혼돈의탑14층3,-1,-1,혼돈의탑함정,0,0,1,99
3,혼돈의탑14층4,-1,-1,혼돈의탑함정,0,0,1,99
3,혼돈의탑14층5,-1,-1,혼돈의탑함정,0,0,1,99
3,혼돈의탑14층1,-1,-1,혼돈의탑함정,0,0,1,99
3,혼돈의탑14층2,-1,-1,혼돈의탑함정,0,0,1,99
3,혼돈의탑14층3,-1,-1,혼돈의탑함정,0,0,1,99
3,혼돈의탑14층4,-1,-1,혼돈의탑함정,0,0,1,99
3,혼돈의탑14층5,-1,-1,혼돈의탑함정,0,0,1,99
3,혼돈의탑14층1,-1,-1,혼돈의탑함정,0,0,1,99
3,혼돈의탑14층2,-1,-1,혼돈의탑함정,0,0,1,99
3,혼돈의탑14층3,-1,-1,혼돈의탑함정,0,0,1,99
3,혼돈의탑14층4,-1,-1,혼돈의탑함정,0,0,1,99
3,혼돈의탑14층5,-1,-1,혼돈의탑함정,0,0,1,99
3,혼돈의탑14층1,-1,-1,혼돈의탑함정,0,0,1,99
3,혼돈의탑14층2,-1,-1,혼돈의탑함정,0,0,1,99
3,혼돈의탑14층3,-1,-1,혼돈의탑함정,0,0,1,99
3,혼돈의탑14층4,-1,-1,혼돈의탑함정,0,0,1,99
3,혼돈의탑14층5,-1,-1,혼돈의탑함정,0,0,1,99