0,아벨마을,59,39,아벨여관,8,16,0,99
0,아벨마을,59,39,아벨여관,9,16,0,99
0,아벨여관,6,19,아벨마을,60,39,0,99
0,아벨여관,7,19,아벨마을,60,39,0,99
0,아벨여관,8,19,아벨마을,60,39,0,99
0,아벨여관,9,19,아벨마을,60,39,0,99

0,아벨마을,14,8,아벨은행,8,15,0,99
0,아벨은행,6,19,아벨마을,14,9,0,99
0,아벨은행,7,19,아벨마을,14,9,0,99
0,아벨은행,8,19,아벨마을,14,9,0,99
0,아벨은행,9,19,아벨마을,14,9,0,99
0,아벨은행,10,19,아벨마을,14,9,0,99
0,아벨은행,11,19,아벨마을,14,9,0,99
0,아벨은행,12,19,아벨마을,14,9,0,99

0,북아벨마을,28,77,서아벨마을,30,2,0,99
0,북아벨마을,29,77,서아벨마을,30,2,0,99
0,북아벨마을,30,77,서아벨마을,30,2,0,99
0,북아벨마을,31,77,서아벨마을,30,2,0,99

0,서아벨마을,28,0,북아벨마을,29,75,0,99
0,서아벨마을,29,0,북아벨마을,29,75,0,99
0,서아벨마을,30,0,북아벨마을,29,75,0,99
0,서아벨마을,31,0,북아벨마을,29,75,0,99

0,동아벨마을,0,24,북아벨마을,67,23,0,99
0,동아벨마을,0,23,북아벨마을,67,23,0,99
0,동아벨마을,0,22,북아벨마을,67,23,0,99

0,북아벨마을,69,24,동아벨마을,2,23,0,99
0,북아벨마을,69,23,동아벨마을,2,23,0,99
0,북아벨마을,69,22,동아벨마을,2,23,0,99

0,동아벨마을,29,77,아벨마을,29,2,0,99
0,동아벨마을,30,77,아벨마을,29,2,0,99
0,동아벨마을,31,77,아벨마을,29,2,0,99
0,동아벨마을,32,77,아벨마을,29,2,0,99

0,아벨마을,28,0,동아벨마을,29,76,0,99
0,아벨마을,29,0,동아벨마을,29,76,0,99
0,아벨마을,30,0,동아벨마을,29,76,0,99

0,아벨마을,0,26,서아벨마을,67,17,0,99
0,아벨마을,0,25,서아벨마을,67,17,0,99
0,아벨마을,0,24,서아벨마을,67,17,0,99
0,아벨마을,0,23,서아벨마을,67,17,0,99
0,아벨마을,0,22,서아벨마을,67,17,0,99

0,서아벨마을,69,16,아벨마을,2,23,0,99
0,서아벨마을,69,17,아벨마을,2,23,0,99
0,서아벨마을,69,18,아벨마을,2,23,0,99

0,서아벨마을,13,7,보석상점1,4,9,0,99
0,보석상점1,7,14,서아벨마을,15,7,0,99
0,보석상점1,6,14,서아벨마을,15,7,0,99

0,아벨무기점,12,0,아벨방어구점,1,10,0,99
0,아벨방어구점,0,9,아벨무기점,13,1,0,99

0,아벨마을,14,8,아벨은행,8,15,0,99
0,아벨은행,19,7,아벨마을,14,9,0,99

0,아벨마을,60,12,아벨방어구점,10,8,0,99
0,아벨마을,60,11,아벨방어구점,10,8,0,99
0,아벨방어구점,11,8,아벨마을,62,12,0,99

0,아벨마을,55,18,아벨무기점,6,13,0,99
0,아벨무기점,6,14,아벨마을,55,19,0,99

0,아벨마을,24,8,아벨특수스킬의집,6,13,0,99
0,아벨특수스킬의집,6,14,아벨마을,25,9,0,99
0,아벨특수스킬의집,7,14,아벨마을,25,9,0,99

0,아벨마을,44,11,아벨퀘스트상점,7,12,0,99
0,아벨퀘스트상점,6,14,아벨마을,44,12,0,99
0,아벨퀘스트상점,7,14,아벨마을,44,12,0,99

0,아벨마을,26,46,아벨전투기술사범,7,12,0,99
0,아벨전투기술사범,6,14,아벨마을,28,46,0,99
0,아벨전투기술사범,7,14,아벨마을,28,46,0,99

0,아벨마을,7,51,아벨음식점,8,13,0,99
0,아벨음식점,8,14,아벨마을,7,52,0,99
0,아벨음식점,9,14,아벨마을,7,52,0,99
0,아벨음식점,12,0,아벨주점,10,12,0,99
0,아벨주점,10,14,아벨음식점,12,2,0,99
0,아벨주점,11,14,아벨음식점,12,2,0,99
0,아벨주점,14,5,아벨마을,13,45,0,99
0,아벨주점,14,4,아벨마을,13,45,0,99
0,아벨마을,12,45,아벨주점,13,4,0,99

0,아벨마을,44,50,아벨기술사범의집,7,12,0,99
0,아벨기술사범의집,6,14,아벨마을,44,51,0,99
0,아벨기술사범의집,7,14,아벨마을,44,51,0,99

0,아벨마을,44,67,아벨해안대기실,38,41,51,80
0,아벨마을,45,67,아벨해안대기실,38,41,51,80

0,아벨해안대기실,41,42,아벨마을,44,63,51,99
0,아벨해안대기실,41,43,아벨마을,45,63,51,99

0,아벨해안대기실,14,0,아벨해안2-C,9,47,51,80
0,아벨해안대기실,15,0,아벨해안2-C,10,47,51,80
0,아벨해안대기실,16,0,아벨해안2-C,11,47,51,80
0,아벨해안대기실,17,0,아벨해안2-C,12,47,51,80

0,아벨해안2-C,9,49,아벨해안대기실,14,2,51,80
0,아벨해안2-C,10,49,아벨해안대기실,15,2,51,80
0,아벨해안2-C,11,49,아벨해안대기실,16,2,51,80
0,아벨해안2-C,12,49,아벨해안대기실,17,2,51,80

0,아벨해안2-C,0,7,아벨해안2-B,47,14,51,80
0,아벨해안2-C,0,8,아벨해안2-B,47,15,51,80
0,아벨해안2-C,0,9,아벨해안2-B,47,16,51,80
0,아벨해안2-C,0,10,아벨해안2-B,47,17,51,80

0,아벨해안2-B,49,14,아벨해안2-C,2,7,51,80
0,아벨해안2-B,49,15,아벨해안2-C,2,8,51,80
0,아벨해안2-B,49,16,아벨해안2-C,2,9,51,80
0,아벨해안2-B,49,17,아벨해안2-C,2,10,51,80

0,아벨해안2-B,36,49,아벨해안1-B,22,2,51,80
0,아벨해안2-B,37,49,아벨해안1-B,23,2,51,80
0,아벨해안2-B,38,49,아벨해안1-B,24,2,51,80
0,아벨해안2-B,39,49,아벨해안1-B,25,2,51,80

0,아벨해안1-B,22,0,아벨해안2-B,36,47,51,80
0,아벨해안1-B,23,0,아벨해안2-B,37,47,51,80
0,아벨해안1-B,24,0,아벨해안2-B,38,47,51,80
0,아벨해안1-B,25,0,아벨해안2-B,39,47,51,80

0,아벨해안1-B,49,17,아벨해안대기실,2,31,51,80
0,아벨해안1-B,49,18,아벨해안대기실,2,32,51,80
0,아벨해안1-B,49,19,아벨해안대기실,2,33,51,80
0,아벨해안1-B,49,20,아벨해안대기실,2,34,51,80

0,아벨해안대기실,0,31,아벨해안1-B,47,17,51,80
0,아벨해안대기실,0,32,아벨해안1-B,47,18,51,80
0,아벨해안대기실,0,33,아벨해안1-B,47,19,51,80
0,아벨해안대기실,0,34,아벨해안1-B,47,20,51,80

0,아벨해안2-B,13,0,아벨해안3-B,26,47,51,80
0,아벨해안2-B,14,0,아벨해안3-B,27,47,51,80
0,아벨해안2-B,15,0,아벨해안3-B,28,47,51,80
0,아벨해안2-B,16,0,아벨해안3-B,29,47,51,80

0,아벨해안3-B,26,49,아벨해안2-B,13,2,51,80
0,아벨해안3-B,27,49,아벨해안2-B,14,2,51,80
0,아벨해안3-B,28,49,아벨해안2-B,15,2,51,80
0,아벨해안3-B,29,49,아벨해안2-B,16,2,51,80

0,아벨해안3-B,22,0,아벨해안4-B,36,47,51,80
0,아벨해안3-B,23,0,아벨해안4-B,37,47,51,80
0,아벨해안3-B,24,0,아벨해안4-B,38,47,51,80

0,아벨해안4-B,36,49,아벨해안3-B,22,2,51,80
0,아벨해안4-B,37,49,아벨해안3-B,23,2,51,80
0,아벨해안4-B,38,49,아벨해안3-B,24,2,51,80

0,아벨해안1-B,0,9,아벨해안1-A,47,12,51,80
0,아벨해안1-B,0,10,아벨해안1-A,47,13,51,80
0,아벨해안1-B,0,11,아벨해안1-A,47,14,51,80
0,아벨해안1-B,0,12,아벨해안1-A,47,15,51,80

0,아벨해안1-A,49,12,아벨해안1-B,2,9,51,80
0,아벨해안1-A,49,13,아벨해안1-B,2,10,51,80
0,아벨해안1-A,49,14,아벨해안1-B,2,11,51,80
0,아벨해안1-A,49,15,아벨해안1-B,2,12,51,80

0,아벨해안1-A,12,0,아벨해안2-A,26,47,51,80
0,아벨해안1-A,13,0,아벨해안2-A,27,47,51,80
0,아벨해안1-A,14,0,아벨해안2-A,28,47,51,80
0,아벨해안1-A,15,0,아벨해안2-A,29,47,51,80

0,아벨해안2-A,26,49,아벨해안1-A,12,2,51,80
0,아벨해안2-A,27,49,아벨해안1-A,13,2,51,80
0,아벨해안2-A,28,49,아벨해안1-A,14,2,51,80
0,아벨해안2-A,29,49,아벨해안1-A,15,2,51,80

0,아벨해안2-A,29,0,아벨해안3-A,29,47,51,80
0,아벨해안2-A,30,0,아벨해안3-A,30,47,51,80
0,아벨해안2-A,31,0,아벨해안3-A,31,47,51,80
0,아벨해안2-A,32,0,아벨해안3-A,32,47,51,80

0,아벨해안3-A,29,49,아벨해안2-A,29,2,51,80
0,아벨해안3-A,30,49,아벨해안2-A,30,2,51,80
0,아벨해안3-A,31,49,아벨해안2-A,31,2,51,80
0,아벨해안3-A,32,49,아벨해안2-A,32,2,51,80

0,아벨해안3-A,13,0,아벨해안4-A,37,47,51,80
0,아벨해안3-A,14,0,아벨해안4-A,38,47,51,80
0,아벨해안3-A,15,0,아벨해안4-A,39,47,51,80
0,아벨해안3-A,16,0,아벨해안4-A,40,47,51,80

0,아벨해안4-A,37,49,아벨해안3-A,13,2,51,80
0,아벨해안4-A,38,49,아벨해안3-A,14,2,51,80
0,아벨해안4-A,39,49,아벨해안3-A,15,2,51,80
0,아벨해안4-A,40,49,아벨해안3-A,16,2,51,80

0,아벨해안4-A,49,23,아벨해안4-B,2,10,51,80
0,아벨해안4-A,49,24,아벨해안4-B,2,11,51,80
0,아벨해안4-A,49,25,아벨해안4-B,2,12,51,80
0,아벨해안4-A,49,26,아벨해안4-B,2,13,51,80

0,아벨해안4-B,0,10,아벨해안4-A,47,23,51,80
0,아벨해안4-B,0,11,아벨해안4-A,47,24,51,80
0,아벨해안4-B,0,12,아벨해안4-A,47,25,51,80
0,아벨해안4-B,0,13,아벨해안4-A,47,26,51,80

0,아벨해안3-A,49,35,아벨해안3-B,2,11,51,80
0,아벨해안3-A,49,36,아벨해안3-B,2,12,51,80
0,아벨해안3-A,49,37,아벨해안3-B,2,13,51,80

0,아벨해안3-B,0,11,아벨해안3-A,47,35,51,80
0,아벨해안3-B,0,12,아벨해안3-A,47,36,51,80
0,아벨해안3-B,0,13,아벨해안3-A,47,37,51,80

0,아벨해안2-A,49,22,아벨해안2-B,2,22,51,80
0,아벨해안2-A,49,23,아벨해안2-B,2,23,51,80
0,아벨해안2-A,49,24,아벨해안2-B,2,24,51,80
0,아벨해안2-A,49,25,아벨해안2-B,2,25,51,80

0,아벨해안2-B,0,22,아벨해안2-A,47,22,51,80
0,아벨해안2-B,0,23,아벨해안2-A,47,23,51,80
0,아벨해안2-B,0,24,아벨해안2-A,47,24,51,80
0,아벨해안2-B,0,25,아벨해안2-A,47,25,51,80

0,아벨해안2-C,17,0,아벨해안3-C,21,47,51,80
0,아벨해안2-C,18,0,아벨해안3-C,22,47,51,80
0,아벨해안2-C,19,0,아벨해안3-C,23,47,51,80
0,아벨해안2-C,20,0,아벨해안3-C,24,47,51,80

0,아벨해안3-C,21,49,아벨해안2-C,17,2,51,80
0,아벨해안3-C,22,49,아벨해안2-C,18,2,51,80
0,아벨해안3-C,23,49,아벨해안2-C,19,2,51,80
0,아벨해안3-C,24,49,아벨해안2-C,20,2,51,80

0,아벨해안3-C,0,18,아벨해안3-B,47,20,51,80
0,아벨해안3-C,0,19,아벨해안3-B,47,21,51,80
0,아벨해안3-C,0,20,아벨해안3-B,47,22,51,80
0,아벨해안3-C,0,21,아벨해안3-B,47,23,51,80

0,아벨해안3-B,49,20,아벨해안3-C,2,18,51,80
0,아벨해안3-B,49,21,아벨해안3-C,2,19,51,80
0,아벨해안3-B,49,22,아벨해안3-C,2,20,51,80
0,아벨해안3-B,49,23,아벨해안3-C,2,21,51,80

0,아벨해안3-C,19,0,아벨해안4-C,9,47,51,80
0,아벨해안3-C,20,0,아벨해안4-C,10,47,51,80
0,아벨해안3-C,21,0,아벨해안4-C,11,47,51,80

0,아벨해안4-C,9,49,아벨해안3-C,19,2,51,80
0,아벨해안4-C,10,49,아벨해안3-C,20,2,51,80
0,아벨해안4-C,11,49,아벨해안3-C,21,2,51,80

0,아벨해안4-C,0,30,아벨해안4-B,47,29,51,80
0,아벨해안4-C,0,31,아벨해안4-B,47,30,51,80
0,아벨해안4-C,0,32,아벨해안4-B,47,31,51,80

0,아벨해안4-B,49,29,아벨해안4-C,2,30,51,80
0,아벨해안4-B,49,30,아벨해안4-C,2,31,51,80
0,아벨해안4-B,49,31,아벨해안4-C,2,32,51,80