3,베크나탑입구,29,46,Warp_베크나탑,0,0,0,99
3,베크나탑입구,30,46,Warp_베크나탑,0,0,0,99
3,베크나탑입구,31,46,Warp_베크나탑,0,0,0,99
3,베크나탑입구,32,46,Warp_베크나탑,0,0,0,99
3,베크나탑입구,33,46,Warp_베크나탑,0,0,0,99
3,베크나탑입구,34,46,Warp_베크나탑,0,0,0,99
3,베크나탑입구,35,46,Warp_베크나탑,0,0,0,99
3,베크나탑입구,36,46,Warp_베크나탑,0,0,0,99
3,베크나탑입구,37,46,Warp_베크나탑,0,0,0,99
3,베크나탑입구,38,46,Warp_베크나탑,0,0,0,99
3,베크나탑입구,39,46,Warp_베크나탑,0,0,0,99
3,베크나탑입구,40,46,Warp_베크나탑,0,0,0,99
3,베크나탑입구,41,46,Warp_베크나탑,0,0,0,99
3,베크나탑입구,42,46,Warp_베크나탑,0,0,0,99

3,베크나탑입구,46,29,Warp_베크나탑,0,0,0,99
3,베크나탑입구,46,30,Warp_베크나탑,0,0,0,99
3,베크나탑입구,46,31,Warp_베크나탑,0,0,0,99
3,베크나탑입구,46,32,Warp_베크나탑,0,0,0,99
3,베크나탑입구,46,33,Warp_베크나탑,0,0,0,99
3,베크나탑입구,46,34,Warp_베크나탑,0,0,0,99
3,베크나탑입구,46,35,Warp_베크나탑,0,0,0,99
3,베크나탑입구,46,36,Warp_베크나탑,0,0,0,99
3,베크나탑입구,46,37,Warp_베크나탑,0,0,0,99
3,베크나탑입구,46,38,Warp_베크나탑,0,0,0,99
3,베크나탑입구,46,39,Warp_베크나탑,0,0,0,99
3,베크나탑입구,46,40,Warp_베크나탑,0,0,0,99
3,베크나탑입구,46,41,Warp_베크나탑,0,0,0,99
3,베크나탑입구,46,42,Warp_베크나탑,0,0,0,99

0,베크나탑미로대기실,10,23,베크나탑입구,35,49,0,99
0,베크나탑미로대기실,11,23,베크나탑입구,39,49,0,99

0,베크나탑미로대기실,23,10,베크나탑입구,49,35,0,99
0,베크나탑미로대기실,23,11,베크나탑입구,49,39,0,99