0,마인마을,0,49,카스마늄광산진입로,16,11,99,99
0,마인마을,0,50,카스마늄광산진입로,16,11,99,99
0,마인마을,0,51,카스마늄광산진입로,16,11,99,99
0,마인마을,0,52,카스마늄광산진입로,16,11,99,99
0,마인마을,0,53,카스마늄광산진입로,16,11,99,99
0,마인마을,0,54,카스마늄광산진입로,16,11,99,99
0,카스마늄광산진입로,18,9,마인마을,2,51,99,99
0,카스마늄광산진입로,18,10,마인마을,2,51,99,99
0,카스마늄광산진입로,18,11,마인마을,2,51,99,99
0,카스마늄광산진입로,18,12,마인마을,2,51,99,99

0,카스마늄광산진입로,0,11,카스마늄제1광산입구,17,10,99,99
0,카스마늄광산진입로,0,12,카스마늄제1광산입구,17,11,99,99
0,카스마늄광산진입로,0,13,카스마늄제1광산입구,17,12,99,99
0,카스마늄제1광산입구,18,10,카스마늄광산진입로,2,11,99,99
0,카스마늄제1광산입구,18,11,카스마늄광산진입로,2,12,99,99
0,카스마늄제1광산입구,18,12,카스마늄광산진입로,2,13,99,99
0,카스마늄제1광산입구,3,8,카스마늄제1광산,23,12,99,99
0,카스마늄제1광산입구,3,9,카스마늄제1광산,23,12,99,99
0,카스마늄제1광산입구,3,10,카스마늄제1광산,23,12,99,99

0,카스마늄제1광산,26,12,카스마늄제1광산입구,5,9,99,99
0,카스마늄제1광산,26,13,카스마늄제1광산입구,5,9,99,99

0,카스마늄제1광산,14,3,카스마늄제1-1갱도,65,95,99,99
0,카스마늄제1광산,15,3,카스마늄제1-1갱도,65,95,99,99

0,카스마늄제1-1갱도,64,97,카스마늄제1광산,15,5,99,99
0,카스마늄제1-1갱도,65,97,카스마늄제1광산,15,5,99,99

3,카스마늄제1광산,3,14,Warp_카스마늄제1-2갱도,28,34,99,99 // 2갱도열쇠
3,카스마늄제1광산,3,15,Warp_카스마늄제1-2갱도,28,34,99,99 // 2갱도열쇠

0,카스마늄제1-2갱도,25,34,카스마늄제1광산,5,15,99,99
0,카스마늄제1-2갱도,25,35,카스마늄제1광산,5,15,99,99

3,카스마늄제1광산,14,32,Warp_카스마늄제1-3갱도,3,52,99,99 // 3갱도열쇠
3,카스마늄제1광산,15,32,Warp_카스마늄제1-3갱도,3,53,99,99 // 3갱도열쇠

0,카스마늄제1-3갱도,1,52,카스마늄제1광산,14,29,99,99
0,카스마늄제1-3갱도,1,53,카스마늄제1광산,14,29,99,99