0,크리스마스마을,20,8,스키장리프트대기실,9,8,0,99

0,크리스마스마을,8,11,크리스마스선물공장,13,16,0,99
0,크리스마스마을,9,11,크리스마스선물공장,13,16,0,99

0,스키장리프트대기실,11,7,크리스마스마을,20,11,0,99
0,스키장리프트대기실,11,8,크리스마스마을,20,11,0,99
0,스키장리프트대기실,11,9,크리스마스마을,20,11,0,99

0,크리스마스선물공장,13,18,크리스마스마을,9,13,0,99
0,크리스마스선물공장,0,15,크리스마스요정의방,8,8,0,99
0,크리스마스선물공장,18,5,산타클로스의방,2,12,0,99
0,크리스마스요정의방,10,8,크리스마스선물공장,2,16,0,99
0,산타클로스의방,0,12,크리스마스선물공장,16,5,0,99

0,산타클로스의방,12,0,루돌프사육장,13,13,0,99
0,루돌프사육장,12,15,산타클로스의방,12,2,0,99
0,루돌프사육장,13,15,산타클로스의방,12,2,0,99

0,크리스마스마을,33,17,마운틴메리1-1,3,21,51,80
0,크리스마스마을,33,18,마운틴메리1-1,3,21,51,80
0,크리스마스마을,33,19,마운틴메리1-1,3,21,51,80

0,크리스마스마을,33,12,마운틴메리2-1,3,21,81,98
0,크리스마스마을,33,13,마운틴메리2-1,3,21,81,98
0,크리스마스마을,33,14,마운틴메리2-1,3,21,81,98

3,크리스마스마을,33,7,Warp_마운틴메리3-1,3,21,99,99
3,크리스마스마을,33,8,Warp_마운틴메리3-1,3,21,99,99
3,크리스마스마을,33,9,Warp_마운틴메리3-1,3,21,99,99

3,크리스마스마을,26,1,Warp_마운틴메리4-1,30,46,99,99
3,크리스마스마을,27,1,Warp_마운틴메리4-1,30,46,99,99
3,크리스마스마을,28,1,Warp_마운틴메리4-1,30,46,99,99

0,마운틴메리1-1,1,21,크리스마스마을,31,18,0,99
0,마운틴메리2-1,1,21,크리스마스마을,31,13,0,99
0,마운틴메리3-1,1,21,크리스마스마을,31,8,0,99
0,마운틴메리4-1,30,48,크리스마스마을,27,3,0,99

0,마운틴메리1-1,24,1,마운틴메리1-2,43,46,0,99
0,마운틴메리2-1,24,1,마운틴메리2-2,43,46,0,99
0,마운틴메리3-1,24,1,마운틴메리3-2,43,46,0,99
0,마운틴메리4-1,1,21,마운틴메리4-2,46,26,0,99

0,마운틴메리1-2,43,48,마운틴메리1-1,24,3,0,99
0,마운틴메리2-2,43,48,마운틴메리2-1,24,3,0,99
0,마운틴메리3-2,43,48,마운틴메리3-1,24,3,0,99
0,마운틴메리4-2,48,26,마운틴메리4-1,3,21,0,99

0,마운틴메리1-1,30,48,마운틴메리1-3,24,3,0,99
0,마운틴메리2-1,30,48,마운틴메리2-3,24,3,0,99
0,마운틴메리3-1,30,48,마운틴메리3-3,24,3,0,99
0,마운틴메리4-1,24,1,마운틴메리4-3,43,46,0,99

0,마운틴메리1-3,24,1,마운틴메리1-1,30,46,0,99
0,마운틴메리2-3,24,1,마운틴메리2-1,30,46,0,99
0,마운틴메리3-3,24,1,마운틴메리3-1,30,46,0,99
0,마운틴메리4-3,43,48,마운틴메리4-1,24,3,0,99