0,드라큐라백작의 성,24,49,로톤마을,57,1,0,99
0,드라큐라백작의 성,25,49,로톤마을,57,1,0,99
0,드라큐라백작의 성,26,49,로톤마을,58,1,0,99
0,드라큐라백작의 성,27,49,로톤마을,58,1,0,99

0,드라큐라백작의 성,22,29,드라큐라백작의성응접실1,11,22,81,99
0,드라큐라백작의 성,23,29,드라큐라백작의성응접실1,11,22,81,99
0,드라큐라백작의 성,24,29,드라큐라백작의성응접실1,11,22,81,99

0,드라큐라백작의성응접실1,10,25,드라큐라백작의 성,23,32,81,99
0,드라큐라백작의성응접실1,11,25,드라큐라백작의 성,23,32,81,99
0,드라큐라백작의성응접실1,12,25,드라큐라백작의 성,23,32,81,99

3,드라큐라백작의성응접실1,0,12,Warp_드라큐라백작의성서1,27,15,81,99
3,드라큐라백작의성응접실1,0,11,Warp_드라큐라백작의성서1,27,15,81,99
3,드라큐라백작의성응접실1,0,10,Warp_드라큐라백작의성서1,27,15,81,99

0,드라큐라백작의성서1,29,16,드라큐라백작의성응접실1,2,11,81,99
0,드라큐라백작의성서1,29,15,드라큐라백작의성응접실1,2,11,81,99
0,드라큐라백작의성서1,29,14,드라큐라백작의성응접실1,2,11,81,99

0,드라큐라백작의성서1,12,0,드라큐라백작의성서2,15,28,81,99
0,드라큐라백작의성서1,13,0,드라큐라백작의성서2,15,28,81,99

0,드라큐라백작의성서2,14,30,드라큐라백작의성서1,12,2,99,99
0,드라큐라백작의성서2,15,30,드라큐라백작의성서1,12,2,99,99
0,드라큐라백작의성서2,16,30,드라큐라백작의성서1,12,2,99,99

0,드라큐라백작의성서2,0,14,드라큐라백작의성서3,27,15,99,99
0,드라큐라백작의성서2,0,13,드라큐라백작의성서3,27,15,99,99

0,드라큐라백작의성서3,29,16,드라큐라백작의성서2,2,14,99,99
0,드라큐라백작의성서3,29,15,드라큐라백작의성서2,2,15,99,99
0,드라큐라백작의성서3,29,14,드라큐라백작의성서2,2,15,99,99

0,드라큐라백작의성서3,12,0,드라큐라백작의성서5,15,28,99,99
0,드라큐라백작의성서3,13,0,드라큐라백작의성서5,15,28,99,99

0,드라큐라백작의성서5,14,30,드라큐라백작의성서3,12,2,99,99
0,드라큐라백작의성서5,15,30,드라큐라백작의성서3,12,2,99,99
0,드라큐라백작의성서5,16,30,드라큐라백작의성서3,12,2,99,99

0,드라큐라백작의성서5,0,14,드라큐라백작의성서6,27,15,99,99
0,드라큐라백작의성서5,0,13,드라큐라백작의성서6,27,15,99,99

0,드라큐라백작의성서6,29,16,드라큐라백작의성서5,2,14,99,99
0,드라큐라백작의성서6,29,15,드라큐라백작의성서5,2,14,99,99
0,드라큐라백작의성서6,29,14,드라큐라백작의성서5,2,14,99,99

0,드라큐라백작의성서6,7,29,별장서쪽지하복도,21,3,81,99

0,별장서쪽지하복도,23,0,드라큐라백작의성서6,7,28,81,99
0,별장서쪽지하복도,23,1,드라큐라백작의성서6,7,28,81,99
0,별장서쪽지하복도,23,2,드라큐라백작의성서6,7,28,81,99
0,별장서쪽지하복도,23,3,드라큐라백작의성서6,7,28,81,99
0,별장서쪽지하복도,23,4,드라큐라백작의성서6,7,28,81,99
0,별장서쪽지하복도,23,5,드라큐라백작의성서6,7,28,81,99
0,별장서쪽지하복도,23,6,드라큐라백작의성서6,7,28,81,99

0,드라큐라백작의성서5,12,0,드라큐라백작의성서8,13,28,81,99
0,드라큐라백작의성서5,13,0,드라큐라백작의성서8,13,28,81,99

0,드라큐라백작의성서8,12,30,드라큐라백작의성서5,12,2,81,99
0,드라큐라백작의성서8,13,30,드라큐라백작의성서5,12,2,81,99
0,드라큐라백작의성서8,14,30,드라큐라백작의성서5,12,2,81,99

0,드라큐라백작의성서8,29,16,드라큐라백작의성서7,2,14,81,99
0,드라큐라백작의성서8,29,15,드라큐라백작의성서7,2,14,81,99
0,드라큐라백작의성서8,29,14,드라큐라백작의성서7,2,14,81,99

0,드라큐라백작의성서7,0,14,드라큐라백작의성서8,27,15,81,99
0,드라큐라백작의성서7,0,13,드라큐라백작의성서8,27,15,81,99

0,드라큐라백작의성서7,14,30,드라큐라백작의성서4,12,2,81,99
0,드라큐라백작의성서7,15,30,드라큐라백작의성서4,12,2,81,99
0,드라큐라백작의성서7,16,30,드라큐라백작의성서4,12,2,81,99

0,드라큐라백작의성서4,12,0,드라큐라백작의성서7,15,28,81,99
0,드라큐라백작의성서4,13,0,드라큐라백작의성서7,15,28,81,99

0,드라큐라백작의성서4,14,30,드라큐라백작의성서2,12,2,81,99
0,드라큐라백작의성서4,15,30,드라큐라백작의성서2,12,2,81,99
0,드라큐라백작의성서4,16,30,드라큐라백작의성서2,12,2,81,99

0,드라큐라백작의성서2,12,0,드라큐라백작의성서4,15,28,81,99
0,드라큐라백작의성서2,13,0,드라큐라백작의성서4,15,28,81,99

0,드라큐라백작의성서7,12,0,드라큐라백작의성서9,15,28,81,99
0,드라큐라백작의성서7,13,0,드라큐라백작의성서9,15,28,81,99

0,드라큐라백작의성서9,14,30,드라큐라백작의성서7,12,2,81,99
0,드라큐라백작의성서9,15,30,드라큐라백작의성서7,12,2,81,99
0,드라큐라백작의성서9,16,30,드라큐라백작의성서7,12,2,81,99

0,드라큐라백작의성서9,12,0,드라큐라백작의성서10,13,28,81,99
0,드라큐라백작의성서9,13,0,드라큐라백작의성서10,13,28,81,99

0,드라큐라백작의성서10,12,30,드라큐라백작의성서9,12,2,81,99
0,드라큐라백작의성서10,13,30,드라큐라백작의성서9,12,2,81,99
0,드라큐라백작의성서10,14,30,드라큐라백작의성서9,12,2,81,99

0,드라큐라백작의성서10,0,14,드라큐라백작의성서11,27,15,81,99
0,드라큐라백작의성서10,0,13,드라큐라백작의성서11,27,15,81,99

0,드라큐라백작의성서11,29,16,드라큐라백작의성서10,2,14,81,99
0,드라큐라백작의성서11,29,15,드라큐라백작의성서10,2,14,81,99
0,드라큐라백작의성서11,29,14,드라큐라백작의성서10,2,14,81,99

0,드라큐라백작의성서11,12,0,드라큐라백작의성서12,13,28,81,99
0,드라큐라백작의성서11,13,0,드라큐라백작의성서12,13,28,81,99

0,드라큐라백작의성서12,12,30,드라큐라백작의성서11,12,2,81,99
0,드라큐라백작의성서12,13,30,드라큐라백작의성서11,12,2,81,99
0,드라큐라백작의성서12,14,30,드라큐라백작의성서11,12,2,81,99

0,드라큐라백작의성서12,29,15,드라큐라백작의성서13,2,14,81,99
0,드라큐라백작의성서12,29,14,드라큐라백작의성서13,2,14,81,99
0,드라큐라백작의성서12,29,13,드라큐라백작의성서13,2,14,81,99

0,드라큐라백작의성서13,0,14,드라큐라백작의성서12,27,14,81,99
0,드라큐라백작의성서13,0,13,드라큐라백작의성서12,27,14,81,99

0,드라큐라백작의성서13,12,0,드라큐라백작의성서14,15,28,81,99
0,드라큐라백작의성서13,13,0,드라큐라백작의성서14,15,28,81,99

0,드라큐라백작의성서14,14,30,드라큐라백작의성서13,12,2,81,99
0,드라큐라백작의성서14,15,30,드라큐라백작의성서13,12,2,81,99
0,드라큐라백작의성서14,16,30,드라큐라백작의성서13,12,2,81,99

0,드라큐라백작의성서14,0,14,드라큐라백작의성서15,27,15,81,99
0,드라큐라백작의성서14,0,13,드라큐라백작의성서15,27,15,81,99

0,드라큐라백작의성서15,29,16,드라큐라백작의성서14,2,14,81,99
0,드라큐라백작의성서15,29,15,드라큐라백작의성서14,2,14,81,99
0,드라큐라백작의성서15,29,14,드라큐라백작의성서14,2,14,81,99

0,드라큐라백작의성서14,12,0,드라큐라백작의성서16,13,28,81,99
0,드라큐라백작의성서14,13,0,드라큐라백작의성서16,13,28,81,99

0,드라큐라백작의성서16,12,30,드라큐라백작의성서14,12,2,81,99
0,드라큐라백작의성서16,13,30,드라큐라백작의성서14,12,2,81,99
0,드라큐라백작의성서16,14,30,드라큐라백작의성서14,12,2,81,99

0,드라큐라백작의성서16,29,16,드라큐라백작의성응접실2,2,14,81,99
0,드라큐라백작의성서16,29,15,드라큐라백작의성응접실2,2,14,81,99
0,드라큐라백작의성서16,29,14,드라큐라백작의성응접실2,2,14,81,99

3,드라큐라백작의성응접실2,0,14,Warp_드라큐라백작의성서2,27,15,81,99
3,드라큐라백작의성응접실2,0,13,Warp_드라큐라백작의성서2,27,15,81,99

3,드라큐라백작의성응접실2,12,0,블러드백작의결계,0,0,0,99
3,드라큐라백작의성응접실2,13,0,블러드백작의결계,0,0,0,99

0,블러드백작의결계,12,30,드라큐라백작의성응접실2,12,2,81,99
0,블러드백작의결계,13,30,드라큐라백작의성응접실2,12,2,81,99
0,블러드백작의결계,14,30,드라큐라백작의성응접실2,12,2,81,99

3,드라큐라백작의성응접실2,29,16,Warp_드라큐라백작의성동2,2,14,81,99
3,드라큐라백작의성응접실2,29,15,Warp_드라큐라백작의성동2,2,14,81,99
3,드라큐라백작의성응접실2,29,14,Warp_드라큐라백작의성동2,2,14,81,99

0,드라큐라백작의성동16,12,30,드라큐라백작의성동14,12,2,81,99
0,드라큐라백작의성동16,13,30,드라큐라백작의성동14,12,2,81,99
0,드라큐라백작의성동16,14,30,드라큐라백작의성동14,12,2,81,99

0,드라큐라백작의성동14,12,0,드라큐라백작의성동16,13,28,81,99
0,드라큐라백작의성동14,13,0,드라큐라백작의성동16,13,28,81,99

0,드라큐라백작의성동16,0,13,드라큐라백작의성응접실2,27,15,81,99
0,드라큐라백작의성동16,0,14,드라큐라백작의성응접실2,27,15,81,99

0,드라큐라백작의성동14,29,16,드라큐라백작의성동15,2,14,81,99
0,드라큐라백작의성동14,29,15,드라큐라백작의성동15,2,14,81,99
0,드라큐라백작의성동14,29,14,드라큐라백작의성동15,2,14,81,99

0,드라큐라백작의성동15,0,14,드라큐라백작의성동14,27,15,81,99
0,드라큐라백작의성동15,0,13,드라큐라백작의성동14,27,15,81,99

0,드라큐라백작의성동14,12,30,드라큐라백작의성동13,12,2,81,99
0,드라큐라백작의성동14,13,30,드라큐라백작의성동13,12,2,81,99
0,드라큐라백작의성동14,14,30,드라큐라백작의성동13,12,2,81,99

0,드라큐라백작의성동13,12,0,드라큐라백작의성동14,13,28,81,99
0,드라큐라백작의성동13,13,0,드라큐라백작의성동14,13,28,81,99

0,드라큐라백작의성동13,29,16,드라큐라백작의성동12,2,14,81,99
0,드라큐라백작의성동13,29,15,드라큐라백작의성동12,2,14,81,99
0,드라큐라백작의성동13,29,14,드라큐라백작의성동12,2,14,81,99

0,드라큐라백작의성동12,0,14,드라큐라백작의성동13,27,15,81,99
0,드라큐라백작의성동12,0,13,드라큐라백작의성동13,27,15,81,99

0,드라큐라백작의성동12,12,30,드라큐라백작의성동11,12,2,81,99
0,드라큐라백작의성동12,13,30,드라큐라백작의성동11,12,2,81,99
0,드라큐라백작의성동12,14,30,드라큐라백작의성동11,12,2,81,99

0,드라큐라백작의성동11,12,0,드라큐라백작의성동12,13,28,81,99
0,드라큐라백작의성동11,13,0,드라큐라백작의성동12,13,28,81,99

0,드라큐라백작의성동11,0,14,드라큐라백작의성동10,27,14,81,99
0,드라큐라백작의성동11,0,13,드라큐라백작의성동10,27,14,81,99

0,드라큐라백작의성동10,29,15,드라큐라백작의성동11,2,14,81,99
0,드라큐라백작의성동10,29,14,드라큐라백작의성동11,2,14,81,99
0,드라큐라백작의성동10,29,13,드라큐라백작의성동11,2,14,81,99

0,드라큐라백작의성동10,12,30,드라큐라백작의성동9,12,2,81,99
0,드라큐라백작의성동10,13,30,드라큐라백작의성동9,12,2,81,99
0,드라큐라백작의성동10,14,30,드라큐라백작의성동9,12,2,81,99

0,드라큐라백작의성동9,12,0,드라큐라백작의성동10,13,28,81,99
0,드라큐라백작의성동9,13,0,드라큐라백작의성동10,13,28,81,99

0,드라큐라백작의성동9,14,30,드라큐라백작의성동7,12,2,81,99
0,드라큐라백작의성동9,15,30,드라큐라백작의성동7,12,2,81,99
0,드라큐라백작의성동9,16,30,드라큐라백작의성동7,12,2,81,99

0,드라큐라백작의성동7,12,0,드라큐라백작의성동9,15,28,81,99
0,드라큐라백작의성동7,13,0,드라큐라백작의성동9,15,28,81,99

0,드라큐라백작의성동7,29,16,드라큐라백작의성동8,2,14,81,99
0,드라큐라백작의성동7,29,15,드라큐라백작의성동8,2,14,81,99
0,드라큐라백작의성동7,29,14,드라큐라백작의성동8,2,14,81,99

0,드라큐라백작의성동8,0,14,드라큐라백작의성동7,27,15,81,99
0,드라큐라백작의성동8,0,13,드라큐라백작의성동7,27,15,81,99

0,드라큐라백작의성동8,12,30,드라큐라백작의성동5,12,2,81,98
0,드라큐라백작의성동8,13,30,드라큐라백작의성동5,12,2,81,98
0,드라큐라백작의성동8,14,30,드라큐라백작의성동5,12,2,81,98

0,드라큐라백작의성동5,12,0,드라큐라백작의성동8,13,28,81,99
0,드라큐라백작의성동5,13,0,드라큐라백작의성동8,13,28,81,99

0,드라큐라백작의성동5,29,16,드라큐라백작의성동6,2,14,81,99
0,드라큐라백작의성동5,29,15,드라큐라백작의성동6,2,14,81,99
0,드라큐라백작의성동5,29,14,드라큐라백작의성동6,2,14,81,99

0,드라큐라백작의성동6,0,14,드라큐라백작의성동5,27,15,81,98
0,드라큐라백작의성동6,0,13,드라큐라백작의성동5,27,15,81,98

0,드라큐라백작의성동6,28,9,별장동쪽지하복도,21,3,81,99

0,별장동쪽지하복도,23,0,드라큐라백작의성동6,27,9,81,99
0,별장동쪽지하복도,23,1,드라큐라백작의성동6,27,9,81,99
0,별장동쪽지하복도,23,2,드라큐라백작의성동6,27,9,81,99
0,별장동쪽지하복도,23,3,드라큐라백작의성동6,27,9,81,99
0,별장동쪽지하복도,23,4,드라큐라백작의성동6,27,9,81,99
0,별장동쪽지하복도,23,5,드라큐라백작의성동6,27,9,81,99
0,별장동쪽지하복도,23,6,드라큐라백작의성동6,27,9,81,99

0,드라큐라백작의성동5,12,30,드라큐라백작의성동3,12,2,81,99
0,드라큐라백작의성동5,13,30,드라큐라백작의성동3,12,2,81,99
0,드라큐라백작의성동5,14,30,드라큐라백작의성동3,12,2,81,99

0,드라큐라백작의성동3,12,0,드라큐라백작의성동5,13,28,81,99
0,드라큐라백작의성동3,13,0,드라큐라백작의성동5,13,28,81,99

0,드라큐라백작의성동2,29,16,드라큐라백작의성동3,2,14,81,99
0,드라큐라백작의성동2,29,15,드라큐라백작의성동3,2,14,81,99
0,드라큐라백작의성동2,29,14,드라큐라백작의성동3,2,14,81,99

0,드라큐라백작의성동3,0,14,드라큐라백작의성동2,27,15,81,99
0,드라큐라백작의성동3,0,13,드라큐라백작의성동2,27,15,81,99

0,드라큐라백작의성동2,12,0,드라큐라백작의성동4,15,28,81,99
0,드라큐라백작의성동2,13,0,드라큐라백작의성동4,15,28,81,99

0,드라큐라백작의성동4,14,30,드라큐라백작의성동2,12,2,81,99
0,드라큐라백작의성동4,15,30,드라큐라백작의성동2,12,2,81,99
0,드라큐라백작의성동4,16,30,드라큐라백작의성동2,12,2,81,99

0,드라큐라백작의성동4,12,0,드라큐라백작의성동7,13,28,81,99
0,드라큐라백작의성동4,13,0,드라큐라백작의성동7,13,28,81,99

0,드라큐라백작의성동7,12,30,드라큐라백작의성동4,12,2,81,98
0,드라큐라백작의성동7,13,30,드라큐라백작의성동4,12,2,81,98
0,드라큐라백작의성동7,14,30,드라큐라백작의성동4,12,2,81,98

0,드라큐라백작의성동2,12,30,드라큐라백작의성동1,12,2,81,99
0,드라큐라백작의성동2,13,30,드라큐라백작의성동1,12,2,81,99
0,드라큐라백작의성동2,14,30,드라큐라백작의성동1,12,2,81,99

0,드라큐라백작의성동1,12,0,드라큐라백작의성동2,13,28,81,99
0,드라큐라백작의성동1,13,0,드라큐라백작의성동2,13,28,81,99

0,드라큐라백작의성동1,0,14,드라큐라백작의성응접실1,21,11,81,99
0,드라큐라백작의성동1,0,13,드라큐라백작의성응접실1,21,11,81,99

3,드라큐라백작의성응접실1,23,12,Warp_드라큐라백작의성동1,2,14,81,99
3,드라큐라백작의성응접실1,23,11,Warp_드라큐라백작의성동1,2,14,81,99
3,드라큐라백작의성응접실1,23,10,Warp_드라큐라백작의성동1,2,14,81,99
