0,시장,14,29,루푸의캠프,11,16,99,99
0,시장,15,29,루프의캠프,12,16,99,99
0,시장,16,29,루프의캠프,13,16,99,99

0,루프의캠프,11,19,시장,13,27,99,99
0,루프의캠프,12,19,시장,13,28,99,99
0,루프의캠프,13,19,시장,13,29,99,99

0,루프의캠프,4,0,메카닉A구역-1,27,48,99,99
0,루프의캠프,5,0,메카닉A구역-1,28,48,99,99
0,루프의캠프,6,0,메카닉A구역-1,29,48,99,99
0,루프의캠프,7,0,메카닉A구역-1,30,48,99,99
0,루프의캠프,8,0,메카닉A구역-1,31,48,99,99
0,루프의캠프,9,0,메카닉A구역-1,32,48,99,99

0,메카닉A구역-1,27,49,루프의캠프,4,2,99,99
0,메카닉A구역-1,28,49,루프의캠프,5,2,99,99
0,메카닉A구역-1,29,49,루프의캠프,6,2,99,99
0,메카닉A구역-1,30,49,루프의캠프,7,2,99,99
0,메카닉A구역-1,31,49,루프의캠프,8,2,99,99
0,메카닉A구역-1,32,49,루프의캠프,9,2,99,99

0,메카닉A구역-1,14,0,메카닉B구역-2,30,48,99,99
0,메카닉A구역-1,15,0,메카닉B구역-2,31,48,99,99
0,메카닉A구역-1,16,0,메카닉B구역-2,32,48,99,99
0,메카닉A구역-1,17,0,메카닉B구역-2,33,48,99,99
0,메카닉A구역-1,18,0,메카닉B구역-2,34,48,99,99

0,메카닉B구역-2,30,49,메카닉A구역-1,14,2,99,99
0,메카닉B구역-2,31,49,메카닉A구역-1,15,2,99,99
0,메카닉B구역-2,32,49,메카닉A구역-1,16,2,99,99
0,메카닉B구역-2,33,49,메카닉A구역-1,17,2,99,99
0,메카닉B구역-2,34,49,메카닉A구역-1,18,2,99,99

0,메카닉B구역-2,0,19,메카닉B구역-1,48,27,99,99
0,메카닉B구역-2,0,20,메카닉B구역-1,48,28,99,99
0,메카닉B구역-2,0,21,메카닉B구역-1,48,29,99,99
0,메카닉B구역-2,0,22,메카닉B구역-1,48,30,99,99
0,메카닉B구역-2,0,23,메카닉B구역-1,48,31,99,99

0,메카닉B구역-1,49,27,메카닉B구역-2,2,19,99,99
0,메카닉B구역-1,49,28,메카닉B구역-2,2,20,99,99
0,메카닉B구역-1,49,29,메카닉B구역-2,2,21,99,99
0,메카닉B구역-1,49,30,메카닉B구역-2,2,22,99,99
0,메카닉B구역-1,49,31,메카닉B구역-2,2,23,99,99

0,메카닉B구역-2,49,14,메카닉B구역-3,1,17,99,99
0,메카닉B구역-2,49,15,메카닉B구역-3,1,18,99,99
0,메카닉B구역-2,49,16,메카닉B구역-3,1,19,99,99
0,메카닉B구역-2,49,17,메카닉B구역-3,1,20,99,99
0,메카닉B구역-2,49,18,메카닉B구역-3,1,21,99,99

0,메카닉B구역-3,0,17,메카닉B구역-2,47,14,99,99
0,메카닉B구역-3,0,18,메카닉B구역-2,47,15,99,99
0,메카닉B구역-3,0,19,메카닉B구역-2,47,16,99,99
0,메카닉B구역-3,0,20,메카닉B구역-2,47,17,99,99
0,메카닉B구역-3,0,21,메카닉B구역-2,47,18,99,99

0,메카닉B구역-2,20,0,메카닉C구역-2,30,48,99,99
0,메카닉B구역-2,21,0,메카닉C구역-2,30,48,99,99
0,메카닉B구역-2,22,0,메카닉C구역-2,31,48,99,99
0,메카닉B구역-2,23,0,메카닉C구역-2,32,48,99,99
0,메카닉B구역-2,24,0,메카닉C구역-2,33,48,99,99
0,메카닉B구역-2,25,0,메카닉C구역-2,34,48,99,99
0,메카닉B구역-2,26,0,메카닉C구역-2,34,48,99,99

0,메카닉C구역-2,30,49,메카닉B구역-2,21,2,99,99
0,메카닉C구역-2,31,49,메카닉B구역-2,22,2,99,99
0,메카닉C구역-2,32,49,메카닉B구역-2,23,2,99,99
0,메카닉C구역-2,33,49,메카닉B구역-2,24,2,99,99
0,메카닉C구역-2,34,49,메카닉B구역-2,25,2,99,99

0,메카닉C구역-2,0,19,메카닉C구역-1,48,27,99,99
0,메카닉C구역-2,0,20,메카닉C구역-1,48,28,99,99
0,메카닉C구역-2,0,21,메카닉C구역-1,48,29,99,99
0,메카닉C구역-2,0,22,메카닉C구역-1,48,30,99,99
0,메카닉C구역-2,0,23,메카닉C구역-1,48,31,99,99

0,메카닉C구역-1,49,27,메카닉C구역-2,2,19,99,99
0,메카닉C구역-1,49,28,메카닉C구역-2,2,20,99,99
0,메카닉C구역-1,49,29,메카닉C구역-2,2,21,99,99
0,메카닉C구역-1,49,30,메카닉C구역-2,2,22,99,99
0,메카닉C구역-1,49,31,메카닉C구역-2,2,23,99,99

0,메카닉C구역-2,49,14,메카닉C구역-3,1,17,99,99
0,메카닉C구역-2,49,15,메카닉C구역-3,1,18,99,99
0,메카닉C구역-2,49,16,메카닉C구역-3,1,19,99,99
0,메카닉C구역-2,49,17,메카닉C구역-3,1,20,99,99
0,메카닉C구역-2,49,18,메카닉C구역-3,1,21,99,99

0,메카닉C구역-3,0,17,메카닉C구역-2,47,14,99,99
0,메카닉C구역-3,0,18,메카닉C구역-2,47,15,99,99
0,메카닉C구역-3,0,19,메카닉C구역-2,47,16,99,99
0,메카닉C구역-3,0,20,메카닉C구역-2,47,17,99,99
0,메카닉C구역-3,0,21,메카닉C구역-2,47,18,99,99

/////

0,메카닉C구역-2,20,0,메카닉D구역-1,27,48,99,99
0,메카닉C구역-2,21,0,메카닉D구역-1,27,48,99,99
0,메카닉C구역-2,22,0,메카닉D구역-1,28,48,99,99
0,메카닉C구역-2,23,0,메카닉D구역-1,29,48,99,99
0,메카닉C구역-2,24,0,메카닉D구역-1,30,48,99,99
0,메카닉C구역-2,25,0,메카닉D구역-1,31,48,99,99
0,메카닉C구역-2,26,0,메카닉D구역-1,32,48,99,99

0,메카닉D구역-1,27,49,메카닉C구역-2,20,2,99,99
0,메카닉D구역-1,28,49,메카닉C구역-2,21,2,99,99
0,메카닉D구역-1,29,49,메카닉C구역-2,22,2,99,99
0,메카닉D구역-1,30,49,메카닉C구역-2,23,2,99,99
0,메카닉D구역-1,31,49,메카닉C구역-2,24,2,99,99
0,메카닉D구역-1,32,49,메카닉C구역-2,25,2,99,99

/////

0,메카닉D구역-1,14,0,메카닉E구역-2,30,48,99,99
0,메카닉D구역-1,15,0,메카닉E구역-2,31,48,99,99
0,메카닉D구역-1,16,0,메카닉E구역-2,32,48,99,99
0,메카닉D구역-1,17,0,메카닉E구역-2,33,48,99,99
0,메카닉D구역-1,18,0,메카닉E구역-2,34,48,99,99

0,메카닉E구역-2,30,49,메카닉D구역-1,14,2,99,99
0,메카닉E구역-2,31,49,메카닉D구역-1,15,2,99,99
0,메카닉E구역-2,32,49,메카닉D구역-1,16,2,99,99
0,메카닉E구역-2,33,49,메카닉D구역-1,17,2,99,99
0,메카닉E구역-2,34,49,메카닉D구역-1,18,2,99,99

0,메카닉E구역-2,0,19,메카닉E구역-1,48,27,99,99
0,메카닉E구역-2,0,20,메카닉E구역-1,48,28,99,99
0,메카닉E구역-2,0,21,메카닉E구역-1,48,29,99,99
0,메카닉E구역-2,0,22,메카닉E구역-1,48,30,99,99
0,메카닉E구역-2,0,23,메카닉E구역-1,48,31,99,99

0,메카닉E구역-1,49,27,메카닉E구역-2,2,19,99,99
0,메카닉E구역-1,49,28,메카닉E구역-2,2,20,99,99
0,메카닉E구역-1,49,29,메카닉E구역-2,2,21,99,99
0,메카닉E구역-1,49,30,메카닉E구역-2,2,22,99,99
0,메카닉E구역-1,49,31,메카닉E구역-2,2,23,99,99

0,메카닉E구역-2,49,14,메카닉E구역-3,1,17,99,99
0,메카닉E구역-2,49,15,메카닉E구역-3,1,18,99,99
0,메카닉E구역-2,49,16,메카닉E구역-3,1,19,99,99
0,메카닉E구역-2,49,17,메카닉E구역-3,1,20,99,99
0,메카닉E구역-2,49,18,메카닉E구역-3,1,21,99,99

0,메카닉E구역-3,0,17,메카닉E구역-2,47,14,99,99
0,메카닉E구역-3,0,18,메카닉E구역-2,47,15,99,99
0,메카닉E구역-3,0,19,메카닉E구역-2,47,16,99,99
0,메카닉E구역-3,0,20,메카닉E구역-2,47,17,99,99
0,메카닉E구역-3,0,21,메카닉E구역-2,47,18,99,99

/////

0,메카닉E구역-2,20,0,메카닉F구역-1,48,27,99,99
0,메카닉E구역-2,21,0,메카닉F구역-1,48,27,99,99
0,메카닉E구역-2,22,0,메카닉F구역-1,48,28,99,99
0,메카닉E구역-2,23,0,메카닉F구역-1,48,29,99,99
0,메카닉E구역-2,24,0,메카닉F구역-1,48,30,99,99
0,메카닉E구역-2,25,0,메카닉F구역-1,48,31,99,99
0,메카닉E구역-2,26,0,메카닉F구역-1,48,31,99,99

0,메카닉F구역-1,49,27,메카닉E구역-2,21,2,99,99
0,메카닉F구역-1,49,28,메카닉E구역-2,22,2,99,99
0,메카닉F구역-1,49,29,메카닉E구역-2,23,2,99,99
0,메카닉F구역-1,49,30,메카닉E구역-2,24,2,99,99
0,메카닉F구역-1,49,31,메카닉E구역-2,25,2,99,99