0,밀레스마을,25,15,밀레스시약상점,6,13,0,99
0,밀레스마을,26,15,밀레스시약상점,7,13,0,99
0,밀레스시약상점,6,14,밀레스마을,25,16,0,99
0,밀레스시약상점,7,14,밀레스마을,26,16,0,99

0,밀레스마을,30,82,밀레스우체국,6,13,0,99
0,밀레스마을,31,82,밀레스우체국,7,13,0,99
0,밀레스우체국,6,14,밀레스마을,30,83,0,99
0,밀레스우체국,7,14,밀레스마을,31,83,0,99

0,밀레스마을,62,61,밀레스음식점,8,13,0,99
0,밀레스마을,63,61,밀레스음식점,9,13,0,99
0,밀레스음식점,8,14,밀레스마을,63,63,0,99
0,밀레스음식점,9,14,밀레스마을,63,63,0,99

0,밀레스마을,70,54,밀레스주점,13,4,0,99
0,밀레스마을,70,55,밀레스주점,13,5,0,99
0,밀레스주점,14,4,밀레스마을,71,54,0,99
0,밀레스주점,14,5,밀레스마을,71,55,0,99

0,밀레스음식점,12,0,밀레스주점,10,12,0,99
0,밀레스주점,10,14,밀레스음식점,12,2,0,99
0,밀레스주점,11,14,밀레스음식점,12,2,0,99

0,밀레스마을,42,58,밀레스리콜상점,6,13,0,99
0,밀레스마을,43,58,밀레스리콜상점,7,13,0,99
0,밀레스리콜상점,6,14,밀레스마을,42,59,0,99
0,밀레스리콜상점,7,14,밀레스마을,43,59,0,99

0,밀레스마을,18,61,밀레스방어구점,10,8,0,99
0,밀레스마을,18,62,밀레스방어구점,10,9,0,99
0,밀레스방어구점,11,8,밀레스마을,19,61,0,99
0,밀레스방어구점,11,9,밀레스마을,19,62,0,99

0,밀레스방어구점,0,9,밀레스무기점,12,1,0,99
0,밀레스무기점,12,0,밀레스방어구점,1,9,0,99

0,밀레스마을,12,69,밀레스무기점,6,13,0,99
0,밀레스마을,13,69,밀레스무기점,7,13,0,99
0,밀레스무기점,6,14,밀레스마을,12,69,0,99
0,밀레스무기점,7,14,밀레스마을,13,69,0,99

0,밀레스마을,54,70,밀레스은행,8,15,0,99
0,밀레스마을,55,70,밀레스은행,9,15,0,99
0,밀레스은행,19,7,밀레스마을,51,61,0,99
0,밀레스은행,19,8,밀레스마을,51,61,0,99
0,밀레스은행,19,9,밀레스마을,51,61,0,99
0,밀레스은행,19,10,밀레스마을,51,61,0,99
0,밀레스은행,19,11,밀레스마을,51,61,0,99
0,밀레스은행,19,12,밀레스마을,51,61,0,99
0,밀레스은행,19,13,밀레스마을,51,61,0,99

0,밀레스마을,27,43,밀레스여관,8,16,0,99
0,밀레스마을,28,43,밀레스여관,9,16,0,99
0,밀레스여관,6,19,밀레스마을,28,45,0,99
0,밀레스여관,7,19,밀레스마을,28,45,0,99
0,밀레스여관,8,19,밀레스마을,28,45,0,99
0,밀레스여관,9,19,밀레스마을,28,45,0,99
0,밀레스여관,10,19,밀레스마을,28,45,0,99
0,밀레스여관,11,19,밀레스마을,28,45,0,99
0,밀레스여관,12,19,밀레스마을,28,45,0,99
0,밀레스여관,13,19,밀레스마을,28,45,0,99

0,밀레스마을,33,38,밀레스여관,16,8,0,99
0,밀레스마을,33,37,밀레스여관,16,7,0,99
0,밀레스여관,19,5,밀레스마을,34,38,0,99
0,밀레스여관,19,6,밀레스마을,34,38,0,99
0,밀레스여관,19,7,밀레스마을,34,38,0,99
0,밀레스여관,19,8,밀레스마을,34,38,0,99
0,밀레스여관,19,9,밀레스마을,34,38,0,99
0,밀레스여관,19,10,밀레스마을,34,38,0,99
0,밀레스여관,19,11,밀레스마을,34,38,0,99
0,밀레스마을,40,75,밀레스교회,8,22,0,99
0,밀레스교회,8,24,밀레스마을,40,77,0,99

0,서밀레스마을,78,80,보석상점2,4,9,0,99
0,서밀레스마을,79,80,보석상점2,4,9,0,99
0,보석상점2,14,10,서밀레스마을,85,75,0,99
0,보석상점2,14,11,서밀레스마을,85,75,0,99

0,서밀레스마을,22,92,지하묘지대기실,5,5,0,99
0,지하묘지대기실,6,15,서밀레스마을,22,95,0,99
0,지하묘지대기실,7,15,서밀레스마을,22,95,0,99
0,지하묘지대기실,8,15,서밀레스마을,22,95,0,99 
0,지하묘지대기실,9,15,서밀레스마을,22,95,0,99            

0,서밀레스마을,21,0,북밀레스마을,33,97,0,99
0,서밀레스마을,22,0,북밀레스마을,33,97,0,99
0,서밀레스마을,23,0,북밀레스마을,33,97,0,99
0,서밀레스마을,24,0,북밀레스마을,33,97,0,99

0,북밀레스마을,33,99,서밀레스마을,23,1,0,99
0,북밀레스마을,34,99,서밀레스마을,23,1,0,99
0,북밀레스마을,35,99,서밀레스마을,23,1,0,99

0,북밀레스마을,99,49,동밀레스마을,2,23,0,99
0,북밀레스마을,99,48,동밀레스마을,2,23,0,99
0,북밀레스마을,99,47,동밀레스마을,2,23,0,99
0,북밀레스마을,99,46,동밀레스마을,2,23,0,99

0,동밀레스마을,0,24,북밀레스마을,98,50,0,99
0,동밀레스마을,0,23,북밀레스마을,98,50,0,99

0,동밀레스마을,49,99,밀레스마을,55,2,0,99         
0,동밀레스마을,50,99,밀레스마을,55,2,0,99
0,동밀레스마을,51,99,밀레스마을,55,2,0,99
0,동밀레스마을,52,99,밀레스마을,55,2,0,99
0,동밀레스마을,53,99,밀레스마을,55,2,0,99
0,동밀레스마을,54,99,밀레스마을,55,2,0,99

0,밀레스마을,52,0,동밀레스마을,51,97,0,99
0,밀레스마을,53,0,동밀레스마을,51,97,0,99
0,밀레스마을,54,0,동밀레스마을,51,97,0,99
0,밀레스마을,55,0,동밀레스마을,51,97,0,99
0,밀레스마을,56,0,동밀레스마을,51,97,0,99
0,밀레스마을,57,0,동밀레스마을,51,97,0,99

0,밀레스마을,20,22,밀레스특수스킬의집,13,8,0,99
0,밀레스특수스킬의집,14,7,밀레스마을,21,22,0,99
0,밀레스특수스킬의집,14,8,밀레스마을,20,23,0,99

0,밀레스마을,18,84,밀레스훈련소,10,5,0,99
0,밀레스훈련소,11,5,밀레스마을,20,84,0,99
0,밀레스훈련소,11,6,밀레스마을,20,84,0,99

0,밀레스마을,92,11,밀레스신전,9,6,0,99
0,밀레스마을,92,12,밀레스신전,9,6,0,99
0,밀레스마을,92,13,밀레스신전,9,6,0,99
0,밀레스신전,11,5,밀레스마을,94,12,0,99
0,밀레스신전,11,6,밀레스마을,94,12,0,99

0,신들의세계,24,9,로오신전,10,5,99,99
0,신들의세계,24,10,로오신전,10,6,99,99
0,신들의세계,24,11,로오신전,10,7,99,99

0,로오신전,12,6,신들의세계,25,10,99,99

0,신들의세계,10,5,세토아신전,10,5,99,99
0,신들의세계,10,6,세토아신전,10,6,99,99
0,신들의세계,10,7,세토아신전,10,7,99,99

0,세토아신전,12,6,신들의세계,11,6,99,99

0,신들의세계,12,18,칸신전,10,5,99,99
0,신들의세계,12,19,칸신전,10,6,99,99
0,신들의세계,12,20,칸신전,10,7,99,99

0,칸신전,12,6,신들의세계,13,19,99,99

0,신들의세계,22,24,세오신전,10,5,99,99
0,신들의세계,22,25,세오신전,10,6,99,99
0,신들의세계,22,26,세오신전,10,7,99,99

0,세오신전,12,6,신들의세계,23,24,99,99