0,마인마을,46,21,마인제조상점,7,12,0,99
0,마인제조상점,6,14,마인마을,46,22,0,99
0,마인제조상점,7,14,마인마을,46,22,0,99
0,마인제조상점,8,14,마인마을,46,22,0,99

0,마인마을,15,33,마인시약상점,6,13,0,99
0,마인시약상점,6,14,마인마을,15,34,0,99
0,마인시약상점,7,14,마인마을,15,34,0,99

0,마인마을,49,50,마인은행,8,15,0,99
0,마인은행,6,19,마인마을,49,51,0,99
0,마인은행,7,19,마인마을,49,51,0,99
0,마인은행,8,19,마인마을,49,51,0,99
0,마인은행,9,19,마인마을,49,51,0,99
0,마인은행,10,19,마인마을,49,51,0,99
0,마인은행,11,19,마인마을,49,51,0,99
0,마인은행,12,19,마인마을,49,51,0,99

0,마인마을,84,52,마인여관,8,16,0,99
0,마인여관,6,19,마인마을,84,53,0,99
0,마인여관,7,19,마인마을,84,53,0,99
0,마인여관,8,19,마인마을,84,53,0,99
0,마인여관,9,19,마인마을,84,53,0,99

0,마인마을,43,0,죽음의마을입구5,11,17,99,99
0,마인마을,44,0,죽음의마을입구5,11,17,99,99
0,마인마을,45,0,죽음의마을입구5,11,17,99,99
0,마인마을,46,0,죽음의마을입구5,11,17,99,99
0,마인마을,47,0,죽음의마을입구5,11,17,99,99
0,마인마을,48,0,죽음의마을입구5,11,17,99,99
