0,용자의공원,47,47,박물관1층,14,23,0,99
0,용자의공원,48,47,박물관1층,15,23,0,99
0,용자의공원,49,47,박물관1층,15,23,0,99

0,박물관1층,14,26,용자의공원,47,50,0,99
0,박물관1층,15,26,용자의공원,48,50,0,99


0,박물관1층,14,14,박물관2층,9,15,0,99
0,박물관1층,15,14,박물관2층,9,15,0,99

0,박물관2층,9,14,박물관1층,14,16,0,99
0,박물관2층,10,14,박물관1층,14,16,0,99

0,박물관2층,14,14,박물관3층,9,15,0,99
0,박물관2층,15,14,박물관3층,9,15,0,99

0,박물관3층,9,14,박물관2층,14,16,0,99
0,박물관3층,10,14,박물관2층,14,16,0,99

0,박물관옥탑,13,19,박물관3층,15,16,0,99

0,박물관3층,0,1,도서관1,28,1,0,99
0,박물관3층,0,3,도서관1,28,3,0,99
0,박물관3층,0,4,도서관1,28,4,0,99
0,박물관3층,0,6,도서관1,28,6,0,99
0,박물관3층,0,7,도서관1,28,7,0,99
0,박물관3층,0,9,도서관1,28,9,0,99
0,박물관3층,0,10,도서관1,28,10,0,99
0,박물관3층,0,12,도서관1,28,12,0,99
0,박물관3층,0,13,도서관1,28,13,0,99
0,박물관3층,0,15,도서관1,28,15,0,99
0,박물관3층,0,16,도서관1,28,16,0,99
0,박물관3층,0,18,도서관1,28,18,0,99
0,박물관3층,0,19,도서관1,28,19,0,99
0,박물관3층,0,21,도서관1,28,21,0,99
0,박물관3층,0,22,도서관1,28,22,0,99
0,박물관3층,0,24,도서관1,28,24,0,99
0,박물관3층,0,25,도서관1,28,25,0,99

0,도서관1,29,1,박물관3층,1,1,0,99
0,도서관1,29,3,박물관3층,1,3,0,99
0,도서관1,29,4,박물관3층,1,4,0,99
0,도서관1,29,6,박물관3층,1,6,0,99
0,도서관1,29,7,박물관3층,1,7,0,99
0,도서관1,29,9,박물관3층,1,9,0,99
0,도서관1,29,10,박물관3층,1,10,0,99
0,도서관1,29,12,박물관3층,1,12,0,99
0,도서관1,29,13,박물관3층,1,13,0,99
0,도서관1,29,15,박물관3층,1,15,0,99
0,도서관1,29,16,박물관3층,1,16,0,99
0,도서관1,29,18,박물관3층,1,18,0,99
0,도서관1,29,19,박물관3층,1,19,0,99
0,도서관1,29,21,박물관3층,1,21,0,99
0,도서관1,29,22,박물관3층,1,22,0,99
0,도서관1,29,24,박물관3층,1,24,0,99
0,도서관1,29,25,박물관3층,1,25,0,99

0,도서관1,12,0,인물관,12,3,0,99
0,도서관1,13,0,인물관,13,3,0,99

0,인물관,12,0,도서관1,12,2,0,99
0,인물관,13,0,도서관1,13,2,0,99

0,인물관,3,0,역사관,12,1,0,99
0,인물관,4,0,역사관,13,1,0,99

0,역사관,12,0,인물관,3,2,0,99
0,역사관,13,0,인물관,4,2,0,99

0,역사관,29,1,박물관1층,1,1,0,99
0,역사관,29,3,박물관1층,1,3,0,99
0,역사관,29,4,박물관1층,1,4,0,99
0,역사관,29,6,박물관1층,1,6,0,99
0,역사관,29,7,박물관1층,1,7,0,99
0,역사관,29,9,박물관1층,1,9,0,99
0,역사관,29,10,박물관1층,1,10,0,99
0,역사관,29,12,박물관1층,1,12,0,99
0,역사관,29,13,박물관1층,1,13,0,99
0,역사관,29,15,박물관1층,1,15,0,99
0,역사관,29,16,박물관1층,1,16,0,99
0,역사관,29,18,박물관1층,1,18,0,99
0,역사관,29,19,박물관1층,1,19,0,99
0,역사관,29,21,박물관1층,1,21,0,99
0,역사관,29,22,박물관1층,1,22,0,99
0,역사관,29,24,박물관1층,1,24,0,99
0,역사관,29,25,박물관1층,1,25,0,99

0,박물관1층,0,1,역사관,28,1,0,99
0,박물관1층,0,3,역사관,28,3,0,99
0,박물관1층,0,4,역사관,28,4,0,99
0,박물관1층,0,6,역사관,28,6,0,99
0,박물관1층,0,7,역사관,28,7,0,99
0,박물관1층,0,9,역사관,28,9,0,99
0,박물관1층,0,10,역사관,28,10,0,99
0,박물관1층,0,12,역사관,28,12,0,99
0,박물관1층,0,13,역사관,28,13,0,99
0,박물관1층,0,15,역사관,28,15,0,99
0,박물관1층,0,16,역사관,28,16,0,99
0,박물관1층,0,18,역사관,28,18,0,99
0,박물관1층,0,19,역사관,28,19,0,99
0,박물관1층,0,21,역사관,28,21,0,99
0,박물관1층,0,22,역사관,28,22,0,99
0,박물관1층,0,24,역사관,28,24,0,99
0,박물관1층,0,25,역사관,28,25,0,99

0,인물관,29,1,박물관2층,1,1,0,99
0,인물관,29,3,박물관2층,1,3,0,99
0,인물관,29,4,박물관2층,1,4,0,99
0,인물관,29,6,박물관2층,1,6,0,99
0,인물관,29,7,박물관2층,1,7,0,99
0,인물관,29,9,박물관2층,1,9,0,99
0,인물관,29,10,박물관2층,1,10,0,99
0,인물관,29,12,박물관2층,1,12,0,99
0,인물관,29,13,박물관2층,1,13,0,99
0,인물관,29,15,박물관2층,1,15,0,99
0,인물관,29,16,박물관2층,1,16,0,99
0,인물관,29,18,박물관2층,1,18,0,99
0,인물관,29,19,박물관2층,1,19,0,99
0,인물관,29,21,박물관2층,1,21,0,99
0,인물관,29,22,박물관2층,1,22,0,99
0,인물관,29,24,박물관2층,1,24,0,99
0,인물관,29,25,박물관2층,1,25,0,99

0,박물관2층,0,1,인물관,28,1,0,99
0,박물관2층,0,3,인물관,28,3,0,99
0,박물관2층,0,4,인물관,28,4,0,99
0,박물관2층,0,6,인물관,28,6,0,99
0,박물관2층,0,7,인물관,28,7,0,99
0,박물관2층,0,9,인물관,28,9,0,99
0,박물관2층,0,10,인물관,28,10,0,99
0,박물관2층,0,12,인물관,28,12,0,99
0,박물관2층,0,13,인물관,28,13,0,99
0,박물관2층,0,15,인물관,28,15,0,99
0,박물관2층,0,16,인물관,28,16,0,99
0,박물관2층,0,18,인물관,28,18,0,99
0,박물관2층,0,19,인물관,28,19,0,99
0,박물관2층,0,21,인물관,28,21,0,99
0,박물관2층,0,22,인물관,28,22,0,99
0,박물관2층,0,24,인물관,28,24,0,99
0,박물관2층,0,25,인물관,28,25,0,99

0,박물관1층,29,1,유물관,1,1,0,99
0,박물관1층,29,3,유물관,1,3,0,99
0,박물관1층,29,4,유물관,1,4,0,99
0,박물관1층,29,6,유물관,1,6,0,99
0,박물관1층,29,7,유물관,1,7,0,99
0,박물관1층,29,9,유물관,1,9,0,99
0,박물관1층,29,10,유물관,1,10,0,99
0,박물관1층,29,12,유물관,1,12,0,99
0,박물관1층,29,13,유물관,1,13,0,99
0,박물관1층,29,15,유물관,1,15,0,99
0,박물관1층,29,16,유물관,1,16,0,99
0,박물관1층,29,18,유물관,1,18,0,99
0,박물관1층,29,19,유물관,1,19,0,99
0,박물관1층,29,21,유물관,1,21,0,99
0,박물관1층,29,22,유물관,1,22,0,99
0,박물관1층,29,24,유물관,1,24,0,99
0,박물관1층,29,25,유물관,1,25,0,99

0,유물관,0,1,박물관1층,28,1,0,99
0,유물관,0,3,박물관1층,28,3,0,99
0,유물관,0,4,박물관1층,28,4,0,99
0,유물관,0,6,박물관1층,28,6,0,99
0,유물관,0,7,박물관1층,28,7,0,99
0,유물관,0,9,박물관1층,28,9,0,99
0,유물관,0,10,박물관1층,28,10,0,99
0,유물관,0,12,박물관1층,28,12,0,99
0,유물관,0,13,박물관1층,28,13,0,99
0,유물관,0,15,박물관1층,28,15,0,99
0,유물관,0,16,박물관1층,28,16,0,99
0,유물관,0,18,박물관1층,28,18,0,99
0,유물관,0,19,박물관1층,28,19,0,99
0,유물관,0,21,박물관1층,28,21,0,99
0,유물관,0,22,박물관1층,28,22,0,99
0,유물관,0,24,박물관1층,28,24,0,99
0,유물관,0,25,박물관1층,28,25,0,99

0,유물관,12,0,몬스터관,24,1,0,99
0,유물관,13,0,몬스터관,25,1,0,99

0,몬스터관,24,0,유물관,12,2,0,99
0,몬스터관,25,0,유물관,13,2,0,99

0,박물관2층,29,1,몬스터관,1,1,0,99
0,박물관2층,29,3,몬스터관,1,3,0,99
0,박물관2층,29,4,몬스터관,1,4,0,99
0,박물관2층,29,6,몬스터관,1,6,0,99
0,박물관2층,29,7,몬스터관,1,7,0,99
0,박물관2층,29,9,몬스터관,1,9,0,99
0,박물관2층,29,10,몬스터관,1,10,0,99
0,박물관2층,29,12,몬스터관,1,12,0,99
0,박물관2층,29,13,몬스터관,1,13,0,99
0,박물관2층,29,15,몬스터관,1,15,0,99
0,박물관2층,29,16,몬스터관,1,16,0,99
0,박물관2층,29,18,몬스터관,1,18,0,99
0,박물관2층,29,19,몬스터관,1,19,0,99
0,박물관2층,29,21,몬스터관,1,21,0,99
0,박물관2층,29,22,몬스터관,1,22,0,99
0,박물관2층,29,24,몬스터관,1,24,0,99
0,박물관2층,29,25,몬스터관,1,25,0,99

0,몬스터관,0,1,박물관2층,28,1,0,99
0,몬스터관,0,3,박물관2층,28,3,0,99
0,몬스터관,0,4,박물관2층,28,4,0,99
0,몬스터관,0,6,박물관2층,28,6,0,99
0,몬스터관,0,7,박물관2층,28,7,0,99
0,몬스터관,0,9,박물관2층,28,9,0,99
0,몬스터관,0,10,박물관2층,28,10,0,99
0,몬스터관,0,12,박물관2층,28,12,0,99
0,몬스터관,0,13,박물관2층,28,13,0,99
0,몬스터관,0,15,박물관2층,28,15,0,99
0,몬스터관,0,16,박물관2층,28,16,0,99
0,몬스터관,0,18,박물관2층,28,18,0,99
0,몬스터관,0,19,박물관2층,28,19,0,99
0,몬스터관,0,21,박물관2층,28,21,0,99
0,몬스터관,0,22,박물관2층,28,22,0,99
0,몬스터관,0,24,박물관2층,28,24,0,99
0,몬스터관,0,25,박물관2층,28,25,0,99

0,몬스터관,3,0,도서관2,24,1,0,99
0,몬스터관,4,0,도서관2,25,1,0,99

0,도서관2,24,0,몬스터관,3,2,0,99
0,도서관2,25,0,몬스터관,4,2,0,99

0,박물관3층,29,1,도서관2,1,1,0,99
0,박물관3층,29,3,도서관2,1,3,0,99
0,박물관3층,29,4,도서관2,1,4,0,99
0,박물관3층,29,6,도서관2,1,6,0,99
0,박물관3층,29,7,도서관2,1,7,0,99
0,박물관3층,29,9,도서관2,1,9,0,99
0,박물관3층,29,10,도서관2,1,10,0,99
0,박물관3층,29,12,도서관2,1,12,0,99
0,박물관3층,29,13,도서관2,1,13,0,99
0,박물관3층,29,15,도서관2,1,15,0,99
0,박물관3층,29,16,도서관2,1,16,0,99
0,박물관3층,29,18,도서관2,1,18,0,99
0,박물관3층,29,19,도서관2,1,19,0,99
0,박물관3층,29,21,도서관2,1,21,0,99
0,박물관3층,29,22,도서관2,1,22,0,99
0,박물관3층,29,24,도서관2,1,24,0,99
0,박물관3층,29,25,도서관2,1,25,0,99

0,도서관2,0,1,박물관3층,28,1,0,99
0,도서관2,0,3,박물관3층,28,3,0,99
0,도서관2,0,4,박물관3층,28,4,0,99
0,도서관2,0,6,박물관3층,28,6,0,99
0,도서관2,0,7,박물관3층,28,7,0,99
0,도서관2,0,9,박물관3층,28,9,0,99
0,도서관2,0,10,박물관3층,28,10,0,99
0,도서관2,0,12,박물관3층,28,12,0,99
0,도서관2,0,13,박물관3층,28,13,0,99
0,도서관2,0,15,박물관3층,28,15,0,99
0,도서관2,0,16,박물관3층,28,16,0,99
0,도서관2,0,18,박물관3층,28,18,0,99
0,도서관2,0,19,박물관3층,28,19,0,99
0,도서관2,0,21,박물관3층,28,21,0,99
0,도서관2,0,22,박물관3층,28,22,0,99
0,도서관2,0,24,박물관3층,28,24,0,99
0,도서관2,0,25,박물관3층,28,25,0,99