0,루어스마을,17,23,루어스여관,8,16,0,99
0,루어스마을,23,17,루어스여관,16,8,0,99

0,루어스여관,6,19,루어스마을,17,24,0,99
0,루어스여관,7,19,루어스마을,17,24,0,99
0,루어스여관,8,19,루어스마을,17,24,0,99
0,루어스여관,9,19,루어스마을,17,24,0,99
0,루어스여관,10,19,루어스마을,17,24,0,99
0,루어스여관,11,19,루어스마을,17,24,0,99
0,루어스여관,12,19,루어스마을,17,24,0,99
0,루어스여관,13,19,루어스마을,17,24,0,99

0,루어스여관,19,5,루어스마을,24,17,0,99
0,루어스여관,19,6,루어스마을,24,17,0,99
0,루어스여관,19,7,루어스마을,24,17,0,99
0,루어스여관,19,8,루어스마을,24,17,0,99
0,루어스여관,19,9,루어스마을,24,17,0,99
0,루어스여관,19,10,루어스마을,24,17,0,99
0,루어스여관,19,11,루어스마을,24,17,0,99

0,루어스마을,39,21,루어스은행,8,15,0,99
0,루어스은행,6,19,루어스마을,39,22,0,99
0,루어스은행,7,19,루어스마을,39,22,0,99
0,루어스은행,8,19,루어스마을,39,22,0,99
0,루어스은행,9,19,루어스마을,39,22,0,99
0,루어스은행,10,19,루어스마을,39,22,0,99
0,루어스은행,11,19,루어스마을,39,22,0,99
0,루어스은행,12,19,루어스마을,39,22,0,99

0,루어스마을,60,11,루어스리콜상점,6,13,0,99
0,루어스리콜상점,6,14,루어스마을,59,13,0,99
0,루어스리콜상점,7,14,루어스마을,59,13,0,99
