0,수오미마을,71,81,수오미기술사범의집,8,12,0,99
0,수오미기술사범의집,6,14,수오미마을,71,83,0,99
0,수오미기술사범의집,7,14,수오미마을,71,83,0,99
0,수오미기술사범의집,8,14,수오미마을,71,83,0,99
0,수오미기술사범의집,9,14,수오미마을,71,83,0,99
0,수오미기술사범의집,11,0,수오미마법사범의집,2,11,0,99
0,수오미마법사범의집,0,11,수오미기술사범의집,11,2,0,99
0,수오미마법사범의집,13,12,수오미마을,81,74,0,99
0,수오미마을,79,74,수오미마법사범의집,11,12,0,99
0,수오미마을,19,48,수오미방어구점,10,8,0,99
0,수오미방어구점,11,8,수오미마을,20,48,0,99
0,수오미방어구점,11,9,수오미마을,20,48,0,99
0,수오미방어구점,0,9,수오미무기점,12,1,0,99
0,수오미무기점,12,0,수오미방어구점,1,9,0,99
0,수오미마을,11,55,수오미무기점,6,13,0,99
0,수오미마을,11,55,수오미무기점,7,13,0,99
0,수오미무기점,6,14,수오미마을,11,57,0,99
0,수오미무기점,7,14,수오미마을,11,57,0,99
0,수오미마을,62,41,수오미여관,16,7,0,99
0,수오미마을,62,42,수오미여관,16,8,0,99
0,수오미여관,19,7,수오미마을,64,42,0,99
0,수오미여관,19,6,수오미마을,64,42,0,99
0,수오미여관,19,8,수오미마을,64,42,0,99
0,수오미여관,19,9,수오미마을,64,42,0,99
0,수오미여관,19,10,수오미마을,64,42,0,99
0,수오미여관,19,11,수오미마을,64,42,0,99
0,수오미여관,19,12,수오미마을,64,42,0,99
0,수오미여관,19,13,수오미마을,64,42,0,99
0,수오미마을,74,22,수오미음식점,8,13,0,99
0,수오미마을,75,22,수오미음식점,9,13,0,99
0,수오미음식점,8,14,수오미마을,74,23,0,99
0,수오미음식점,9,14,수오미마을,75,23,0,99
0,수오미음식점,12,0,수오미주점,10,12,0,99
0,수오미주점,10,14,수오미음식점,12,2,0,99
0,수오미주점,11,14,수오미음식점,12,2,0,99
0,수오미주점,14,5,수오미마을,82,16,0,99
0,수오미주점,14,4,수오미마을,82,15,0,99
0,수오미마을,82,15,수오미주점,13,4,0,99
0,수오미마을,82,16,수오미주점,13,5,0,99
0,수오미마을,12,18,수오미특수스킬의집,6,13,0,99
0,수오미마을,13,18,수오미특수스킬의집,7,13,0,99
0,수오미특수스킬의집,6,14,수오미마을,12,19,0,99
0,수오미특수스킬의집,7,14,수오미마을,13,19,0,99

0,수오미마을,99,27,포테의숲1존,33,47,21,51
0,수오미마을,99,26,포테의숲1존,33,47,21,51
0,수오미마을,99,25,포테의숲1존,33,47,21,51
0,수오미마을,99,24,포테의숲1존,33,47,21,51

0,포테의숲1존,34,49,수오미마을,97,27,0,99
0,포테의숲1존,33,49,수오미마을,97,25,0,99
0,포테의숲1존,32,49,수오미마을,97,24,0,99

0,포테의숲1존,28,0,포테의숲2존,22,47,21,51
0,포테의숲1존,27,0,포테의숲2존,22,47,21,51
0,포테의숲1존,26,0,포테의숲2존,22,47,21,51
0,포테의숲1존,25,0,포테의숲2존,22,47,21,51
0,포테의숲2존,23,49,포테의숲1존,28,2,21,51
0,포테의숲2존,22,49,포테의숲1존,27,2,21,51
0,포테의숲2존,21,49,포테의숲1존,26,0,21,51

0,포테의숲2존,10,0,포테의숲3존,37,68,21,51
0,포테의숲2존,9,0,포테의숲3존,36,68,21,51
0,포테의숲2존,8,0,포테의숲3존,35,68,21,51
0,포테의숲3존,35,69,포테의숲2존,8,1,21,51
0,포테의숲3존,36,69,포테의숲2존,9,1,21,51
0,포테의숲3존,37,69,포테의숲2존,10,1,21,51

0,포테의숲2존,22,0,포테의숲3존,37,67,21,51
0,포테의숲2존,23,0,포테의숲3존,37,67,21,51
0,포테의숲2존,24,0,포테의숲3존,37,67,21,51
0,포테의숲3존,36,49,포테의숲2존,24,2,21,51
0,포테의숲3존,37,69,포테의숲2존,24,2,21,51

0,포테의숲3존,69,14,포테의숲4존,1,13,21,51
0,포테의숲3존,69,13,포테의숲4존,1,13,21,51
0,포테의숲3존,69,15,포테의숲4존,1,13,21,51
0,포테의숲4존,0,13,포테의숲3존,67,15,21,51

0,포테의숲4존,40,11,포테의숲5존,1,15,21,51
0,포테의숲4존,40,10,포테의숲5존,1,15,21,51
0,포테의숲4존,40,9,포테의숲5존,1,15,21,51
0,포테의숲5존,0,15,포테의숲4존,38,10,21,51
0,포테의숲4존,19,0,포테의숲6존,24,28,21,51
0,포테의숲4존,20,0,포테의숲6존,24,28,21,51
0,포테의숲6존,24,30,포테의숲4존,20,1,21,51
0,포테의숲6존,25,30,포테의숲4존,19,1,21,51

