0,죽음의마을입구5,9,19,마인마을,45,3,0,99
0,죽음의마을입구5,10,19,마인마을,45,3,0,99
0,죽음의마을입구5,11,19,마인마을,45,3,0,99
0,죽음의마을입구5,12,19,마인마을,45,3,0,99

3,죽음의마을입구5,7,0,Warp_죽음의마을,44,94,99,99
3,죽음의마을입구5,8,0,Warp_죽음의마을,44,94,99,99
3,죽음의마을입구5,9,0,Warp_죽음의마을,44,94,99,99
3,죽음의마을입구5,10,0,Warp_죽음의마을,44,94,99,99
3,죽음의마을입구5,11,0,Warp_죽음의마을,44,94,99,99

0,죽음의마을1,41,99,죽음의마을입구5,10,4,99,99
0,죽음의마을1,42,99,죽음의마을입구5,10,4,99,99
0,죽음의마을1,43,99,죽음의마을입구5,10,4,99,99
0,죽음의마을1,44,99,죽음의마을입구5,10,4,99,99
0,죽음의마을1,45,99,죽음의마을입구5,10,4,99,99
0,죽음의마을1,46,99,죽음의마을입구5,10,4,99,99

0,죽음의마을1,40,0,죽음의마을2,23,95,99,99
0,죽음의마을1,41,0,죽음의마을2,23,95,99,99
0,죽음의마을1,42,0,죽음의마을2,23,95,99,99
0,죽음의마을1,43,0,죽음의마을2,23,95,99,99

0,죽음의마을2,22,99,죽음의마을1,42,2,99,99
0,죽음의마을2,23,99,죽음의마을1,42,2,99,99
0,죽음의마을2,24,99,죽음의마을1,42,2,99,99
0,죽음의마을2,25,99,죽음의마을1,42,2,99,99
0,죽음의마을2,26,99,죽음의마을1,42,2,99,99

0,죽음의마을2,57,0,죽음의마을3,66,95,99,99
0,죽음의마을2,58,0,죽음의마을3,66,95,99,99
0,죽음의마을2,59,0,죽음의마을3,66,95,99,99
0,죽음의마을2,60,0,죽음의마을3,66,95,99,99
0,죽음의마을2,61,0,죽음의마을3,66,95,99,99
0,죽음의마을2,62,0,죽음의마을3,66,95,99,99

0,죽음의마을3,64,99,죽음의마을2,60,3,99,99
0,죽음의마을3,65,99,죽음의마을2,60,3,99,99
0,죽음의마을3,66,99,죽음의마을2,60,3,99,99
0,죽음의마을3,67,99,죽음의마을2,60,3,99,99
0,죽음의마을3,68,99,죽음의마을2,60,3,99,99
0,죽음의마을3,69,99,죽음의마을2,60,3,99,99

0,죽음의마을3,52,0,죽음의마을4,53,95,99,99
0,죽음의마을3,53,0,죽음의마을4,53,95,99,99
0,죽음의마을3,54,0,죽음의마을4,53,95,99,99

0,죽음의마을4,50,99,죽음의마을3,52,4,99,99
0,죽음의마을4,51,99,죽음의마을3,52,4,99,99
0,죽음의마을4,52,99,죽음의마을3,52,4,99,99
0,죽음의마을4,53,99,죽음의마을3,52,4,99,99
0,죽음의마을4,54,99,죽음의마을3,52,4,99,99
0,죽음의마을4,55,99,죽음의마을3,52,4,99,99
0,죽음의마을4,56,99,죽음의마을3,52,4,99,99

0,신죽마집안5-1,19,16,죽음의마을1,10,68,99,99
0,신죽마집안5-1,19,17,죽음의마을1,10,68,99,99
0,신죽마집안5-2,19,4,죽음의마을1,10,68,99,99
0,신죽마집안5-2,19,5,죽음의마을1,10,68,99,99
0,신죽마집안5-1,1,5,신죽마집안5-2,1,6,99,99
0,신죽마집안5-1,2,5,신죽마집안5-2,2,6,99,99
0,신죽마집안5-2,1,1,신죽마집안5-1,3,6,99,99
0,신죽마집안5-2,1,2,신죽마집안5-1,3,6,99,99
0,신죽마집안5-2,1,5,신죽마집안5-3,10,68,99,99
0,신죽마집안5-2,2,5,신죽마집안5-3,10,68,99,99
0,신죽마집안5-3,1,1,신죽마집안5-2,3,6,99,99
0,신죽마집안5-3,1,2,신죽마집안5-2,3,6,99,99
0,신죽마집안5-1,1,1,신죽마집안5-4,4,7,99,99
0,신죽마집안5-1,1,2,신죽마집안5-4,4,7,99,99
0,신죽마집안5-4,3,8,신죽마집안5-1,4,6,99,99
0,신죽마집안5-4,20,14,신죽음의마을1-5,2,9,99,99
0,신죽음의마을1-5,0,9,신죽마집안5-4,17,14,99,99
0,신죽음의마을1-5,43,19,신죽음의마을1-6,17,14,99,99
0,신죽음의마을1-6,11,0,신죽음의마을1-5,43,17,99,99
0,신죽음의마을1-6,41,0,신죽음의마을21-4,6,16,99,99
0,신죽마집안21-4,12,14,신죽마집안21-1,14,2,99,99
0,신죽마집안21-3,16,2,신죽마집안21-2,15,6,99,99
0,신죽마집안21-3,17,2,신죽마집안21-2,15,6,99,99
0,신죽마집안21-2,16,5,신죽마집안21-3,16,4,99,99
0,신죽마집안21-2,17,5,신죽마집안21-3,17,4,99,99
0,신죽마집안21-2,17,1,신죽마집안21-1,18,4,99,99
0,신죽마집안21-2,17,2,신죽마집안21-1,18,4,99,99
0,신죽마집안21-1,16,5,신죽마집안21-2,14,2,99,99
0,신죽마집안21-1,17,5,신죽마집안21-2,14,2,99,99
0,신죽마집안21-1,17,1,신죽마집안21-4,11,12,99,99
0,신죽마집안21-1,17,2,신죽마집안21-4,11,12,99,99
0,신죽마집안21-4,11,0,신죽음의마을1-1,9,37,99,99
0,신죽음의마을1-1,9,39,신죽마집안21-4,11,2,99,99
0,신죽마집안21-1,9,19,죽음의마을1,86,92,99,99
0,신죽마집안21-1,10,19,죽음의마을1,89,92,99,99
0,신죽음의마을1-1,5,0,신죽음의마을1-2,9,37,99,99
0,신죽음의마을1-2,9,39,신죽음의마을1-1,5,2,99,99
0,신죽마집안21-4,14,3,죽음의마을1,94,84,99,99
0,신죽음의마을1-2,5,0,신죽마집안2-4,6,17,99,99
0,신죽마집안2-4,6,19,신죽음의마을1-2,5,2,99,99
0,신죽마집안2-4,12,14,신죽마집안2-1,14,2,99,99
0,신죽마집안2-1,9,19,죽음의마을1,64,18,99,99
0,신죽마집안2-1,10,19,죽음의마을1,65,18,99,99
0,신죽마집안2-4,14,3,죽음의마을1,72,9,99,99
0,신죽마집안2-3,16,2,신죽마집안2-2,15,6,99,99
0,신죽마집안2-3,17,2,신죽마집안2-2,15,6,99,99
0,신죽마집안2-2,16,5,신죽마집안2-3,16,4,99,99
0,신죽마집안2-2,17,5,신죽마집안2-3,17,4,99,99
0,신죽마집안2-2,17,1,신죽마집안2-1,18,4,99,99
0,신죽마집안2-2,17,2,신죽마집안2-1,18,4,99,99
0,신죽마집안2-1,16,5,신죽마집안2-2,14,2,99,99
0,신죽마집안2-1,17,5,신죽마집안2-2,14,2,99,99
0,신죽마집안2-1,17,1,신죽마집안2-4,10,12,99,99
0,신죽마집안2-1,17,2,신죽마집안2-4,10,12,99,99
0,신죽마집안4-1,19,16,죽음의마을1,14,16,99,99
0,신죽마집안4-1,19,17,죽음의마을1,14,17,99,99
0,신죽마집안4-1,4,3,신죽마집안4-4,3,5,99,99
0,신죽마집안4-1,4,4,신죽마집안4-4,3,5,99,99
0,신죽마집안4-1,5,1,신죽마집안4-2,7,6,99,99
0,신죽마집안4-2,5,4,신죽마집안4-1,7,5,99,99
0,신죽마집안4-2,5,5,신죽마집안4-1,7,5,99,99
0,신죽마집안4-2,5,16,신죽마집안4-3,2,14,99,99
0,신죽마집안4-2,5,17,신죽마집안4-3,2,14,99,99
0,신죽마집안4-3,1,17,신죽마집안4-2,7,16,99,99
0,신죽마집안4-3,2,17,신죽마집안4-2,7,17,99,99
0,신죽마집안4-4,3,4,신죽마집안4-1,7,5,99,99
0,신죽마집안4-4,6,19,신죽음의마을1-4,5,2,99,99
0,신죽음의마을1-4,5,0,신죽마집안4-4,6,17,99,99
0,신죽음의마을1-4,39,0,신죽음의마을1-3,6,17,99,99
0,신죽음의마을1-3,6,19,신죽음의마을1-4,39,2,99,99
0,신죽음의마을1-3,43,19,신죽마집안2-4,11,2,99,99
0,신죽마집안2-4,11,0,신죽음의마을1-3,43,17,99,99
0,신죽마집안4-4,0,8,신죽마집안21-4,9,13,99,99