//노비스지하동굴
3,노비스지하던전B2,20,17,노비스지하동굴입장,0,0,11,21
3,노비스지하던전B2,19,17,노비스지하동굴입장,0,0,11,21
3,노비스지하던전B2,20,18,노비스지하동굴입장,0,0,11,21
3,노비스지하던전B2,19,18,노비스지하동굴입장,0,0,11,21

//포테의숲
3,포테의숲5존,26,0,포테의숲오솔길입장,0,0,21,52
3,포테의숲5존,27,0,포테의숲오솔길입장,0,0,21,52

//용자의공원박물관
3,몬스터관,15,23,메리퀘스트1,0,0,50,99
3,도서관1,4,2,메리퀘스트2,0,0,50,99
3,박물관3층,14,14,메리퀘스트3,0,0,50,99
3,박물관3층,15,14,메리퀘스트3,0,0,50,99

//아벨마을블팜호
3,아벨마을,14,66,블팜함선입장,0,0,50,74
3,아벨마을,15,66,블팜함선입장,0,0,50,74

//뤼케시온성
0,뤼케시온성,25,7,(뤼케)성메인홀,5,11,99,99
0,(뤼케)성메인홀,14,6,(뤼케)성복도,3,28,99,99
0,(뤼케)성메인홀,15,6,(뤼케)성복도,3,28,99,99
0,(뤼케)성복도,2,0,(뤼케)성식당,6,6,99,99
0,(뤼케)성식당,8,0,(뤼케)알현실,8,11,99,99
0,(뤼케)성식당,9,1,(뤼케)알현실,4,9,99,99
0,(뤼케)성식당,9,2,(뤼케)알현실,13,8,99,99
0,(뤼케)알현실,8,15,(뤼케)성식당,6,3,99,99
0,(뤼케)성식당,6,9,(뤼케)성복도,3,3,99,99
0,(뤼케)성복도,2,32,(뤼케)성메인홀,14,9,99,99
0,(뤼케)성메인홀,5,15,뤼케시온성,25,11,99,99  

//아벨성
0,아벨성,25,7,아벨성메인홀,5,11,99,99
0,아벨성메인홀,14,6,아벨성복도,3,28,99,99
0,아벨성메인홀,15,6,아벨성복도,3,28,99,99
0,아벨성복도,2,0,아벨성식당,6,6,99,99
0,아벨성식당,8,0,아벨알현실,8,11,99,99
0,아벨성식당,9,1,아벨알현실,4,9,99,99
0,아벨성식당,9,2,아벨알현실,13,8,99,99
0,아벨알현실,8,15,아벨성식당,6,3,99,99
0,아벨성식당,6,9,아벨성복도,3,3,99,99
0,아벨성복도,2,32,아벨성메인홀,14,9,99,99
0,아벨성메인홀,5,15,아벨성,25,11,99,99 

//홀리루딘길드성
0,홀리루딘길드성,25,7,홀리루딘성메인홀,5,11,99,99
0,홀리루딘성메인홀,14,6,홀리루딘성복도,3,28,99,99
0,홀리루딘성메인홀,15,6,홀리루딘성복도,3,28,99,99
0,홀리루딘성복도,2,0,홀리루딘성식당,6,6,99,99
0,홀리루딘성식당,8,0,홀리루딘알현실,8,11,99,99
0,홀리루딘성식당,9,1,홀리루딘알현실,4,9,99,99
0,홀리루딘성식당,9,2,홀리루딘알현실,13,8,99,99
0,홀리루딘알현실,8,15,홀리루딘성식당,6,3,99,99
0,홀리루딘성식당,6,9,홀리루딘성복도,3,3,99,99
0,홀리루딘성복도,2,32,홀리루딘성메인홀,14,9,99,99
0,홀리루딘성메인홀,5,15,홀리루딘길드성,25,11,99,99 

//스크립트발동,맵,x좌표,y좌표,스크립트이름,0,0,최소렙,최대렙