2,우드랜드입구,9,23,마이소시아,0,0,0,99
2,우드랜드입구,10,23,마이소시아,0,0,0,99
2,우드랜드입구,11,23,마이소시아,0,0,0,99

0,우드랜드입구,39,19,우드랜드1-1,2,35,0,99
0,우드랜드입구,39,20,우드랜드1-1,2,35,0,99
0,우드랜드1-1,0,34,우드랜드입구,37,19,0,99
0,우드랜드1-1,0,35,우드랜드입구,37,19,0,99
0,우드랜드1-1,0,36,우드랜드입구,37,20,0,99

0,우드랜드입구,39,15,우드랜드1-2,2,10,0,99
0,우드랜드입구,39,16,우드랜드1-2,2,10,0,99
0,우드랜드1-2,0,9,우드랜드입구,37,15,0,99
0,우드랜드1-2,0,10,우드랜드입구,37,15,0,99
0,우드랜드1-2,0,11,우드랜드입구,37,16,0,99

0,우드랜드입구,39,11,우드랜드1-3,2,10,0,99
0,우드랜드입구,39,12,우드랜드1-3,2,10,0,99
0,우드랜드1-3,0,9,우드랜드입구,37,11,0,99
0,우드랜드1-3,0,10,우드랜드입구,37,11,0,99
0,우드랜드1-3,0,11,우드랜드입구,37,12,0,99

0,우드랜드입구,0,10,우드랜드2-1,97,45,11,99
0,우드랜드입구,0,11,우드랜드2-1,97,46,11,99
0,우드랜드입구,0,12,우드랜드2-1,97,46,11,99
0,우드랜드2-1,99,44,우드랜드입구,2,11,0,99
0,우드랜드2-1,99,45,우드랜드입구,2,11,0,99
0,우드랜드2-1,99,46,우드랜드입구,2,11,0,99
0,우드랜드2-1,99,47,우드랜드입구,2,11,0,99

0,우드랜드입구,6,1,우드랜드3-1,38,97,21,99
0,우드랜드입구,7,1,우드랜드3-1,38,97,21,99
0,우드랜드입구,8,1,우드랜드3-1,39,97,21,99
0,우드랜드입구,9,1,우드랜드3-1,39,97,21,99
0,우드랜드3-1,37,99,우드랜드입구,8,3,0,99
0,우드랜드3-1,38,99,우드랜드입구,8,3,0,99
0,우드랜드3-1,39,99,우드랜드입구,8,3,0,99
0,우드랜드3-1,40,99,우드랜드입구,8,3,0,99

0,우드랜드입구,12,1,우드랜드4-1,38,97,21,99
0,우드랜드입구,13,1,우드랜드4-1,38,97,21,99
0,우드랜드입구,14,1,우드랜드4-1,39,97,21,99
0,우드랜드입구,15,1,우드랜드4-1,39,97,21,99
0,우드랜드4-1,37,99,우드랜드입구,13,3,0,99
0,우드랜드4-1,38,99,우드랜드입구,13,3,0,99
0,우드랜드4-1,39,99,우드랜드입구,13,3,0,99
0,우드랜드4-1,40,99,우드랜드입구,13,3,0,99

0,우드랜드입구,17,1,우드랜드5-1,38,97,51,99
0,우드랜드입구,18,1,우드랜드5-1,38,97,51,99
0,우드랜드입구,19,1,우드랜드5-1,39,97,51,99
0,우드랜드입구,20,1,우드랜드5-1,39,97,51,99
0,우드랜드5-1,37,99,우드랜드입구,18,3,0,99
0,우드랜드5-1,38,99,우드랜드입구,18,3,0,99
0,우드랜드5-1,39,99,우드랜드입구,18,3,0,99
0,우드랜드5-1,40,99,우드랜드입구,18,3,0,99

0,우드랜드입구,26,1,우드랜드6-1,38,97,51,99
0,우드랜드입구,27,1,우드랜드6-1,38,97,51,99
0,우드랜드입구,28,1,우드랜드6-1,39,97,51,99
0,우드랜드6-1,37,49,우드랜드입구,27,3,0,99
0,우드랜드6-1,38,49,우드랜드입구,27,3,0,99
0,우드랜드6-1,39,49,우드랜드입구,27,3,0,99
0,우드랜드6-1,40,49,우드랜드입구,27,3,0,99

0,1우드랜드6-1,49,28,우드랜드10-1,2,35,0,99
0,1우드랜드6-1,49,29,우드랜드10-1,2,35,0,99
0,1우드랜드10-1,0,34,우드랜드6-1,47,28,0,99
0,1우드랜드10-1,0,35,우드랜드6-1,47,28,0,99
0,1우드랜드10-1,0,36,우드랜드6-1,47,28,0,99

0,우드랜드10-1,37,0,우드랜드11-1,25,47,0,99
0,우드랜드10-1,38,0,우드랜드11-1,25,47,0,99
0,우드랜드10-1,39,0,우드랜드11-1,25,47,0,99
0,우드랜드10-1,40,0,우드랜드11-1,25,47,0,99
0,우드랜드11-1,24,49,우드랜드10-1,39,2,0,99
0,우드랜드11-1,25,49,우드랜드10-1,39,2,0,99

0,우드랜드입구,31,1,우드랜드14-1,38,97,81,99
0,우드랜드입구,32,1,우드랜드14-1,38,97,81,99
0,우드랜드입구,33,1,우드랜드14-1,39,97,81,99
0,우드랜드입구,34,1,우드랜드14-1,39,97,81,99
0,우드랜드14-1,37,49,우드랜드입구,33,3,0,99
0,우드랜드14-1,38,49,우드랜드입구,33,3,0,99
0,우드랜드14-1,39,49,우드랜드입구,33,3,0,99
0,우드랜드14-1,40,49,우드랜드입구,33,3,0,99