2,룸,4,0,마이소시아,0,0,0,99
2,룸,0,4,마이소시아,0,0,0,99
2,룸,8,4,마이소시아,0,0,0,99
2,룸,4,8,마이소시아,0,0,0,99

2,운디네마을,99,51,마이소시아,0,0,0,99
2,운디네마을,99,50,마이소시아,0,0,0,99
2,운디네마을,99,49,마이소시아,0,0,0,99

2,노비스마을,63,49,마이소시아,0,0,21,99

2,수오미마을,39,0,마이소시아,0,0,0,99
2,수오미마을,40,0,마이소시아,0,0,0,99
2,수오미마을,41,0,마이소시아,0,0,0,99

2,우드랜드대기실,11,24,마이소시아,0,0,0,99
2,우드랜드대기실,12,24,마이소시아,0,0,0,99

2,타고르마을,21,99,마이소시아,0,0,0,99
2,타고르마을,22,99,마이소시아,0,0,0,99
2,타고르마을,23,99,마이소시아,0,0,0,99

2,밀레스마을,99,26,마이소시아,0,0,0,99
2,밀레스마을,99,27,마이소시아,0,0,0,99
2,밀레스마을,99,28,마이소시아,0,0,0,99
2,밀레스마을,99,29,마이소시아,0,0,0,99

2,북밀레스마을,59,0,마이소시아,0,0,0,99
2,북밀레스마을,60,0,마이소시아,0,0,0,99
2,북밀레스마을,61,0,마이소시아,0,0,0,99
2,북밀레스마을,62,0,마이소시아,0,0,0,99
2,북밀레스마을,63,0,마이소시아,0,0,0,99
2,북밀레스마을,64,0,마이소시아,0,0,0,99

2,서밀레스마을,76,0,마이소시아,0,0,0,99
2,서밀레스마을,77,0,마이소시아,0,0,0,99
2,서밀레스마을,78,0,마이소시아,0,0,0,99
2,서밀레스마을,79,0,마이소시아,0,0,0,99
2,서밀레스마을,80,0,마이소시아,0,0,0,99
2,서밀레스마을,81,0,마이소시아,0,0,0,99
2,서밀레스마을,82,0,마이소시아,0,0,0,99

2,아벨마을,69,22,마이소시아,0,0,0,99
2,아벨마을,69,23,마이소시아,0,0,0,99
2,아벨마을,69,24,마이소시아,0,0,0,99
2,아벨마을,69,25,마이소시아,0,0,0,99
2,동아벨마을,49,0,마이소시아,0,0,0,99
2,동아벨마을,50,0,마이소시아,0,0,0,99
2,동아벨마을,51,0,마이소시아,0,0,0,99
2,동아벨마을,52,0,마이소시아,0,0,0,99
2,동아벨마을,53,0,마이소시아,0,0,0,99

2,야외배틀필드,11,24,마이소시아,0,0,0,99
2,야외배틀필드,12,24,마이소시아,0,0,0,99

2,동의우드랜드입구,11,24,마이소시아,0,0,0,99
2,동의우드랜드입구,12,24,마이소시아,0,0,0,99

2,마인마을,99,29,마이소시아,0,0,0,99
2,마인마을,99,30,마이소시아,0,0,0,99
2,마인마을,99,31,마이소시아,0,0,0,99
2,마인마을,99,32,마이소시아,0,0,0,99
2,마인마을,99,33,마이소시아,0,0,0,99
2,마인마을,99,34,마이소시아,0,0,0,99
2,마인마을,99,35,마이소시아,0,0,0,99
2,마인마을,99,36,마이소시아,0,0,0,99
2,마인마을,99,37,마이소시아,0,0,0,99

2,피에트마을,0,8,마이소시아,0,0,0,99
2,피에트마을,0,9,마이소시아,0,0,0,99
2,피에트마을,0,10,마이소시아,0,0,0,99
2,피에트마을,0,11,마이소시아,0,0,0,99
2,피에트마을,0,12,마이소시아,0,0,0,99
2,피에트마을,0,13,마이소시아,0,0,0,99

2,루어스마을,53,88,마이소시아,0,0,0,99
2,루어스마을,54,88,마이소시아,0,0,0,99
2,루어스마을,55,88,마이소시아,0,0,0,99

2,뤼케시온마을,28,0,마이소시아,0,0,0,99
2,뤼케시온마을,29,0,마이소시아,0,0,0,99
2,뤼케시온마을,30,0,마이소시아,0,0,0,99

2,로톤마을,99,64,마이소시아,0,0,0,99
2,로톤마을,99,65,마이소시아,0,0,0,99
2,로톤마을,99,66,마이소시아,0,0,0,99
2,로톤마을,99,67,마이소시아,0,0,0,99
2,로톤마을,99,68,마이소시아,0,0,0,99
2,로톤마을,99,69,마이소시아,0,0,0,99

2,서의우드랜드입구,11,24,마이소시아,0,0,0,99
2,서의우드랜드입구,12,24,마이소시아,0,0,0,99

2,아벨성,39,15,마이소시아,0,0,0,99
2,아벨성,39,16,마이소시아,0,0,0,99
2,아벨성,39,17,마이소시아,0,0,0,99
2,아벨성,39,18,마이소시아,0,0,0,99

2,호러캐슬,35,24,마이소시아,0,0,0,99
2,호러캐슬,36,24,마이소시아,0,0,0,99
2,호러캐슬,37,24,마이소시아,0,0,0,99
2,호러캐슬,38,24,마이소시아,0,0,0,99
2,호러캐슬,39,24,마이소시아,0,0,0,99

2,환생의방,11,5,마이소시아,0,0,0,99
2,환생의방,11,6,마이소시아,0,0,0,99

2,미궁대기실,57,56,마이소시아,0,0,0,99
2,미궁대기실,57,55,마이소시아,0,0,0,99

2,미궁대기실1,57,56,마이소시아,0,0,0,99
2,미궁대기실1,57,55,마이소시아,0,0,0,99

2,해안,44,16,마이소시아,0,0,0,99

2,용자의공원,47,99,마이소시아,0,0,0,99
2,용자의공원,48,99,마이소시아,0,0,0,99
2,용자의공원,49,99,마이소시아,0,0,0,99
2,용자의공원,50,99,마이소시아,0,0,0,99

2,가상계,4,3,마이소시아,0,0,0,99
2,가상계,4,5,마이소시아,0,0,0,99
2,가상계,3,4,마이소시아,0,0,0,99
2,가상계,5,4,마이소시아,0,0,0,99

2,시장,13,0,마이소시아,0,0,0,99
2,시장,14,0,마이소시아,0,0,0,99
2,시장,15,0,마이소시아,0,0,0,99
2,시장,16,0,마이소시아,0,0,0,99

2,놀이동산입구,21,29,마이소시아,0,0,0,99
2,놀이동산입구,22,29,마이소시아,0,0,0,99
2,놀이동산입구,23,29,마이소시아,0,0,0,99
2,놀이동산입구,24,29,마이소시아,0,0,0,99

2,베크나탑입구,32,57,마이소시아,0,0,0,99
2,베크나탑입구,33,57,마이소시아,0,0,0,99
2,베크나탑입구,34,57,마이소시아,0,0,0,99
2,베크나탑입구,35,57,마이소시아,0,0,0,99
2,베크나탑입구,36,57,마이소시아,0,0,0,99
2,베크나탑입구,37,57,마이소시아,0,0,0,99
2,베크나탑입구,38,57,마이소시아,0,0,0,99
2,베크나탑입구,39,57,마이소시아,0,0,0,99
2,베크나탑입구,40,57,마이소시아,0,0,0,99
2,베크나탑입구,41,57,마이소시아,0,0,0,99
2,베크나탑입구,42,57,마이소시아,0,0,0,99
2,베크나탑입구,43,57,마이소시아,0,0,0,99
2,베크나탑입구,44,57,마이소시아,0,0,0,99
2,베크나탑입구,45,57,마이소시아,0,0,0,99
2,베크나탑입구,46,57,마이소시아,0,0,0,99
2,베크나탑입구,47,57,마이소시아,0,0,0,99

0,마이소시아콜로세움,24,12,통합대련장,4,24,0,99
0,마이소시아콜로세움,24,13,통합대련장,4,24,0,99
0,마이소시아콜로세움,24,14,통합대련장,4,24,0,99
0,마이소시아콜로세움,24,15,통합대련장,4,24,0,99
0,마이소시아콜로세움,24,16,통합대련장,4,24,0,99
0,마이소시아콜로세움,24,17,통합대련장,4,24,0,99