0,노엠대평원,22,70,노엠마을,55,92,0,99,362
0,노엠대평원,22,71,노엠마을,55,92,0,99,362
0,노엠대평원,22,72,노엠마을,55,92,0,99,362
0,노엠대평원,23,72,노엠마을,55,92,0,99,362
0,노엠대평원,24,72,노엠마을,55,92,0,99,362
0,노엠대평원,24,71,노엠마을,55,92,0,99,362
0,노엠대평원,24,70,노엠마을,55,92,0,99,362
0,노엠대평원,23,70,노엠마을,55,92,0,99,362
0,노엠대평원,22,70,노엠마을,55,92,0,99,362
0,노엠대평원,23,71,노엠마을,55,92,0,99,362

0,노엠마을,13,99,노엠대평원,23,72,0,99,362
0,노엠마을,14,99,노엠대평원,23,72,0,99,362
0,노엠마을,15,99,노엠대평원,23,72,0,99,362
0,노엠마을,16,99,노엠대평원,23,72,0,99,362
0,노엠마을,17,99,노엠대평원,23,72,0,99,362
0,노엠마을,18,99,노엠대평원,23,72,0,99,362
0,노엠마을,19,99,노엠대평원,23,72,0,99,362
0,노엠마을,20,99,노엠대평원,23,72,0,99,362
0,노엠마을,21,99,노엠대평원,23,72,0,99,362
0,노엠마을,22,99,노엠대평원,23,72,0,99,362
0,노엠마을,23,99,노엠대평원,23,72,0,99,362
0,노엠마을,24,99,노엠대평원,23,72,0,99,362
0,노엠마을,25,99,노엠대평원,23,72,0,99,362
0,노엠마을,26,99,노엠대평원,23,72,0,99,362
0,노엠마을,27,99,노엠대평원,23,72,0,99,362
0,노엠마을,28,99,노엠대평원,23,72,0,99,362
0,노엠마을,29,99,노엠대평원,23,72,0,99,362
0,노엠마을,30,99,노엠대평원,23,72,0,99,362
0,노엠마을,31,99,노엠대평원,23,72,0,99,362
0,노엠마을,32,99,노엠대평원,23,72,0,99,362
0,노엠마을,33,99,노엠대평원,23,72,0,99,362
0,노엠마을,34,99,노엠대평원,23,72,0,99,362
0,노엠마을,35,99,노엠대평원,23,72,0,99,362
0,노엠마을,36,99,노엠대평원,23,72,0,99,362
0,노엠마을,37,99,노엠대평원,23,72,0,99,362
0,노엠마을,38,99,노엠대평원,23,72,0,99,362
0,노엠마을,39,99,노엠대평원,23,72,0,99,362
0,노엠마을,40,99,노엠대평원,23,72,0,99,362
0,노엠마을,41,99,노엠대평원,23,72,0,99,362
0,노엠마을,42,99,노엠대평원,23,72,0,99,362
0,노엠마을,43,99,노엠대평원,23,72,0,99,362
0,노엠마을,44,99,노엠대평원,23,72,0,99,362
0,노엠마을,45,99,노엠대평원,23,72,0,99,362
0,노엠마을,46,99,노엠대평원,23,72,0,99,362
0,노엠마을,47,99,노엠대평원,23,72,0,99,362
0,노엠마을,48,99,노엠대평원,23,72,0,99,362
0,노엠마을,49,99,노엠대평원,23,72,0,99,362
0,노엠마을,50,99,노엠대평원,23,72,0,99,362
0,노엠마을,51,99,노엠대평원,23,72,0,99,362
0,노엠마을,52,99,노엠대평원,23,72,0,99,362
0,노엠마을,53,99,노엠대평원,23,72,0,99,362
0,노엠마을,54,99,노엠대평원,23,72,0,99,362
0,노엠마을,55,99,노엠대평원,23,72,0,99,362
0,노엠마을,56,99,노엠대평원,23,72,0,99,362

0,노엠마을,33,23,노엠여관,4,16,0,99,362
0,노엠여관,4,17,노엠마을,33,25,0,99,362

0,노엠여관,12,4,노엠여관2층,1,17,0,99,362
0,노엠여관2층,1,18,노엠여관,13,7,0,99,362

0,노엠여관2층,0,16,노엠여관방A,8,5,0,99,362
0,노엠여관방A,9,5,노엠여관2층,1,16,0,99,362

0,노엠마을,27,22,노엠주점,13,14,0,99,362
0,노엠주점,13,15,노엠마을,27,24,0,99,362

0,노엠마을,37,61,노엠주민의집B,8,13,0,99,362
0,노엠주민의집B,8,14,노엠마을,37,63,0,99,362

0,노엠마을,75,48,노엠주민의집A,13,7,0,99,362
0,노엠주민의집A,14,7,노엠마을,77,48,0,99,362

0,노엠마을,22,43,메데니아뱅크(노엠지점),13,6,0,99,362
0,노엠마을,22,44,메데니아뱅크(노엠지점),13,6,0,99,362
0,메데니아뱅크(노엠지점),14,6,노엠마을,24,43,0,99,362

0,노엠마을,85,0,대지의세계수의사당,14,23,0,99,362
0,노엠마을,86,0,대지의세계수의사당,14,23,0,99,362
0,노엠마을,87,0,대지의세계수의사당,14,23,0,99,362
0,노엠마을,88,0,대지의세계수의사당,14,23,0,99,362
0,노엠마을,89,0,대지의세계수의사당,14,23,0,99,362
0,노엠마을,90,0,대지의세계수의사당,14,23,0,99,362
0,노엠마을,91,0,대지의세계수의사당,14,23,0,99,362

0,대지의세계수의사당,13,29,노엠마을,86,2,0,99,362
0,대지의세계수의사당,14,29,노엠마을,87,2,0,99,362
0,대지의세계수의사당,15,29,노엠마을,88,2,0,99,362
0,대지의세계수의사당,16,29,노엠마을,89,2,0,99,362
0,대지의세계수의사당,17,29,노엠마을,90,2,0,99,362

0,노엠대평원,58,145,아슬론초원,12,1,0,99,362
0,노엠대평원,59,145,아슬론초원,13,1,0,99,362
0,노엠대평원,60,145,아슬론초원,14,1,0,99,362
0,노엠대평원,61,145,아슬론초원,15,1,0,99,362
0,노엠대평원,62,145,아슬론초원,16,1,0,99,362
0,노엠대평원,63,145,아슬론초원,17,1,0,99,362
0,노엠대평원,64,145,아슬론초원,18,1,0,99,362
0,노엠대평원,65,145,아슬론초원,19,1,0,99,362
0,노엠대평원,66,145,아슬론초원,20,1,0,99,362
0,노엠대평원,67,145,아슬론초원,21,1,0,99,362
0,노엠대평원,68,145,아슬론초원,22,1,0,99,362

4,노엠대평원,39,88,서쪽대륙워프일,0,0,0,99,362
4,노엠대평원,40,88,서쪽대륙워프일,0,0,0,99,362

0,엔도르1,20,38,노엠대평원,39,89,0,99,362
0,엔도르1,21,38,노엠대평원,40,89,0,99,362

0,엔도르1,22,1,엔도르2,18,29,0,99,362
0,엔도르1,23,1,엔도르2,19,29,0,99,362

0,엔도르2,18,30,엔도르1,22,2,0,99,362
0,엔도르2,19,30,엔도르1,23,2,0,99,362