0,아만마을,27,55,아만잡화상점,8,12,0,99,362
0,아만마을,28,55,아만잡화상점,8,12,0,99,362

0,아만잡화상점,7,14,아만마을,27,58,0,99,362
0,아만잡화상점,8,14,아만마을,27,58,0,99,362

0,아만마을,11,47,메데니아뱅크(아만지점),21,10,0,99,362
0,아만마을,11,48,메데니아뱅크(아만지점),21,11,0,99,362
0,아만마을,11,49,메데니아뱅크(아만지점),21,12,0,99,362

0,메데니아뱅크(아만지점),24,10,아만마을,13,47,0,99,362
0,메데니아뱅크(아만지점),24,11,아만마을,13,48,0,99,362
0,메데니아뱅크(아만지점),24,12,아만마을,13,49,0,99,362

0,아만마을,14,77,아만민가A,10,16,0,99,362
0,아만마을,15,77,아만민가A,11,16,0,99,362

0,아만민가A,10,19,아만마을,14,79,0,99,362
0,아만민가A,11,19,아만마을,15,79,0,99,362

0,아만마을,50,64,아만자치국회관,9,26,0,99,362
0,아만마을,51,64,아만자치국회관,8,26,0,99,362
0,아만마을,51,63,아만자치국회관,7,26,0,99,362

0,아만자치국회관,7,29,아만마을,51,66,0,99,362
0,아만자치국회관,8,29,아만마을,51,66,0,99,362
0,아만자치국회관,9,29,아만마을,51,66,0,99,362

0,아만마을,79,72,아만여관,22,14,0,99,362
0,아만마을,79,73,아만여관,22,15,0,99,362
0,아만마을,79,74,아만여관,22,16,0,99,362

0,아만여관,24,14,아만마을,81,72,0,99,362
0,아만여관,24,15,아만마을,81,73,0,99,362
0,아만여관,24,16,아만마을,81,74,0,99,362

0,아만마을,91,55,아만대장간,7,12,0,99,362
0,아만마을,92,55,아만대장간,8,12,0,99,362

0,아만대장간,7,14,아만마을,91,57,0,99,362
0,아만대장간,8,14,아만마을,92,57,0,99,362

0,아만마을,56,30,아만민가B,10,17,0,99,362
0,아만마을,57,30,아만민가B,11,17,0,99,362

0,아만민가B,10,19,아만마을,56,32,0,99,362
0,아만민가B,11,19,아만마을,57,32,0,99,362

0,아만마을,87,7,루딘의집,12,14,0,99,362
0,아만마을,87,8,루딘의집,12,15,0,99,362

0,루딘의집,14,14,아만마을,89,7,0,99,362
0,루딘의집,14,15,아만마을,89,8,0,99,362

0,아만정글항구,18,0,아만정글2,21,47,0,99,362
0,아만정글항구,19,0,아만정글2,22,47,0,99,362
0,아만정글항구,20,0,아만정글2,23,47,0,99,362
0,아만정글항구,21,0,아만정글2,24,47,0,99,362
0,아만정글항구,22,0,아만정글2,25,47,0,99,362
0,아만정글항구,23,0,아만정글2,26,47,0,99,362
0,아만정글항구,24,0,아만정글2,27,47,0,99,362

0,아만마을,53,99,아만정글5,16,2,0,99,362
0,아만마을,54,99,아만정글5,17,2,0,99,362
0,아만마을,55,99,아만정글5,18,2,0,99,362
0,아만마을,56,99,아만정글5,19,2,0,99,362
0,아만마을,57,99,아만정글5,20,2,0,99,362

0,아만정글5,16,0,아만마을,53,97,0,99,362
0,아만정글5,17,0,아만마을,54,97,0,99,362
0,아만정글5,18,0,아만마을,55,97,0,99,362
0,아만정글5,19,0,아만마을,56,97,0,99,362
0,아만정글5,20,0,아만마을,57,97,0,99,362

0,아만정글5,20,49,아만정글4,5,2,0,99,362
0,아만정글5,21,49,아만정글4,6,2,0,99,362
0,아만정글5,22,49,아만정글4,7,2,0,99,362
0,아만정글5,23,49,아만정글4,8,2,0,99,362
0,아만정글5,24,49,아만정글4,9,2,0,99,362
0,아만정글5,25,49,아만정글4,10,2,0,99,362

0,아만정글4,5,0,아만정글5,20,47,0,99,362
0,아만정글4,6,0,아만정글5,21,47,0,99,362
0,아만정글4,7,0,아만정글5,22,47,0,99,362
0,아만정글4,8,0,아만정글5,23,47,0,99,362
0,아만정글4,9,0,아만정글5,24,47,0,99,362
0,아만정글4,10,0,아만정글5,25,47,0,99,362

0,아만정글4,49,28,아만정글3,2,16,0,99,362
0,아만정글4,49,29,아만정글3,2,17,0,99,362
0,아만정글4,49,30,아만정글3,2,18,0,99,362
0,아만정글4,49,31,아만정글3,2,19,0,99,362
0,아만정글4,49,32,아만정글3,2,20,0,99,362
0,아만정글4,49,33,아만정글3,2,21,0,99,362

0,아만정글3,0,16,아만정글4,47,28,0,99,362
0,아만정글3,0,17,아만정글4,47,29,0,99,362
0,아만정글3,0,18,아만정글4,47,30,0,99,362
0,아만정글3,0,19,아만정글4,47,31,0,99,362
0,아만정글3,0,20,아만정글4,47,32,0,99,362
0,아만정글3,0,21,아만정글4,47,33,0,99,362

0,아만정글3,49,26,아만정글2,2,16,0,99,362
0,아만정글3,49,27,아만정글2,2,17,0,99,362
0,아만정글3,49,28,아만정글2,2,18,0,99,362
0,아만정글3,49,29,아만정글2,2,19,0,99,362
0,아만정글3,49,30,아만정글2,2,20,0,99,362
0,아만정글3,49,31,아만정글2,2,21,0,99,362

0,아만정글2,0,16,아만정글3,47,26,0,99,362
0,아만정글2,0,17,아만정글3,47,27,0,99,362
0,아만정글2,0,18,아만정글3,47,28,0,99,362
0,아만정글2,0,19,아만정글3,47,29,0,99,362
0,아만정글2,0,20,아만정글3,47,30,0,99,362
0,아만정글2,0,21,아만정글3,47,31,0,99,362

0,아만정글2,49,20,아만정글1,2,15,0,99,362
0,아만정글2,49,21,아만정글1,2,16,0,99,362
0,아만정글2,49,22,아만정글1,2,17,0,99,362
0,아만정글2,49,23,아만정글1,2,18,0,99,362
0,아만정글2,49,24,아만정글1,2,19,0,99,362
0,아만정글2,49,25,아만정글1,2,20,0,99,362

0,아만정글1,0,15,아만정글2,47,20,0,99,362
0,아만정글1,0,16,아만정글2,47,21,0,99,362
0,아만정글1,0,17,아만정글2,47,22,0,99,362
0,아만정글1,0,18,아만정글2,47,23,0,99,362
0,아만정글1,0,19,아만정글2,47,24,0,99,362
0,아만정글1,0,20,아만정글2,47,25,0,99,362

0,아만정글1,49,25,아만정글입구,2,15,0,99,362
0,아만정글1,49,26,아만정글입구,2,16,0,99,362
0,아만정글1,49,27,아만정글입구,2,17,0,99,362
0,아만정글1,49,28,아만정글입구,2,18,0,99,362
0,아만정글1,49,29,아만정글입구,2,19,0,99,362
0,아만정글1,49,30,아만정글입구,2,20,0,99,362

0,아만정글입구,0,15,아만정글1,47,25,0,99,362
0,아만정글입구,0,16,아만정글1,47,26,0,99,362
0,아만정글입구,0,17,아만정글1,47,27,0,99,362
0,아만정글입구,0,18,아만정글1,47,28,0,99,362
0,아만정글입구,0,19,아만정글1,47,29,0,99,362
0,아만정글입구,0,20,아만정글1,47,30,0,99,362

0,알세이드스-화산암지대(C),0,19,아만정글입구,48,22,0,99,362
0,알세이드스-화산암지대(C),0,20,아만정글입구,48,23,0,99,362
0,알세이드스-화산암지대(C),0,21,아만정글입구,48,24,0,99,362
0,알세이드스-화산암지대(C),0,22,아만정글입구,48,25,0,99,362
0,알세이드스-화산암지대(C),0,23,아만정글입구,48,26,0,99,362

4,아만정글입구,49,22,서쪽대륙워프일,0,0,0,99,362
4,아만정글입구,49,23,서쪽대륙워프일,0,0,0,99,362
4,아만정글입구,49,24,서쪽대륙워프일,0,0,0,99,362
4,아만정글입구,49,25,서쪽대륙워프일,0,0,0,99,362
4,아만정글입구,49,26,서쪽대륙워프일,0,0,0,99,362

0,아만정글2,21,49,아만정글항구,18,2,0,99,362
0,아만정글2,22,49,아만정글항구,19,2,0,99,362
0,아만정글2,23,49,아만정글항구,20,2,0,99,362
0,아만정글2,24,49,아만정글항구,21,2,0,99,362
0,아만정글2,25,49,아만정글항구,22,2,0,99,362
0,아만정글2,26,49,아만정글항구,23,2,0,99,362
0,아만정글2,27,49,아만정글항구,24,2,0,99,362

0,아만마을,10,2,아만동굴,22,78,0,99,362
0,아만마을,11,2,아만동굴,23,78,0,99,362
0,아만마을,12,2,아만동굴,24,78,0,99,362
0,아만마을,13,2,아만동굴,25,78,0,99,362
0,아만마을,14,2,아만동굴,26,78,0,99,362
0,아만마을,15,2,아만동굴,27,78,0,99,362
0,아만마을,16,2,아만동굴,28,78,0,99,362
0,아만마을,17,2,아만동굴,29,78,0,99,362

0,아만동굴,22,79,아만마을,10,3,0,99,362
0,아만동굴,23,79,아만마을,11,3,0,99,362
0,아만동굴,24,79,아만마을,12,3,0,99,362
0,아만동굴,25,79,아만마을,13,3,0,99,362
0,아만동굴,26,79,아만마을,14,3,0,99,362
0,아만동굴,27,79,아만마을,15,3,0,99,362
0,아만동굴,28,79,아만마을,16,3,0,99,362
0,아만동굴,29,79,아만마을,17,3,0,99,362