0,아만쾌속선,20,15,아만쾌속선,16,13,0,99,362
0,아만쾌속선,20,16,아만쾌속선,16,14,0,99,362

0,아만쾌속선,17,13,아만쾌속선,21,15,0,99,362
0,아만쾌속선,17,14,아만쾌속선,21,16,0,99,362

0,아만쾌속선,18,12,아만쾌속선-1,1,11,0,99,362
0,아만쾌속선,18,17,아만쾌속선-1,1,11,0,99,362
0,아만쾌속선-1,0,11,아만쾌속선,19,17,0,99,362

0,아만쾌속선,10,15,아만쾌속선-7,12,8,0,99,362
0,아만쾌속선-7,14,8,아만쾌속선,11,15,0,99,362

0,아만쾌속선,12,13,아만쾌속선,8,12,0,99,362
0,아만쾌속선,9,12,아만쾌속선,13,13,0,99,362

0,아만쾌속선,12,12,아만쾌속선,8,11,0,99,362
0,아만쾌속선,9,11,아만쾌속선,13,12,0,99,362

0,아만쾌속선-1,18,19,아만쾌속선-2,8,2,0,99,362
0,아만쾌속선-2,8,1,아만쾌속선-1,18,18,0,99,362

0,아만쾌속선-1,32,19,아만쾌속선-3,5,2,0,99,362
0,아만쾌속선-3,5,1,아만쾌속선-1,32,18,0,99,362

0,아만쾌속선-1,25,19,아만쾌속선-4,4,2,0,99,362
0,아만쾌속선-4,4,1,아만쾌속선-1,25,18,0,99,362

0,아만쾌속선-1,16,2,아만쾌속선-5,9,18,0,99,362
0,아만쾌속선-5,9,19,아만쾌속선-1,16,3,0,99,362

0,아만쾌속선-1,12,7,아만쾌속선-6,9,18,0,99,362
0,아만쾌속선-6,9,19,아만쾌속선-1,13,7,0,99,362

0,아만쾌속선-1,41,2,아만쾌속선-8,9,23,0,99,362
0,아만쾌속선-8,9,24,아만쾌속선-1,41,3,0,99,362

0,아만쾌속선-1,30,2,아만쾌속선-9,26,38,0,99,362
0,아만쾌속선-9,26,39,아만쾌속선-1,30,3,0,99,362

0,아만쾌속선-1,43,19,아만쾌속선-10,25,1,0,99,362
0,아만쾌속선-10,25,0,아만쾌속선-1,43,18,0,99,362