0,노엠대평원,0,70,불의사막입구,77,49,99,99,362
0,노엠대평원,0,71,불의사막입구,77,49,99,99,362
0,노엠대평원,0,72,불의사막입구,77,49,99,99,362
0,노엠대평원,0,73,불의사막입구,77,49,99,99,362
0,노엠대평원,0,74,불의사막입구,77,50,99,99,362
0,노엠대평원,0,75,불의사막입구,77,50,99,99,362
0,노엠대평원,0,76,불의사막입구,77,51,99,99,362
0,노엠대평원,0,77,불의사막입구,77,51,99,99,362
0,노엠대평원,0,78,불의사막입구,77,52,99,99,362
0,노엠대평원,0,79,불의사막입구,77,52,99,99,362
0,노엠대평원,0,80,불의사막입구,77,53,99,99,362
0,노엠대평원,0,81,불의사막입구,77,53,99,99,362
0,노엠대평원,0,82,불의사막입구,77,54,99,99,362
0,노엠대평원,0,83,불의사막입구,77,55,99,99,362
0,노엠대평원,0,84,불의사막입구,77,55,99,99,362
0,노엠대평원,0,85,불의사막입구,77,56,99,99,362
0,노엠대평원,0,86,불의사막입구,77,56,99,99,362
0,노엠대평원,0,87,불의사막입구,77,56,99,99,362
0,노엠대평원,0,88,불의사막입구,77,57,99,99,362
0,노엠대평원,0,89,불의사막입구,76,57,99,99,362

0,불의사막입구,78,46,노엠대평원,1,73,99,99,362
0,불의사막입구,78,47,노엠대평원,1,74,99,99,362
0,불의사막입구,78,48,노엠대평원,1,75,99,99,362
0,불의사막입구,78,49,노엠대평원,1,76,99,99,362
0,불의사막입구,78,50,노엠대평원,1,77,99,99,362
0,불의사막입구,78,51,노엠대평원,2,78,99,99,362
0,불의사막입구,78,52,노엠대평원,1,79,99,99,362
0,불의사막입구,78,53,노엠대평원,2,80,99,99,362
0,불의사막입구,78,54,노엠대평원,2,81,99,99,362
0,불의사막입구,78,55,노엠대평원,1,82,99,99,362
0,불의사막입구,78,56,노엠대평원,1,83,99,99,362
0,불의사막입구,78,57,노엠대평원,1,84,99,99,362
0,불의사막입구,78,58,노엠대평원,2,85,99,99,362
0,불의사막입구,78,59,노엠대평원,1,86,99,99,362
0,불의사막입구,78,60,노엠대평원,1,87,99,99,362
0,불의사막입구,78,61,노엠대평원,2,88,99,99,362
0,불의사막입구,78,62,노엠대평원,2,89,99,99,362

3,불의사막입구,19,78,서쪽대륙워프일,0,0,99,99,362
3,불의사막입구,20,78,서쪽대륙워프일,0,0,99,99,362
3,불의사막입구,21,78,서쪽대륙워프일,0,0,99,99,362
3,불의사막입구,22,78,서쪽대륙워프일,0,0,99,99,362
3,불의사막입구,23,78,서쪽대륙워프일,0,0,99,99,362
3,불의사막입구,24,78,서쪽대륙워프일,0,0,99,99,362
3,불의사막입구,25,78,서쪽대륙워프일,0,0,99,99,362

0,불의사막1,58,0,불의사막입구,19,77,99,99,362
0,불의사막1,59,0,불의사막입구,19,77,99,99,362
0,불의사막1,60,0,불의사막입구,20,77,99,99,362
0,불의사막1,61,0,불의사막입구,21,77,99,99,362
0,불의사막1,62,0,불의사막입구,22,77,99,99,362
0,불의사막1,63,0,불의사막입구,23,77,99,99,362
0,불의사막1,64,0,불의사막입구,24,77,99,99,362
0,불의사막1,65,0,불의사막입구,24,77,99,99,362
0,불의사막1,66,0,불의사막입구,25,77,99,99,362

0,불의사막1,81,61,불의사막1,26,64,99,99,362
0,불의사막1,81,62,불의사막1,26,64,99,99,362
0,불의사막1,82,61,불의사막1,26,64,99,99,362
0,불의사막1,82,62,불의사막1,26,64,99,99,362

0,불의사막1,85,25,불의사막1,34,47,99,99,362
0,불의사막1,86,25,불의사막1,34,47,99,99,362
0,불의사막1,85,26,불의사막1,34,47,99,99,362
0,불의사막1,86,26,불의사막1,34,47,99,99,362

0,불의사막1,33,45,불의사막1,86,27,99,99,362
0,불의사막1,34,45,불의사막1,86,27,99,99,362
0,불의사막1,33,46,불의사막1,86,27,99,99,362
0,불의사막1,34,46,불의사막1,86,27,99,99,362

0,불의사막1,70,98,불의사막2,12,1,99,99,362
0,불의사막1,71,98,불의사막2,12,1,99,99,362
0,불의사막1,72,98,불의사막2,13,1,99,99,362
0,불의사막1,73,98,불의사막2,14,1,99,99,362
0,불의사막1,74,98,불의사막2,15,1,99,99,362
0,불의사막1,75,98,불의사막2,16,1,99,99,362
0,불의사막1,76,98,불의사막2,17,1,99,99,362
0,불의사막1,77,98,불의사막2,18,1,99,99,362
0,불의사막1,78,98,불의사막2,18,1,99,99,362
0,불의사막1,79,98,불의사막2,19,1,99,99,362
0,불의사막1,80,98,불의사막2,19,1,99,99,362

0,불의사막2,12,0,불의사막1,71,97,99,99,362
0,불의사막2,13,0,불의사막1,72,97,99,99,362
0,불의사막2,14,0,불의사막1,73,97,99,99,362
0,불의사막2,15,0,불의사막1,74,97,99,99,362
0,불의사막2,16,0,불의사막1,75,97,99,99,362
0,불의사막2,17,0,불의사막1,76,97,99,99,362
0,불의사막2,18,0,불의사막1,77,97,99,99,362
0,불의사막2,19,0,불의사막1,78,97,99,99,362

0,불의사막2,96,98,화산암지대가는길,5,2,99,99,362
0,불의사막2,97,98,화산암지대가는길,5,3,99,99,362
0,불의사막2,98,98,화산암지대가는길,6,2,99,99,362
0,불의사막2,99,98,화산암지대가는길,6,2,99,99,362
0,불의사막2,100,98,화산암지대가는길,7,3,99,99,362
0,불의사막2,101,98,화산암지대가는길,7,2,99,99,362
0,불의사막2,102,98,화산암지대가는길,7,2,99,99,362
0,불의사막2,103,98,화산암지대가는길,8,2,99,99,362
0,불의사막2,104,98,화산암지대가는길,9,2,99,99,362
0,불의사막2,105,98,화산암지대가는길,10,2,99,99,362

0,화산암지대가는길,3,0,불의사막2,96,97,99,99,362
0,화산암지대가는길,4,0,불의사막2,97,97,99,99,362
0,화산암지대가는길,5,0,불의사막2,98,97,99,99,362
0,화산암지대가는길,6,0,불의사막2,99,97,99,99,362
0,화산암지대가는길,7,0,불의사막2,100,97,99,99,362
0,화산암지대가는길,8,0,불의사막2,101,97,99,99,362
0,화산암지대가는길,9,0,불의사막2,102,97,99,99,362
0,화산암지대가는길,10,0,불의사막2,103,97,99,99,362
0,화산암지대가는길,11,0,불의사막2,104,97,99,99,362
0,화산암지대가는길,12,0,불의사막2,105,97,99,99,362

4,화산암지대가는길,4,17,서쪽대륙워프일,0,0,99,99,362
4,화산암지대가는길,5,17,서쪽대륙워프일,0,0,99,99,362
4,화산암지대가는길,6,17,서쪽대륙워프일,0,0,99,99,362
4,화산암지대가는길,9,17,서쪽대륙워프일,0,0,99,99,362
4,화산암지대가는길,9,17,서쪽대륙워프일,0,0,99,99,362
4,화산암지대가는길,10,17,서쪽대륙워프일,0,0,99,99,362
4,화산암지대가는길,11,17,서쪽대륙워프일,0,0,99,99,362

0,알세이드스-화산암지대(A),36,0,화산암지대가는길,4,16,99,99,362
0,알세이드스-화산암지대(A),37,0,화산암지대가는길,5,16,99,99,362
0,알세이드스-화산암지대(A),38,0,화산암지대가는길,6,16,99,99,362
0,알세이드스-화산암지대(A),39,0,화산암지대가는길,9,16,99,99,362
0,알세이드스-화산암지대(A),40,0,화산암지대가는길,10,16,99,99,362

4,알세이드스-화산암지대(A),0,37,서쪽대륙워프일,0,0,99,99,362
4,알세이드스-화산암지대(A),0,38,서쪽대륙워프일,0,0,99,99,362
4,알세이드스-화산암지대(A),0,39,서쪽대륙워프일,0,0,99,99,362
4,알세이드스-화산암지대(A),0,40,서쪽대륙워프일,0,0,99,99,362
4,알세이드스-화산암지대(A),0,41,서쪽대륙워프일,0,0,99,99,362

4,알세이드스-화산암지대(C),49,23,서쪽대륙워프일,0,0,99,99,362
4,알세이드스-화산암지대(C),49,24,서쪽대륙워프일,0,0,99,99,362
4,알세이드스-화산암지대(C),49,25,서쪽대륙워프일,0,0,99,99,362
4,알세이드스-화산암지대(C),49,26,서쪽대륙워프일,0,0,99,99,362
4,알세이드스-화산암지대(C),49,27,서쪽대륙워프일,0,0,99,99,362

4,알세이드스-화론마을,0,25,서쪽대륙워프삼,0,0,99,99,362
4,알세이드스-화론마을,0,26,서쪽대륙워프삼,0,0,99,99,362
4,알세이드스-화론마을,0,27,서쪽대륙워프삼,0,0,99,99,362
4,알세이드스-화론마을,0,28,서쪽대륙워프삼,0,0,99,99,362
4,알세이드스-화론마을,0,29,서쪽대륙워프삼,0,0,99,99,362

4,알세이드스-화론마을,98,46,서쪽대륙워프이,0,0,99,99,362
4,알세이드스-화론마을,98,47,서쪽대륙워프이,0,0,99,99,362
4,알세이드스-화론마을,98,48,서쪽대륙워프이,0,0,99,99,362
4,알세이드스-화론마을,98,49,서쪽대륙워프이,0,0,99,99,362
4,알세이드스-화론마을,98,50,서쪽대륙워프이,0,0,99,99,362

0,알세이드스-화론마을,73,34,무기점-연무관,6,15,99,99,362
0,알세이드스-화론마을,74,34,무기점-연무관,7,15,99,99,362
0,무기점-연무관,6,16,알세이드스-화론마을,73,36,99,99,362
0,무기점-연무관,7,16,알세이드스-화론마을,74,36,99,99,362

0,연무관-창고,7,3,무기점-연무관,2,10,99,99,362
0,무기점-연무관,0,10,연무관-창고,6,3,99,99,362

0,알세이드스-화론마을,58,32,시약점-상약국,9,15,99,99,362
0,알세이드스-화론마을,59,32,시약점-상약국,10,15,99,99,362
0,알세이드스-화론마을,60,32,시약점-상약국,11,15,99,99,362
0,시약점-상약국,9,16,알세이드스-화론마을,58,34,99,99,362
0,시약점-상약국,10,16,알세이드스-화론마을,59,34,99,99,362
0,시약점-상약국,11,16,알세이드스-화론마을,60,34,99,99,362
0,알세이드스-화론마을,39,26,화론-민가3,18,13,99,99,362
0,알세이드스-화론마을,39,27,화론-민가3,18,14,99,99,362
0,화론-민가3,19,12,알세이드스-화론마을,41,26,99,99,362
0,화론-민가3,19,13,알세이드스-화론마을,41,26,99,99,362
0,화론-민가3,19,14,알세이드스-화론마을,41,27,99,99,362
0,화론-민가3,19,15,알세이드스-화론마을,41,27,99,99,362
0,알세이드스-화론마을,23,25,화론-민가1,18,7,99,99,362
0,알세이드스-화론마을,23,26,화론-민가1,18,8,99,99,362
0,화론-민가1,19,6,알세이드스-화론마을,25,25,99,99,362
0,화론-민가1,19,7,알세이드스-화론마을,25,25,99,99,362
0,화론-민가1,19,8,알세이드스-화론마을,25,26,99,99,362
0,화론-민가1,19,9,알세이드스-화론마을,25,26,99,99,362
0,알세이드스-화론마을,23,45,여관-금화장,24,28,99,99,362
0,알세이드스-화론마을,23,46,여관-금화장,24,29,99,99,362
0,여관-금화장,25,27,알세이드스-화론마을,25,45,99,99,362
0,여관-금화장,25,28,알세이드스-화론마을,25,45,99,99,362
0,여관-금화장,25,29,알세이드스-화론마을,25,46,99,99,362
0,여관-금화장,25,30,알세이드스-화론마을,25,46,99,99,362
0,알세이드스-화론마을,24,59,화론-민가2,14,6,99,99,362
0,알세이드스-화론마을,24,60,화론-민가2,14,7,99,99,362
0,화론-민가2,16,5,알세이드스-화론마을,26,59,99,99,362
0,화론-민가2,16,6,알세이드스-화론마을,26,59,99,99,362
0,화론-민가2,16,7,알세이드스-화론마을,26,60,99,99,362
0,화론-민가2,16,8,알세이드스-화론마을,26,60,99,99,362
0,알세이드스-화론마을,37,67,화론-조리장,5,12,99,99,362
0,알세이드스-화론마을,38,67,화론-조리장,6,12,99,99,362
0,화론-조리장,4,14,알세이드스-화론마을,37,69,99,99,362
0,화론-조리장,5,14,알세이드스-화론마을,37,69,99,99,362
0,화론-조리장,6,14,알세이드스-화론마을,38,69,99,99,362
0,화론-조리장,7,14,알세이드스-화론마을,38,69,99,99,362
0,알세이드스-화론마을,57,70,포목점-천의방,10,15,99,99,362
0,알세이드스-화론마을,58,70,포목점-천의방,11,15,99,99,362
0,포목점-천의방,9,16,알세이드스-화론마을,57,72,99,99,362
0,포목점-천의방,10,16,알세이드스-화론마을,57,72,99,99,362
0,포목점-천의방,11,16,알세이드스-화론마을,58,72,99,99,362
0,포목점-천의방,12,16,알세이드스-화론마을,58,72,99,99,362
0,알세이드스-화론마을,68,65,메데니아뱅크-화론지점,10,14,99,99,362
0,알세이드스-화론마을,69,65,메데니아뱅크-화론지점,11,14,99,99,362
0,메데니아뱅크-화론지점,9,16,알세이드스-화론마을,68,67,99,99,362
0,메데니아뱅크-화론지점,10,16,알세이드스-화론마을,68,67,99,99,362
0,메데니아뱅크-화론지점,11,16,알세이드스-화론마을,69,67,99,99,362
0,메데니아뱅크-화론지점,12,16,알세이드스-화론마을,69,67,99,99,362
0,메데니아뱅크-화론지점,15,4,메데니아뱅크-환전소,14,2,99,99,362
0,메데니아뱅크-화론지점,16,4,메데니아뱅크-환전소,14,1,99,99,362
0,메데니아뱅크-환전소,16,1,메데니아뱅크-화론지점,14,5,99,99,362

4,알세이드스-화론마을,7,67,서쪽대륙워프일,27,19,99,99,362
4,알세이드스-화론마을,7,68,서쪽대륙워프일,27,20,99,99,362

0,흉가1층,13,38,흉가지하,14,14,99,99,362
0,흉가1층,13,39,흉가지하,14,15,99,99,362

0,흉가2층,3,3,흉가1층,3,2,99,99,362
0,흉가2층,3,4,흉가1층,3,3,99,99,362
0,흉가2층,24,47,흉가3층,11,20,99,99,362
0,흉가2층,25,47,흉가3층,12,20,99,99,362

0,흉가1층,6,30,흉가1층-방1,8,8,99,99,362
0,흉가1층,6,31,흉가1층-방1,8,9,99,99,362
0,흉가1층,12,30,흉가1층-방2,1,14,99,99,362
0,흉가1층,12,31,흉가1층-방2,1,15,99,99,362
0,흉가1층,23,39,흉가1층-방3,1,14,99,99,362
0,흉가1층,23,40,흉가1층-방3,1,15,99,99,362
0,흉가1층,14,7,흉가1층-방4,8,8,99,99,362
0,흉가1층,14,8,흉가1층-방4,8,9,99,99,362
0,흉가1층,22,8,흉가1층-방5,1,7,99,99,362
0,흉가1층,22,9,흉가1층-방5,1,8,99,99,362
0,흉가1층-방1,9,8,흉가1층,7,30,99,99,362
0,흉가1층-방1,9,9,흉가1층,7,31,99,99,362
0,흉가1층-방2,0,14,흉가1층,11,30,99,99,362
0,흉가1층-방2,0,15,흉가1층,11,31,99,99,362
0,흉가1층-방3,0,14,흉가1층,22,39,99,99,362
0,흉가1층-방3,0,15,흉가1층,22,40,99,99,362
4,흉가1층-방4,9,8,1층이동장치4,0,0,99,99,362
4,흉가1층-방4,9,9,1층이동장치4,0,0,99,99,362
0,흉가1층-방5,0,7,흉가1층,21,8,99,99,362
0,흉가1층-방5,0,8,흉가1층,21,9,99,99,362

4,알세이드스-화론마을,82,45,서쪽대륙워프일,0,0,0,99
4,알세이드스-화론마을,82,46,서쪽대륙워프일,0,0,0,99
4,알세이드스-화론마을,82,47,서쪽대륙워프일,0,0,0,99
4,알세이드스-화론마을,82,48,서쪽대륙워프일,0,0,0,99

4,알세이드스-화론마을,15,69,서쪽대륙워프일,0,0,0,99
4,알세이드스-화론마을,15,70,서쪽대륙워프일,0,0,0,99
4,알세이드스-화론마을,15,71,서쪽대륙워프일,0,0,0,99
4,알세이드스-화론마을,15,72,서쪽대륙워프일,0,0,0,99

4,알세이드스-화론마을,50,83,서쪽대륙워프일,0,0,0,99
4,알세이드스-화론마을,51,83,서쪽대륙워프일,0,0,0,99
4,알세이드스-화론마을,52,83,서쪽대륙워프일,0,0,0,99
4,알세이드스-화론마을,53,83,서쪽대륙워프일,0,0,0,99

4,알세이드스-화론마을,50,16,서쪽대륙워프일,0,0,0,99
4,알세이드스-화론마을,51,16,서쪽대륙워프일,0,0,0,99
4,알세이드스-화론마을,52,16,서쪽대륙워프일,0,0,0,99
4,알세이드스-화론마을,53,16,서쪽대륙워프일,0,0,0,99

4,알세이드스-화론마을,48,0,서쪽대륙워프사,0,0,99,99,362
4,알세이드스-화론마을,49,0,서쪽대륙워프사,0,0,99,99,362
4,알세이드스-화론마을,50,0,서쪽대륙워프사,0,0,99,99,362
4,알세이드스-화론마을,51,0,서쪽대륙워프사,0,0,99,99,362
4,알세이드스-화론마을,52,0,서쪽대륙워프사,0,0,99,99,362

0,화염의세계수의사당,11,24,알세이드스-화론마을,48,3,99,99,362
0,화염의세계수의사당,12,24,알세이드스-화론마을,49,3,99,99,362
0,화염의세계수의사당,13,24,알세이드스-화론마을,50,3,99,99,362

4,흉가1층,28,19,흉가퇴장,0,0,0,99,362
4,흉가1층,28,20,흉가퇴장,0,0,0,99,362

4,흉가1층,16,16,흉가1,0,0,0,99,362
4,흉가1층,17,16,흉가1,0,0,0,99,362
4,흉가1층,18,16,흉가1,0,0,0,99,362
4,흉가1층,19,16,흉가1,0,0,0,99,362
4,흉가1층,20,16,흉가1,0,0,0,99,362
4,흉가1층,21,16,흉가1,0,0,0,99,362

4,흉가1층,16,15,흉가1,0,0,0,99,362
4,흉가1층,17,15,흉가1,0,0,0,99,362
4,흉가1층,18,15,흉가1,0,0,0,99,362
4,흉가1층,19,15,흉가1,0,0,0,99,362
4,흉가1층,20,15,흉가1,0,0,0,99,362
4,흉가1층,21,15,흉가1,0,0,0,99,362

4,흉가1층-방4,8,16,1층장치10,0,0,99,362,99

4,흉가1층,15,14,1층이동장치,0,0,99,362,99
4,흉가1층,16,14,1층이동장치,0,0,99,362,99
4,흉가1층,17,14,1층이동장치,0,0,99,362,99
4,흉가1층,18,14,1층이동장치,0,0,99,362,99
4,흉가1층,19,14,1층이동장치,0,0,99,362,99
4,흉가1층,20,14,1층이동장치,0,0,99,362,99
4,흉가1층,21,14,1층이동장치,0,0,99,362,99

4,흉가1층,19,25,1층이동장치2,0,0,99,362,99
4,흉가1층,20,25,1층이동장치2,0,0,99,362,99
4,흉가1층,21,25,1층이동장치2,0,0,99,362,99
4,흉가1층,22,25,1층이동장치2,0,0,99,362,99

4,흉가1층,21,1,1층장치05,0,0,99,362,99

4,흉가1층-방3,1,1,1층이동장치3,0,0,99,362,99

4,흉가지하,14,12,지하장치01,0,0,0,99,362
4,흉가지하,15,12,지하장치01,0,0,0,99,362
4,흉가지하,16,12,지하장치01,0,0,0,99,362

4,흉가지하,13,1,지하장치02,0,0,0,99,362
4,흉가지하,13,2,지하장치02,0,0,0,99,362
4,흉가지하,13,3,지하장치02,0,0,0,99,362
4,흉가지하,13,4,지하장치02,0,0,0,99,362

4,흉가지하,1,5,지하장치03,0,0,0,99,362
4,흉가지하,2,5,지하장치03,0,0,0,99,362
4,흉가지하,3,5,지하장치03,0,0,0,99,362
4,흉가지하,4,5,지하장치03,0,0,0,99,362

4,흉가지하-방,10,2,지하장치05,0,0,0,99,362

4,흉가지하,8,13,지하장치04,0,0,0,99,362
4,흉가지하,9,13,지하장치04,0,0,0,99,362

4,흉가지하-방,6,11,지하장치06,0,0,0,99,362
4,흉가지하-방,7,11,지하장치06,0,0,0,99,362

4,흉가지하,1,8,지하장치07,0,0,0,99,362
4,흉가지하,2,8,지하장치07,0,0,0,99,362
4,흉가지하,3,8,지하장치07,0,0,0,99,362
4,흉가지하,4,8,지하장치07,0,0,0,99,362

4,흉가지하,14,9,지하장치08,0,0,0,99,362
4,흉가지하,15,9,지하장치08,0,0,0,99,362
4,흉가지하,16,9,지하장치08,0,0,0,99,362

4,흉가지하,13,14,지하장치09,0,0,0,99,362
4,흉가지하,13,15,지하장치09,0,0,0,99,362

4,흉가1층,1,12,1층장치11,0,0,0,99,362
4,흉가1층,2,12,1층장치11,0,0,0,99,362
4,흉가1층,3,12,1층장치11,0,0,0,99,362
4,흉가1층,4,12,1층장치11,0,0,0,99,362
4,흉가1층,5,12,1층장치11,0,0,0,99,362
4,흉가1층,6,12,1층장치11,0,0,0,99,362
4,흉가1층,7,12,1층장치11,0,0,0,99,362

4,흉가1층,1,11,1층장치12,0,0,0,99,362
4,흉가1층,2,11,1층장치12,0,0,0,99,362
4,흉가1층,3,11,1층장치12,0,0,0,99,362
4,흉가1층,4,11,1층장치12,0,0,0,99,362
4,흉가1층,5,11,1층장치12,0,0,0,99,362
4,흉가1층,6,11,1층장치12,0,0,0,99,362
4,흉가1층,7,11,1층장치12,0,0,0,99,362

4,흉가1층,1,10,1층장치12,0,0,0,99,362
4,흉가1층,2,10,1층장치12,0,0,0,99,362
4,흉가1층,3,10,1층장치12,0,0,0,99,362
4,흉가1층,4,10,1층장치12,0,0,0,99,362
4,흉가1층,5,10,1층장치12,0,0,0,99,362
4,흉가1층,6,10,1층장치12,0,0,0,99,362
4,흉가1층,7,10,1층장치12,0,0,0,99,362

4,흉가1층,1,9,1층장치12,0,0,0,99,362
4,흉가1층,2,9,1층장치12,0,0,0,99,362
4,흉가1층,3,9,1층장치12,0,0,0,99,362
4,흉가1층,4,9,1층장치12,0,0,0,99,362
4,흉가1층,5,9,1층장치12,0,0,0,99,362
4,흉가1층,6,9,1층장치12,0,0,0,99,362
4,흉가1층,7,9,1층장치12,0,0,0,99,362

4,흉가1층,1,8,1층장치12,0,0,0,99,362
4,흉가1층,2,8,1층장치12,0,0,0,99,362
4,흉가1층,3,8,1층장치12,0,0,0,99,362
4,흉가1층,4,8,1층장치12,0,0,0,99,362
4,흉가1층,5,8,1층장치12,0,0,0,99,362
4,흉가1층,6,8,1층장치12,0,0,0,99,362
4,흉가1층,7,8,1층장치12,0,0,0,99,362

4,흉가1층,1,7,1층장치12,0,0,0,99,362
4,흉가1층,2,7,1층장치12,0,0,0,99,362
4,흉가1층,3,7,1층장치12,0,0,0,99,362
4,흉가1층,4,7,1층장치12,0,0,0,99,362
4,흉가1층,5,7,1층장치12,0,0,0,99,362
4,흉가1층,6,7,1층장치12,0,0,0,99,362
4,흉가1층,7,7,1층장치12,0,0,0,99,362

4,흉가1층,2,2,1층장치13,0,0,99,99,362
4,흉가1층,2,3,1층장치13,0,0,99,99,362

4,흉가2층,15,6,2층장치09,0,0,99,99,362

4,흉가2층,14,3,2층장치10,0,0,99,99,362
4,흉가2층,14,4,2층장치10,0,0,99,99,362

4,흉가2층-방1,1,1,2층장치09,0,0,99,99,362

4,흉가2층-방1,9,6,2층장치10,0,0,99,99,362
4,흉가2층-방1,9,7,2층장치10,0,0,99,99,362

4,흉가2층-방3,1,11,2층장치09,0,0,99,99,362

4,흉가2층-방3,9,6,2층장치10,0,0,99,99,362
4,흉가2층-방3,9,7,2층장치10,0,0,99,99,362

4,흉가2층-방5,1,3,2층장치09,0,0,99,99,362

4,흉가2층-방5,9,6,2층장치10,0,0,99,99,362
4,흉가2층-방5,9,7,2층장치10,0,0,99,99,362

4,흉가2층-방6,9,5,2층장치09,0,0,99,99,362

4,흉가2층-방6,0,7,2층장치10,0,0,99,99,362
4,흉가2층-방6,0,8,2층장치10,0,0,99,99,362

4,흉가2층-방2,0,7,2층장치10,0,0,99,99,362
4,흉가2층-방2,0,8,2층장치10,0,0,99,99,362

4,흉가2층-방8,8,11,2층장치11,0,0,99,99,362

4,흉가2층-방8,0,7,2층장치10,0,0,99,99,362
4,흉가2층-방8,0,8,2층장치10,0,0,99,99,362

4,흉가2층,10,46,3층이동장치1,0,0,99,99,362
4,흉가2층,10,47,3층이동장치1,0,0,99,99,362
4,흉가2층,10,48,3층이동장치1,0,0,99,99,362
4,흉가2층,10,49,3층이동장치1,0,0,99,99,362

4,흉가3층,7,12,3층이동장치2,0,0,99,99,362
4,흉가3층,7,13,3층이동장치2,0,0,99,99,362

4,흉가3층,6,12,3층장치01,0,0,99,99,362
4,흉가3층,6,13,3층장치01,0,0,99,99,362

4,흉가3층-방1,2,2,3층장치02,0,0,99,99,362
4,흉가3층-방1,5,7,3층장치03,0,0,99,99,362

4,흉가3층-방1,14,10,3층이동장치3,0,0,99,99,362
4,흉가3층-방1,14,11,3층이동장치3,0,0,99,99,362

4,흉가3층,11,21,3층이동장치4,0,0,99,99,362
4,흉가3층,12,21,3층이동장치4,0,0,99,99,362