3,엔도르1,17,16,서쪽대륙워프일,29,15,0,99,0
3,엔도르1,18,16,서쪽대륙워프일,29,16,0,99,0
3,엔도르1,17,17,서쪽대륙워프일,29,15,0,99,0

0,엔도르1,1,22,엔도르4,29,15,0,99,362
0,엔도르1,1,23,엔도르4,29,16,0,99,362

0,엔도르4,30,15,엔도르1,2,22,0,99,362
0,엔도르4,30,16,엔도르1,2,23,0,99,362

0,엔도르4,1,22,엔도르11,29,10,0,99,362
0,엔도르4,1,23,엔도르11,29,11,0,99,362

0,엔도르11,30,10,엔도르4,2,22,0,99,362
0,엔도르11,30,11,엔도르4,2,23,0,99,362

0,엔도르11,18,30,엔도르10,21,2,0,99,362
0,엔도르11,19,30,엔도르10,22,2,0,99,362

0,엔도르10,21,1,엔도르11,18,29,0,99,362
0,엔도르10,22,1,엔도르11,19,29,0,99,362

0,엔도르11,1,14,엔도르19,36,19,0,99,362
0,엔도르11,1,15,엔도르19,36,20,0,99,362

0,엔도르19,37,19,엔도르11,2,14,0,99,362
0,엔도르19,37,20,엔도르11,2,15,0,99,362

0,엔도르19,14,1,엔도르20,17,29,0,99,362
0,엔도르19,15,1,엔도르20,18,29,0,99,362

0,엔도르20,17,30,엔도르19,14,2,0,99,362
0,엔도르20,18,30,엔도르19,15,2,0,99,362

0,엔도르20,30,8,엔도르12,2,22,0,99,362
0,엔도르20,30,9,엔도르12,2,23,0,99,362

0,엔도르12,1,22,엔도르20,29,8,0,99,362
0,엔도르12,1,23,엔도르20,29,9,0,99,362

0,엔도르12,22,1,엔도르13,18,29,0,99,362
0,엔도르12,23,1,엔도르13,19,29,0,99,362

0,엔도르13,18,30,엔도르12,22,2,0,99,362
0,엔도르13,19,30,엔도르12,23,2,0,99,362

0,엔도르13,1,6,엔도르21,29,15,0,99,362
0,엔도르13,1,7,엔도르21,29,16,0,99,362

0,엔도르21,30,15,엔도르13,2,6,0,99,362
0,엔도르21,30,16,엔도르13,2,7,0,99,362

0,엔도르21,1,22,엔도르26,36,19,0,99,362
0,엔도르21,1,23,엔도르26,36,20,0,99,362

0,엔도르26,37,19,엔도르21,2,22,0,99,362
0,엔도르26,37,20,엔도르21,2,23,0,99,362

0,엔도르26,14,1,엔도르27,15,28,0,99,362
0,엔도르26,15,1,엔도르27,16,28,0,99,362

0,엔도르27,15,29,엔도르26,14,2,0,99,362
0,엔도르27,16,29,엔도르26,15,2,0,99,362

0,엔도르27,30,15,엔도르22,2,14,0,99,362
0,엔도르27,30,16,엔도르22,2,15,0,99,362

0,엔도르22,1,14,엔도르27,29,15,0,99,362
0,엔도르22,1,15,엔도르27,29,16,0,99,362

0,엔도르27,22,1,엔도르28,15,28,0,99,362
0,엔도르27,23,1,엔도르28,16,28,0,99,362

0,엔도르28,15,29,엔도르27,22,2,0,99,362
0,엔도르28,16,29,엔도르27,23,2,0,99,362

0,엔도르27,1,14,엔도르31,37,17,0,99,362
0,엔도르27,1,15,엔도르31,37,18,0,99,362

0,엔도르31,38,17,엔도르27,2,14,0,99,362
0,엔도르31,38,18,엔도르27,2,15,0,99,362

0,엔도르28,1,14,엔도르32,28,14,0,99,362
0,엔도르28,1,15,엔도르32,28,15,0,99,362

0,엔도르32,29,14,엔도르28,2,14,0,99,362
0,엔도르32,29,15,엔도르28,2,15,0,99,362

0,엔도르28,30,15,엔도르23,2,14,0,99,362
0,엔도르28,30,16,엔도르23,2,15,0,99,362

0,엔도르23,1,14,엔도르28,29,15,0,99,362
0,엔도르23,1,15,엔도르28,29,16,0,99,362

0,엔도르28,22,1,엔도르29,17,29,0,99,362
0,엔도르28,23,1,엔도르29,18,29,0,99,362

0,엔도르29,17,30,엔도르28,22,2,0,99,362
0,엔도르29,18,30,엔도르28,23,2,0,99,362

0,엔도르32,1,22,엔도르35,28,14,0,99,362
0,엔도르32,1,23,엔도르35,28,15,0,99,362

0,엔도르35,29,14,엔도르32,2,22,0,99,362
0,엔도르35,29,15,엔도르32,2,23,0,99,362

0,엔도르35,1,22,엔도르43,29,10,0,99,362
0,엔도르35,1,23,엔도르43,29,11,0,99,362

0,엔도르43,30,10,엔도르35,2,22,0,99,362
0,엔도르43,30,11,엔도르35,2,23,0,99,362

0,엔도르43,18,30,엔도르42,21,2,0,99,362
0,엔도르43,19,30,엔도르42,22,2,0,99,362

0,엔도르42,21,1,엔도르43,18,29,0,99,362
0,엔도르42,22,1,엔도르43,19,29,0,99,362

0,엔도르43,1,14,엔도르48,36,20,0,99,362
0,엔도르43,1,15,엔도르48,36,21,0,99,362

0,엔도르48,37,20,엔도르43,2,14,0,99,362
0,엔도르48,37,21,엔도르43,2,15,0,99,362

0,엔도르48,14,1,엔도르49,15,29,0,99,362
0,엔도르48,15,1,엔도르49,16,29,0,99,362

0,엔도르49,15,30,엔도르48,14,2,0,99,362
0,엔도르49,16,30,엔도르48,15,2,0,99,362

0,엔도르49,22,1,엔도르50,17,29,0,99,362
0,엔도르49,23,1,엔도르50,18,29,0,99,362

0,엔도르50,17,30,엔도르49,22,2,0,99,362
0,엔도르50,18,30,엔도르49,23,2,0,99,362

0,엔도르49,1,22,엔도르53,37,19,0,99,362
0,엔도르49,1,23,엔도르53,37,20,0,99,362

0,엔도르53,38,19,엔도르49,2,22,0,99,362
0,엔도르53,38,20,엔도르49,2,23,0,99,362

0,엔도르53,14,1,엔도르54,17,28,0,99,362
0,엔도르53,15,1,엔도르54,18,28,0,99,362

0,엔도르54,17,29,엔도르53,14,2,0,99,362
0,엔도르54,18,29,엔도르53,15,2,0,99,362

0,엔도르54,1,6,엔도르58,29,7,0,99,362
0,엔도르54,1,7,엔도르58,29,8,0,99,362

0,엔도르58,30,7,엔도르54,2,6,0,99,362
0,엔도르58,30,8,엔도르54,2,7,0,99,362

0,엔도르58,14,30,엔도르57,21,2,0,99,362
0,엔도르58,15,30,엔도르57,22,2,0,99,362

0,엔도르57,21,1,엔도르58,14,29,0,99,362
0,엔도르57,22,1,엔도르58,15,29,0,99,362

0,엔도르58,14,1,엔도르59,17,28,0,99,362
0,엔도르58,15,1,엔도르59,18,28,0,99,362

0,엔도르59,17,29,엔도르58,14,2,0,99,362
0,엔도르59,18,29,엔도르58,15,2,0,99,362

0,엔도르59,1,6,엔도르66,36,19,0,99,362
0,엔도르59,1,7,엔도르66,36,20,0,99,362

0,엔도르66,37,19,엔도르59,2,6,0,99,362
0,엔도르66,37,20,엔도르59,2,7,0,99,362

0,엔도르66,14,1,엔도르67,18,29,0,99,362
0,엔도르66,15,1,엔도르67,19,29,0,99,362

0,엔도르67,18,30,엔도르66,14,2,0,99,362
0,엔도르67,19,30,엔도르66,15,2,0,99,362

0,엔도르67,30,10,엔도르60,2,14,0,99,362
0,엔도르67,30,11,엔도르60,2,15,0,99,362

0,엔도르60,1,14,엔도르67,29,10,0,99,362
0,엔도르60,1,15,엔도르67,29,11,0,99,362

0,엔도르67,1,14,엔도르77,37,22,0,99,362
0,엔도르67,1,15,엔도르77,37,23,0,99,362

0,엔도르77,38,22,엔도르67,2,14,0,99,362
0,엔도르77,38,23,엔도르67,2,15,0,99,362

0,엔도르77,14,1,엔도르78,17,28,0,99,362
0,엔도르77,15,1,엔도르78,18,28,0,99,362

0,엔도르78,17,29,엔도르77,14,2,0,99,362
0,엔도르78,18,29,엔도르77,15,2,0,99,362

0,엔도르77,1,22,엔도르87,36,19,0,99,362
0,엔도르77,1,23,엔도르87,36,20,0,99,362

0,엔도르87,37,19,엔도르77,2,22,0,99,362
0,엔도르87,37,20,엔도르77,2,23,0,99,362

0,엔도르87,14,1,엔도르88,17,29,0,99,362
0,엔도르87,15,1,엔도르88,18,29,0,99,362

0,엔도르88,17,30,엔도르87,14,2,0,99,362
0,엔도르88,18,30,엔도르87,15,2,0,99,362

0,엔도르88,22,1,엔도르89,16,28,0,99,362
0,엔도르88,23,1,엔도르89,17,28,0,99,362

0,엔도르89,16,29,엔도르88,22,2,0,99,362
0,엔도르89,17,29,엔도르88,23,2,0,99,362

0,엔도르89,30,8,엔도르79,2,22,0,99,362
0,엔도르89,30,9,엔도르79,2,23,0,99,362

0,엔도르79,1,22,엔도르89,29,8,0,99,362
0,엔도르79,1,23,엔도르89,29,9,0,99,362

0,엔도르79,30,15,엔도르69,2,22,0,99,362
0,엔도르79,30,16,엔도르69,2,23,0,99,362

0,엔도르69,1,22,엔도르79,29,15,0,99,362
0,엔도르69,1,23,엔도르79,29,16,0,99,362

0,엔도르69,15,30,엔도르68,21,2,0,99,362
0,엔도르69,16,30,엔도르68,22,2,0,99,362

0,엔도르68,21,1,엔도르69,15,29,0,99,362
0,엔도르68,22,1,엔도르69,16,29,0,99,362

0,엔도르69,22,1,엔도르걸쳐진방,15,28,0,99,362
0,엔도르69,23,1,엔도르걸쳐진방,16,28,0,99,362

0,엔도르걸쳐진방,15,29,엔도르69,22,2,0,99,362
0,엔도르걸쳐진방,16,29,엔도르69,23,2,0,99,362

0,엔도르걸쳐진방,1,22,엔도르80,37,22,0,99,362
0,엔도르걸쳐진방,1,23,엔도르80,37,23,0,99,362

0,엔도르80,38,22,엔도르걸쳐진방,2,22,0,99,362
0,엔도르80,38,23,엔도르걸쳐진방,2,23,0,99,362

0,엔도르80,14,1,엔도르81,16,28,0,99,362
0,엔도르80,15,1,엔도르81,17,28,0,99,362

0,엔도르81,16,29,엔도르80,14,2,0,99,362
0,엔도르81,17,29,엔도르80,15,2,0,99,362

0,엔도르81,22,1,엔도르82,15,28,0,99,362
0,엔도르81,23,1,엔도르82,16,28,0,99,362

0,엔도르82,15,29,엔도르81,22,2,0,99,362
0,엔도르82,16,29,엔도르81,23,2,0,99,362

0,엔도르80,1,22,엔도르90,27,14,0,99,362
0,엔도르80,1,23,엔도르90,27,15,0,99,362

0,엔도르90,28,14,엔도르80,2,22,0,99,362
0,엔도르90,28,15,엔도르80,2,23,0,99,362

0,엔도르90,1,22,엔도르95,37,19,0,99,362
0,엔도르90,1,23,엔도르95,37,20,0,99,362

0,엔도르95,38,19,엔도르90,2,22,0,99,362
0,엔도르95,38,20,엔도르90,2,23,0,99,362

0,엔도르95,14,1,엔도르96,17,28,0,99,362
0,엔도르95,15,1,엔도르96,18,28,0,99,362

0,엔도르96,17,29,엔도르95,14,2,0,99,362
0,엔도르96,18,29,엔도르95,15,2,0,99,362

0,엔도르96,1,6,엔도르101,29,10,0,99,362
0,엔도르96,1,7,엔도르101,29,11,0,99,362

0,엔도르101,30,10,엔도르96,2,6,0,99,362
0,엔도르101,30,11,엔도르96,2,7,0,99,362

0,엔도르101,18,30,엔도르100,21,2,0,99,362
0,엔도르101,19,30,엔도르100,22,2,0,99,362

0,엔도르100,21,1,엔도르101,18,29,0,99,362
0,엔도르100,22,1,엔도르101,19,29,0,99,362

0,엔도르101,1,14,엔도르107,28,10,0,99,362
0,엔도르101,1,15,엔도르107,28,11,0,99,362

0,엔도르107,29,10,엔도르101,2,14,0,99,362
0,엔도르107,29,11,엔도르101,2,15,0,99,362

0,엔도르107,18,30,엔도르106,22,2,0,99,362
0,엔도르107,19,30,엔도르106,23,2,0,99,362

0,엔도르106,22,1,엔도르107,18,29,0,99,362
0,엔도르106,32,1,엔도르107,19,29,0,99,362

0,엔도르106,16,30,엔도르105,22,2,0,99,362
0,엔도르106,17,30,엔도르105,23,2,0,99,362

0,엔도르105,22,1,엔도르106,18,29,0,99,362
0,엔도르105,32,1,엔도르106,19,29,0,99,362

0,엔도르105,1,22,엔도르112,37,19,0,99,362
0,엔도르105,1,23,엔도르112,37,20,0,99,362

0,엔도르112,38,19,엔도르105,2,22,0,99,362
0,엔도르112,38,20,엔도르105,2,23,0,99,362

0,엔도르112,14,1,엔도르113,15,29,0,99,362
0,엔도르112,15,1,엔도르113,16,29,0,99,362

0,엔도르113,15,30,엔도르112,14,2,0,99,362
0,엔도르113,16,30,엔도르112,15,2,0,99,362

0,엔도르113,22,1,엔도르114,16,29,0,99,362
0,엔도르113,23,1,엔도르114,17,29,0,99,362

0,엔도르114,16,30,엔도르113,22,2,0,99,362
0,엔도르114,17,30,엔도르113,23,2,0,99,362

0,엔도르113,1,21,엔도르118,36,19,0,99,362
0,엔도르113,1,22,엔도르118,36,20,0,99,362

0,엔도르118,37,19,엔도르113,2,21,0,99,362
0,엔도르118,37,20,엔도르113,2,22,0,99,362

0,엔도르118,14,1,엔도르119,18,29,0,99,362
0,엔도르118,15,1,엔도르119,19,29,0,99,362

0,엔도르119,18,30,엔도르118,14,2,0,99,362
0,엔도르119,19,30,엔도르118,15,2,0,99,362

0,엔도르119,1,6,엔도르126,36,19,0,99,362
0,엔도르119,1,7,엔도르126,36,20,0,99,362

0,엔도르126,37,19,엔도르119,2,6,0,99,362
0,엔도르126,37,20,엔도르119,2,7,0,99,362

0,엔도르126,14,1,엔도르127,17,29,0,99,362
0,엔도르126,15,1,엔도르127,18,29,0,99,362

0,엔도르127,17,30,엔도르126,14,2,0,99,362
0,엔도르127,18,30,엔도르126,15,2,0,99,362

0,엔도르127,30,8,엔도르120,2,22,0,99,362
0,엔도르127,30,9,엔도르120,2,23,0,99,362

0,엔도르120,1,21,엔도르127,29,8,0,99,362
0,엔도르120,1,22,엔도르127,29,9,0,99,362

0,엔도르120,22,1,엔도르121,17,28,0,99,362
0,엔도르120,23,1,엔도르121,18,28,0,99,362

0,엔도르121,17,29,엔도르120,22,2,0,99,362
0,엔도르121,18,29,엔도르120,23,2,0,99,362

0,엔도르121,1,6,엔도르128,29,15,0,99,362
0,엔도르121,1,7,엔도르128,29,16,0,99,362

0,엔도르128,30,15,엔도르121,2,6,0,99,362
0,엔도르128,30,16,엔도르121,2,7,0,99,362

0,엔도르128,1,22,엔도르134,36,22,0,99,362
0,엔도르128,1,23,엔도르134,36,23,0,99,362

0,엔도르134,37,22,엔도르128,2,22,0,99,362
0,엔도르134,37,23,엔도르128,2,23,0,99,362

0,엔도르134,14,1,엔도르135,16,28,0,99,362
0,엔도르134,15,1,엔도르135,17,28,0,99,362

0,엔도르135,16,29,엔도르134,14,2,0,99,362
0,엔도르135,17,29,엔도르134,15,2,0,99,362

0,엔도르135,22,1,엔도르136,17,28,0,99,362
0,엔도르135,23,1,엔도르136,18,28,0,99,362

0,엔도르136,17,29,엔도르135,22,2,0,99,362
0,엔도르136,18,29,엔도르135,23,2,0,99,362

0,엔도르136,1,6,엔도르145,37,19,0,99,362
0,엔도르136,1,7,엔도르145,37,20,0,99,362

0,엔도르145,38,19,엔도르136,2,6,0,99,362
0,엔도르145,38,20,엔도르136,2,7,0,99,362

0,엔도르145,14,1,엔도르146,18,28,0,99,362
0,엔도르145,15,1,엔도르146,19,28,0,99,362

0,엔도르146,18,29,엔도르145,14,2,0,99,362
0,엔도르146,19,29,엔도르145,15,2,0,99,362

0,엔도르146,30,10,엔도르137,2,22,0,99,362
0,엔도르146,30,11,엔도르137,2,23,0,99,362

0,엔도르137,1,22,엔도르146,29,10,0,99,362
0,엔도르137,1,23,엔도르146,29,11,0,99,362

0,엔도르137,30,15,엔도르130,2,14,0,99,362
0,엔도르137,30,16,엔도르130,2,15,0,99,362

0,엔도르130,1,14,엔도르137,29,15,0,99,362
0,엔도르130,1,14,엔도르137,29,16,0,99,362

0,엔도르130,15,30,엔도르129,21,2,0,99,362
0,엔도르130,16,30,엔도르129,22,2,0,99,362

0,엔도르129,21,1,엔도르130,15,29,0,99,362
0,엔도르129,22,1,엔도르130,16,29,0,99,362

0,엔도르130,22,1,엔도르131,17,28,0,99,362
0,엔도르130,23,1,엔더르131,18,28,0,99,362

0,엔도르131,17,29,엔도르130,22,2,0,99,362
0,엔도르131,18,29,엔도르130,23,2,0,99,362

0,엔도르131,1,6,엔도르138,37,19,0,99,362
0,엔도르131,1,7,엔도르138,37,20,0,99,362

0,엔도르138,38,19,엔도르131,2,6,0,99,362
0,엔도르138,38,20,엔도르131,2,7,0,99,362

0,엔도르138,14,1,엔도르139,15,29,0,99,362
0,엔도르138,15,1,엔도르139,16,29,0,99,362

0,엔도르139,15,30,엔도르138,14,2,0,99,362
0,엔도르139,16,30,엔도르138,15,2,0,99,362

0,엔도르139,22,1,엔도르140,12,24,0,99,362
0,엔도르139,23,1,엔도르140,13,24,0,99,362

0,엔도르140,12,25,엔도르139,22,2,0,99,362
0,엔도르140,13,25,엔도르139,23,2,0,99,362

0,엔도르140,22,1,엔도르141,15,27,0,99,362
0,엔도르140,23,1,엔도르141,15,27,0,99,362

0,엔도르141,15,30,엔도르140,22,3,0,99,362
0,엔도르141,16,30,엔도르140,23,3,0,99,362

0,엔도르141,22,1,엔도르142,17,27,0,99,362
0,엔도르141,23,1,엔도르142,17,27,0,99,362

0,엔도르142,17,30,엔도르141,22,3,0,99,362
0,엔도르142,18,30,엔도르141,23,3,0,99,362

0,엔도르142,29,8,엔도르133,3,22,0,99,362
0,엔도르142,29,9,엔도르133,3,23,0,99,362

0,엔도르133,1,22,엔도르142,27,8,0,99,362
0,엔도르133,1,23,엔도르142,27,9,0,99,362

0,엔도르133,30,15,엔도르124,3,22,0,99,362
0,엔도르133,30,16,엔도르124,3,23,0,99,362

0,엔도르124,15,30,엔도르123,23,3,0,99,362
0,엔도르124,16,30,엔도르123,23,3,0,99,362

0,엔도르123,22,1,엔도르124,15,28,0,99,362
0,엔도르123,23,1,엔도르124,16,28,0,99,362

0,엔도르123,1,22,엔도르132,27,15,0,99,362
0,엔도르123,1,23,엔도르132,27,15,0,99,362

0,엔도르132,29,14,엔도르123,3,22,0,99,362
0,엔도르132,29,15,엔도르123,3,23,0,99,362

0,엔도르124,1,22,엔도르133,28,15,0,99,362
0,엔도르124,1,22,엔도르133,28,16,0,99,362

0,엔도르124,22,1,엔도르125,17,27,0,99,362
0,엔도르124,23,1,엔도르125,17,27,0,99,362

0,엔도르125,17,30,엔도르124,22,3,0,99,362
0,엔도르125,18,30,엔도르124,23,3,0,99,362

0,엔도르125,30,8,엔도르117,3,22,0,99,362
0,엔도르125,30,9,엔도르117,3,23,0,99,362

0,엔도르117,1,22,엔도르125,27,8,0,99,362
0,엔도르117,1,23,엔도르125,27,9,0,99,362

0,엔도르117,30,15,엔도르111,3,6,0,99,362
0,엔도르117,30,16,엔도르111,4,6,0,99,362

0,엔도르111,1,6,엔도르117,27,15,0,99,362
0,엔도르111,1,7,엔도르117,27,16,0,99,362

0,엔도르111,17,29,엔도르110,23,4,0,99,362
0,엔도르111,18,29,엔도르110,23,3,0,99,362

0,엔도르110,22,1,엔도르111,17,26,0,99,362
0,엔도르110,23,1,엔도르111,18,26,0,99,362

0,엔도르110,1,22,엔도르116,27,8,0,99,362
0,엔도르110,1,23,엔도르116,27,9,0,99,362

0,엔도르116,30,8,엔도르110,4,22,0,99,362
0,엔도르116,30,9,엔도르110,4,23,0,99,362

0,엔도르116,17,30,엔도르115,14,3,0,99,362
0,엔도르116,18,30,엔도르115,15,3,0,99,362

0,엔도르115,14,1,엔도르116,17,27,0,99,362
0,엔도르115,15,1,엔도르116,16,27,0,99,362

0,엔도르115,37,19,엔도르109,3,22,0,99,362
0,엔도르115,37,20,엔도르109,3,23,0,99,362

0,엔도르109,1,22,엔도르115,34,19,0,99,362
0,엔도르109,1,23,엔도르115,34,20,0,99,362

0,엔도르109,30,15,엔도르104,3,14,0,99,362
0,엔도르109,30,16,엔도르104,3,15,0,99,362

0,엔도르104,1,14,엔도르109,26,14,0,99,362
0,엔도르104,1,15,엔도르109,26,15,0,99,362

0,엔도르104,30,10,엔도르99,4,14,0,99,362
0,엔도르104,30,11,엔도르99,4,15,0,99,362

0,엔도르99,1,14,엔도르104,27,10,0,99,362
0,엔도르99,1,15,엔도르104,27,11,0,99,362

0,엔도르104,17,29,엔도르103,23,3,0,99,362
0,엔도르104,18,29,엔도르103,23,4,0,99,362

0,엔도르103,22,1,엔도르104,17,26,0,99,362
0,엔도르103,23,1,엔도르104,18,26,0,99,362

0,엔도르103,17,30,엔도르102,15,4,0,99,362
0,엔도르103,18,30,엔도르102,15,4,0,99,362

0,엔도르102,14,1,엔도르103,17,27,0,99,362
0,엔도르102,15,1,엔도르103,17,27,0,99,362

0,엔도르102,1,22,엔도르108,35,16,0,99,362
0,엔도르102,1,23,엔도르108,35,17,0,99,362

0,엔도르108,38,17,엔도르102,3,22,0,99,362
0,엔도르108,38,18,엔도르102,3,23,0,99,362

0,엔도르102,37,22,엔도르98,3,14,0,99,362
0,엔도르102,37,23,엔도르98,3,15,0,99,362

0,엔도르98,1,14,엔도르102,34,22,0,99,362
0,엔도르98,1,15,엔도르102,35,23,0,99,362

0,엔도르98,18,30,엔도르97,14,3,0,99,362
0,엔도르98,19,30,엔뎌르97,15,3,0,99,362

0,엔도르97,14,1,엔도르98,18,27,0,99,362
0,엔도르97,15,1,엔도르98,17,27,0,99,362

0,엔도르98,30,10,엔도르94,4,6,0,99,362
0,엔도르98,30,11,엔도르94,3,6,0,99,362

0,엔도르94,1,6,엔도르98,27,10,0,99,362
0,엔도르94,1,7,엔도르98,27,11,0,99,362

0,엔도르94,18,30,엔도르93,15,4,0,99,362
0,엔도르94,19,30,엔도르93,15,3,0,99,362

0,엔도르93,14,1,엔도르94,17,27,0,99,362
0,엔도르93,15,1,엔도르94,18,27,0,99,362

0,엔도르97,38,19,엔도르93,3,22,0,99,362
0,엔도르97,38,20,엔도르93,3,23,0,99,362

0,엔도르93,1,22,엔도르97,35,19,0,99,362
0,엔도르93,1,23,엔도르97,35,19,0,99,362

0,엔도르93,37,22,엔도르86,3,6,0,99,362
0,엔도르93,37,23,엔도르86,4,6,0,99,362

0,엔도르86,1,6,엔도르93,35,22,0,99,362
0,엔도르86,1,7,엔도르93,35,23,0,99,362

0,엔도르86,18,30,엔도르85,14,3,0,99,362
0,엔도르86,19,30,엔도르85,15,3,0,99,362

0,엔도르85,14,1,엔도르86,18,27,0,99,362
0,엔도르85,15,1,엔도르86,18,27,0,99,362

0,엔도르85,37,19,엔도르76,4,6,0,99,362
0,엔도르85,37,20,엔도르76,3,6,0,99,362

0,엔도르76,1,6,엔도르85,34,19,0,99,362
0,엔도르76,1,7,엔도르85,34,20,0,99,362

0,엔도르76,18,30,엔도르75,14,3,0,99,362
0,엔도르76,19,30,엔도르75,15,3,0,99,362

0,엔도르75,14,1,엔도르76,18,27,0,99,362
0,엔도르75,15,1,엔도르76,18,27,0,99,362

0,엔도르75,38,19,엔도르65,4,6,0,99,362
0,엔도르75,38,20,엔도르65,4,6,0,99,362

0,엔도르65,1,6,엔도르75,36,19,0,99,362
0,엔도르65,1,7,엔도르75,36,20,0,99,362

0,엔도르65,17,29,엔도르64,23,3,0,99,362
0,엔도르65,18,29,엔도르64,23,3,0,99,362

0,엔도르64,22,1,엔도르65,17,26,0,99,362
0,엔도르64,23,1,엔도르65,18,26,0,99,362

0,엔도르64,30,15,엔도르56,3,14,0,99,362
0,엔도르64,30,16,엔도르56,3,15,0,99,362

0,엔도르56,1,14,엔도르64,27,15,0,99,362
0,엔도르56,1,15,엔도르64,27,15,0,99,362

0,엔도르64,15,30,엔도르63,21,3,0,99,362
0,엔도르64,16,30,엔도르63,22,3,0,99,362

0,엔도르63,21,1,엔도르64,15,28,0,99,362
0,엔도르63,22,1,엔도르64,16,28,0,99,362

0,엔도르64,1,14,엔도르74,27,8,0,99,362
0,엔도르64,1,15,엔도르74,28,9,0,99,362

0,엔도르74,30,8,엔도르64,3,14,0,99,362
0,엔도르74,30,9,엔도르64,3,15,0,99,362

0,엔도르74,17,29,엔도르73,23,3,0,99,362
0,엔도르74,18,29,엔도르73,23,4,0,99,362

0,엔도르73,22,1,엔도르74,17,27,0,99,362
0,엔도르73,23,1,엔도르74,18,27,0,99,362

0,엔도르73,1,22,엔도르83,27,8,0,99,362
0,엔도르73,1,23,엔도르83,27,8,0,99,362

0,엔도르83,30,8,엔도르73,3,22,0,99,362
0,엔도르83,30,9,엔도르73,3,23,0,99,362
/*
//84맵 없음 지금
0,엔도르83,14,1,
0,엔도르83,15,1,

엔도르83,14,3,0,99,362
엔도르83,15,3,0,99,362
*/
0,엔도르83,14,29,엔도르82,23,3,0,99,362
0,엔도르83,15,29,엔도르82,23,3,0,99,362

0,엔도르82,22,1,엔도르83,14,27,0,99,362
0,엔도르82,23,1,엔도르83,15,27,0,99,362

0,엔도르82,30,15,엔도르72,3,14,0,99,362
0,엔도르82,30,16,엔도르72,3,15,0,99,362

0,엔도르72,1,14,엔도르82,28,15,0,99,362
0,엔도르72,1,15,엔도르82,28,15,0,99,362

0,엔도르139,1,22,엔도르147,37,17,0,99,362
0,엔도르139,1,23,엔도르147,37,18,0,99,362

0,엔도르147,38,17,엔도르139,2,22,0,99,362
0,엔도르147,38,18,엔도르139,2,23,0,99,362

0,엔도르146,1,14,엔도르149,29,7,0,99,362
0,엔도르146,1,15,엔도르149,29,8,0,99,362

0,엔도르149,30,7,엔도르146,2,14,0,99,362
0,엔도르149,30,8,엔도르146,2,15,0,99,362

0,엔도르149,14,30,엔도르148,21,2,0,99,362
0,엔도르149,15,30,엔도르148,22,2,0,99,362

0,엔도르148,21,1,엔도르149,14,29,0,99,362
0,엔도르148,22,1,엔도르149,15,29,0,99,362

0,엔도르149,14,1,엔도르150,17,29,0,99,362
0,엔도르149,15,1,엔도르150,18,29,0,99,362

0,엔도르150,17,30,엔도르149,14,2,0,99,362
0,엔도르150,18,30,엔도르149,15,2,0,99,362

0,엔도르134,1,22,엔도르143,37,19,0,99,362
0,엔도르134,1,23,엔도르143,37,20,0,99,362

0,엔도르143,38,19,엔도르134,2,22,0,99,362
0,엔도르143,38,20,엔도르134,2,23,0,99,362

0,엔도르143,14,1,엔도르144,17,29,0,99,362
0,엔도르143,15,1,엔도르144,18,29,0,99,362

0,엔도르144,17,30,엔도르143,14,2,0,99,362
0,엔도르144,18,30,엔도르143,15,2,0,99,362

0,엔도르걸쳐진방,22,1,엔도르71,17,29,0,99,362
0,엔도르걸쳐진방,23,1,엔도르71,18,29,0,99,362

0,엔도르71,17,30,엔도르걸쳐진방,22,2,0,99,362
0,엔도르71,18,30,엔도르걸쳐진방,23,2,0,99,362

0,엔도르71,30,8,엔도르61,2,22,0,99,362
0,엔도르71,30,9,엔도르61,2,23,0,99,362

0,엔도르61,1,22,엔도르71,29,8,0,99,362
0,엔도르61,1,23,엔도르71,29,9,0,99,362

0,엔도르61,37,22,엔도르55,2,22,0,99,362
0,엔도르61,37,23,엔도르55,2,23,0,99,362

0,엔도르61,14,1,엔도르62,17,29,0,99,362
0,엔도르61,15,1,엔도르62,18,29,0,99,362

0,엔도르62,17,30,엔도르61,14,2,0,99,362
0,엔도르62,18,30,엔도르61,15,2,0,99,362

0,엔도르55,1,22,엔도르61,36,22,0,99,362
0,엔도르55,1,23,엔도르61,36,23,0,99,362

0,엔도르55,30,15,엔도르52,2,6,0,99,362
0,엔도르55,30,16,엔도르52,2,7,0,99,362

0,엔도르52,1,6,엔도르55,29,15,0,99,362
0,엔도르52,1,7,엔도르55,29,16,0,99,362

0,엔도르52,18,30,엔도르51,14,2,0,99,362
0,엔도르52,19,30,엔도르51,15,2,0,99,362

0,엔도르51,14,1,엔도르52,18,29,0,99,362
0,엔도르51,15,1,엔도르52,19,29,0,99,362

0,엔도르51,38,19,엔도르47,2,22,0,99,362
0,엔도르51,38,20,엔도르47,2,23,0,99,362

0,엔도르47,1,22,엔도르51,37,19,0,99,362
0,엔도르47,1,23,엔도르51,37,20,0,99,362

0,엔도르47,29,14,엔도르40,2,22,0,99,362
0,엔도르47,29,15,엔도르40,2,23,0,99,362

0,엔도르40,1,22,엔도르47,28,14,0,99,362
0,엔도르40,1,23,엔도르47,28,15,0,99,362

0,엔도르40,15,30,엔도르39,22,2,0,99,362
0,엔도르40,16,30,엔도르39,23,2,0,99,362

0,엔도르39,22,1,엔도르40,15,29,0,99,362
0,엔도르39,23,1,엔도르40,16,29,0,99,362

0,엔도르39,1,22,엔도르46,29,8,0,99,362
0,엔도르39,1,23,엔도르46,29,9,0,99,362

0,엔도르46,30,8,엔도르39,2,22,0,99,362
0,엔도르46,30,9,엔도르39,2,23,0,99,362

0,엔도르46,17,30,엔도르45,14,2,0,99,362
0,엔도르46,18,30,엔도르45,15,2,0,99,362

0,엔도르45,14,1,엔도르46,17,29,0,99,362
0,엔도르45,15,1,엔도르46,18,29,0,99,362

0,엔도르45,14,30,엔도르44,21,2,0,99,362
0,엔도르45,15,30,엔도르44,22,2,0,99,362

0,엔도르44,21,1,엔도르45,14,29,0,99,362
0,엔도르44,22,1,엔도르45,15,29,0,99,362

0,엔도르45,29,7,엔도르38,2,6,0,99,362
0,엔도르45,29,8,엔도르38,2,7,0,99,362

0,엔도르38,1,6,엔도르45,28,7,0,99,362
0,엔도르38,1,7,엔도르45,28,8,0,99,362

0,엔도르38,18,30,엔도르37,22,2,0,99,362
0,엔도르38,19,30,엔도르37,23,2,0,99,362

0,엔도르37,22,1,엔도르38,18,29,0,99,362
0,엔도르37,23,1,엔도르38,19,29,0,99,362

0,엔도르37,16,29,엔도르36,14,2,0,99,362
0,엔도르37,17,29,엔도르36,15,2,0,99,362

0,엔도르36,14,1,엔도르38,16,28,0,99,362
0,엔도르36,15,1,엔도르38,17,28,0,99,362

0,엔도르36,37,19,엔도르33,2,22,0,99,362
0,엔도르36,37,20,엔도르33,2,23,0,99,362

0,엔도르33,1,22,엔도르36,36,19,0,99,362
0,엔도르33,1,23,엔도르36,36,20,0,99,362

0,엔도르33,14,1,엔도르34,17,29,0,99,362
0,엔도르33,15,1,엔도르34,18,29,0,99,362

0,엔도르34,17,30,엔도르33,14,2,0,99,362
0,엔도르34,18,30,엔도르33,15,2,0,99,362

0,엔도르33,38,22,엔도르30,2,22,0,99,362
0,엔도르33,38,23,엔도르30,2,23,0,99,362

0,엔도르30,1,22,엔도르33,37,22,0,99,362
0,엔도르30,1,23,엔도르33,37,23,0,99,362

0,엔도르30,29,14,엔도르25,2,14,0,99,362
0,엔도르30,29,15,엔도르25,2,15,0,99,362

0,엔도르25,1,14,엔도르30,28,14,0,99,362
0,엔도르25,1,15,엔도르30,28,15,0,99,362

0,엔도르25,30,10,엔도르18,2,14,0,99,362
0,엔도르25,30,11,엔도르18,2,15,0,99,362

0,엔도르25,18,30,엔도르24,14,2,0,99,362
0,엔도르25,19,30,엔도르24,15,2,0,99,362

0,엔도르24,14,1,엔도르25,18,29,0,99,362
0,엔도르24,15,1,엔도르25,19,29,0,99,362

0,엔도르24,37,19,엔도르17,2,6,0,99,362
0,엔도르24,37,20,엔도르17,2,7,0,99,362

0,엔도르17,1,6,엔도르24,36,19,0,99,362
0,엔도르17,1,7,엔도르24,36,20,0,99,362

0,엔도르17,17,29,엔도르16,14,2,0,99,362
0,엔도르17,18,29,엔도르16,15,2,0,99,362

0,엔도르16,14,1,엔도르17,17,28,0,99,362
0,엔도르16,15,1,엔도르17,18,28,0,99,362

0,엔도르16,14,29,엔도르15,14,2,0,99,362
0,엔도르16,15,29,엔도르15,15,2,0,99,362

0,엔도르15,14,1,엔도르16,14,28,0,99,362
0,엔도르15,15,1,엔도르16,15,28,0,99,362

0,엔도르2,1,6,엔도르5,37,19,0,99,362
0,엔도르2,1,7,엔도르5,37,20,0,99,362

0,엔도르5,38,19,엔도르2,2,6,0,99,362
0,엔도르5,38,20,엔도르2,2,7,0,99,362

0,엔도르5,14,1,엔도르6,14,28,0,99,362
0,엔도르5,15,1,엔도르6,15,28,0,99,362

0,엔도르6,14,29,엔도르5,14,2,0,99,362
0,엔도르6,15,29,엔도르5,15,2,0,99,362

0,엔도르6,30,7,엔도르3,2,14,0,99,362
0,엔도르6,30,8,엔도르3,2,15,0,99,362

0,엔도르3,1,14,엔도르6,29,7,0,99,362
0,엔도르3,1,15,엔도르6,29,8,0,99,362

0,엔도르6,14,1,엔도르7,16,28,0,99,362
0,엔도르6,15,1,엔도르7,17,28,0,99,362

0,엔도르7,16,29,엔도르6,14,2,0,99,362
0,엔도르7,17,29,엔도르6,15,2,0,99,362

0,엔도르7,21,1,엔도르8,17,28,0,99,362
0,엔도르7,22,1,엔도르8,18,28,0,99,362

0,엔도르8,17,29,엔도르7,21,2,0,99,362
0,엔도르8,18,29,엔도르7,22,2,0,99,362

0,엔도르8,1,6,엔도르15,29,7,0,99,362
0,엔도르8,1,7,엔도르15,29,8,0,99,362

0,엔도르15,30,7,엔도르8,2,6,0,99,362
0,엔도르15,30,8,엔도르8,2,7,0,99,362

0,엔도르15,14,30,엔도르14,21,2,0,99,362
0,엔도르15,15,30,엔도르14,22,2,0,99,362

0,엔도르14,21,1,엔도르15,14,29,0,99,362
0,엔도르14,22,1,엔도르15,15,29,0,99,362

0,엔도르-여왕에게가는길,4,2,엔도르-여왕의거처,12,22,99,99,0
0,엔도르-여왕에게가는길,5,2,엔도르-여왕의거처,13,23,99,99,0
0,엔도르-여왕에게가는길,6,2,엔도르-여왕의거처,14,22,99,99,0