0,타바리길목,19,79,아만동굴,11,2,99,99,362
0,타바리길목,20,79,아만동굴,12,2,99,99,362
0,타바리길목,21,79,아만동굴,13,2,99,99,362
0,타바리길목,22,79,아만동굴,14,2,99,99,362
0,타바리길목,23,79,아만동굴,15,2,99,99,362
0,타바리길목,24,79,아만동굴,16,2,99,99,362
0,타바리길목,25,79,아만동굴,17,2,99,99,362
0,타바리길목,26,79,아만동굴,18,2,99,99,362
0,타바리길목,27,79,아만동굴,19,2,99,99,362
0,타바리길목,28,79,아만동굴,20,2,99,99,362
3,아만동굴,11,0,카타콤R,19,77,99,99,362
3,아만동굴,12,0,카타콤R,20,77,99,99,362
3,아만동굴,13,0,카타콤R,21,77,99,99,362
3,아만동굴,14,0,카타콤R,22,77,99,99,362
3,아만동굴,15,0,카타콤R,23,77,99,99,362
3,아만동굴,16,0,카타콤R,24,77,99,99,362
3,아만동굴,17,0,카타콤R,25,77,99,99,362
3,아만동굴,18,0,카타콤R,26,77,99,99,362
3,아만동굴,19,0,카타콤R,27,77,99,99,362
3,아만동굴,20,0,카타콤R,28,77,99,99,362
0,타바리길목,16,0,타바리마을,72,97,99,99,362
0,타바리길목,17,0,타바리마을,73,97,99,99,362
0,타바리길목,18,0,타바리마을,74,97,99,99,362
0,타바리길목,19,0,타바리마을,75,97,99,99,362
0,타바리길목,20,0,타바리마을,76,97,99,99,362
0,타바리길목,21,0,타바리마을,77,97,99,99,362
0,타바리길목,22,0,타바리마을,78,97,99,99,362
0,타바리길목,23,0,타바리마을,79,97,99,99,362
0,타바리길목,24,0,타바리마을,80,97,99,99,362
0,타바리길목,25,0,타바리마을,81,97,99,99,362
0,타바리길목,26,0,타바리마을,82,97,99,99,362
0,타바리마을,72,99,타바리길목,16,2,99,99,362
0,타바리마을,73,99,타바리길목,17,2,99,99,362
0,타바리마을,74,99,타바리길목,18,2,99,99,362
0,타바리마을,75,99,타바리길목,19,2,99,99,362
0,타바리마을,76,99,타바리길목,20,2,99,99,362
0,타바리마을,77,99,타바리길목,21,2,99,99,362
0,타바리마을,78,99,타바리길목,22,2,99,99,362
0,타바리마을,79,99,타바리길목,23,2,99,99,362
0,타바리마을,80,99,타바리길목,24,2,99,99,362
0,타바리마을,81,99,타바리길목,25,2,99,99,362
0,타바리마을,82,99,타바리길목,26,2,99,99,362
0,타바리마을,56,85,타바리보석상점,13,6,99,99,362
0,타바리마을,56,86,타바리보석상점,13,7,99,99,362
0,타바리마을,56,87,타바리보석상점,13,8,99,99,362
0,타바리보석상점,14,6,타바리마을,58,85,99,99,362
0,타바리보석상점,14,7,타바리마을,58,86,99,99,362
0,타바리보석상점,14,8,타바리마을,58,87,99,99,362
0,타바리마을,83,77,타바리민가A,8,13,99,99,362
0,타바리마을,84,77,타바리민가A,9,13,99,99,362
0,타바리마을,85,77,타바리민가A,10,13,99,99,362
0,타바리민가A,8,14,타바리마을,83,79,99,99,362
0,타바리민가A,9,14,타바리마을,84,79,99,99,362
0,타바리민가A,10,14,타바리마을,85,79,99,99,362
0,타바리마을,83,54,타바리민가B,12,6,99,99,362
0,타바리마을,83,55,타바리민가B,12,7,99,99,362
0,타바리마을,83,56,타바리민가B,12,8,99,99,362
0,타바리민가B,14,6,타바리마을,85,54,99,99,362
0,타바리민가B,14,7,타바리마을,85,55,99,99,362
0,타바리민가B,14,8,타바리마을,85,56,99,99,362
0,타바리마을,52,46,타바리신전,7,27,99,99,362
0,타바리마을,53,46,타바리신전,8,27,99,99,362
0,타바리마을,54,46,타바리신전,9,27,99,99,362
0,타바리신전,7,29,타바리마을,52,48,99,99,362
0,타바리신전,8,29,타바리마을,53,48,99,99,362
0,타바리신전,9,29,타바리마을,54,48,99,99,362
0,타바리마을,30,77,타바리무기-잡화상점,12,6,99,99,362
0,타바리마을,30,78,타바리무기-잡화상점,12,7,99,99,362
0,타바리마을,30,79,타바리무기-잡화상점,12,8,99,99,362
0,타바리마을,30,88,타바리무기-잡화상점,12,27,99,99,362
0,타바리마을,30,89,타바리무기-잡화상점,12,28,99,99,362
0,타바리마을,30,90,타바리무기-잡화상점,12,29,99,99,362
0,타바리무기-잡화상점,14,6,타바리마을,32,77,99,99,362
0,타바리무기-잡화상점,14,7,타바리마을,32,78,99,99,362
0,타바리무기-잡화상점,14,8,타바리마을,32,79,99,99,362
0,타바리무기-잡화상점,14,27,타바리마을,32,88,99,99,362
0,타바리무기-잡화상점,14,28,타바리마을,32,89,99,99,362
0,타바리무기-잡화상점,14,29,타바리마을,32,90,99,99,362
0,타바리마을,25,56,타바리여관,17,8,99,99,362
0,타바리마을,25,57,타바리여관,17,9,99,99,362
0,타바리마을,25,58,타바리여관,17,10,99,99,362
0,타바리마을,25,59,타바리여관,17,11,99,99,362
0,타바리마을,25,60,타바리여관,17,12,99,99,362
0,타바리여관,19,8,타바리마을,27,56,99,99,362
0,타바리여관,19,9,타바리마을,27,57,99,99,362
0,타바리여관,19,10,타바리마을,27,58,99,99,362
0,타바리여관,19,11,타바리마을,27,59,99,99,362
0,타바리여관,19,12,타바리마을,27,60,99,99,362
0,타바리마을,15,31,타바리창고,12,7,99,99,362
0,타바리마을,15,32,타바리창고,12,8,99,99,362
0,타바리마을,15,33,타바리창고,12,9,99,99,362
0,타바리창고,14,7,타바리마을,17,31,99,99,362
0,타바리창고,14,8,타바리마을,17,32,99,99,362
0,타바리창고,14,9,타바리마을,17,33,99,99,362
0,타바리마을,24,14,메데니아뱅크(타바리지점)1층,22,11,99,99,362
0,타바리마을,24,15,메데니아뱅크(타바리지점)1층,22,12,99,99,362
0,타바리마을,24,16,메데니아뱅크(타바리지점)1층,22,13,99,99,362
0,메데니아뱅크(타바리지점)1층,14,2,메데니아뱅크(타바리지점)2층,3,2,99,99,362
0,메데니아뱅크(타바리지점)1층,14,3,메데니아뱅크(타바리지점)2층,3,3,99,99,362
0,메데니아뱅크(타바리지점)1층,14,4,메데니아뱅크(타바리지점)2층,3,4,99,99,362
0,메데니아뱅크(타바리지점)2층,5,2,메데니아뱅크(타바리지점)1층,16,2,99,99,362
0,메데니아뱅크(타바리지점)2층,5,3,메데니아뱅크(타바리지점)1층,16,3,99,99,362
0,메데니아뱅크(타바리지점)2층,5,4,메데니아뱅크(타바리지점)1층,16,4,99,99,362
0,메데니아뱅크(타바리지점)1층,24,11,타바리마을,26,14,99,99,362
0,메데니아뱅크(타바리지점)1층,24,12,타바리마을,26,15,99,99,362
0,메데니아뱅크(타바리지점)1층,24,13,타바리마을,26,16,99,99,362
0,타바리마을,85,18,카타콤지하1,12,23,99,99,362
0,타바리마을,86,18,카타콤지하1,12,23,99,99,362
0,타바리마을,87,18,카타콤지하1,12,23,99,99,362
0,타바리마을,88,18,카타콤지하1,12,23,99,99,362
0,카타콤지하1,12,26,타바리마을,85,20,99,99,362
0,카타콤지하1,13,26,타바리마을,86,20,99,99,362
0,카타콤지하1,14,26,타바리마을,87,20,99,99,362
0,카타콤지하1,15,26,타바리마을,88,20,99,99,362
0,카타콤지하1,1,12,카타콤지하2,24,13,99,99,362
0,카타콤지하1,1,13,카타콤지하2,24,14,99,99,362
0,카타콤지하1,1,14,카타콤지하2,24,15,99,99,362
0,카타콤지하1,1,15,카타콤지하2,24,16,99,99,362
0,카타콤지하2,26,13,카타콤지하1,3,12,99,99,362
0,카타콤지하2,26,14,카타콤지하1,3,13,99,99,362
0,카타콤지하2,26,15,카타콤지하1,3,14,99,99,362
0,카타콤지하2,26,16,카타콤지하1,3,15,99,99,362
0,카타콤지하2,1,12,카타콤지하3,24,13,99,99,362
0,카타콤지하2,1,13,카타콤지하3,24,14,99,99,362
0,카타콤지하2,1,14,카타콤지하3,24,15,99,99,362
0,카타콤지하2,1,15,카타콤지하3,24,16,99,99,362
0,카타콤지하3,26,13,카타콤지하2,3,12,99,99,362
0,카타콤지하3,26,14,카타콤지하2,3,13,99,99,362
0,카타콤지하3,26,15,카타콤지하2,3,14,99,99,362
0,카타콤지하3,26,16,카타콤지하2,3,15,99,99,362
0,카타콤지하3,10,1,카타콤지하4,13,23,99,99,362
0,카타콤지하3,11,1,카타콤지하4,14,23,99,99,362
0,카타콤지하3,12,1,카타콤지하4,15,23,99,99,362
0,카타콤지하3,13,1,카타콤지하4,16,23,99,99,362
0,카타콤지하4,13,26,카타콤지하3,10,2,99,99,362
0,카타콤지하4,14,26,카타콤지하3,11,2,99,99,362
0,카타콤지하4,15,26,카타콤지하3,12,2,99,99,362
0,카타콤지하4,16,26,카타콤지하3,13,2,99,99,362
0,카타콤지하4,1,12,카타콤지하5,24,13,99,99,362
0,카타콤지하4,1,13,카타콤지하5,24,14,99,99,362
0,카타콤지하4,1,14,카타콤지하5,24,15,99,99,362
0,카타콤지하4,1,15,카타콤지하5,24,16,99,99,362
0,카타콤지하5,26,13,카타콤지하4,3,12,99,99,362
0,카타콤지하5,26,14,카타콤지하4,3,13,99,99,362
0,카타콤지하5,26,15,카타콤지하4,3,14,99,99,362
0,카타콤지하5,26,16,카타콤지하4,3,15,99,99,362
0,카타콤지하5,1,12,카타콤지하6,24,13,99,99,362
0,카타콤지하5,1,13,카타콤지하6,24,14,99,99,362
0,카타콤지하5,1,14,카타콤지하6,24,15,99,99,362
0,카타콤지하5,1,15,카타콤지하6,24,16,99,99,362
0,카타콤지하6,26,13,카타콤지하4,3,12,99,99,362
0,카타콤지하6,26,14,카타콤지하4,3,13,99,99,362
0,카타콤지하6,26,15,카타콤지하4,3,14,99,99,362
0,카타콤지하6,26,16,카타콤지하4,3,15,99,99,362
0,카타콤지하6,10,1,카타콤지하7,12,23,99,99,362
0,카타콤지하6,11,1,카타콤지하7,13,23,99,99,362
0,카타콤지하6,12,1,카타콤지하7,14,23,99,99,362
0,카타콤지하6,13,1,카타콤지하7,15,23,99,99,362
0,카타콤지하7,12,26,카타콤지하6,10,2,99,99,362
0,카타콤지하7,13,26,카타콤지하6,11,2,99,99,362
0,카타콤지하7,14,26,카타콤지하6,12,2,99,99,362
0,카타콤지하7,15,26,카타콤지하6,13,2,99,99,362
0,카타콤지하7,10,1,카타콤지하8,12,23,99,99,362
0,카타콤지하7,11,1,카타콤지하8,13,23,99,99,362
0,카타콤지하7,12,1,카타콤지하8,14,23,99,99,362
0,카타콤지하7,13,1,카타콤지하8,15,23,99,99,362
0,카타콤지하8,12,26,카타콤지하7,10,2,99,99,362
0,카타콤지하8,13,26,카타콤지하7,11,2,99,99,362
0,카타콤지하8,14,26,카타콤지하7,12,2,99,99,362
0,카타콤지하8,15,26,카타콤지하7,13,2,99,99,362
0,카타콤지하8,26,13,카타콤지하9,3,12,99,99,362
0,카타콤지하8,26,14,카타콤지하9,3,13,99,99,362
0,카타콤지하8,26,15,카타콤지하9,3,14,99,99,362
0,카타콤지하8,26,16,카타콤지하9,3,15,99,99,362
0,카타콤지하9,1,12,카타콤지하8,24,13,99,99,362
0,카타콤지하9,1,13,카타콤지하8,24,14,99,99,362
0,카타콤지하9,1,14,카타콤지하8,24,15,99,99,362
0,카타콤지하9,1,15,카타콤지하8,24,16,99,99,362
3,카타콤지하9,26,13,카타콤R,0,0,99,99,362
3,카타콤지하9,26,14,카타콤R,0,0,99,99,362
3,카타콤지하9,26,15,카타콤R,0,0,99,99,362
3,카타콤지하9,26,16,카타콤R,0,0,99,99,362
0,카타콤지하10,1,12,카타콤지하9,24,13,99,99,362
0,카타콤지하10,1,13,카타콤지하9,24,14,99,99,362
0,카타콤지하10,1,14,카타콤지하9,24,15,99,99,362
0,카타콤지하10,1,15,카타콤지하9,24,16,99,99,362
0,카타콤지하10,26,13,카타콤지하11,3,12,99,99,362
0,카타콤지하10,26,14,카타콤지하11,3,13,99,99,362
0,카타콤지하10,26,15,카타콤지하11,3,14,99,99,362
0,카타콤지하10,26,16,카타콤지하11,3,15,99,99,362
0,카타콤지하11,1,12,카타콤지하10,24,13,99,99,362
0,카타콤지하11,1,13,카타콤지하10,24,14,99,99,362
0,카타콤지하11,1,14,카타콤지하10,24,15,99,99,362
0,카타콤지하11,1,15,카타콤지하10,24,16,99,99,362
0,카타콤지하11,10,1,카타콤지하12,12,23,99,99,362
0,카타콤지하11,11,1,카타콤지하12,13,23,99,99,362
0,카타콤지하11,12,1,카타콤지하12,14,23,99,99,362
0,카타콤지하11,13,1,카타콤지하12,15,23,99,99,362
0,카타콤지하12,12,26,카타콤지하11,10,2,99,99,362
0,카타콤지하12,13,26,카타콤지하11,11,2,99,99,362
0,카타콤지하12,14,26,카타콤지하11,12,2,99,99,362
0,카타콤지하12,15,26,카타콤지하11,13,2,99,99,362
0,카타콤지하12,1,12,카타콤지하13,24,13,99,99,362
0,카타콤지하12,1,13,카타콤지하13,24,14,99,99,362
0,카타콤지하12,1,14,카타콤지하13,24,15,99,99,362
0,카타콤지하12,1,15,카타콤지하13,24,16,99,99,362
0,카타콤지하13,26,13,카타콤지하12,3,12,99,99,362
0,카타콤지하13,26,14,카타콤지하12,3,13,99,99,362
0,카타콤지하13,26,15,카타콤지하12,3,14,99,99,362
0,카타콤지하13,26,16,카타콤지하12,3,15,99,99,362
0,카타콤지하13,1,12,카타콤지하14,24,13,99,99,362
0,카타콤지하13,1,13,카타콤지하14,24,14,99,99,362
0,카타콤지하13,1,14,카타콤지하14,24,15,99,99,362
0,카타콤지하13,1,15,카타콤지하14,24,16,99,99,362
0,카타콤지하14,26,13,카타콤지하13,3,12,99,99,362
0,카타콤지하14,26,14,카타콤지하13,3,13,99,99,362
0,카타콤지하14,26,15,카타콤지하13,3,14,99,99,362
0,카타콤지하14,26,16,카타콤지하13,3,15,99,99,362
0,카타콤지하14,1,12,카타콤지하15,24,13,99,99,362
0,카타콤지하14,1,13,카타콤지하15,24,14,99,99,362
0,카타콤지하14,1,14,카타콤지하15,24,15,99,99,362
0,카타콤지하14,1,15,카타콤지하15,24,16,99,99,362
0,카타콤지하15,26,13,카타콤지하14,3,12,99,99,362
0,카타콤지하15,26,14,카타콤지하14,3,13,99,99,362
0,카타콤지하15,26,15,카타콤지하14,3,14,99,99,362
0,카타콤지하15,26,16,카타콤지하14,3,15,99,99,362
3,카타콤지하15,12,13,카타콤R,0,22,99,99,0
3,카타콤지하15,13,13,카타콤R,0,22,99,99,0
3,카타콤지하15,12,14,카타콤R,0,22,99,99,0
3,카타콤지하15,13,14,카타콤R,0,22,99,99,0