3,히야트던전F-1,0,2,서쪽대륙워프일,58,46,99,99,362
3,히야트던전F-1,0,3,서쪽대륙워프일,58,47,99,99,362
3,히야트던전F-1,0,4,서쪽대륙워프일,58,48,99,99,362
3,히야트던전F-1,0,5,서쪽대륙워프일,58,49,99,99,362

0,히야트던전F-2,59,46,히야트던전F-1,1,2,99,99,362
0,히야트던전F-2,59,47,히야트던전F-1,1,3,99,99,362
0,히야트던전F-2,59,48,히야트던전F-1,1,4,99,99,362
0,히야트던전F-2,59,49,히야트던전F-1,1,5,99,99,362

3,히야트던전F-2,0,44,서쪽대륙워프일,58,5,99,99,362
3,히야트던전F-2,0,45,서쪽대륙워프일,58,6,99,99,362
3,히야트던전F-2,0,46,서쪽대륙워프일,58,7,99,99,362
3,히야트던전F-2,0,47,서쪽대륙워프일,58,8,99,99,362

0,히야트던전F-3,59,5,히야트던전F-2,1,44,99,99,362
0,히야트던전F-3,59,6,히야트던전F-2,1,45,99,99,362
0,히야트던전F-3,59,7,히야트던전F-2,1,46,99,99,362
0,히야트던전F-3,59,8,히야트던전F-2,1,47,99,99,362

3,히야트던전F-3,0,55,서쪽대륙워프일,58,1,99,99,362
3,히야트던전F-3,0,56,서쪽대륙워프일,58,2,99,99,362
3,히야트던전F-3,0,57,서쪽대륙워프일,58,3,99,99,362
3,히야트던전F-3,0,58,서쪽대륙워프일,58,4,99,99,362

0,히야트던전F-4,59,1,히야트던전F-3,1,55,99,99,362
0,히야트던전F-4,59,2,히야트던전F-3,1,56,99,99,362
0,히야트던전F-4,59,3,히야트던전F-3,1,57,99,99,362
0,히야트던전F-4,59,4,히야트던전F-3,1,58,99,99,362

3,히야트던전F-4,0,53,서쪽대륙워프일,58,53,99,99,362
3,히야트던전F-4,0,54,서쪽대륙워프일,58,54,99,99,362
3,히야트던전F-4,0,55,서쪽대륙워프일,58,55,99,99,362
3,히야트던전F-4,0,56,서쪽대륙워프일,58,56,99,99,362

0,히야트던전F-5,59,53,히야트던전F-4,1,53,99,99,362
0,히야트던전F-5,59,54,히야트던전F-4,1,54,99,99,362
0,히야트던전F-5,59,55,히야트던전F-4,1,55,99,99,362
0,히야트던전F-5,59,56,히야트던전F-4,1,56,99,99,362

3,히야트던전F-5,25,0,서쪽대륙워프일,27,58,99,99,362
3,히야트던전F-5,26,0,서쪽대륙워프일,28,58,99,99,362
3,히야트던전F-5,27,0,서쪽대륙워프일,29,58,99,99,362
3,히야트던전F-5,28,0,서쪽대륙워프일,30,58,99,99,362

0,히야트던전F-6,27,59,히야트던전F-5,25,1,99,99,362
0,히야트던전F-6,28,59,히야트던전F-5,26,1,99,99,362
0,히야트던전F-6,29,59,히야트던전F-5,27,1,99,99,362
0,히야트던전F-6,30,59,히야트던전F-5,28,1,99,99,362

3,히야트던전F-6,14,0,서쪽대륙워프일,55,58,99,99,362
3,히야트던전F-6,15,0,서쪽대륙워프일,56,58,99,99,362
3,히야트던전F-6,16,0,서쪽대륙워프일,57,58,99,99,362
3,히야트던전F-6,17,0,서쪽대륙워프일,58,58,99,99,362

0,히야트던전F-7,55,59,히야트던전F-6,14,1,99,99,362
0,히야트던전F-7,56,59,히야트던전F-6,15,1,99,99,362
0,히야트던전F-7,57,59,히야트던전F-6,16,1,99,99,362
0,히야트던전F-7,58,59,히야트던전F-6,17,1,99,99,362

3,히야트던전F-5,0,53,서쪽대륙워프일,58,10,99,99,362
3,히야트던전F-5,0,54,서쪽대륙워프일,58,11,99,99,362
3,히야트던전F-5,0,55,서쪽대륙워프일,58,12,99,99,362
3,히야트던전F-5,0,56,서쪽대륙워프일,58,13,99,99,362

0,히야트던전F-8,59,10,히야트던전F-5,1,53,99,99,362
0,히야트던전F-8,59,11,히야트던전F-5,1,54,99,99,362
0,히야트던전F-8,59,12,히야트던전F-5,1,55,99,99,362
0,히야트던전F-8,59,13,히야트던전F-5,1,56,99,99,362

3,히야트던전F-8,0,9,서쪽대륙워프일,58,39,99,99,362
3,히야트던전F-8,0,10,서쪽대륙워프일,58,40,99,99,362
3,히야트던전F-8,0,11,서쪽대륙워프일,58,41,99,99,362
3,히야트던전F-8,0,12,서쪽대륙워프일,58,42,99,99,362

0,히야트던전F-9,59,39,히야트던전F-8,1,9,99,99,362
0,히야트던전F-9,59,40,히야트던전F-8,1,10,99,99,362
0,히야트던전F-9,59,41,히야트던전F-8,1,11,99,99,362
0,히야트던전F-9,59,42,히야트던전F-8,1,12,99,99,362

3,히야트던전F-9,15,59,서쪽대륙워프일,11,1,99,99,362
3,히야트던전F-9,16,59,서쪽대륙워프일,12,1,99,99,362
3,히야트던전F-9,17,59,서쪽대륙워프일,13,1,99,99,362
3,히야트던전F-9,18,59,서쪽대륙워프일,14,1,99,99,362

0,히야트던전F-10,11,0,히야트던전F-9,15,58,99,99,362
0,히야트던전F-10,12,0,히야트던전F-9,16,58,99,99,362
0,히야트던전F-10,13,0,히야트던전F-9,17,58,99,99,362
0,히야트던전F-10,14,0,히야트던전F-9,18,58,99,99,362

3,히야트던전F-10,30,59,서쪽대륙워프일,23,1,99,99,362
3,히야트던전F-10,31,59,서쪽대륙워프일,24,1,99,99,362
3,히야트던전F-10,32,59,서쪽대륙워프일,25,1,99,99,362
3,히야트던전F-10,33,59,서쪽대륙워프일,26,1,99,99,362

0,히야트던전F-11,23,0,히야트던전F-10,30,58,99,99,362
0,히야트던전F-11,24,0,히야트던전F-10,31,58,99,99,362
0,히야트던전F-11,25,0,히야트던전F-10,32,58,99,99,362
0,히야트던전F-11,26,0,히야트던전F-10,33,58,99,99,362