0	텔리포트의깃털	0	1	0	0	1	0
1	세오의깃털	0	1	0	0	1	0
2	만남의광장리콜	0	33	0	0	1	0
3	코마디움	0	24	0	0	1	0
4	달의정기(도적)	0	1	0	0	1	0
5	초보자브로치	1500	1	1550653710	0	0	0
6	제조책	0	1	0	0	1	0
7	이아의영혼	0	2	0	0	1	0
8	마법의리콜	0	1	1558688910	0	1	0
9	[10일]루딘블레이드	996235	1	1550912913	0	1	0
10	[주문서]파괴보호+100%	0	2	0	0	1	0
11	차원의핵파편	0	8	0	0	1	0
12	순수의증표(전사)	0	1	0	0	1	0
13	달의정기(전사)	0	1	0	0	1	0
15	고대신전열쇠	0	1	0	0	1	0
16	[10일]암흑의목걸이	299535	1	1550912913	0	1	0
17	헬름2	999906	1	0	0	1	0
18	대왕관	500000	1	0	0	1	0
19	별의눈물	0	1	0	0	1	0
20	서펜트바룬스의머리	0	1	0	0	1	0
21	리턴스피릿	0	77	0	0	0	0
22	크리스마스가호(Lev1)	0	12	0	0	1	0
23	세오의가호(SLev1)	0	9	0	0	1	0
24	브론즈오피온의비늘	0	13	0	0	1	0
25	자이언트맨티스의앞다리	0	2	0	0	1	0
26	세토아의가호(Lev2)	0	1	0	0	1	0
27	세오의가호(Lev2)	0	1	0	0	1	0
29	레오파드2	999906	1	0	0	1	0
30	위풍당당갑주	2998756	1	0	0	1	0
31	할로윈고깔모자FX	28797	1	0	0	1	0
50	아스카론	1300000	1	0	0	1	0
55	바스타드블레이드	799984	1	0	0	1	0
56	바이런의반지	5000	1	0	0	1	0
57	퀸셰어의귀걸이	34841	1	0	0	1	0
58	루딘의귀걸이	7771	1	0	0	1	0
