
// 예시
//{
//ID	1 <<스크립트호출시 호출번호
//TYPE	0 <<스킬 = 0 스펠 = 1
//ADD	스킬번호,레벨제한,승급제한,어빌제한,힘제한,인트제한,위즈제한,콘제한,덱스제한,필요골드,배워지는스킬창,순수확인,필요스킬갯수,필요스킬ID1~~,제한스킬갯수,제한스킬ID1~~,재료갯수,재료1아이템번호,재료1필요갯수,재료2아이템번호,재료2필요갯수 ~~
//}
//배워지는스킬창은 0 = 비승급&1차승급 스킬창, 1 = 2차승급 스킬창s
//필요스킬은 해당스킬 배울때 먼저 배워져있어야 하는스킬 (해당스킬 배울시 필요스킬은 삭제됨)
//제한스킬은 해당스킬 배울때 제한스킬이 배워져있으면 배울 수 없음

//ex ADD	1,99,0,0,0,0,0,0,0,0,0,2,51,314,2,315,316,2,101,3,102,5
//1번스킬을 배울려면 레벨이 99이상이며 51,314번의 스킬을 보유중이여야하며 315,316번의 스킬은 보유중이지 아니하여야하며 재료로 101번의아이템 3개 102번의 아이템 5개가 필요하다.

//전사2~3서클전투기술배우기
{
ID	1
TYPE	0
ADD	2,11,0,0,0,0,0,0,0,5000,0,0,0,0,0
ADD	3,41,0,0,0,0,0,0,0,5000,0,0,0,0,0
ADD	20,41,0,0,0,0,0,0,0,5000,0,0,0,0,0
}
//전사2~3서클특수기술배우기
{
ID	2
TYPE	0
ADD	15,11,0,0,0,0,0,0,0,5000,0,0,0,0,0
ADD	17,11,0,0,0,0,0,0,0,5000,0,0,0,0,0
ADD	16,41,0,0,0,0,0,0,0,5000,0,0,0,0,0
}
//도적2~3서클전투기술배우기
{
ID	3
TYPE	0
ADD	41,11,0,0,0,0,0,0,0,5000,0,0,0,0,0
ADD	2,41,0,0,0,0,0,0,0,5000,0,0,0,0,0
}
//도적2~3서클특수기술배우기
{
ID	4
TYPE	0
ADD	38,11,0,0,0,0,0,0,0,5000,0,0,0,0,0
ADD	36,11,0,0,0,0,0,0,0,5000,0,0,0,0,0
ADD	40,11,0,0,0,0,0,0,0,5000,0,0,0,0,0
ADD	37,11,0,0,0,0,0,0,0,5000,0,0,0,0,0
ADD	39,41,0,0,0,0,0,0,0,5000,0,0,0,0,0
ADD	35,41,0,0,0,0,0,0,0,5000,0,0,0,0,0
}
//무도가2~3서클전투기술배우기
{
ID	5
TYPE	0
ADD	5,11,0,0,0,0,0,0,0,5000,0,0,0,0,0
ADD	71,11,0,0,0,0,0,0,0,5000,0,0,0,0,0
ADD	59,41,0,0,0,0,0,0,0,5000,0,0,0,0,0
ADD	64,41,0,0,0,0,0,0,0,5000,0,0,0,0,0
}
//무도가2~3서클특수기술배우기
{
ID	6
TYPE	0
ADD	57,11,0,0,0,0,0,0,0,5000,0,0,0,0,0
ADD	63,41,0,0,0,0,0,0,0,5000,0,0,0,0,0
}
//무도가2서클마법배우기
{
ID	7
TYPE	1
ADD	1,11,0,0,0,0,0,0,0,0,0,0,0,0,0
ADD	97,11,0,0,0,0,0,0,0,5000,0,0,0,0,0
ADD	85,11,0,0,0,0,0,0,0,5000,0,0,0,0,0
ADD	64,11,0,0,0,0,0,0,0,5000,0,0,0,0,0
}
//로오스롬(전사,도적)
{
ID	8
TYPE	1
ADD	3,1,0,0,0,0,0,0,0,5000,2,0,0,0,0
ADD	1,11,0,0,0,0,0,0,0,5000,0,0,0,0,0
}
//로오스롬(마법사)
{
ID	9
TYPE	1
ADD	3,1,0,0,0,0,0,0,0,5000,2,0,0,0,0
ADD	1,11,0,0,0,0,0,0,0,5000,0,0,0,0,0
ADD	53,11,0,0,0,0,0,0,0,5000,0,0,0,0,0
}
//로오스롬(성직자)
{
ID	10
TYPE	1
ADD	3,1,0,0,0,0,0,0,0,5000,2,0,0,0,0
ADD	1,11,0,0,0,0,0,0,0,5000,0,0,0,0,0
ADD	53,11,0,0,0,0,0,0,0,5000,0,0,0,0,0
ADD	52,11,0,0,0,0,0,0,0,5000,0,0,0,0,0
ADD	55,11,0,0,0,0,0,0,0,5000,0,0,0,0,0
ADD	54,11,0,0,0,0,0,0,0,5000,0,0,0,0,0
ADD	56,11,0,0,0,0,0,0,0,5000,0,0,0,0,0
ADD	58,11,0,0,0,0,0,0,0,5000,0,0,0,0,0
ADD	65,11,0,0,0,0,0,0,0,5000,0,0,0,0,0
ADD	97,11,0,0,0,0,0,0,0,5000,0,0,0,0,0
}
//시나(도적)
{
ID	11
TYPE	1
ADD	14,41,0,0,0,0,0,0,0,5000,0,0,0,0,0
ADD	15,41,0,0,0,0,0,0,0,5000,0,0,0,0,0
ADD	16,41,0,0,0,0,0,0,0,5000,0,0,0,0,0
}
//시나(성직자)
{
ID	12
TYPE	1
ADD	59,41,0,0,0,0,0,0,0,5000,0,0,0,0,0
ADD	60,41,0,0,0,0,0,0,0,5000,0,0,0,0,0
ADD	61,41,0,0,0,0,0,0,0,5000,0,0,0,0,0
ADD	62,41,0,0,0,0,0,0,0,5000,0,0,0,0,0
ADD	64,41,0,0,0,0,0,0,0,5000,0,0,0,0,0
ADD	105,41,0,0,0,0,0,0,0,5000,0,0,0,0,0
ADD	57,41,0,0,0,0,0,0,0,5000,0,0,0,0,0
ADD	66,41,0,0,0,0,0,0,0,5000,0,0,0,0,0
}
//시나(무도가)
{
ID	13
TYPE	1
ADD	86,41,0,0,0,0,0,0,0,5000,0,0,0,0,0
ADD	87,41,0,0,0,0,0,0,0,5000,0,0,0,0,0
ADD	88,41,0,0,0,0,0,0,0,5000,0,0,0,0,0
}
//메라시아(마법사)
{
ID	14
TYPE	1
ADD	24,11,0,0,0,0,0,0,0,5000,0,0,0,0,0
ADD	28,41,0,0,0,0,0,0,0,5000,0,0,0,0,0
ADD	27,41,0,0,0,0,0,0,0,5000,0,0,0,0,0
ADD	25,41,0,0,0,0,0,0,0,5000,0,0,0,0,0
ADD	98,41,0,0,0,0,0,0,0,5000,0,0,0,0,0
}
//사리(성직자)
{
ID	15
TYPE	1
ADD	67,71,0,0,0,0,0,0,0,5000,0,0,0,0,0
ADD	68,71,0,0,0,0,0,0,0,5000,0,0,0,0,0
ADD	70,71,0,0,0,0,0,0,0,5000,0,0,0,0,0
ADD	71,71,0,0,0,0,0,0,0,5000,0,0,0,0,0
ADD	72,71,0,0,0,0,0,0,0,5000,0,0,0,0,0
ADD	73,71,0,0,0,0,0,0,0,5000,0,0,0,0,0
ADD	74,99,0,0,0,0,0,0,0,5000,0,0,0,0,0
ADD	75,99,0,0,0,0,0,0,0,5000,0,0,0,0,0
ADD	76,99,0,0,0,0,0,0,0,5000,0,0,0,0,0
ADD	77,99,0,0,0,0,0,0,0,5000,0,0,0,0,0
ADD	78,99,0,0,0,0,0,0,0,5000,0,0,0,0,0
}
//사리(무도가)
{
ID	16
TYPE	1
ADD	2,71,0,0,0,0,0,0,0,5000,0,0,0,0,0
ADD	90,71,0,0,0,0,0,0,0,5000,0,0,0,0,0
}
//윈슬렛(마법사)
{
ID	17
TYPE	1
ADD	36,71,0,0,0,0,0,0,0,5000,0,0,0,0,0
ADD	29,71,0,0,0,0,0,0,0,5000,0,0,0,0,0
ADD	31,71,0,0,0,0,0,0,0,5000,0,0,0,0,0
ADD	26,71,0,0,0,0,0,0,0,5000,0,0,0,0,0
ADD	32,71,0,0,0,0,0,0,0,5000,0,0,0,0,0
ADD	33,71,0,0,0,0,0,0,0,5000,0,0,0,0,0
ADD	34,71,0,0,0,0,0,0,0,5000,0,0,0,0,0
ADD	35,71,0,0,0,0,0,0,0,5000,0,0,0,0,0
}
//윈슬렛(성직자)
{
ID	18
TYPE	1
ADD	69,71,0,0,0,0,0,0,0,5000,0,0,0,0,0
}
//윈슬렛(무도가)
{
ID	19
TYPE	1
ADD	91,71,0,0,0,0,0,0,0,5000,0,0,0,0,0
}
//메사라(마법사)
{
ID	20
TYPE	1
ADD	37,99,0,0,0,0,0,0,0,5000,0,0,0,0,0
ADD	38,99,0,0,0,0,0,0,0,5000,0,0,0,0,0
ADD	39,99,0,0,0,0,0,0,0,5000,0,0,0,0,0
ADD	40,99,0,0,0,0,0,0,0,5000,0,0,0,0,0
ADD	41,99,0,0,0,0,0,0,0,5000,0,0,0,0,0
ADD	104,99,0,0,0,0,0,0,0,5000,0,0,0,0,0
}
//사리(도적)
{
ID	21
TYPE	1
ADD	17,71,0,0,0,0,0,0,0,5000,0,0,0,0,0
ADD	18,71,0,0,0,0,0,0,0,5000,0,0,0,0,0
}
//아이작(전사)
{
ID	22
TYPE	0
ADD	21,71,0,0,0,0,0,0,0,5000,0,0,0,0,0
}
//아이작(도적)
{
ID	23
TYPE	0
ADD	44,71,0,0,0,0,0,0,0,5000,0,0,0,0,0
ADD	45,71,0,0,0,0,0,0,0,5000,0,0,0,0,0
}
//아이작(무도가)
{
ID	24
TYPE	0
ADD	60,71,0,0,0,0,0,0,0,5000,0,0,0,0,0
ADD	62,71,0,0,0,0,0,0,0,5000,0,0,0,0,0
ADD	65,71,0,0,0,0,0,0,0,5000,0,0,0,0,0
}
//키튼(전사)
{
ID	25
TYPE	0
ADD	24,71,0,0,0,0,0,0,0,5000,0,0,0,0,0
ADD	27,71,0,0,0,0,0,0,0,5000,0,0,0,0,0
}
//메라시아(성직자)
{
ID	26
TYPE	1
ADD	63,41,0,0,0,0,0,0,0,5000,0,0,0,0,0
}
//포효,매드소울진
{
ID	30
TYPE	0
ADD	28,99,0,0,0,0,0,0,0,0,0,0,0,0,0
ADD	32,99,0,0,0,0,0,0,0,0,0,1,0,0,0
}
//집중
{
ID	31
TYPE	1
ADD	13,99,0,0,0,0,0,0,0,0,0,0,0,0
}
//습격진,함정파기
{
ID	32
TYPE	0
ADD	48,99,0,0,0,0,0,0,0,0,0,0,0,0,0
ADD	52,99,0,0,0,0,0,0,0,0,0,1,0,0,0
}
//하이더
{
ID	33
TYPE	1
ADD	19,99,0,0,0,0,0,0,0,0,0,0,0,0
}
//속성강화,매직프로택션,어둠의각인
{
ID	34
TYPE	1
ADD	47,99,0,0,0,0,0,0,0,0,0,0,0,0,0
ADD	50,99,0,0,0,0,0,0,0,0,0,0,0,0,0
ADD	42,99,0,0,0,0,0,0,0,0,0,1,0,0,0
}
//칸의축복,신의축복,홀리큐어,홀리드래곤
{
ID	35
TYPE	1
ADD	79,99,0,0,0,0,0,0,0,0,0,0,0,0,0
ADD	80,99,0,0,0,0,0,0,0,0,0,0,0,0,0
ADD	81,99,0,0,0,0,0,0,0,0,0,0,0,0,0
ADD	82,99,0,0,0,0,0,0,0,0,0,1,0,0,0
}
//트리플펀치
{
ID	36
TYPE	0
ADD	6,99,0,0,0,0,0,0,0,0,0,0,0,0,0
}
//무영신공,자기보호
{
ID	37
TYPE	1
ADD	95,99,0,0,0,0,0,0,0,0,0,0,0,0,0
ADD	96,99,0,0,0,0,0,0,0,0,0,0,0,0,0
}
//일반제조
{
ID	40
TYPE	0
ADD	10,41,0,0,0,0,0,0,0,0,2,0,0,0,0
}
//제조
{
ID	41
TYPE	1
ADD	5,41,0,0,0,0,0,0,0,0,2,0,0,0,0
}
//라멜라 도적
{
ID	42
TYPE	0
ADD	53,99,0,0,0,0,0,0,0,0,0,1,0,0,0
ADD	54,99,0,0,0,0,0,0,0,0,0,1,0,0,0
}
//라멜라 마법사
{
ID	43
TYPE	1
ADD	43,99,0,0,0,0,0,0,0,0,0,1,0,0,0
ADD	44,99,0,0,0,0,0,0,0,0,0,1,0,0,0
ADD	45,99,0,0,0,0,0,0,0,0,0,1,0,0,0
ADD	46,99,0,0,0,0,0,0,0,0,0,1,0,0,0
ADD	48,99,0,0,0,0,0,0,0,0,0,1,0,0,0
ADD	49,99,0,0,0,0,0,0,0,0,0,1,0,0,0
}
//라멜라 성직자
{
ID	44
TYPE	1
ADD	83,99,0,0,0,0,0,0,0,0,0,1,0,0,0
ADD	84,99,0,0,0,0,0,0,0,0,0,1,0,0,0
ADD	99,99,0,0,0,0,0,0,0,0,0,1,0,0,0
ADD	100,99,0,0,0,0,0,0,0,0,0,1,0,0,0
ADD	101,99,0,0,0,0,0,0,0,0,0,1,0,0,0
ADD	102,99,0,0,0,0,0,0,0,0,0,1,0,0,0
ADD	103,99,0,0,0,0,0,0,0,0,0,1,0,0,0
}
//휴식
{
ID	45
TYPE	1
ADD	4,1,0,0,0,0,0,0,0,0,2,0,0,0,0
}